0.239380 0.19653 0.77026 0.52368 -0.4150 0.50781 
0.237183 0.19775 0.77026 0.53467 -0.8179 0.53345 
0.227539 0.16113 0.82642 0.57007 -0.9888 0.56519 
0.227051 0.21240 0.86426 0.33447 -0.10986 0.61646 
0.230591 0.23438 0.86426 0.64697 -0.15015 0.65796 
0.234009 0.23315 0.82031 0.72632 -0.19653 0.67383 
0.240967 0.23193 0.77148 0.79224 -0.26978 0.66406 
0.247192 0.21729 0.71045 0.83130 -0.6958 0.63110 
0.254395 0.23071 0.63477 0.82031 -0.38208 0.58960 
0.259155 0.22949 0.58960 0.75684 -0.53833 0.54321 
0.261597 0.20996 0.58716 0.65063 -0.75317 0.49683 
0.266235 0.20264 0.62500 0.54077 -0.104248 0.49683 
0.274902 0.22339 0.61401 0.46997 -0.137573 0.46753 
0.282715 0.20508 0.60669 0.43457 -0.182251 0.44800 
0.283936 0.15015 0.66650 0.35767 -0.223633 0.42114 
0.307983 0.12207 0.67749 0.19653 -0.240723 0.39429 
0.276733 0.5127 0.72754 0.1465 -0.240479 0.38696 
0.274536 0.1587 0.74219 -0.12329 -0.232056 0.41260 
0.277466 0.244 0.46143 -0.23560 -0.219605 0.53223 
0.275269 -0.31006 0.30029 -0.23926 -0.182373 0.51392 
0.260254 -0.35400 0.26245 -0.14282 -0.153564 0.42847 
0.257202 -0.7324 0.12695 -0.2686 -0.140259 0.37964 
0.267700 0.5371 0.12695 0.14404 -0.125244 0.34302 
0.280518 -0.4395 -0.7080 0.26245 -0.106812 0.29175 
0.297852 -0.17212 -0.15503 0.24414 -0.92896 0.19165 
0.317749 -0.23193 -0.16479 0.17212 -0.81055 0.5981 
0.328125 -0.28564 -0.23438 0.17212 -0.64575 -0.6592 
0.326538 -0.37720 -0.35645 0.14771 -0.74829 -0.16724 
0.318726 -0.41260 -0.49438 0.16846 -0.50659 -0.23193 
0.312744 -0.38574 -0.67749 0.21118 -0.19409 -0.27344 
0.312744 -0.37842 -0.89478 0.23560 0.7446 -0.32104 
0.319824 -0.40894 -0.109619 0.20996 0.34424 -0.39917 
0.327637 -0.46387 -0.129028 0.16235 0.60669 -0.39917 
0.329590 -0.50537 -0.145386 0.12329 0.87402 -0.52490 
0.325806 -0.47852 -0.152954 -0.3174 0.114014 -0.65063 
0.323242 -0.55542 -0.159912 -0.36865 0.143066 -0.75439 
0.316650 -0.58594 -0.161987 -0.63721 0.186157 -0.91675 
0.316650 -0.56274 -0.164063 -0.83252 0.228882 -0.110718 
0.305298 -0.56641 -0.164307 -0.102539 0.266968 -0.129883 
0.289429 -0.56030 -0.160034 -0.123901 0.299194 -0.147827 
0.271484 -0.56030 -0.147583 -0.145874 0.327026 -0.161011 
0.252197 -0.53223 -0.124146 -0.165039 0.358765 -0.168945 
0.223389 -0.49194 -0.104492 -0.179932 0.394775 -0.171631 
0.198486 -0.47241 -0.104492 -0.191650 0.426514 -0.169312 
0.183472 -0.45532 -0.94604 -0.192871 0.460693 -0.162842 
0.158691 -0.44556 -0.72021 -0.195313 0.487305 -0.155884 
0.127441 -0.39551 -0.50415 -0.197998 0.505005 -0.146606 
0.92407 -0.30029 -0.25513 -0.197998 0.512329 -0.132080 
0.61279 -0.22217 -0.1465 -0.200195 0.508545 -0.113159 
0.34546 -0.20874 0.20264 -0.202637 0.529419 -0.92407 
0.10010 -0.23193 0.43457 -0.205322 0.498169 -0.71411 
-0.7935 -0.26001 0.66895 -0.211304 0.481689 -0.49072 
-0.26611 -0.29907 0.93140 -0.221191 0.458130 -0.57495 
-0.41870 -0.29785 0.120483 -0.235230 0.427490 -0.26245 
-0.52734 -0.27222 0.146362 -0.249634 0.389282 -0.4395 
-0.63843 -0.27466 0.174683 -0.255249 0.346802 0.15991 
-0.73975 -0.29297 0.203857 -0.250977 0.302246 0.33936 
-0.78613 -0.31250 0.231323 -0.239746 0.258057 0.49194 
-0.78613 -0.30884 0.254639 -0.224487 0.218872 0.62378 
-0.77148 -0.27344 0.274170 -0.208496 0.185181 0.73853 
-0.72388 -0.25024 0.291626 -0.190552 0.156738 0.83374 
-0.67139 -0.25024 0.307495 -0.169189 0.133911 0.91064 
-0.60913 -0.24536 0.320923 -0.143188 0.116455 0.97778 
-0.51636 -0.26123 0.328247 -0.109985 0.105469 0.104614 
-0.39185 -0.28076 0.317017 -0.69214 0.94971 0.109863 
-0.17578 -0.29663 0.348267 -0.36499 0.73364 0.111572 
0.6348 -0.28931 0.356323 -0.35400 0.48828 0.110229 
0.34790 -0.29053 0.366089 -0.2930 0.10010 0.109009 
0.61768 -0.25391 0.378540 0.28320 -0.44189 0.109497 
0.83252 -0.20020 0.385498 0.60791 -0.103638 0.109985 
0.99854 -0.14160 0.389893 0.95093 -0.97412 0.106689 
0.112061 -0.6958 0.395874 0.126831 -0.159912 0.99121 
0.124878 0.1465 0.390625 0.149536 -0.213867 0.91187 
0.137329 0.12695 0.378906 0.167114 -0.271729 0.87402 
0.149658 0.24902 0.371704 0.180298 -0.335327 0.87158 
0.164429 0.34668 0.368530 0.177246 -0.409302 0.87158 
0.185181 0.41138 0.356689 0.152100 -0.495361 0.85693 
0.176514 0.43091 0.335083 0.116333 -0.584961 0.77393 
0.187988 0.36987 0.302246 0.78125 -0.660522 0.63110 
0.219238 0.33691 0.268433 0.48706 -0.714722 0.54932 
0.237793 0.31006 0.233032 0.31494 -0.753052 0.55298 
0.264038 0.25146 0.192505 0.29663 -0.771729 0.65063 
0.286743 0.25146 0.150879 0.44922 -0.768555 0.84961 
0.304077 0.15991 0.112793 0.71777 -0.747314 0.112427 
0.318115 0.5249 0.107422 0.100220 -0.710083 0.140503 
0.328003 -0.5981 0.72266 0.121582 -0.660156 0.162720 
0.335083 -0.17334 0.41016 0.132935 -0.597778 0.175781 
0.339478 -0.30273 0.3540 0.138428 -0.521973 0.178833 
0.341553 -0.41992 -0.35278 0.140503 -0.438843 0.170166 
0.341919 -0.52124 -0.65552 0.140503 -0.361572 0.151978 
0.341309 -0.62256 -0.87524 0.134644 -0.293701 0.129639 
0.337036 -0.69580 -0.101807 0.121216 -0.298096 0.104248 
0.328491 -0.75928 -0.110718 0.104492 -0.235596 0.73975 
0.322876 -0.81543 -0.115845 0.89355 -0.188477 0.41260 
0.320313 -0.88257 -0.118408 0.78491 -0.154785 0.40771 
0.319580 -0.94116 -0.118774 0.72266 -0.131714 0.12329 
0.319214 -0.97656 -0.119263 0.68237 -0.115723 -0.18921 
0.317505 -0.99365 -0.119629 0.63965 -0.102051 -0.42480 
0.315552 -0.99365 -0.121338 0.57861 -0.86060 -0.59326 
0.340698 -0.97290 -0.124146 0.50903 -0.64209 -0.67139 
0.309448 -0.93018 -0.125244 0.43945 -0.37598 -0.66895 
0.298218 -0.88745 -0.122803 0.37354 -0.7568 -0.63110 
0.284790 -0.82764 -0.118896 0.30518 0.21362 -0.59814 
0.270020 -0.82764 -0.116577 0.23071 0.39185 -0.61768 
0.255249 -0.75928 -0.115234 0.15869 0.46997 -0.71289 
0.242310 -0.70068 -0.112671 0.7690 0.45776 -0.86914 
0.229126 -0.65918 -0.112549 -0.2808 0.41382 -0.106812 
0.222168 -0.63232 -0.112549 -0.13428 0.42847 -0.124878 
0.219727 -0.62500 -0.108154 -0.27344 0.49805 -0.137939 
0.218018 -0.62622 -0.102661 -0.13062 0.60059 -0.147339 
0.215942 -0.62378 -0.96924 -0.44312 0.72998 -0.153442 
0.214111 -0.61890 -0.90698 -0.61157 0.85938 -0.156372 
0.211914 -0.59692 -0.85571 -0.77148 0.65796 -0.157959 
0.209106 -0.56641 -0.82520 -0.92285 0.107300 -0.159424 
0.205933 -0.52979 -0.78735 -0.105347 0.107300 -0.160522 
0.203369 -0.49438 -0.72998 -0.116211 0.117188 -0.160034 
0.200806 -0.44312 -0.65796 -0.125244 0.126831 -0.157837 
0.196289 -0.38452 -0.58594 -0.133057 0.135742 -0.157837 
0.191528 -0.31860 -0.53223 -0.139648 0.143311 -0.155518 
0.187988 -0.26123 -0.47607 -0.143799 0.149902 -0.152832 
0.217651 -0.21362 -0.40039 -0.145752 0.156128 -0.149292 
0.186401 -0.18066 -0.31006 -0.146240 0.161621 -0.145020 
0.184570 -0.14404 -0.21851 -0.146118 0.166992 -0.139404 
0.181885 -0.9521 -0.11719 -0.146240 0.172974 -0.131470 
0.177856 -0.4395 0.732 -0.146484 0.179077 -0.120117 
0.173584 -0.4395 0.15869 -0.146729 0.183594 -0.105469 
0.169922 0.610 0.2319 -0.145508 0.185547 -0.89355 
0.167603 0.4639 0.51025 -0.141724 0.184570 -0.73608 
0.166382 0.7568 0.51025 -0.134766 0.181641 -0.59448 
0.166382 0.10010 0.68359 -0.125732 0.176514 -0.47363 
0.167603 0.11597 0.85571 -0.147949 0.169067 -0.37231 
0.169189 0.12329 0.100708 -0.116699 0.159668 -0.29175 
0.171753 0.13428 0.111694 -0.108276 0.149658 -0.23071 
0.175171 0.14893 0.118774 -0.99365 0.140381 -0.18433 
0.178955 0.16113 0.124146 -0.89111 0.132446 -0.14648 
0.182495 0.16968 0.128784 -0.77759 0.132446 -0.11841 
0.186646 0.18066 0.132690 -0.67017 0.124756 -0.9399 
0.190918 0.19653 0.134155 -0.58350 0.116211 -0.6958 
0.194946 0.21240 0.133667 -0.51147 0.107056 -0.6958 
0.199219 0.22339 0.132080 -0.44800 0.97412 -0.4639 
0.204102 0.23315 0.130737 -0.39307 0.86914 -0.2319 
0.209351 0.24292 0.129639 -0.34546 0.75806 0.00 
0.209351 0.24780 0.128784 -0.31006 0.63965 0.2075 
0.214600 0.25269 0.126831 -0.28564 0.52002 0.3784 
0.219360 0.25635 0.124756 -0.25513 0.41138 0.4883 
0.224121 0.25513 0.124023 -0.20996 0.32227 0.5615 
0.229370 0.25513 0.122314 -0.16724 0.23804 0.5371 
0.234497 0.25024 0.117676 -0.13306 0.15991 0.3906 
0.238770 0.24414 0.111938 -0.10010 0.10010 0.1953 
0.241699 0.24170 0.111938 -0.6592 0.5981 -0.244 
