0.161133 0.105103 0.128906 -0.6714 -0.48706 0.36743 
0.195068 0.103638 0.130981 -0.9644 -0.45776 0.36377 
0.195068 0.102783 0.131470 -0.9399 -0.42603 0.33569 
0.197998 0.100830 0.131836 -0.6470 -0.40039 0.26367 
0.200317 0.100586 0.130249 -0.1831 -0.36255 0.19409 
0.200562 0.100586 0.127686 0.366 -0.32471 0.14893 
0.201782 0.100464 0.124878 0.244 -0.29297 0.9033 
0.202637 0.99365 0.121948 -0.1587 -0.27466 0.4272 
0.202515 0.97778 0.121948 -0.3906 -0.28687 0.3052 
0.201538 0.97046 0.120605 -0.6226 -0.31738 0.5005 
0.202515 0.98511 0.121826 -0.8057 -0.37354 0.7568 
0.206177 0.100220 0.124756 -0.8545 -0.45166 0.10010 
0.210083 0.101196 0.127319 -0.8545 -0.53345 0.11230 
0.214600 0.102905 0.129883 -0.7324 -0.59326 0.9033 
0.218262 0.104126 0.133301 -0.3540 -0.61523 0.3418 
0.220215 0.105347 0.137817 0.4272 -0.61523 -0.1953 
0.220215 0.106689 0.143311 0.14526 -0.59937 -0.5249 
0.215332 0.107300 0.144775 0.24902 -0.57739 -0.5371 
0.210449 0.106689 0.139648 0.34546 -0.58105 -0.5371 
0.206909 0.104370 0.135498 0.44678 -0.58838 0.122 
0.204956 0.108765 0.128662 0.47729 -0.65063 0.7690 
0.205322 0.101196 0.121948 0.45410 -0.74585 0.14648 
0.212036 0.97046 0.114380 0.36133 -0.88623 0.12817 
0.212036 0.118042 0.115601 0.22339 -0.104614 0.3174 
0.214844 0.103516 0.123901 0.8789 -0.122437 0.3662 
0.212158 0.135864 0.134277 -0.2197 -0.147705 0.13428 
0.212646 0.135864 0.146973 -0.1343 -0.182983 0.25635 
0.214600 0.135132 0.160034 0.18677 -0.223267 0.36011 
0.213013 0.136597 0.169067 0.58472 -0.263428 0.45044 
0.209351 0.138672 0.169067 0.113403 -0.303101 0.54932 
0.206421 0.142212 0.173828 0.175903 -0.344727 0.66528 
0.202759 0.147217 0.171631 0.176392 -0.388184 0.80322 
0.197998 0.150513 0.162476 0.232178 -0.427856 0.96313 
0.182617 0.172607 0.118042 0.294678 -0.447388 0.132080 
0.185913 0.154785 0.95215 0.277222 -0.480835 0.148560 
0.180176 0.163330 0.87524 0.229370 -0.470947 0.159058 
0.180908 0.156860 0.68481 0.218140 -0.502197 0.165283 
0.184692 0.141357 0.60303 0.210327 -0.508545 0.161133 
0.187866 0.131592 0.54565 0.203369 -0.511108 0.185791 
0.187134 0.123047 0.48218 0.195190 -0.506836 0.148804 
0.191406 0.116821 0.45044 0.189209 -0.496094 0.148804 
0.198730 0.107422 0.40894 0.183594 -0.482300 0.141480 
0.194458 0.96436 0.35400 0.183594 -0.467163 0.130249 
0.214722 0.82886 0.27710 0.188965 -0.453735 0.123169 
0.183472 0.68359 0.16602 0.197388 -0.442749 0.125244 
0.169434 0.56030 0.2930 0.204468 -0.433350 0.134521 
0.158936 0.41992 -0.15869 0.208984 -0.423828 0.144287 
0.153931 0.41992 -0.37598 0.210571 -0.413574 0.149902 
0.152466 0.26611 -0.59570 0.205078 -0.397949 0.148682 
0.152832 0.10864 -0.49805 0.187866 -0.378052 0.141846 
0.155640 -0.3906 -0.73853 0.160034 -0.357788 0.134399 
0.158691 -0.11230 -0.105103 0.129150 -0.334473 0.128540 
0.161621 -0.20996 -0.129517 0.131958 -0.308228 0.121582 
0.170532 -0.28320 -0.150146 0.105713 -0.285400 0.108521 
0.187134 -0.30518 -0.172730 0.74463 -0.267212 0.88135 
0.201782 -0.34424 -0.206299 0.52124 -0.250732 0.66040 
0.213013 -0.42236 -0.248413 0.37231 -0.260620 0.50781 
0.219238 -0.45410 -0.278320 0.30640 -0.229370 0.46021 
0.221069 -0.45410 -0.302124 0.20996 -0.204712 0.46997 
0.218872 -0.43335 -0.323608 0.9277 -0.185303 0.47974 
0.213257 -0.41748 -0.343140 0.244 -0.171509 0.46631 
0.207520 -0.39917 -0.360230 -0.5981 -0.160889 0.46631 
0.202515 -0.40039 -0.375366 -0.14526 -0.153320 0.45288 
0.198730 -0.40894 -0.386963 -0.26001 -0.143433 0.44922 
0.197144 -0.42114 -0.390625 -0.38452 -0.127563 0.43579 
0.197144 -0.43701 -0.390015 -0.54565 -0.106567 0.40039 
0.195557 -0.46387 -0.385498 -0.73730 -0.76782 0.34424 
0.192505 -0.48096 -0.375122 -0.96680 -0.36621 0.29175 
0.187866 -0.48096 -0.364136 -0.124512 0.8911 0.27832 
0.176880 -0.44312 -0.352661 -0.149902 0.53833 0.26733 
0.160767 -0.39185 -0.370483 -0.171143 0.92651 0.22583 
0.142456 -0.33203 -0.325562 -0.190552 0.124268 0.15137 
0.123657 -0.26855 -0.325562 -0.204590 0.151855 0.6714 
0.105347 -0.20874 -0.308105 -0.212646 0.175293 0.610 
0.88013 -0.15747 -0.288818 -0.188110 0.191650 -0.854 
0.70068 -0.11719 -0.268188 -0.219360 0.193481 0.5371 
0.54199 -0.7935 -0.248413 -0.230957 0.179565 0.19897 
0.42969 -0.8423 -0.226685 -0.243042 0.184326 0.41504 
0.36743 -0.8057 -0.203613 -0.249878 0.153076 0.65918 
0.32349 -0.9766 -0.180176 -0.248901 0.125122 0.87524 
0.29663 -0.13794 -0.156250 -0.240601 0.109131 0.72021 
0.30884 -0.19531 -0.129272 -0.226685 0.112305 0.114380 
0.36255 -0.29663 -0.94727 -0.210449 0.132813 0.114380 
0.44434 -0.37231 -0.57617 -0.198120 0.162964 0.129517 
0.52246 -0.37598 -0.18188 -0.190918 0.193237 0.152588 
0.32593 -0.37354 0.17578 -0.184082 0.211426 0.171387 
0.63843 -0.39185 0.47363 -0.163574 0.218994 0.174072 
0.81909 -0.37964 0.75928 -0.123291 0.220337 0.159058 
0.109985 -0.39185 0.97900 -0.73975 0.217529 0.136841 
0.136963 -0.41870 0.111328 -0.23804 0.212646 0.111572 
0.159912 -0.41870 0.119751 0.16968 0.203491 0.88745 
0.177490 -0.41504 0.95215 0.45410 0.191284 0.72876 
0.186890 -0.34912 0.133911 0.61279 0.175049 0.62988 
0.190674 -0.30273 0.133911 0.64575 0.157837 0.56152 
0.199341 -0.17822 0.137207 0.66895 0.142944 0.54443 
0.208984 -0.3784 0.146729 0.73120 0.126465 0.64453 
0.223755 0.10376 0.154541 0.73120 0.104736 0.79834 
0.239990 0.21973 0.158325 0.84473 0.77515 0.93384 
0.258667 0.31006 0.156738 0.99854 0.77637 0.103027 
0.274292 0.36377 0.147583 0.118286 0.47119 0.108765 
0.286621 0.38940 0.133911 0.137329 0.15869 0.109375 
0.297119 0.40039 0.118896 0.154785 -0.12451 0.106567 
0.305908 0.40405 0.102783 0.168091 -0.40039 0.103271 
0.311646 0.41016 0.84961 0.177490 -0.67993 0.103271 
0.313232 0.39429 0.62378 0.185059 -0.97656 0.102783 
0.313843 0.39063 0.38818 0.190674 -0.128540 0.106567 
0.315430 0.37720 0.20508 0.192017 -0.163208 0.112671 
0.315430 0.35522 0.2808 0.186279 -0.205933 0.117432 
0.320923 0.30396 -0.19043 0.180908 -0.253296 0.117920 
0.328491 0.22461 -0.45288 0.180420 -0.300171 0.112549 
0.336304 0.12085 -0.76416 0.184692 -0.341553 0.103027 
0.343506 0.12085 -0.110474 0.191406 -0.372559 0.93750 
0.346313 0.1099 -0.113892 0.196777 -0.391235 0.88257 
0.343750 -0.9033 -0.145142 0.198853 -0.395752 0.84839 
0.337524 -0.17578 -0.176392 0.198364 -0.385132 0.79468 
0.328125 -0.25879 -0.203125 0.198120 -0.360596 0.70068 
0.315063 -0.37842 -0.228149 0.200562 -0.324463 0.56641 
0.301636 -0.51270 -0.249390 0.200562 -0.282959 0.42358 
0.289795 -0.64331 -0.270508 0.202881 -0.241699 0.30273 
0.281494 -0.75317 -0.290894 0.201782 -0.234741 0.20386 
0.275147 -0.83862 -0.308594 0.194946 -0.197998 0.9399 
0.269653 -0.90576 -0.321167 0.182739 -0.166748 -0.3906 
0.264893 -0.94971 -0.323730 0.166382 -0.132324 -0.20996 
0.260620 -0.97778 -0.322632 0.146729 -0.103516 -0.8667 
0.256958 -0.101318 -0.319336 0.129395 -0.77881 -0.39917 
0.251587 -0.103882 -0.316162 0.115356 -0.55298 -0.55054 
0.243774 -0.103271 -0.313965 0.103271 -0.35400 -0.63599 
0.234497 -0.101318 -0.312378 0.91797 -0.17456 -0.67261 
0.234497 -0.97778 -0.310303 0.78613 -0.1953 -0.70313 
0.225952 -0.93384 -0.307251 0.63965 0.10986 -0.74951 
0.219116 -0.90454 -0.305420 0.49805 0.22949 -0.81787 
0.213013 -0.89478 -0.301392 0.38452 0.37842 -0.90088 
0.207642 -0.89478 -0.294312 0.29785 0.54321 -0.97412 
0.203125 -0.89966 -0.284790 0.20386 0.69214 -0.100464 
0.198853 -0.90210 -0.304199 0.10620 0.81909 -0.98877 
0.193237 -0.89600 -0.272949 0.732 0.91431 -0.95703 
0.188965 -0.88989 -0.259766 -0.9399 0.96802 -0.93628 
0.184814 -0.87524 -0.247559 -0.19043 0.97900 -0.94116 
0.181641 -0.89111 -0.237671 -0.610 0.94727 -0.94116 
0.178711 -0.88989 -0.234009 -0.31860 0.90698 -0.92896 
0.170654 -0.89722 -0.234253 -0.46997 0.90698 -0.93872 
0.160522 -0.91919 -0.232910 -0.61890 0.93140 -0.96191 
0.151367 -0.91431 -0.226929 -0.75562 0.93140 -0.95825 
0.141235 -0.88501 -0.220947 -0.88745 0.93262 -0.92407 
0.130737 -0.82275 -0.216187 -0.99243 0.90698 -0.87646 
0.121582 -0.76416 -0.210571 -0.105957 0.85449 -0.87646 
0.113770 -0.71533 -0.204468 -0.112549 0.75684 -0.83252 
0.108276 -0.67261 -0.197998 -0.121216 0.64087 -0.79590 
0.104614 -0.65308 -0.190918 -0.130615 0.54932 -0.76782 
0.102905 -0.65308 -0.184204 -0.138306 0.51147 -0.75684 
