0.251953 0.1709 -0.18677 -0.26245 -0.105225 0.23315 
0.251465 -0.854 -0.15503 -0.33936 -0.94360 0.17334 
0.251709 -0.1343 -0.11841 -0.34912 -0.86914 0.14771 
0.251953 0.488 -0.11719 -0.28931 -0.81909 0.15259 
0.252075 0.2197 -0.12817 -0.21606 -0.78003 0.17334 
0.252075 0.244 -0.16846 -0.14771 -0.75684 0.19287 
0.251953 0.30151 -0.20386 -0.10498 -0.73486 0.20264 
0.253784 -0.30884 -0.21851 -0.9277 -0.71533 0.20264 
0.256348 0.366 -0.23193 -0.9644 -0.70435 0.18799 
0.258545 0.1587 -0.22461 -0.12085 -0.71045 0.15381 
0.262329 0.3662 -0.20020 -0.15381 -0.74097 0.10986 
0.266724 0.6470 -0.20020 -0.17456 -0.80688 0.6104 
0.269775 0.7935 -0.18433 -0.18921 -0.90698 0.244 
0.271240 0.6714 -0.18066 -0.22461 -0.102417 -0.4395 
0.271851 0.6592 -0.16479 -0.25391 -0.117065 -0.6958 
0.270752 0.8789 -0.13062 -0.25391 -0.131470 -0.9033 
0.267822 0.11597 -0.8301 -0.25635 -0.142578 -0.9766 
0.261963 0.14038 -0.5005 -0.22827 -0.153320 -0.7935 
0.257935 0.15381 -0.10498 -0.11597 -0.153320 -0.5615 
0.257935 0.15015 -0.17822 -0.6348 -0.166138 -0.4761 
0.259033 0.4395 -0.29297 -0.10498 -0.166626 -0.11719 
0.264771 0.11230 -0.29053 -0.22461 -0.158691 -0.11719 
0.261841 0.18188 -0.25146 -0.29419 -0.157959 -0.17334 
0.264038 0.15137 -0.20996 -0.24292 -0.165771 -0.21606 
0.266846 0.12207 -0.18433 -0.8667 -0.176880 -0.25024 
0.265381 0.11597 -0.17822 0.12207 -0.188110 -0.26367 
0.265381 0.10132 -0.28931 0.37354 -0.197754 -0.26001 
0.258911 0.12085 -0.42236 0.62500 -0.207520 -0.24048 
0.254272 0.14282 -0.61768 0.78125 -0.215576 -0.18433 
0.252197 0.14282 -0.89966 0.72754 -0.216675 -0.9155 
0.249634 0.22949 -0.104614 0.30151 -0.209961 0.3906 
0.256104 0.21118 -0.109741 -0.23560 -0.205200 0.8301 
0.260742 0.17578 -0.108521 -0.70679 -0.203369 0.8545 
0.263428 0.15381 -0.108521 -0.109253 -0.201538 0.11108 
0.260010 0.16235 -0.106812 -0.104980 -0.202759 0.15625 
0.255493 0.19409 -0.103760 -0.148804 -0.208984 0.18433 
0.252197 0.22461 -0.102783 -0.148804 -0.220581 0.16357 
0.250244 0.25024 -0.103516 -0.150269 -0.234497 0.9521 
0.247314 0.26611 -0.105713 -0.145996 -0.247070 -0.610 
0.243164 0.25635 -0.112183 -0.136475 -0.247070 -0.10864 
0.237427 0.25513 -0.120850 -0.124390 -0.256226 -0.21851 
0.233643 0.24780 -0.132813 -0.114990 -0.264404 -0.30029 
0.231201 0.19531 -0.144775 -0.109497 -0.271729 -0.30518 
0.226196 0.17212 -0.155396 -0.112183 -0.274536 -0.30518 
0.219849 0.17456 -0.166992 -0.118164 -0.269775 -0.26489 
0.244019 0.18921 -0.180664 -0.120361 -0.254639 -0.22827 
0.202026 0.21484 -0.198364 -0.117920 -0.230469 -0.20508 
0.202026 0.21606 -0.219116 -0.114502 -0.198975 -0.18311 
0.191040 0.22217 -0.240845 -0.116089 -0.165039 -0.14404 
0.185547 0.24170 -0.259277 -0.126221 -0.134766 -0.10254 
0.185181 0.24170 -0.272095 -0.144653 -0.112305 -0.7813 
0.183105 0.25879 -0.279053 -0.164551 -0.96558 -0.8057 
0.176758 0.30273 -0.251343 -0.178589 -0.85449 -0.10498 
0.164551 0.34790 -0.285034 -0.186035 -0.75562 -0.13428 
0.145752 0.39429 -0.285034 -0.189331 -0.63965 -0.12451 
0.126099 0.45898 -0.285767 -0.190186 -0.49805 -0.5127 
0.108398 0.51392 -0.286987 -0.189331 -0.34790 0.6836 
0.96436 0.54077 -0.284424 -0.189331 -0.17822 0.22583 
0.88135 0.52490 -0.280396 -0.187134 0.2441 0.40649 
0.86426 0.45898 -0.273193 -0.186279 0.26733 0.58838 
0.91431 0.36133 -0.261475 -0.188965 0.26733 0.75195 
0.98511 0.26123 -0.248535 -0.193970 0.55664 0.87036 
0.105469 0.18555 -0.236206 -0.199097 0.86426 0.65674 
0.107666 0.12573 -0.224976 -0.205811 0.112427 0.106445 
0.106812 0.9644 -0.213135 -0.216309 0.131226 0.106445 
0.103638 0.9644 -0.199951 -0.228027 0.143311 0.114746 
0.99854 0.9521 -0.185913 -0.235230 0.152466 0.122192 
0.96680 0.10498 -0.170898 -0.237427 0.161255 0.129761 
0.96680 0.11963 -0.153809 -0.235474 0.170898 0.138184 
0.92407 0.13062 -0.136963 -0.229492 0.180908 0.148682 
0.88257 0.14038 -0.118774 -0.221558 0.190552 0.162476 
0.88623 0.14038 -0.100098 -0.210693 0.198975 0.179688 
0.92651 0.12085 -0.79346 -0.198608 0.205078 0.196289 
0.101074 0.7813 -0.90332 -0.187622 0.207520 0.209717 
0.110840 0.2197 -0.39429 -0.177124 0.203735 0.220215 
0.120239 -0.3296 -0.39429 -0.164673 0.195190 0.227417 
0.128662 -0.7324 -0.18677 -0.178101 0.185181 0.231079 
0.136353 -0.12817 0.732 -0.153320 0.177124 0.232544 
0.143799 -0.19653 0.18433 -0.122070 0.169556 0.233398 
0.149780 -0.25146 0.32471 -0.94849 0.161133 0.233643 
0.154663 -0.31738 0.42725 -0.70190 0.181519 0.233765 
0.162598 -0.38330 0.50415 -0.51025 0.150269 0.233398 
0.175415 -0.43091 0.59570 -0.35156 0.136963 0.232178 
0.189087 -0.45654 0.69458 -0.18066 0.123901 0.230835 
0.202637 -0.47607 0.76660 0.5249 0.114136 0.230469 
0.217041 -0.47852 0.79956 0.32104 0.108032 0.230469 
0.230957 -0.46143 0.80566 0.57495 0.103760 0.233032 
0.242310 -0.45776 0.77881 0.83130 0.100708 0.237915 
0.221191 -0.47241 0.72021 0.108276 0.97168 0.243286 
0.252441 -0.49683 0.67871 0.128662 0.91064 0.248901 
0.263428 -0.53223 0.65674 0.144165 0.79834 0.253174 
0.275879 -0.56030 0.64941 0.154297 0.62988 0.254028 
0.288086 -0.59570 0.63477 0.162720 0.42236 0.250488 
0.299194 -0.59570 0.65918 0.173218 0.22217 0.243042 
0.306397 -0.63232 0.65430 0.184204 0.1953 0.236206 
0.311646 -0.69702 0.89844 0.194946 -0.20020 0.232056 
0.319580 -0.73486 0.58594 0.205688 -0.43457 0.225342 
0.329956 -0.77881 0.55664 0.210571 -0.71655 0.213257 
0.340332 -0.82764 0.52856 0.209351 -0.101440 0.198730 
0.349243 -0.84961 0.50415 0.209351 -0.131226 0.183594 
0.353027 -0.85327 0.49194 0.203980 -0.160645 0.166992 
0.351196 -0.87158 0.44434 0.196777 -0.186768 0.150146 
0.346436 -0.90820 0.36743 0.191528 -0.177246 0.137817 
0.339478 -0.93384 0.22705 0.188965 -0.208496 0.129395 
0.332031 -0.94727 0.4761 0.185059 -0.226196 0.153687 
0.324097 -0.97290 -0.13550 0.174438 -0.243652 0.115845 
0.318115 -0.98877 -0.28076 0.150757 -0.267456 0.115845 
0.312866 -0.98877 -0.39551 0.114258 -0.301392 0.109253 
0.305420 -0.99121 -0.53345 0.77393 -0.338013 0.100830 
0.293823 -0.100586 -0.65063 0.52856 -0.368774 0.87524 
0.293823 -0.103760 -0.79956 0.38208 -0.394043 0.69458 
0.280151 -0.109131 -0.102539 0.25757 -0.413940 0.49683 
0.266480 -0.112183 -0.130005 0.11230 -0.426636 0.34180 
0.254272 -0.113770 -0.158203 -0.4028 -0.431152 0.24536 
0.244751 -0.113770 -0.185303 -0.18188 -0.428711 0.19043 
0.235352 -0.112427 -0.182861 -0.27832 -0.419922 0.13916 
0.223877 -0.111206 -0.206787 -0.28442 -0.402588 0.3906 
0.214355 -0.109741 -0.238037 -0.21362 -0.377808 -0.10864 
0.205566 -0.110107 -0.256592 -0.11230 -0.347656 -0.27832 
0.196533 -0.110718 -0.271851 -0.2441 -0.313721 -0.44189 
0.188721 -0.110962 -0.284180 -0.2441 -0.276489 -0.58350 
0.181519 -0.111572 -0.294312 0.2563 -0.235962 -0.69702 
0.174316 -0.112793 -0.301758 0.6348 -0.223145 -0.77515 
0.166626 -0.114380 -0.308472 0.9399 -0.208618 -0.81909 
0.158691 -0.115112 -0.317749 0.11108 -0.146118 -0.84839 
0.151245 -0.117310 -0.327515 0.10254 -0.101929 -0.86548 
0.147217 -0.118286 -0.333740 0.3174 -0.60303 -0.86426 
0.146118 -0.118652 -0.337036 -0.11597 -0.23682 -0.86426 
0.145386 -0.117798 -0.334839 -0.31250 0.6226 -0.86182 
0.144287 -0.117310 -0.326294 -0.50415 0.28687 -0.87402 
0.141602 -0.114868 -0.313843 -0.66162 0.43457 -0.90698 
0.141602 -0.112427 -0.298950 -0.76538 0.52124 -0.95337 
0.138428 -0.109863 -0.285400 -0.82886 0.55908 -0.99243 
0.134888 -0.107300 -0.275024 -0.86426 0.56274 -0.102051 
0.132080 -0.102173 -0.268311 -0.87891 0.55298 -0.101929 
0.129517 -0.102173 -0.263550 -0.90210 0.52490 -0.100220 
0.127808 -0.98145 -0.259155 -0.95337 0.48950 -0.98755 
0.128418 -0.94727 -0.253906 -0.102661 0.45654 -0.97168 
0.128662 -0.92041 -0.253906 -0.109741 0.43823 -0.96069 
0.129150 -0.88135 -0.248291 -0.115234 0.43945 -0.95703 
0.128784 -0.83374 -0.242188 -0.118042 0.45654 -0.97046 
0.127319 -0.77881 -0.237671 -0.118774 0.48950 -0.100098 
0.124146 -0.72388 -0.236328 -0.118774 0.52246 -0.103638 
0.119629 -0.67505 -0.237061 -0.120117 0.53955 -0.105713 
0.115479 -0.62622 -0.237305 -0.124634 0.54565 -0.105469 
0.112305 -0.58105 -0.235840 -0.132202 0.54565 -0.103882 
0.110352 -0.54321 -0.231445 -0.140869 0.55054 -0.101318 
0.108765 -0.50049 -0.225098 -0.148926 0.55908 -0.98389 
0.107178 -0.45410 -0.217285 -0.155518 0.56885 -0.98389 
0.105225 -0.40527 -0.208374 -0.160400 0.58838 -0.94482 
