0.227905 0.17090 0.102783 0.44312 0.64087 0.92529 
0.227173 0.19165 0.103149 0.47729 0.55542 0.90210 
0.223999 0.19043 0.104126 0.47729 0.45898 0.87158 
0.222412 0.17212 0.105103 0.49072 0.36255 0.84717 
0.217529 0.11475 0.105103 0.48584 0.59814 0.82031 
0.218262 0.10132 0.104980 0.48340 0.28564 0.78613 
0.220581 0.8423 0.103149 0.49561 0.20386 0.73120 
0.223145 0.10742 0.100952 0.54443 0.12573 0.67139 
0.227173 0.16724 0.101440 0.61035 0.8667 0.93018 
0.227295 0.24414 0.103271 0.64453 0.6592 0.61768 
0.226807 0.31128 0.104492 0.64575 0.1709 0.57983 
0.229736 0.36865 0.107422 0.61890 -0.11230 0.55420 
0.236694 0.40283 0.111206 0.57983 -0.32104 0.53589 
0.236694 0.41382 0.111816 0.53833 -0.58105 0.52002 
0.244873 0.40527 0.107910 0.47607 -0.86792 0.49072 
0.250366 0.37964 0.104492 0.36377 -0.115723 0.44922 
0.253174 0.37964 0.106201 0.22339 -0.140259 0.41260 
0.243286 0.35522 0.112183 0.8789 -0.149902 0.43823 
0.236328 0.26855 0.116211 0.1099 -0.145996 0.53589 
0.227295 0.20752 0.118408 0.2319 -0.135132 0.68726 
0.223145 0.15991 0.118408 0.10986 -0.126709 0.83862 
0.222534 -0.15869 0.122192 0.24902 -0.133911 0.83618 
0.229370 -0.37842 0.120117 0.19165 -0.152344 0.72754 
0.237427 -0.23193 0.112915 0.50415 -0.169067 0.66162 
0.254395 -0.4395 0.93018 0.79346 -0.172852 0.58228 
0.273926 0.7568 0.69580 0.103027 -0.165527 0.50659 
0.288940 0.11108 0.51514 0.116333 -0.186157 0.44922 
0.306519 0.7324 0.40527 0.117798 -0.154907 0.35034 
0.319458 0.6592 0.31006 0.109375 -0.139160 0.54688 
0.326416 0.6592 0.28198 0.98022 -0.117920 0.13062 
0.331909 0.8667 0.29785 0.86060 -0.98511 0.13062 
0.337036 0.8545 0.33447 0.71899 -0.86548 0.6226 
0.342407 0.3296 0.31006 0.47607 -0.80933 0.2075 
0.315918 -0.1831 0.18921 0.14160 -0.72144 -0.5127 
0.347168 -0.977 -0.3418 -0.19531 -0.54810 -0.17090 
0.349609 0.1343 -0.28198 -0.45898 -0.30029 -0.32471 
0.345215 0.4761 -0.49927 -0.62134 0.1343 -0.50293 
0.335205 0.9888 -0.65308 -0.69702 0.37598 -0.69824 
0.321655 0.9888 -0.76416 -0.73853 0.75195 -0.88257 
0.305542 0.15625 -0.86426 -0.76172 0.112793 -0.103027 
0.286987 0.24658 -0.62622 -0.73730 0.155884 -0.110596 
0.267944 0.30518 -0.93872 -0.64087 0.214722 -0.108643 
0.245361 0.38330 -0.93750 -0.57739 0.266480 -0.104492 
0.219849 0.41992 -0.87036 -0.33936 0.298218 -0.100342 
0.201538 0.50049 -0.82520 -0.65186 0.306030 -0.93140 
0.186157 0.51025 -0.78857 -0.89355 0.309692 -0.81665 
0.173340 0.48218 -0.73853 -0.118408 0.284668 -0.66528 
0.157837 0.45166 -0.69092 -0.142090 0.324707 -0.48828 
0.137573 0.39551 -0.64209 -0.156616 0.324707 -0.28198 
0.114868 0.35278 -0.54077 -0.164429 0.338135 -0.2075 
0.86914 0.33569 -0.36377 -0.181030 0.348022 -0.3662 
0.58105 0.29541 -0.23315 -0.215820 0.349487 0.27588 
0.30151 0.21729 -0.4761 -0.251587 0.346313 0.57617 
0.6104 0.4761 0.21240 -0.276611 0.338623 0.89722 
0.21484 -0.20630 0.50659 -0.286621 0.331787 0.125977 
-0.9766 -0.47974 0.87891 -0.280640 0.331543 0.166748 
-0.8911 -0.74951 0.132568 -0.261353 0.334839 0.205078 
-0.2441 -0.64697 0.177490 -0.230835 0.335938 0.233398 
-0.7813 -0.105469 0.218262 -0.200073 0.326050 0.252686 
-0.18677 -0.105469 0.248657 -0.177612 0.295776 0.266235 
-0.28076 -0.107910 0.242432 -0.167358 0.245483 0.274658 
-0.40405 -0.110474 0.265381 -0.161133 0.185181 0.280884 
-0.51270 -0.117065 0.296631 -0.147705 0.122192 0.287842 
-0.54443 -0.128784 0.314941 -0.123047 0.62012 0.296509 
-0.47119 -0.136475 0.339722 -0.122803 0.4272 0.302124 
-0.29419 -0.140503 0.363037 -0.91553 -0.45776 0.298218 
0.2808 -0.140625 0.374878 -0.49072 -0.104004 0.283569 
0.30762 -0.136963 0.373413 -0.4150 -0.98022 0.265869 
0.50903 -0.129639 0.369507 0.41138 -0.159058 0.248291 
0.63721 -0.122437 0.356079 0.78369 -0.221558 0.227173 
0.77026 -0.115845 0.339111 0.108643 -0.274414 0.206299 
0.91064 -0.108154 0.327515 0.129883 -0.319580 0.188965 
0.99731 -0.95337 0.321045 0.134521 -0.366333 0.188965 
0.105957 -0.90332 0.312134 0.120239 -0.419556 0.164307 
0.125122 -0.84839 0.296875 0.90820 -0.476563 0.132690 
0.149658 -0.85449 0.267456 0.56885 -0.539917 0.101685 
0.149414 -0.87769 0.227783 0.37964 -0.590210 0.73242 
0.180664 -0.89111 0.177856 0.43579 -0.623169 0.44922 
0.207520 -0.91797 0.132202 0.80688 -0.626587 0.22095 
0.234009 -0.91553 0.102783 0.141113 -0.605347 0.9155 
0.259766 -0.91553 0.87524 0.202637 -0.572022 0.3662 
0.279419 -0.91553 0.77271 0.246704 -0.539185 0.4883 
0.293457 -0.93018 0.67627 0.271362 -0.513184 0.10864 
0.313721 -0.97046 0.67627 0.279663 -0.487183 0.23071 
0.337158 -0.100830 0.48340 0.281738 -0.459351 0.39673 
0.350464 -0.101563 0.23193 0.312012 -0.430298 0.48218 
0.360474 -0.105469 0.5005 0.265381 -0.410034 0.46509 
0.372314 -0.108521 -0.16113 0.265381 -0.392212 0.34668 
0.382935 -0.112549 -0.41260 0.238159 -0.398804 0.15137 
0.393921 -0.113159 -0.68604 0.205688 -0.359619 -0.6958 
0.407593 -0.113159 -0.94971 0.172852 -0.328369 -0.26489 
0.419800 -0.110596 -0.118042 0.141113 -0.280762 -0.40527 
0.426758 -0.107666 -0.135376 0.114624 -0.232178 -0.51880 
0.427490 -0.105713 -0.146606 0.96313 -0.184937 -0.51880 
0.421021 -0.104858 -0.149170 0.84351 -0.140015 -0.63843 
0.407837 -0.105347 -0.145630 0.72510 -0.99365 -0.78003 
0.422363 -0.107300 -0.137207 0.58838 -0.63354 -0.94727 
0.401855 -0.109253 -0.126953 0.44922 -0.32349 -0.112061 
0.370605 -0.110718 -0.117798 0.31860 -0.4883 -0.130005 
0.349854 -0.111084 -0.108643 0.18799 0.19287 -0.147583 
0.331909 -0.109619 -0.99609 0.5127 0.41138 -0.164185 
0.317627 -0.109619 -0.93384 -0.8911 0.61646 -0.180542 
0.306030 -0.107788 -0.92407 -0.23071 0.80444 -0.195557 
0.300537 -0.107178 -0.63477 -0.39429 0.95093 -0.204224 
0.290527 -0.104126 -0.94727 -0.58105 0.109131 -0.212158 
0.275391 -0.102783 -0.98755 -0.78369 0.125122 -0.223267 
0.263184 -0.99976 -0.101318 -0.68848 0.141480 -0.236938 
0.252319 -0.98022 -0.101440 -0.122192 0.158691 -0.251465 
0.242798 -0.97046 -0.95581 -0.122192 0.170288 -0.266113 
0.236450 -0.94849 -0.88867 -0.144775 0.175293 -0.280273 
0.231567 -0.92407 -0.83496 -0.163574 0.180908 -0.291992 
0.227417 -0.90820 -0.77393 -0.172730 0.180908 -0.300171 
0.222900 -0.89233 -0.70190 -0.172485 0.191162 -0.303833 
0.213867 -0.87524 -0.63354 -0.166138 0.205444 -0.303101 
0.200806 -0.84229 -0.59570 -0.158081 0.220703 -0.303101 
0.185059 -0.79712 -0.56152 -0.151489 0.234863 -0.298340 
0.170044 -0.73120 -0.53223 -0.147583 0.248657 -0.290772 
0.187378 -0.64209 -0.48828 -0.145752 0.263306 -0.280762 
0.144287 -0.54932 -0.43213 -0.147461 0.278931 -0.269409 
0.144287 -0.46387 -0.37231 -0.155029 0.294800 -0.258179 
0.132446 -0.39185 -0.30518 -0.170044 0.309937 -0.247925 
0.121948 -0.32349 -0.22095 -0.189819 0.324707 -0.239258 
0.113525 -0.32349 -0.11230 -0.211670 0.338989 -0.231689 
0.103638 -0.24780 0.2441 -0.236450 0.350708 -0.223877 
0.92285 -0.17822 0.22583 -0.255981 0.361328 -0.214600 
0.79346 -0.10132 0.21118 -0.261353 0.370850 -0.202393 
0.66406 -0.244 0.52368 -0.254028 0.374023 -0.184814 
0.52490 0.10498 0.87769 -0.271606 0.369263 -0.161377 
0.37109 0.17944 0.129517 -0.235352 0.350342 -0.134888 
0.25879 0.24658 0.177368 -0.235352 0.313477 -0.109375 
0.22461 0.30273 0.213623 -0.252563 0.272339 -0.88501 
0.27344 0.32471 0.236816 -0.274414 0.270508 -0.74341 
0.35767 0.31372 0.257690 -0.278564 0.239258 -0.67017 
0.43213 0.28442 0.278442 -0.262451 0.212891 -0.64819 
0.49194 0.27100 0.295776 -0.232910 0.192383 -0.63354 
0.54199 0.29297 0.307495 -0.196167 0.176758 -0.90332 
0.59448 0.33447 0.314697 -0.156494 0.162964 -0.59082 
0.65308 0.38452 0.316406 -0.117065 0.146729 -0.51270 
0.72144 0.43091 0.312622 -0.79956 0.126465 -0.40039 
0.80933 0.46143 0.303589 -0.47607 0.103638 -0.26245 
0.80933 0.47485 0.291504 -0.22339 0.80200 -0.11841 
0.92163 0.47241 0.276855 -0.4883 0.57861 0.977 
0.105469 0.46143 0.261963 0.5981 0.37598 0.10986 
0.119995 0.46143 0.248657 0.11963 0.19653 0.17578 
0.134644 0.44922 0.236206 0.14526 0.4395 0.20752 
0.148682 0.43823 0.225098 0.15015 -0.8301 0.21362 
0.160278 0.43213 0.245605 0.14404 -0.18921 0.20264 
0.169067 0.42847 0.214355 0.13672 -0.27100 0.18433 
0.175415 0.42358 0.205078 0.13550 -0.32349 0.16602 
0.179810 0.42358 0.196899 0.13916 -0.35522 0.15503 
