0.249146 -0.5493 0.133057 -0.34790 -0.25391 0.38696 
0.251099 -0.9521 0.125488 -0.41016 -0.6592 0.33691 
0.253906 -0.11963 0.120483 -0.41016 0.10620 0.23438 
0.257813 -0.12817 0.116089 -0.47119 0.20020 0.11108 
0.257446 -0.12329 0.115845 -0.52002 0.21362 -0.122 
0.253662 -0.10010 0.116455 -0.55542 0.21362 -0.7446 
0.248413 -0.8911 0.116455 -0.55420 0.11719 -0.10620 
0.245117 -0.7446 0.118286 -0.52490 -0.7690 -0.10010 
0.243652 -0.3906 0.122559 -0.46021 -0.33813 -0.10010 
0.242798 0.244 0.125122 -0.35522 -0.61157 -0.5859 
0.242188 0.3052 0.123901 -0.22217 -0.88623 -0.122 
0.240356 0.2686 0.121094 -0.8667 -0.113037 0.4883 
0.236572 0.2197 0.116821 0.2930 -0.129150 0.8789 
0.236572 0.366 0.107910 0.11475 -0.136841 0.11963 
0.232910 0.24780 0.97778 0.13062 -0.137451 0.14282 
0.229492 -0.16235 0.89600 0.3052 -0.134399 0.15259 
0.226685 -0.16235 0.80200 -0.13794 -0.128540 0.18799 
0.224121 -0.36011 0.76904 -0.33936 -0.121338 0.18066 
0.224487 -0.41504 0.78003 -0.50415 -0.117798 0.14282 
0.228760 -0.25391 0.78003 -0.64941 -0.119141 0.16479 
0.228882 -0.20142 0.78369 -0.79224 -0.125000 0.20386 
0.232788 -0.24170 0.79102 -0.84106 -0.132813 0.20996 
0.239136 -0.29297 0.82031 -0.77759 -0.140869 0.19531 
0.245972 -0.31860 0.84717 -0.77759 -0.147705 0.17090 
0.249634 -0.33447 0.83008 -0.63843 -0.151855 0.12695 
0.250488 -0.33936 0.76050 -0.46509 -0.152588 0.7446 
0.250610 -0.34302 0.68604 -0.33081 -0.152588 0.5127 
0.249756 -0.30518 0.58960 -0.30273 -0.148315 0.5859 
0.248047 -0.27710 0.50293 -0.35645 -0.140015 0.6348 
0.244141 -0.32227 0.49316 -0.39795 -0.125122 0.5371 
0.246338 -0.35522 0.39795 -0.24170 -0.103760 0.5371 
0.244995 -0.16479 -0.14526 0.1831 -0.82153 0.5371 
0.231567 -0.37476 -0.15381 -0.37354 -0.67627 0.10620 
0.278931 -0.32837 -0.20874 -0.71777 -0.55176 0.4517 
0.278931 -0.36499 -0.27344 -0.98999 -0.41138 -0.2075 
0.287598 -0.41992 -0.37720 -0.125732 -0.29297 -0.9766 
0.291748 -0.50049 -0.49683 -0.144165 -0.15625 -0.18433 
0.296875 -0.50049 -0.60059 -0.154663 0.732 -0.28564 
0.302734 -0.54810 -0.70435 -0.159058 0.18555 -0.39429 
0.307739 -0.60425 -0.81665 -0.161133 0.35767 -0.52734 
0.310425 -0.63354 -0.63110 -0.164307 0.52368 -0.67139 
0.308594 -0.63232 -0.94360 -0.169922 0.69214 -0.81543 
0.303345 -0.62256 -0.107788 -0.176514 0.87891 -0.95459 
0.296997 -0.60547 -0.117554 -0.185181 0.109009 -0.108398 
0.289063 -0.57617 -0.125000 -0.185181 0.133911 -0.119995 
0.278564 -0.54810 -0.131348 -0.197021 0.162598 -0.129639 
0.267700 -0.52368 -0.137573 -0.211914 0.162476 -0.136108 
0.257324 -0.51392 -0.144775 -0.229126 0.193726 -0.138916 
0.244385 -0.53589 -0.145020 -0.242432 0.224976 -0.139282 
0.228149 -0.56396 -0.134888 -0.243774 0.254272 -0.136475 
0.211792 -0.56396 -0.119507 -0.235230 0.281738 -0.129395 
0.192627 -0.54565 -0.103882 -0.222290 0.308594 -0.129395 
0.170532 -0.52490 -0.85938 -0.208984 0.334717 -0.119751 
0.180176 -0.50049 -0.65308 -0.199341 0.357544 -0.109009 
0.125122 -0.49072 -0.41382 -0.195068 0.376587 -0.98511 
0.125122 -0.48462 -0.31006 -0.194458 0.397339 -0.93262 
0.106812 -0.55542 -0.10132 -0.184814 0.429810 -0.94849 
0.91919 -0.62500 0.17944 -0.182129 0.465820 -0.98999 
0.83130 -0.62500 0.46631 -0.188232 0.504883 -0.99243 
0.73730 -0.72876 0.83008 -0.198730 0.540527 -0.97168 
0.61157 -0.79956 0.90820 -0.207764 0.569702 -0.93872 
0.44434 -0.80566 0.117676 -0.211060 0.590088 -0.88013 
0.20874 -0.78125 0.148926 -0.205200 0.604004 -0.80444 
-0.3906 -0.76782 0.177246 -0.199707 0.603516 -0.72510 
-0.30518 -0.76782 0.201538 -0.197266 0.589844 -0.64209 
-0.54565 -0.76904 0.229370 -0.197266 0.560547 -0.54199 
-0.76416 -0.75928 0.250732 -0.199097 0.523315 -0.41138 
-0.92896 -0.72998 0.267700 -0.198975 0.512817 -0.24048 
-0.106079 -0.69580 0.288574 -0.194946 0.481567 -0.3174 
-0.112793 -0.65186 0.296875 -0.182983 0.445435 0.20020 
-0.105103 -0.62744 0.312744 -0.162964 0.410278 0.13550 
-0.91919 -0.60181 0.319824 -0.146240 0.377197 0.36621 
-0.78369 -0.58105 0.329956 -0.128418 0.345093 0.67871 
-0.63965 -0.54810 0.319214 -0.109741 0.316895 0.86548 
-0.76172 -0.51025 0.326904 -0.68481 0.297241 0.98999 
-0.32959 -0.50415 0.351074 -0.22949 0.266235 0.104370 
-0.32959 -0.51636 0.358765 -0.10376 0.213989 0.105835 
-0.23438 -0.48950 0.369751 -0.16357 0.151245 0.110962 
-0.16235 -0.41870 0.383789 -0.24292 0.85327 0.123291 
-0.13306 -0.35156 0.395752 -0.24048 0.26489 0.139526 
-0.11841 -0.35156 0.409790 -0.12939 -0.23071 0.154297 
-0.6348 -0.33325 0.422363 0.2808 -0.67627 0.164429 
0.7324 -0.34180 0.431397 0.18433 -0.109131 0.169800 
0.26978 -0.36499 0.431397 0.32837 -0.149292 0.171753 
0.45898 -0.38330 0.435913 0.44922 -0.191284 0.172607 
0.60181 -0.37964 0.435059 0.55908 -0.236694 0.174683 
0.68115 -0.34180 0.428589 0.55908 -0.284546 0.179810 
0.71289 -0.28564 0.414551 0.67627 -0.331665 0.189209 
0.72144 -0.23804 0.394043 0.81543 -0.343140 0.201660 
0.74707 -0.20752 0.373291 0.97168 -0.348633 0.212402 
0.82275 -0.20752 0.355347 0.110962 -0.411133 0.218506 
0.96924 -0.24048 0.338013 0.119019 -0.445801 0.187744 
0.117432 -0.30396 0.320313 0.120972 -0.480713 0.243774 
0.141480 -0.38208 0.302002 0.116699 -0.518433 0.212524 
0.167603 -0.45532 0.288940 0.104492 -0.574707 0.199219 
0.196777 -0.54932 0.259033 0.84839 -0.655029 0.181274 
0.189331 -0.61646 0.218262 0.69946 -0.724854 0.163696 
0.220581 -0.66406 0.183960 0.64087 -0.772705 0.152100 
0.240601 -0.66895 0.152832 0.62622 -0.807373 0.146851 
0.255981 -0.68115 0.119995 0.62622 -0.828491 0.145264 
0.265015 -0.76416 0.78979 0.60791 -0.831055 0.143555 
0.274536 -0.76416 0.41870 0.61035 -0.801758 0.139038 
0.285767 -0.83374 0.46387 0.65186 -0.744141 0.131104 
0.296875 -0.95459 0.27588 0.63721 -0.671631 0.135010 
0.303101 -0.94116 -0.3662 0.47974 -0.597168 0.145020 
0.297974 -0.98755 -0.24902 0.24414 -0.517700 0.147217 
0.291504 -0.109375 -0.48096 0.1709 -0.429199 0.140381 
0.286621 -0.117432 -0.67017 0.1709 -0.335327 0.127075 
0.284424 -0.123047 -0.78979 -0.14648 -0.243164 0.110229 
0.280884 -0.128540 -0.86792 -0.26489 -0.230713 0.90698 
0.274658 -0.135742 -0.96802 -0.35889 -0.168213 0.66650 
0.266113 -0.138428 -0.102661 -0.35156 -0.105713 0.33447 
0.258423 -0.141602 -0.102417 -0.24048 -0.53711 0.57617 
0.251099 -0.143311 -0.101685 -0.10132 -0.14038 -0.8301 
0.247681 -0.144165 -0.100220 0.2075 0.20630 -0.39551 
0.235352 -0.139038 -0.100098 0.10620 0.49438 -0.67139 
0.222412 -0.136230 -0.102661 0.14648 0.61768 -0.95947 
0.248047 -0.133057 -0.99609 0.17578 0.69092 -0.126343 
0.216797 -0.131592 -0.93140 0.17578 0.76294 -0.150391 
0.216187 -0.131470 -0.87524 0.11841 0.81543 -0.159912 
0.218384 -0.128662 -0.87280 0.3052 0.83374 -0.152466 
0.215820 -0.125488 -0.81421 0.3296 0.90332 -0.139404 
0.207642 -0.125488 -0.70068 0.12817 0.105713 -0.134399 
0.201538 -0.125244 -0.89844 0.22583 0.124268 -0.140015 
0.200073 -0.125366 -0.47974 0.26245 0.143066 -0.153076 
0.201660 -0.124390 -0.47974 0.21851 0.160645 -0.169678 
0.202759 -0.123657 -0.41382 0.15137 0.178467 -0.186890 
0.202271 -0.120728 -0.40771 0.12939 0.199341 -0.203247 
0.200439 -0.114624 -0.39185 0.12939 0.219605 -0.217285 
0.195190 -0.107666 -0.31250 0.13062 0.234375 -0.227905 
0.185303 -0.100952 -0.21118 0.9644 0.244629 -0.234741 
0.173950 -0.92163 -0.8667 0.4639 0.220093 -0.238892 
0.163696 -0.82153 0.4272 0.488 0.251343 -0.241211 
0.155518 -0.70923 0.16846 -0.610 0.257202 -0.241455 
0.149658 -0.59448 0.29419 0.1709 0.263306 -0.238403 
0.147583 -0.49561 0.39551 0.4517 0.270264 -0.238403 
0.145386 -0.39429 0.50415 0.5981 0.275024 -0.230957 
0.141235 -0.30640 0.57861 -0.366 0.271973 -0.221436 
0.137817 -0.20264 0.64331 -0.14893 0.262817 -0.212402 
0.135376 -0.9033 0.73242 -0.32471 0.252197 -0.203247 
0.135376 0.3906 0.86426 -0.47607 0.240234 -0.194702 
0.133423 0.14282 0.98267 -0.58228 0.230591 -0.187012 
0.131714 0.22705 0.114258 -0.62012 0.215942 -0.177612 
0.129150 0.22705 0.128052 -0.60303 0.201050 -0.166016 
0.126465 0.29541 0.141602 -0.57129 0.188477 -0.153442 
0.124268 0.38574 0.152588 -0.53589 0.170044 -0.144043 
0.117432 0.46631 0.152588 -0.46875 0.145264 -0.139160 
0.113403 0.53955 0.169678 -0.41504 0.119141 -0.136597 
0.110840 0.62622 0.182861 -0.61768 0.82397 -0.128906 
0.120483 0.58838 0.191406 -0.15381 0.74951 -0.95581 
