0.246948 0.610 0.51758 0.29419 0.63354 0.31982 
0.252930 -0.1709 0.52124 0.23682 0.110474 0.18311 
0.255005 -0.6348 0.53589 0.26245 0.145630 0.4639 
0.257080 -0.5493 0.54443 0.26245 0.177856 -0.5493 
0.254761 -0.9277 0.61401 0.31982 0.198242 -0.11230 
0.252930 -0.9766 0.69336 0.35278 0.207031 -0.9888 
0.250977 -0.7813 0.75684 0.39673 0.201782 -0.3540 
0.247681 -0.5371 0.80688 0.44922 0.201782 0.3906 
0.244995 -0.1831 0.85205 0.49805 0.181519 0.10986 
0.244263 0.2319 0.88623 0.55542 0.146729 0.16479 
0.244873 0.5371 0.91675 0.60669 0.100464 0.16479 
0.249023 0.6592 0.93140 0.64575 0.46631 0.19287 
0.253540 0.8179 0.92896 0.67871 -0.14160 0.18066 
0.256226 0.9521 0.92773 0.69092 -0.81787 0.12207 
0.256226 0.10498 0.92651 0.67505 -0.150024 0.4395 
0.255005 0.11963 0.93750 0.62866 -0.208374 -0.244 
0.250000 0.14038 0.90820 0.55420 -0.244141 0.2075 
0.241821 0.15137 0.93140 0.48340 -0.252686 0.14282 
0.240967 0.15137 0.87280 0.41870 -0.248169 0.37720 
0.233643 0.10010 0.71533 0.45044 -0.231079 0.61157 
0.224365 -0.7690 0.89600 0.59937 -0.197876 0.71045 
0.220337 -0.28320 0.58350 0.77148 -0.169678 0.65186 
0.226074 -0.14771 0.45898 0.87646 -0.150513 0.56641 
0.229004 0.2319 0.33569 0.87769 -0.138184 0.50171 
0.231934 0.3784 0.26489 0.87769 -0.132324 0.44922 
0.238403 0.732 0.24292 0.76416 -0.129883 0.41138 
0.251709 -0.1343 0.26733 0.61035 -0.128662 0.38574 
0.264771 -0.3662 0.32837 0.51392 -0.126587 0.37109 
0.271973 -0.4395 0.38330 0.50659 -0.126587 0.37231 
0.275269 -0.3540 0.39673 0.56274 -0.123413 0.38696 
0.278809 -0.3296 0.34912 0.68726 -0.119873 0.39673 
0.286133 -0.6958 0.21484 0.87891 -0.115479 0.39673 
0.296753 -0.12329 -0.732 0.109497 -0.108398 0.38574 
0.308716 -0.18188 -0.30884 0.126343 -0.95337 0.34058 
0.289795 -0.19165 -0.71411 0.125977 -0.73853 0.25757 
0.321045 -0.20996 -0.96924 0.92285 -0.47607 0.14160 
0.338623 -0.29175 -0.116089 0.48096 -0.20264 -0.5371 
0.350342 -0.10498 -0.131958 0.16479 0.12451 -0.32593 
0.355713 -0.50171 -0.147949 -0.5737 0.50171 -0.62988 
0.355591 -0.50171 -0.154175 -0.20996 0.97656 -0.91675 
0.347168 -0.53467 -0.136353 -0.37598 0.152832 -0.116211 
0.342163 -0.52124 -0.184937 -0.61890 0.207275 -0.134766 
0.333496 -0.46631 -0.184937 -0.90820 0.260132 -0.147705 
0.317261 -0.44800 -0.195679 -0.121704 0.309937 -0.157349 
0.302002 -0.45044 -0.202393 -0.120972 0.354858 -0.165405 
0.289917 -0.44922 -0.195923 -0.152222 0.396729 -0.169678 
0.273071 -0.46875 -0.193237 -0.186890 0.439575 -0.169800 
0.259644 -0.47485 -0.206909 -0.213379 0.447632 -0.169678 
0.245850 -0.46631 -0.189941 -0.212646 0.483643 -0.172363 
0.230957 -0.62378 -0.148438 -0.215454 0.483643 -0.182983 
0.207764 -0.74707 -0.113037 -0.237549 0.450684 -0.163452 
0.178589 -0.78369 -0.80444 -0.257568 0.416626 -0.199341 
0.139648 -0.76782 -0.52612 -0.272705 0.393433 -0.199341 
0.93262 -0.71899 -0.24902 -0.289429 0.376099 -0.193359 
0.43945 -0.64453 0.5371 -0.313965 0.353882 -0.174561 
0.32349 -0.60669 0.38208 -0.343384 0.317749 -0.143799 
0.1099 -0.65063 0.74097 -0.374634 0.270142 -0.104980 
-0.28442 -0.75562 0.113770 -0.407715 0.217407 -0.63354 
-0.45044 -0.88989 0.156860 -0.436890 0.164673 -0.24292 
-0.53345 -0.68604 0.201782 -0.453980 0.114624 0.8789 
-0.57983 -0.99854 0.244385 -0.452271 0.66284 0.34790 
-0.53223 -0.105469 0.281982 -0.428589 0.15503 0.52368 
-0.39795 -0.107422 0.309326 -0.385498 -0.33936 0.62500 
-0.34302 -0.106201 0.309326 -0.331909 -0.83496 0.64087 
-0.28076 -0.101318 0.326904 -0.275513 -0.129883 0.62012 
-0.21484 -0.92285 0.339233 -0.252808 -0.165649 0.64087 
-0.12085 -0.85205 0.342896 -0.237427 -0.185913 0.73975 
0.3174 -0.78613 0.339111 -0.174927 -0.194458 0.88501 
0.23315 -0.74463 0.333008 -0.135620 -0.196899 0.105835 
0.50293 -0.72144 0.326416 -0.103149 -0.197144 0.123413 
0.82397 -0.71533 0.317505 -0.78979 -0.197144 0.140991 
0.112183 -0.69702 0.307129 -0.63599 -0.198242 0.156616 
0.136963 -0.69214 0.296387 -0.54077 -0.201172 0.166504 
0.159424 -0.70435 0.284668 -0.46021 -0.202881 0.166504 
0.180786 -0.70801 0.273682 -0.35767 -0.203369 0.170044 
0.201294 -0.75439 0.264893 -0.21240 -0.205200 0.166260 
0.188843 -0.78613 0.260620 -0.4517 -0.208008 0.159668 
0.236938 -0.79468 0.259277 0.12573 -0.211670 0.155151 
0.236938 -0.81299 0.254639 0.31128 -0.219605 0.151367 
0.253662 -0.82275 0.244873 0.50537 -0.232788 0.145996 
0.269653 -0.83374 0.230835 0.69702 -0.251831 0.137085 
0.284180 -0.83374 0.215210 0.85571 -0.279053 0.123047 
0.298096 -0.85815 0.192871 0.93506 -0.316772 0.104614 
0.314941 -0.89600 0.194702 0.96436 -0.359619 0.84839 
0.333618 -0.95215 0.163452 0.97778 -0.400269 0.66162 
0.352417 -0.101074 0.130371 0.95459 -0.435791 0.49805 
0.370239 -0.106201 0.93506 0.93750 -0.461548 0.37476 
0.387695 -0.111084 0.53223 0.97046 -0.474731 0.29175 
0.400024 -0.114868 0.17700 0.97046 -0.478760 0.19165 
0.405884 -0.118286 -0.17334 0.100342 -0.472534 0.3174 
0.406616 -0.120728 -0.50415 0.99121 -0.486694 -0.18188 
0.403320 -0.121704 -0.78979 0.93262 -0.455444 -0.42725 
0.396729 -0.120361 -0.102661 0.84839 -0.428101 -0.68237 
0.387817 -0.118530 -0.121826 0.77026 -0.392944 -0.93018 
0.377319 -0.116211 -0.137695 0.71777 -0.352661 -0.93018 
0.364868 -0.113403 -0.151123 0.68848 -0.307007 -0.116821 
0.350830 -0.109497 -0.161255 0.66528 -0.258179 -0.138550 
0.368774 -0.103760 -0.168579 0.64453 -0.208496 -0.157105 
0.324341 -0.97656 -0.173584 0.61890 -0.160278 -0.171753 
0.324341 -0.92285 -0.177612 0.58350 -0.114624 -0.183472 
0.311401 -0.86670 -0.180176 0.52979 -0.73608 -0.193604 
0.297119 -0.80444 -0.180542 0.44189 -0.34668 -0.202881 
0.283447 -0.80444 -0.180786 0.34546 0.854 -0.211060 
0.272705 -0.74463 -0.178833 0.23682 0.25879 -0.216675 
0.262817 -0.69824 -0.176147 0.10742 0.41138 -0.221313 
0.253174 -0.66162 -0.176147 -0.2563 0.49438 -0.225220 
0.244507 -0.63965 -0.171509 -0.15381 0.52612 -0.227539 
0.235840 -0.61768 -0.166626 -0.28076 0.53101 -0.226807 
0.228516 -0.60181 -0.161865 -0.10254 0.51147 -0.220825 
0.220581 -0.57251 -0.160400 -0.41504 0.50415 -0.213013 
0.212524 -0.55176 -0.156738 -0.53467 0.50659 -0.205200 
0.204590 -0.52002 -0.154419 -0.67627 0.50781 -0.197266 
0.196533 -0.48950 -0.147095 -0.83862 0.50781 -0.190186 
0.188477 -0.46387 -0.143311 -0.101685 0.48340 -0.184448 
0.182617 -0.44189 -0.135376 -0.119751 0.44678 -0.179932 
0.177490 -0.42603 -0.124023 -0.139160 0.34790 -0.176880 
0.175049 -0.41504 -0.112061 -0.154541 0.20020 -0.176880 
0.173096 -0.38696 -0.101685 -0.163818 0.4883 -0.174438 
0.169678 -0.33447 -0.95581 -0.167969 -0.5371 -0.171143 
0.164551 -0.26245 -0.92041 -0.170044 -0.10742 -0.166138 
0.164551 -0.17456 -0.87280 -0.175049 -0.15991 -0.158081 
0.158813 -0.9644 -0.81421 -0.182861 -0.23193 -0.146851 
0.154175 -0.3540 -0.73120 -0.192627 -0.32349 -0.133667 
0.152344 -0.3540 -0.61157 -0.203125 -0.41626 -0.119385 
0.152100 0.854 -0.45654 -0.211548 -0.47119 -0.103760 
0.152466 0.5005 -0.60791 -0.214966 -0.45288 -0.86182 
0.154785 0.9033 -0.14893 -0.212524 -0.35889 -0.67139 
0.158081 0.12939 -0.14893 -0.204834 -0.20996 -0.47729 
0.162964 0.16846 -0.1465 -0.193848 -0.2930 -0.29175 
0.169434 0.19897 0.10498 -0.212524 0.15869 -0.11963 
0.177612 0.22339 0.21851 -0.181274 0.33447 0.2930 
0.187866 0.23438 0.31006 -0.167847 0.47974 0.14038 
0.199219 0.23682 0.39307 -0.154907 0.57495 0.20508 
0.210693 0.23071 0.47852 -0.143799 0.57495 0.22705 
0.221436 0.22339 0.56519 -0.134399 0.61768 0.21851 
0.231079 0.21606 0.64209 -0.125610 0.62012 0.19409 
0.239380 0.21729 0.70313 -0.116821 0.59204 0.16602 
0.246582 0.22583 0.75073 -0.108032 0.54932 0.16602 
0.252930 0.24536 0.78125 -0.98755 0.50781 0.14160 
0.258301 0.26855 0.78979 -0.88501 0.46997 0.11841 
0.262573 0.29541 0.77759 -0.78125 0.43823 0.9399 
0.262573 0.32471 0.74341 -0.68848 0.40161 0.6836 
0.265869 0.35034 0.69824 -0.62012 0.35278 0.3540 
0.268188 0.36865 0.65308 -0.56641 0.29053 -0.366 
0.270508 0.36865 0.61035 -0.51880 0.22827 -0.4517 
0.272217 0.39063 0.57007 -0.47119 0.16968 -0.8789 
0.272705 0.41382 0.53345 -0.41504 0.12085 -0.12573 
0.271729 0.43823 0.48828 -0.34912 0.8789 -0.15381 
0.269287 0.46143 0.48828 -0.28198 0.6592 -0.16968 
0.265747 0.48706 0.43579 -0.21973 0.5249 -0.17090 
