0.228516 0.31250 0.54077 0.94849 -0.3784 0.92896 
0.227539 0.31860 0.53345 0.103760 -0.19897 0.61646 
0.228882 0.30396 0.50903 0.112305 -0.30396 0.60059 
0.232178 0.27710 0.50171 0.116455 -0.37476 0.59082 
0.235474 0.23926 0.51514 0.119385 -0.46021 0.57495 
0.235474 0.20508 0.52979 0.122070 -0.57861 0.54688 
0.238281 0.16235 0.48950 0.124146 -0.72388 0.52124 
0.240601 0.10498 0.43335 0.123169 -0.88501 0.48706 
0.243408 0.7690 0.37109 0.113647 -0.97046 0.43335 
0.247314 0.7690 0.35645 0.97656 -0.101929 0.38452 
0.251099 0.8423 0.34668 0.79712 -0.102661 0.35522 
0.255493 0.13672 0.32227 0.60791 -0.100952 0.34790 
0.263306 0.20630 0.32227 0.39917 -0.98267 0.33936 
0.269409 0.25269 0.29297 0.15259 -0.94238 0.30518 
0.273560 0.28687 0.28564 0.19165 -0.88989 0.25024 
0.274536 0.32349 0.32349 -0.12085 -0.83618 0.19653 
0.272339 0.34302 0.43213 -0.40771 -0.74463 0.17456 
0.265625 0.32837 0.60547 -0.65796 -0.65674 0.21729 
0.255615 0.30396 0.71045 -0.81665 -0.87280 0.30273 
0.245117 0.7324 0.77271 -0.80200 -0.56030 0.33203 
0.245972 0.6348 0.69702 -0.66040 -0.50781 0.35034 
0.256836 0.19043 0.59692 -0.45532 -0.47852 0.37231 
0.267822 0.28809 0.51392 -0.36621 -0.53467 0.37231 
0.279663 0.32959 0.47241 -0.43945 -0.67993 0.38330 
0.292236 0.35156 0.47852 -0.65308 -0.89722 0.37231 
0.299561 0.36987 0.53955 -0.89722 -0.114502 0.34424 
0.299561 0.39307 0.63110 -0.108032 -0.139160 0.32959 
0.300049 0.36499 0.70923 -0.116821 -0.159058 0.34302 
0.298462 0.61279 0.67017 -0.113037 -0.168701 0.36743 
0.295410 0.19897 0.54688 -0.97168 -0.169189 0.38208 
0.295776 0.19897 0.35889 -0.76172 -0.161255 0.36133 
0.300415 0.13794 0.45044 -0.73120 -0.141235 0.34546 
0.308594 0.20386 0.22339 -0.103760 -0.116455 0.35889 
0.320923 0.12573 -0.8911 -0.133301 -0.88379 0.29297 
0.322876 0.2441 -0.21606 -0.164673 -0.64331 0.18066 
0.316406 -0.2441 -0.38208 -0.163330 -0.37964 0.4761 
0.311768 -0.11108 -0.57251 -0.194580 -0.9399 -0.12085 
0.307373 -0.16479 -0.75806 -0.217407 0.15137 -0.28564 
0.304688 -0.19531 -0.92041 -0.239014 0.30640 -0.41260 
0.302124 -0.20630 -0.101196 -0.259155 0.17944 -0.49927 
0.295044 -0.18066 -0.109619 -0.270264 0.49194 -0.58105 
0.288818 -0.9155 -0.132202 -0.270264 0.71167 -0.31372 
0.280640 -0.7813 -0.172852 -0.253662 0.98633 -0.66650 
0.275757 -0.11841 -0.195190 -0.212891 0.134277 -0.66650 
0.273071 -0.14282 -0.206787 -0.178955 0.154297 -0.74463 
0.266724 -0.15015 -0.214111 -0.168091 0.152588 -0.82642 
0.258301 -0.15259 -0.214600 -0.172241 0.136108 -0.88501 
0.258301 -0.16602 -0.211670 -0.184692 0.107666 -0.91797 
0.247681 -0.22217 -0.207886 -0.201538 0.72754 -0.92896 
0.231079 -0.28320 -0.201660 -0.218872 0.40649 -0.89844 
0.212646 -0.3906 -0.192017 -0.235352 0.15259 -0.82031 
0.195801 -0.35156 -0.178589 -0.248901 -0.1831 -0.71899 
0.177856 -0.43457 -0.162720 -0.255981 -0.7813 -0.61401 
0.159058 -0.50293 -0.177734 -0.254883 -0.2075 -0.50903 
0.139648 -0.55298 -0.146484 -0.247070 0.13306 -0.41016 
0.120605 -0.58350 -0.131592 -0.236084 0.35400 -0.31738 
0.101440 -0.61279 -0.118286 -0.227905 0.61401 -0.23315 
0.83740 -0.64087 -0.105591 -0.227905 0.86548 -0.15747 
0.67993 -0.66406 -0.91675 -0.229492 0.107910 -0.8789 
0.55908 -0.66895 -0.75684 -0.242920 0.123535 -0.3174 
0.47607 -0.71533 -0.54810 -0.263306 0.102173 0.3174 
0.43335 -0.71899 -0.26611 -0.286011 0.133423 0.13184 
0.39795 -0.70068 0.6104 -0.304321 0.139404 0.30640 
0.34424 -0.67017 0.41992 -0.314331 0.143799 0.23926 
0.28442 -0.63843 0.81665 -0.319824 0.144531 0.55176 
0.24048 -0.63354 0.126953 -0.322876 0.138794 0.84839 
0.26978 -0.65186 0.173584 -0.319824 0.127808 0.118286 
0.6470 -0.73364 0.215454 -0.305054 0.114990 0.152954 
0.57007 -0.81421 0.252075 -0.281250 0.101196 0.188843 
0.57007 -0.87524 0.283569 -0.253662 0.87036 0.229736 
0.79224 -0.92896 0.309204 -0.224121 0.74951 0.266846 
0.104370 -0.65430 0.330688 -0.195068 0.61646 0.291870 
0.127808 -0.96680 0.348022 -0.168457 0.42480 0.305542 
0.148315 -0.99854 0.361084 -0.141235 0.18677 0.310791 
0.170044 -0.100220 0.368408 -0.109375 -0.6714 0.308838 
0.191772 -0.99243 0.368408 -0.73730 -0.30640 0.302612 
0.210205 -0.97168 0.371582 -0.36133 -0.52124 0.297119 
0.226074 -0.95215 0.371826 -0.59082 -0.74829 0.297363 
0.238525 -0.93018 0.369995 0.15381 -0.102173 0.305786 
0.247314 -0.95215 0.365112 0.46631 -0.133057 0.320435 
0.252930 -0.97046 0.353149 0.94604 -0.131836 0.331299 
0.273682 -0.107910 0.332642 0.146484 -0.159912 0.344971 
0.295166 -0.116333 0.303467 0.194824 -0.191162 0.351563 
0.318481 -0.121948 0.274048 0.230225 -0.222412 0.346558 
0.337769 -0.126709 0.245117 0.248047 -0.257446 0.361450 
0.351196 -0.132202 0.219482 0.251587 -0.294922 0.330200 
0.361084 -0.139526 0.192749 0.246826 -0.333374 0.304932 
0.367676 -0.148071 0.161743 0.240356 -0.372192 0.272827 
0.369995 -0.158936 0.126465 0.234253 -0.411865 0.236328 
0.369629 -0.168335 0.84839 0.222900 -0.453003 0.198730 
0.369629 -0.174072 0.33813 0.205078 -0.490967 0.165161 
0.367432 -0.179321 -0.10620 0.189087 -0.515991 0.137329 
0.362061 -0.182739 -0.51758 0.172241 -0.527710 0.113403 
0.353882 -0.182739 -0.86792 0.156616 -0.524170 0.91675 
0.343384 -0.186157 -0.117676 0.142944 -0.502808 0.69214 
0.332520 -0.189819 -0.114258 0.132568 -0.462769 0.46143 
0.322388 -0.193848 -0.145508 0.127686 -0.409302 0.22705 
0.315918 -0.199463 -0.165649 0.126709 -0.348511 -0.1709 
0.309692 -0.204468 -0.181396 0.132446 -0.279419 -0.29541 
0.302368 -0.210693 -0.193359 0.143921 -0.204590 -0.58472 
0.293457 -0.216309 -0.203980 0.143921 -0.128174 -0.85571 
0.283813 -0.220337 -0.210327 0.156860 -0.148682 -0.108398 
0.274902 -0.225098 -0.214478 0.166504 -0.53101 -0.126221 
0.268677 -0.229492 -0.215088 0.170898 0.9399 -0.141968 
0.264893 -0.234619 -0.214355 0.166504 0.58472 -0.156616 
0.263062 -0.239380 -0.209229 0.153687 0.90454 -0.169556 
0.260986 -0.243408 -0.202515 0.135132 0.104980 -0.169556 
0.259277 -0.247070 -0.192871 0.115967 0.107300 -0.181763 
0.256348 -0.249390 -0.183838 0.99365 0.103271 -0.194702 
0.250610 -0.250366 -0.175781 0.86548 0.97412 -0.208496 
0.273315 -0.248413 -0.169067 0.75684 0.93384 -0.222290 
0.242065 -0.242554 -0.163696 0.66528 0.95093 -0.235230 
0.231445 -0.236206 -0.160156 0.58838 0.104004 -0.247192 
0.219849 -0.228516 -0.156860 0.50903 0.117798 -0.256348 
0.208862 -0.228516 -0.151245 0.40771 0.132935 -0.259644 
0.199219 -0.218628 -0.142578 0.27954 0.146240 -0.257813 
0.190674 -0.206787 -0.133057 0.15381 0.156372 -0.255127 
0.186035 -0.195313 -0.154541 0.4272 0.162964 -0.253296 
0.183228 -0.185181 -0.123291 -0.5371 0.167969 -0.253296 
0.180054 -0.175903 -0.113037 -0.14404 0.171875 -0.254517 
0.175049 -0.164795 -0.102051 -0.22217 0.174561 -0.256104 
0.167725 -0.151611 -0.92163 -0.22217 0.174683 -0.256592 
0.159058 -0.137939 -0.83252 -0.30029 0.171753 -0.254883 
0.151367 -0.123169 -0.75562 -0.39429 0.167114 -0.250977 
0.145752 -0.108765 -0.69092 -0.51025 0.167114 -0.245117 
0.143311 -0.96191 -0.60547 -0.65918 0.159180 -0.237793 
0.144775 -0.87402 -0.49072 -0.82520 0.149414 -0.231201 
0.147705 -0.80078 -0.36011 -0.97046 0.141480 -0.226563 
0.148560 -0.73730 -0.22949 -0.107422 0.137085 -0.226563 
0.145386 -0.65674 -0.9888 -0.115479 0.134399 -0.222412 
0.140259 -0.51025 0.5127 -0.122803 0.130127 -0.215698 
0.134277 -0.33203 0.21484 -0.127808 0.122803 -0.203980 
0.134277 -0.15991 0.38330 -0.129395 0.113647 -0.186890 
0.131592 -0.3052 0.54077 -0.126587 0.105103 -0.165283 
0.133057 -0.26367 0.67871 -0.119385 0.98877 -0.140869 
0.139648 0.4883 0.79956 -0.108643 0.96069 -0.117310 
0.148438 0.10254 0.91553 -0.96924 0.95947 -0.97412 
0.157715 0.15503 0.73975 -0.86792 0.93994 -0.83374 
0.165039 0.21484 0.119629 -0.79224 0.87280 -0.75073 
0.170654 0.28687 0.119629 -0.73242 0.76416 -0.70190 
0.176147 0.35278 0.132202 -0.69580 0.62134 -0.65674 
0.173340 0.40771 0.143555 -0.69946 0.45410 -0.63110 
0.173584 0.47852 0.153442 -0.69946 0.29541 -0.60791 
0.177856 0.52490 0.160034 -0.69458 0.17090 -0.58472 
0.183594 0.54932 0.162720 -0.64819 0.8667 -0.56274 
0.190674 0.56885 0.163330 -0.57495 0.8667 -0.54077 
0.197388 0.58105 0.161499 -0.48828 0.2930 -0.51880 
0.203735 0.58105 0.157593 -0.39429 -0.854 -0.49927 
0.210327 0.56519 0.150879 -0.30518 -0.3784 -0.48462 
0.217041 0.53955 0.142944 -0.23438 -0.6348 -0.48462 
