0.258301 0.13794 -0.7690 -0.32837 0.23804 -0.27100 
0.254395 0.10010 -0.12695 -0.24536 0.27954 -0.27954 
0.253784 0.8179 -0.17944 -0.21118 0.27710 -0.27954 
0.255493 0.7202 -0.23804 -0.18921 0.23804 -0.29907 
0.257813 0.7324 -0.26245 -0.18799 0.16113 -0.31250 
0.260010 0.12207 -0.29175 -0.20508 0.5981 -0.31128 
0.260010 0.17090 -0.27954 -0.24414 -0.4272 -0.29297 
0.260986 0.20020 -0.22949 -0.31250 -0.16602 -0.26611 
0.256836 0.23804 -0.17090 -0.35034 -0.26489 -0.21851 
0.254395 0.25513 -0.15381 -0.36377 -0.32104 -0.15625 
0.251587 0.25513 -0.17090 -0.37842 -0.33813 -0.10498 
0.249512 0.24780 -0.17456 -0.40771 -0.31860 -0.8057 
0.250732 0.24780 -0.16357 -0.46265 -0.27588 -0.7813 
0.255615 0.26733 -0.16357 -0.54810 -0.23193 -0.8911 
0.261719 0.29053 -0.14648 -0.66528 -0.21240 -0.11230 
0.266113 0.28564 -0.12573 -0.79834 -0.22583 -0.14526 
0.268433 0.25513 -0.8301 -0.79834 -0.26001 -0.15137 
0.269409 0.20630 -0.5249 -0.91553 -0.30640 -0.9888 
0.266846 0.15747 -0.6470 -0.101929 -0.6226 0.00 
0.263184 0.10620 -0.13184 -0.110474 -0.49072 0.10010 
0.263306 0.7324 -0.13672 -0.119385 -0.49072 0.16113 
0.261230 0.4883 -0.10986 -0.125488 -0.63965 0.20020 
0.255615 0.7080 -0.19653 -0.123657 -0.75928 0.20996 
0.260498 -0.12817 -0.45410 -0.117798 -0.80566 0.20996 
0.259888 0.6836 -0.32715 -0.106812 -0.74341 0.13550 
0.256714 0.17822 -0.24292 -0.105957 -0.71655 0.9766 
0.259766 0.18433 -0.20752 -0.104980 -0.63843 0.6348 
0.259766 0.10010 -0.16602 -0.93384 -0.54199 0.1099 
0.266846 0.00 -0.12817 -0.70190 -0.40649 -0.5127 
0.274414 0.30273 -0.13062 -0.42603 -0.24414 -0.9399 
0.280762 -0.488 -0.17212 -0.13794 -0.8911 -0.9155 
0.282959 -0.488 -0.24414 0.13306 0.3540 -0.6714 
0.283569 -0.488 -0.4883 0.35767 0.12329 -0.5371 
0.284180 -0.1709 -0.48462 0.51392 0.16846 -0.6592 
0.284668 -0.1953 -0.48462 0.57129 0.17090 -0.10742 
0.285767 -0.977 -0.59692 0.54199 0.14771 -0.16479 
0.286133 -0.732 -0.67993 0.48096 0.12939 -0.22583 
0.284912 -0.732 -0.76050 0.48096 0.16968 -0.25879 
0.286499 0.25269 -0.94238 0.31982 0.20874 -0.22461 
0.290527 0.26611 -0.102905 -0.14771 0.25146 -0.27466 
0.281006 0.25513 -0.99243 -0.59448 0.00 -0.37354 
0.271851 0.25513 -0.102295 -0.99731 0.31250 -0.47241 
0.264282 0.22583 -0.104858 -0.128418 0.42725 -0.55420 
0.257935 0.21729 -0.109741 -0.149536 0.56030 -0.60791 
0.251709 0.22339 -0.118652 -0.165527 0.72021 -0.60791 
0.246216 0.23315 -0.129395 -0.177124 0.92651 -0.63965 
0.242065 0.25391 -0.140137 -0.184570 0.118164 -0.65796 
0.235596 0.25513 -0.151611 -0.189941 0.148926 -0.65674 
0.227051 0.26611 -0.163574 -0.193726 0.185547 -0.64209 
0.227051 0.28198 -0.173096 -0.194214 0.224121 -0.61279 
0.218994 0.26001 -0.179077 -0.194214 0.258423 -0.56030 
0.218018 0.21606 -0.176636 -0.200073 0.279907 -0.50415 
0.212891 0.21606 -0.169189 -0.212891 0.287354 -0.45044 
0.205566 0.16479 -0.156860 -0.227539 0.279053 -0.39917 
0.195435 0.10620 -0.172607 -0.240845 0.258301 -0.35034 
0.182495 0.2075 -0.141357 -0.253418 0.232910 -0.29175 
0.169312 -0.9644 -0.121948 -0.267334 0.207886 -0.22949 
0.156616 -0.20264 -0.95825 -0.280029 0.187012 -0.16846 
0.142212 -0.29541 -0.62988 -0.256470 0.172363 -0.10498 
0.127563 -0.35156 -0.27344 -0.287720 0.161865 -0.3296 
0.114624 -0.38452 0.8301 -0.289185 0.185181 0.5005 
0.102661 -0.40894 0.40527 -0.285156 0.149170 0.12817 
0.92163 -0.44922 0.66772 -0.277344 0.149170 0.20142 
0.86670 -0.48462 0.91919 -0.267700 0.150635 0.27832 
0.80444 -0.53711 0.115479 -0.257080 0.158447 0.00 
0.90820 -0.60181 0.135864 -0.243530 0.173340 0.31250 
0.103638 -0.69092 0.157715 -0.230225 0.185425 0.42725 
0.107544 -0.72754 0.174561 -0.227295 0.183838 0.63721 
0.108276 -0.72632 0.195190 -0.231445 0.163452 0.79834 
0.109619 -0.71533 0.218994 -0.236938 0.126221 0.84595 
0.109619 -0.69336 0.243408 -0.234619 0.80200 0.84229 
0.112427 -0.65308 0.262939 -0.219605 0.36621 0.85693 
0.117310 -0.88623 0.275513 -0.192017 0.1465 0.91919 
0.122314 -0.57373 0.280151 -0.155029 -0.24170 0.102051 
0.128662 -0.46753 0.277344 -0.115356 -0.44922 0.112549 
0.137085 -0.36255 0.270386 -0.77637 -0.65674 0.119507 
0.151367 -0.32837 0.270386 -0.45532 -0.84717 0.126953 
0.168701 -0.33813 0.259766 -0.21118 -0.100952 0.130249 
0.192261 -0.36011 0.251953 -0.977 -0.113892 0.127441 
0.215454 -0.38330 0.245239 -0.14404 -0.125854 0.121094 
0.235352 -0.37231 0.239380 0.16846 -0.140015 0.114746 
0.250244 -0.33691 0.231445 0.31738 -0.125610 0.110840 
0.262573 -0.30640 0.221558 0.44800 -0.175781 0.109253 
0.273682 -0.26855 0.210327 0.57129 -0.175781 0.108765 
0.283813 -0.25269 0.197998 0.70190 -0.194824 0.108521 
0.293213 -0.26611 0.187134 0.82397 -0.213013 0.108154 
0.300293 -0.27466 0.177490 0.92529 -0.229858 0.108154 
0.306030 -0.29419 0.167725 0.101685 -0.245972 0.107178 
0.313721 -0.29175 0.155029 0.109619 -0.263062 0.105713 
0.321533 -0.28931 0.140869 0.117920 -0.280884 0.105957 
0.329712 -0.30151 0.124756 0.127563 -0.300659 0.107300 
0.329712 -0.33569 0.105713 0.137573 -0.322998 0.107544 
0.337280 -0.39795 0.85083 0.146118 -0.347046 0.105103 
0.343872 -0.47607 0.63843 0.150757 -0.371948 0.99731 
0.348999 -0.47607 0.43091 0.150757 -0.395996 0.92041 
0.351563 -0.54321 0.23071 0.147095 -0.417236 0.82397 
0.350586 -0.59937 0.3784 0.142456 -0.434204 0.71289 
0.346680 -0.62134 0.14404 0.141357 -0.445068 0.58960 
0.340332 -0.62256 -0.16846 0.145508 -0.450439 0.46021 
0.333984 -0.60669 -0.39795 0.154175 -0.450562 0.33447 
0.329834 -0.57373 -0.64819 0.134766 -0.445801 0.22095 
0.319702 -0.59937 -0.88623 0.166016 -0.430542 0.11475 
0.312866 -0.59570 -0.109375 0.171753 -0.405640 0.4150 
0.306274 -0.59082 -0.126587 0.170776 -0.405396 -0.732 
0.300293 -0.60425 -0.138916 0.164185 -0.374146 -0.5249 
0.293213 -0.61768 -0.151611 0.154053 -0.342529 -0.12451 
0.285889 -0.63354 -0.158447 0.145264 -0.310425 -0.23193 
0.278198 -0.65063 -0.165527 0.136353 -0.276367 -0.4395 
0.270874 -0.66040 -0.173462 0.129883 -0.241333 -0.35645 
0.265625 -0.67383 -0.180908 0.126343 -0.207031 -0.48218 
0.260498 -0.68848 -0.187866 0.122925 -0.174072 -0.59692 
0.254883 -0.70923 -0.193970 0.118408 -0.142334 -0.70679 
0.254883 -0.73853 -0.200073 0.111694 -0.113281 -0.80200 
0.249756 -0.76660 -0.204956 0.102417 -0.86670 -0.87769 
0.245483 -0.79468 -0.207764 0.91431 -0.62988 -0.94604 
0.240845 -0.79468 -0.207520 0.79346 -0.42725 -0.100830 
0.236206 -0.81909 -0.205200 0.66528 -0.27466 -0.105225 
0.230835 -0.84961 -0.202148 0.52612 -0.18799 -0.107422 
0.225464 -0.86670 -0.199219 0.38208 -0.15625 -0.106567 
0.220947 -0.87280 -0.199219 0.25269 -0.14282 -0.105225 
0.216797 -0.87891 -0.196411 0.14038 -0.12573 -0.103760 
0.213501 -0.88257 -0.194458 0.3662 -0.9521 -0.101440 
0.208008 -0.87646 -0.193604 0.3662 -0.3540 -0.101074 
0.202148 -0.86914 -0.193115 -0.5737 0.4639 -0.101807 
0.195557 -0.85205 -0.192383 -0.14893 0.15015 -0.103149 
0.189331 -0.82397 -0.191650 -0.23804 0.15015 -0.104858 
0.183838 -0.79590 -0.190430 -0.32715 0.26855 -0.107056 
0.178589 -0.76782 -0.189087 -0.42114 0.39063 -0.108521 
0.173584 -0.72388 -0.187012 -0.52612 0.50293 -0.109253 
0.169556 -0.68359 -0.183105 -0.63110 0.59937 -0.109253 
0.166138 -0.64941 -0.179688 -0.72510 0.68604 -0.109131 
0.162964 -0.62988 -0.175781 -0.81543 0.75684 -0.107910 
0.160767 -0.61157 -0.169556 -0.92041 0.81421 -0.105957 
0.160767 -0.58960 -0.160156 -0.103394 0.85083 -0.103516 
0.159424 -0.55298 -0.148071 -0.114624 0.86426 -0.100464 
0.158203 -0.50415 -0.134766 -0.123657 0.87402 -0.96313 
0.157227 -0.50415 -0.122192 -0.128662 0.89355 -0.90332 
0.156860 -0.44800 -0.111694 -0.129150 0.92896 -0.82275 
0.158325 -0.39185 -0.103882 -0.126953 0.97656 -0.72632 
0.161499 -0.34058 -0.97046 -0.124634 0.103027 -0.62866 
0.166870 -0.28320 -0.97046 -0.124512 0.107056 -0.54321 
0.173096 -0.22461 -0.89722 -0.95337 0.108398 -0.48096 
0.179443 -0.16968 -0.81421 -0.130127 0.106689 -0.44189 
0.185059 -0.11963 -0.72144 -0.130127 0.101807 -0.41748 
0.189819 -0.7446 -0.62378 -0.134399 0.94971 -0.39551 
0.194824 -0.4150 -0.53223 -0.137451 0.118652 -0.37476 
0.199951 -0.977 -0.45044 -0.138794 0.79956 -0.36011 
0.203857 0.977 -0.36987 -0.138916 0.79956 -0.34424 
0.207642 0.2319 -0.29663 -0.138184 0.73608 -0.32471 
0.210815 0.4150 -0.22583 -0.137207 0.67871 -0.61768 
