0.243042 -0.14526 -0.1709 -0.357666 0.52490 0.120850 
0.253784 -0.19165 0.9399 -0.375732 0.52490 0.127441 
0.262573 -0.14648 0.16724 -0.373657 0.65552 0.117920 
0.265503 -0.13428 0.24536 -0.364258 0.89722 0.97900 
0.263672 -0.14404 0.24292 -0.353149 0.122559 0.97900 
0.263062 -0.11719 0.23682 -0.334595 0.149292 0.72998 
0.259277 -0.13306 0.25879 -0.304443 0.170288 0.49072 
0.254883 -0.15137 0.27588 -0.265137 0.181763 0.32349 
0.252197 -0.14771 0.29663 -0.220825 0.175293 0.27466 
0.252197 -0.12695 0.36377 -0.176147 0.149292 0.29419 
0.252686 -0.12451 0.47974 -0.132446 0.105225 0.30884 
0.258301 -0.17700 0.55542 -0.89478 0.52856 0.28320 
0.270752 -0.17700 0.56030 -0.54321 0.10010 0.19531 
0.282349 -0.20264 0.56274 -0.37109 -0.15015 0.8911 
0.282349 -0.19043 0.54199 -0.31982 -0.33203 -0.2075 
0.274780 -0.14404 0.54199 -0.30762 -0.55542 -0.11353 
0.266602 -0.10864 0.44434 -0.37109 -0.79834 -0.19043 
0.256348 -0.11597 0.36499 -0.49438 -0.87769 -0.26489 
0.248047 -0.10498 0.29663 -0.32471 -0.88745 -0.31494 
0.248047 -0.6104 0.28320 -0.63721 -0.91431 -0.31860 
0.252197 -0.4150 0.29541 -0.80811 -0.98755 -0.29663 
0.255859 -0.7568 0.31006 -0.96313 -0.107910 -0.25269 
0.258545 -0.10376 0.33569 -0.103638 -0.107910 -0.18555 
0.261230 -0.8789 0.36621 -0.103271 -0.116211 -0.9521 
0.262451 -0.12085 0.35645 -0.94604 -0.121826 -0.5005 
0.263062 -0.37964 0.29419 -0.81299 -0.119385 -0.10498 
0.262939 -0.6470 0.25269 -0.73608 -0.112915 -0.10498 
0.265869 -0.977 0.24902 -0.77515 -0.104492 0.732 
0.276733 -0.8423 0.26245 -0.90454 -0.94604 0.13672 
0.255981 -0.9644 0.31372 -0.101196 -0.85693 0.18066 
0.287231 -0.10010 0.37231 -0.104492 -0.79712 0.19409 
0.295654 -0.14526 0.39185 -0.98389 -0.76660 0.22217 
0.301392 -0.21973 0.35278 -0.83984 -0.75195 0.25391 
0.302368 -0.21973 0.32104 -0.65918 -0.74219 0.28198 
0.296143 -0.25513 0.19043 -0.47607 -0.68604 0.32349 
0.284546 -0.26367 0.8179 -0.30762 -0.72266 0.42969 
0.275269 0.13916 -0.53589 -0.98633 -0.73608 0.63110 
0.287842 0.2808 -0.53589 -0.209839 -0.68115 0.67139 
0.285889 -0.2930 -0.57495 -0.193848 -0.63843 0.62012 
0.290283 -0.13794 -0.49316 -0.308350 -0.52124 0.51025 
0.288330 -0.11963 -0.39429 -0.339600 -0.33081 0.39185 
0.285522 -0.5615 -0.37964 -0.370239 -0.20020 0.24658 
0.284546 -0.5859 -0.36499 -0.381104 -0.9644 0.15015 
0.289429 0.1831 -0.53223 -0.371826 -0.9644 0.11108 
0.284668 0.5249 -0.55176 -0.341919 0.7202 -0.854 
0.277100 0.7568 -0.54199 -0.307251 0.11475 -0.15381 
0.270752 0.9033 -0.54810 -0.274414 0.7690 -0.21606 
0.269287 0.12207 -0.57861 -0.243896 -0.1587 -0.21606 
0.273193 0.13794 -0.67993 -0.217285 -0.13794 -0.20142 
0.280396 0.10132 -0.80078 -0.193848 -0.26855 -0.19531 
0.255737 0.610 -0.93262 -0.174438 -0.39551 -0.22339 
0.286987 -0.10254 -0.107788 -0.158569 -0.48828 -0.27954 
0.293457 -0.21484 -0.121948 -0.146484 -0.54688 -0.36377 
0.298096 -0.610 -0.138794 -0.136353 -0.56763 -0.47485 
0.298828 -0.31860 -0.158936 -0.129517 -0.54199 -0.60791 
0.294800 -0.41382 -0.177856 -0.133789 -0.48096 -0.74463 
0.287109 -0.47852 -0.157593 -0.146851 -0.36133 -0.86182 
0.278931 -0.53223 -0.196777 -0.162231 -0.19775 -0.95825 
0.270996 -0.55664 -0.196777 -0.175415 0.244 -0.105103 
0.260986 -0.57007 -0.204346 -0.156494 0.23682 -0.113892 
0.247559 -0.57861 -0.209595 -0.200317 0.48950 -0.120850 
0.234131 -0.57983 -0.209717 -0.200317 0.73120 -0.126343 
0.219849 -0.58472 -0.204956 -0.212402 0.96069 -0.131104 
0.204468 -0.58594 -0.200806 -0.220703 0.117798 -0.136230 
0.186768 -0.60059 -0.198364 -0.225098 0.117798 -0.140015 
0.168213 -0.61523 -0.194458 -0.228760 0.140747 -0.140869 
0.150757 -0.62622 -0.187744 -0.232666 0.165283 -0.138550 
0.133789 -0.61157 -0.177734 -0.236206 0.190186 -0.132690 
0.116455 -0.57251 -0.164063 -0.238647 0.215332 -0.132690 
0.98877 -0.49561 -0.149536 -0.240479 0.239990 -0.122559 
0.84351 -0.40405 -0.131470 -0.244019 0.261597 -0.108276 
0.72388 -0.30151 -0.109741 -0.250488 0.276733 -0.90088 
0.72388 -0.19043 -0.89355 -0.255005 0.285400 -0.70068 
0.62012 -0.8911 -0.72144 -0.255493 0.290039 -0.49438 
0.52002 -0.854 -0.56152 -0.254395 0.294067 -0.26367 
0.40527 -0.27466 -0.37964 -0.252319 0.301636 0.1343 
0.28198 0.3784 -0.14893 -0.248901 0.314819 0.33936 
0.17456 0.4639 -0.15381 -0.245117 0.330688 0.69458 
0.6348 0.4028 0.19409 -0.240845 0.345337 0.105347 
-0.4883 -0.1465 0.50659 -0.237549 0.353760 0.141113 
-0.11597 -0.7080 0.88867 -0.236450 0.352905 0.174316 
-0.15015 -0.12939 0.130127 -0.234253 0.343506 0.202148 
-0.15991 -0.19531 0.170776 -0.234253 0.328369 0.225342 
-0.12573 -0.26978 0.207275 -0.226929 0.308350 0.246094 
-0.5249 -0.33936 0.238892 -0.214355 0.284912 0.266724 
0.6836 -0.40161 0.267578 -0.198730 0.287598 0.287109 
0.25513 -0.47363 0.296143 -0.184448 0.256348 0.303955 
0.48584 -0.56030 0.325195 -0.172119 0.220947 0.283325 
0.72998 -0.67139 0.352295 -0.159790 0.181519 0.318237 
0.97290 -0.79956 0.376221 -0.145508 0.139893 0.318237 
0.120850 -0.93506 0.396362 -0.128052 0.97046 0.316162 
0.145386 -0.106079 0.412231 -0.107422 0.54688 0.311157 
0.142944 -0.118286 0.422852 -0.84229 0.13062 0.306641 
0.174194 -0.129639 0.426270 -0.58350 -0.25879 0.302734 
0.206665 -0.138916 0.420776 -0.30273 -0.61279 0.297119 
0.238647 -0.146973 0.407471 -0.2808 -0.93140 0.288086 
0.267456 -0.152954 0.391602 0.19897 -0.123169 0.275757 
0.292236 -0.152954 0.375610 0.37842 -0.154053 0.260376 
0.311035 -0.156738 0.388062 0.54199 -0.185913 0.242310 
0.323975 -0.158081 0.365112 0.70313 -0.218140 0.222778 
0.332886 -0.157227 0.333862 0.84473 -0.251709 0.203857 
0.340698 -0.155518 0.303833 0.95703 -0.285767 0.187012 
0.348999 -0.155884 0.267822 0.102905 -0.317749 0.172241 
0.356812 -0.156982 0.229980 0.102905 -0.346924 0.158936 
0.362549 -0.160034 0.193359 0.108032 -0.372070 0.145874 
0.367554 -0.166016 0.159912 0.112305 -0.361450 0.130981 
0.372803 -0.173340 0.132324 0.115112 -0.378906 0.111694 
0.376099 -0.180908 0.108887 0.117676 -0.410156 0.86914 
0.375855 -0.185303 0.87646 0.119751 -0.426514 0.88013 
0.370483 -0.185913 0.64819 0.119263 -0.445068 0.54688 
0.358765 -0.184326 0.34302 0.116211 -0.468140 0.23438 
0.346313 -0.181274 -0.1709 0.109009 -0.489746 -0.8789 
0.333740 -0.179321 -0.39429 0.95215 -0.505615 -0.34058 
0.323486 -0.171753 -0.69580 0.76660 -0.511963 -0.49194 
0.323486 -0.175415 -0.96436 0.55420 -0.510986 -0.51392 
0.316772 -0.174561 -0.121338 0.30884 -0.500488 -0.48340 
0.309082 -0.170288 -0.145386 0.7813 -0.478882 -0.43091 
0.295776 -0.166382 -0.169800 -0.8789 -0.445801 -0.39917 
0.277954 -0.166382 -0.189331 -0.16846 -0.399536 -0.44189 
0.253296 -0.159180 -0.204834 -0.20874 -0.342285 -0.73486 
0.237549 -0.153931 -0.213501 -0.20142 -0.284302 -0.116455 
0.229004 -0.148682 -0.213501 -0.18311 -0.233398 -0.148682 
0.217407 -0.141602 -0.218994 -0.21851 -0.192017 -0.169189 
0.204224 -0.132568 -0.225342 -0.26367 -0.154663 -0.182617 
0.192261 -0.124390 -0.229858 -0.244 -0.119629 -0.189819 
0.181885 -0.116211 -0.230957 -0.31494 -0.88379 -0.191284 
0.173462 -0.107788 -0.229858 -0.37598 -0.89600 -0.189575 
0.165649 -0.100464 -0.226318 -0.40405 -0.59326 -0.184814 
0.159302 -0.93262 -0.221680 -0.39307 -0.28076 -0.178223 
0.155884 -0.88745 -0.217407 -0.36133 0.2075 -0.172241 
0.153931 -0.86060 -0.213623 -0.32349 0.31494 -0.168335 
0.151611 -0.82764 -0.209717 -0.29419 0.60547 -0.168335 
0.148438 -0.79346 -0.203369 -0.30029 0.88379 -0.166260 
0.143555 -0.75073 -0.196167 -0.35889 0.119141 -0.163696 
0.139038 -0.72144 -0.186035 -0.44922 0.150391 -0.160522 
0.136475 -0.69946 -0.171997 -0.56763 0.178955 -0.156372 
0.136475 -0.69458 -0.154907 -0.68604 0.203247 -0.152710 
0.135620 -0.68604 -0.138672 -0.77271 0.221924 -0.151489 
0.134033 -0.66284 -0.123535 -0.82520 0.235474 -0.151855 
0.131226 -0.66284 -0.107422 -0.85938 0.245117 -0.152588 
0.128540 -0.61279 -0.88623 -0.90576 0.250244 -0.152954 
0.127441 -0.53955 -0.67871 -0.96436 0.251221 -0.153076 
0.126831 -0.45288 -0.67871 -0.101685 0.249023 -0.151611 
0.126343 -0.35034 -0.46387 -0.105713 0.245117 -0.147949 
0.126709 -0.25513 -0.26245 -0.108643 0.240479 -0.140503 
0.129272 -0.16968 -0.5493 -0.109863 0.236450 -0.129883 
0.133179 -0.7935 0.17822 -0.109863 0.234741 -0.117188 
0.139404 -0.2197 0.36743 -0.106567 0.231079 -0.104004 
0.149658 0.3906 0.52734 -0.102295 0.223145 -0.91797 
0.160400 0.8667 0.69214 -0.99487 0.223145 -0.81421 
