0.253906 -0.16113 0.34180 0.56152 -0.19531 0.64575 
0.257202 -0.15625 0.34180 0.41260 -0.6348 0.70313 
0.255859 -0.19043 0.39917 0.32593 0.366 0.76416 
0.257813 -0.22461 0.43335 0.31494 0.3296 0.80688 
0.257202 -0.27100 0.42847 0.31494 0.3784 0.79590 
0.255615 -0.34424 0.41260 0.32349 0.3174 0.73608 
0.256104 -0.37476 0.39795 0.35034 0.2319 0.65430 
0.256226 -0.37964 0.39185 0.37720 0.30762 0.54565 
0.255493 -0.33447 0.41748 0.40771 -0.488 0.44434 
0.256714 -0.25757 0.48584 0.43335 -0.8667 0.37231 
0.260620 -0.18433 0.58105 0.45898 -0.24536 0.33936 
0.266480 -0.14893 0.64453 0.49438 -0.47119 0.33936 
0.271118 -0.14282 0.70557 0.53223 -0.74951 0.31738 
0.274292 -0.16357 0.78857 0.56641 -0.103638 0.27832 
0.275757 -0.17944 0.86914 0.64209 -0.126099 0.23071 
0.275757 -0.18188 0.91919 0.78003 -0.139160 0.19043 
0.273926 -0.16235 0.94849 0.96191 -0.144531 0.17212 
0.269531 -0.14282 0.96436 0.115234 -0.141113 0.20630 
0.265259 -0.13428 0.95581 0.133667 -0.132935 0.30884 
0.255615 -0.13428 0.95093 0.151123 -0.126099 0.45166 
0.250732 -0.13428 0.121948 0.165527 -0.121094 0.60059 
0.247437 -0.17456 0.79224 0.174316 -0.116577 0.74341 
0.241943 -0.21118 0.79224 0.180176 -0.119141 0.87158 
0.242798 -0.24414 0.61890 0.180176 -0.129883 0.96680 
0.242188 -0.46997 0.40649 0.171143 -0.135742 0.93262 
0.244263 -0.89844 0.18311 0.171143 -0.137695 0.74829 
0.253296 -0.90210 -0.8179 0.159302 -0.128296 0.58472 
0.264893 -0.73853 -0.23315 0.160889 -0.146973 0.52124 
0.272339 -0.64941 -0.24292 0.166504 -0.109131 0.51880 
0.278687 -0.65918 -0.24658 0.157227 -0.109131 0.51392 
0.285645 -0.73975 -0.33325 0.137695 -0.104614 0.47241 
0.296997 -0.83496 -0.46631 0.122559 -0.97900 0.38452 
0.311157 -0.89966 -0.59448 0.115723 -0.85938 0.38452 
0.327393 -0.94116 -0.67749 0.113770 -0.67627 0.26001 
0.341187 -0.99121 -0.72266 0.109741 -0.44800 0.10498 
0.318604 -0.103882 -0.75195 0.102783 -0.18555 -0.8789 
0.349854 -0.109863 -0.79834 0.96924 0.9888 -0.31494 
0.350220 -0.112915 -0.89233 0.94482 0.41260 -0.55664 
0.343506 -0.108521 -0.112549 0.96313 0.80322 -0.77515 
0.329956 -0.102905 -0.125610 0.104248 0.128784 -0.95215 
0.322266 -0.102905 -0.132935 0.109497 0.169678 -0.114014 
0.318726 -0.97290 -0.140381 0.111450 0.203003 -0.137207 
0.316162 -0.94849 -0.147949 0.114502 0.235718 -0.165039 
0.310669 -0.93018 -0.147949 0.118896 0.269043 -0.195679 
0.302368 -0.90332 -0.152100 0.120850 0.300781 -0.224854 
0.291870 -0.86792 -0.151978 0.117310 0.328369 -0.247681 
0.281250 -0.85205 -0.148682 0.117310 0.351196 -0.255005 
0.268555 -0.77637 -0.142212 0.106812 0.367554 -0.251953 
0.248047 -0.70190 -0.131470 0.88989 0.351318 -0.247681 
0.226807 -0.62256 -0.122681 0.65186 0.390625 -0.244263 
0.205566 -0.52979 -0.113647 0.39551 0.390625 -0.242188 
0.185547 -0.41992 -0.103882 0.10620 0.391235 -0.239990 
0.162720 -0.31494 -0.89722 -0.25269 0.386353 -0.233765 
0.138428 -0.23193 -0.72510 -0.68970 0.378662 -0.233765 
0.115479 -0.16235 -0.58960 -0.114380 0.372192 -0.222534 
0.92285 -0.9766 -0.44678 -0.154663 0.368408 -0.207153 
0.70801 -0.3662 -0.30151 -0.189941 0.366821 -0.189087 
0.70801 -0.854 -0.13672 -0.218506 0.366821 -0.169800 
0.45166 0.366 0.6836 -0.235352 0.371338 -0.149536 
0.16968 0.4761 0.30396 -0.243774 0.380005 -0.125977 
-0.9766 0.11230 0.56396 -0.251099 0.386597 -0.97290 
-0.36377 0.11230 0.83740 -0.261719 0.386719 -0.64331 
-0.62622 0.17334 0.113770 -0.277466 0.377319 -0.30151 
-0.84717 0.22705 0.115112 -0.293701 0.357422 0.2686 
-0.102661 0.21240 0.146362 -0.302368 0.330200 0.33691 
-0.117676 0.16235 0.175781 -0.299805 0.302246 0.65186 
-0.125000 0.7446 0.202881 -0.283936 0.278442 0.96680 
-0.125732 -0.1831 0.227905 -0.288086 0.261230 0.126465 
-0.122192 -0.11475 0.248047 -0.256836 0.248535 0.152344 
-0.115234 -0.17456 0.263184 -0.225830 0.234863 0.171875 
-0.102295 -0.20874 0.276245 -0.200195 0.247925 0.187378 
-0.87402 -0.23804 0.289673 -0.183350 0.216675 0.201050 
-0.71777 -0.28442 0.303711 -0.172607 0.194214 0.212158 
-0.52490 -0.37109 0.318726 -0.160767 0.167725 0.190308 
-0.29175 -0.50049 0.332764 -0.142334 0.138916 0.221558 
-0.4639 -0.66650 0.346802 -0.117676 0.109497 0.227783 
0.20264 -0.73853 0.363159 -0.91064 0.80200 0.225586 
0.15259 -0.87402 0.379883 -0.62378 0.47241 0.197876 
0.44922 -0.89111 0.396729 -0.29907 0.6714 0.160645 
0.76172 -0.83984 0.407349 0.1343 -0.35767 0.136230 
0.97046 -0.77759 0.412964 0.30151 -0.79834 0.122070 
0.112915 -0.73975 0.411255 0.57983 -0.124756 0.112427 
0.123291 -0.73975 0.409912 0.89600 -0.171509 0.93262 
0.140381 -0.73364 0.407837 0.121338 -0.220703 0.61035 
0.167725 -0.73242 0.432251 0.149902 -0.272339 0.23926 
0.201538 -0.69214 0.401001 0.174438 -0.317993 -0.11353 
0.237183 -0.64575 0.388184 0.196045 -0.350708 -0.39307 
0.273560 -0.56641 0.372925 0.203491 -0.383179 -0.51514 
0.299438 -0.53589 0.349854 0.196411 -0.412842 -0.45166 
0.316162 -0.52612 0.322266 0.196411 -0.436157 -0.23071 
0.327026 -0.52490 0.291992 0.182251 -0.420776 0.9155 
0.334229 -0.52612 0.263550 0.167603 -0.460449 0.43579 
0.339722 -0.50415 0.239014 0.156982 -0.460449 0.73364 
0.345093 -0.45166 0.218018 0.148926 -0.463501 0.97534 
0.345703 -0.39063 0.195190 0.138184 -0.466187 0.117554 
0.339111 -0.33936 0.168945 0.125977 -0.465454 0.117554 
0.328980 -0.31006 0.143311 0.116943 -0.457031 0.135620 
0.318848 -0.33936 0.119873 0.112183 -0.441528 0.153076 
0.312500 -0.41748 0.98877 0.110474 -0.421265 0.167114 
0.341064 -0.53467 0.80322 0.109375 -0.397217 0.173340 
0.309814 -0.67139 0.62256 0.105835 -0.367920 0.167847 
0.308960 -0.79956 0.43335 0.96436 -0.332764 0.150146 
0.308838 -0.89966 0.23926 0.81055 -0.291504 0.125732 
0.306397 -0.89966 0.5859 0.61768 -0.248657 0.99731 
0.300781 -0.95093 -0.9766 0.41016 -0.207275 0.74585 
0.293579 -0.96924 -0.21729 0.21729 -0.168457 0.51147 
0.286011 -0.96069 -0.21729 0.5615 -0.135376 0.29175 
0.279907 -0.93140 -0.29785 -0.6958 -0.110352 0.8667 
0.275879 -0.91797 -0.34302 -0.15259 -0.91553 -0.10742 
0.274780 -0.91431 -0.36987 -0.18555 -0.77271 -0.29053 
0.275391 -0.91675 -0.38330 -0.18555 -0.64453 -0.46753 
0.275269 -0.92407 -0.38574 -0.15991 -0.50293 -0.64575 
0.273926 -0.92651 -0.38330 -0.7935 -0.34302 -0.82520 
0.271118 -0.90332 -0.38208 0.4639 -0.34302 -0.99976 
0.264526 -0.85449 -0.39795 0.18066 -0.18799 -0.115601 
0.255615 -0.80322 -0.42480 0.27832 -0.5493 -0.124268 
0.247070 -0.73364 -0.46753 0.30884 0.6470 -0.124878 
0.236328 -0.67017 -0.49194 0.26001 0.14526 -0.124878 
0.227295 -0.61890 -0.51147 0.16479 0.21606 -0.125366 
0.220337 -0.58594 -0.52734 0.6226 0.30396 -0.126831 
0.247070 -0.56152 -0.53223 -0.2075 0.41626 -0.129395 
0.215820 -0.53955 -0.53345 -0.7690 0.56152 -0.132202 
0.211426 -0.51758 -0.51636 -0.11841 0.74097 -0.134766 
0.206055 -0.49927 -0.48096 -0.16968 0.94116 -0.136597 
0.199341 -0.49927 -0.41382 -0.24292 0.113892 -0.137817 
0.195435 -0.48340 -0.33447 -0.33203 0.130249 -0.139893 
0.194946 -0.47974 -0.55298 -0.43945 0.141113 -0.144287 
0.195679 -0.48828 -0.14771 -0.56641 0.147583 -0.150146 
0.195801 -0.49805 -0.14771 -0.68726 0.153442 -0.155884 
0.194336 -0.51270 -0.7324 -0.77271 0.161499 -0.160645 
0.189209 -0.51758 0.122 -0.82275 0.171143 -0.164551 
0.182007 -0.48828 0.9888 -0.82275 0.180420 -0.167603 
0.174316 -0.42969 0.22827 -0.85571 0.187378 -0.168457 
0.165039 -0.33569 0.38696 -0.89478 0.157959 -0.166626 
0.156738 -0.22827 0.55298 -0.97534 0.189209 -0.162109 
0.150879 -0.13672 0.69946 -0.112549 0.183594 -0.155884 
0.146606 -0.8057 0.82275 -0.132813 0.171143 -0.149536 
0.146118 -0.6836 0.92651 -0.156616 0.154053 -0.144287 
0.147827 -0.10620 0.100342 -0.178467 0.137085 -0.144287 
0.150024 -0.17334 0.108887 -0.189697 0.125610 -0.141602 
0.150757 -0.19775 0.119751 -0.188232 0.120605 -0.142944 
0.147583 -0.15625 0.131592 -0.179810 0.120972 -0.145508 
0.147583 -0.6470 0.144165 -0.170532 0.122559 -0.145264 
0.140747 0.5859 0.157471 -0.165039 0.119751 -0.139160 
0.133301 0.17700 0.169800 -0.164551 0.109375 -0.127197 
0.128052 0.17700 0.179688 -0.169312 0.91187 -0.111328 
0.126953 0.24292 0.186768 -0.175415 0.68481 -0.94604 
0.130859 0.25391 0.161621 -0.176758 0.46387 -0.80200 
0.138062 0.21484 0.199829 -0.169556 0.30396 -0.68970 
0.146240 0.15381 0.199829 -0.152832 0.23804 -0.60791 
