0.264648 -0.28809 -0.29541 -0.33325 -0.62988 0.87769 
0.263184 -0.33325 -0.32837 -0.37109 -0.68481 0.81421 
0.266357 -0.37354 -0.33325 -0.38574 -0.67139 0.81421 
0.263794 -0.45288 -0.33325 -0.39307 -0.61646 0.73364 
0.267212 -0.46143 -0.33203 -0.36987 -0.50537 0.63354 
0.270142 -0.46265 -0.34058 -0.32349 -0.36377 0.53589 
0.270020 -0.46265 -0.36377 -0.28442 -0.23560 0.45776 
0.270020 -0.44312 -0.36499 -0.26123 -0.16235 0.40527 
0.269775 -0.41504 -0.33447 -0.25635 -0.18066 0.37842 
0.268677 -0.37964 -0.27100 -0.25757 -0.29907 0.36011 
0.272217 -0.37964 -0.19653 -0.22827 -0.48950 0.32593 
0.278442 -0.35034 -0.12695 -0.15869 -0.69580 0.24536 
0.281982 -0.33203 -0.10742 -0.7080 -0.85327 0.11841 
0.283813 -0.32349 -0.10742 0.977 -0.94116 -0.1709 
0.284546 -0.30640 -0.11963 0.4517 -0.95947 -0.13184 
0.286133 -0.28198 -0.14282 0.2808 -0.93750 -0.22583 
0.286499 -0.27344 -0.17212 0.26489 -0.89966 -0.31006 
0.286011 -0.28076 -0.19165 -0.4761 -0.90332 -0.40405 
0.284180 -0.30884 -0.23926 -0.17456 -0.89355 -0.50293 
0.283813 -0.34546 -0.25513 -0.28320 -0.88745 -0.61157 
0.282959 -0.54810 -0.26001 -0.37109 -0.88745 -0.79468 
0.286621 -0.57373 -0.22217 -0.39551 -0.84106 -0.93506 
0.284546 -0.44800 -0.24902 -0.34180 -0.65308 -0.67017 
0.282471 -0.41992 -0.37476 -0.29907 -0.38818 -0.98267 
0.280640 -0.32104 -0.52734 -0.29541 -0.11230 -0.103271 
0.282715 -0.30884 -0.69580 -0.32715 0.18555 -0.107056 
0.285156 -0.29541 -0.80811 -0.39185 0.51025 -0.111938 
0.289063 -0.24780 -0.87891 -0.43579 0.82520 -0.116089 
0.289063 -0.24536 -0.98145 -0.33813 0.108643 -0.117432 
0.301880 -0.29053 -0.110474 -0.10864 0.128784 -0.122559 
0.314209 -0.28198 -0.135742 0.12207 0.154419 -0.132202 
0.322510 -0.28198 -0.157837 0.18921 0.186401 -0.142090 
0.326172 -0.28076 -0.175903 0.2319 0.210693 -0.149902 
0.321533 -0.26245 -0.185913 -0.31250 0.224976 -0.152466 
0.313843 -0.26001 -0.185913 -0.63843 0.230591 -0.151978 
0.305908 -0.23926 -0.189575 -0.85571 0.227661 -0.149048 
0.296509 -0.23193 -0.186646 -0.68848 0.220825 -0.143555 
0.290039 -0.22461 -0.181152 -0.114258 0.215454 -0.136353 
0.283691 -0.22705 -0.179810 -0.114258 0.216309 -0.127930 
0.275757 -0.25391 -0.182129 -0.131470 0.192627 -0.120239 
0.268066 -0.27832 -0.182373 -0.154297 0.235352 -0.118164 
0.262329 -0.28320 -0.180298 -0.182617 0.235352 -0.124634 
0.257690 -0.27710 -0.174927 -0.215698 0.247559 -0.139404 
0.247314 -0.30273 -0.168701 -0.248169 0.256958 -0.129028 
0.229736 -0.37354 -0.162964 -0.275513 0.258911 -0.180786 
0.207886 -0.46021 -0.151611 -0.296265 0.251465 -0.180786 
0.183594 -0.50781 -0.131226 -0.313965 0.235962 -0.192261 
0.156860 -0.52856 -0.109375 -0.326660 0.217407 -0.191528 
0.160522 -0.52368 -0.87891 -0.334839 0.201050 -0.178345 
0.129272 -0.48950 -0.67017 -0.341187 0.185425 -0.156006 
0.103271 -0.46631 -0.38940 -0.345215 0.166382 -0.129028 
0.83618 -0.43579 -0.9766 -0.346558 0.148315 -0.98145 
0.68604 -0.43579 0.17456 -0.341919 0.134277 -0.64331 
0.58105 -0.41138 0.44189 -0.332642 0.124146 -0.29785 
0.52124 -0.40527 0.40527 -0.322510 0.118896 0.2563 
0.48462 -0.40894 0.68115 -0.315918 0.118652 0.32593 
0.47974 -0.43701 0.99365 -0.313599 0.119263 0.62500 
0.49805 -0.48706 0.127930 -0.343628 0.115356 0.92285 
0.50537 -0.51758 0.157837 -0.309448 0.104248 0.121094 
0.48950 -0.54688 0.190186 -0.309448 0.86670 0.148315 
0.48584 -0.55542 0.224243 -0.300903 0.65186 0.173340 
0.49561 -0.53467 0.255981 -0.283447 0.73975 0.195801 
0.51514 -0.51758 0.281006 -0.255249 0.42725 0.215698 
0.55054 -0.52368 0.295288 -0.218018 0.20752 0.233276 
0.61523 -0.54443 0.302490 -0.177612 0.488 0.248657 
0.71777 -0.57129 0.311035 -0.139648 -0.19165 0.229736 
0.85571 -0.61035 0.323608 -0.104614 -0.39063 0.260986 
0.103638 -0.62134 0.338257 -0.70068 -0.59082 0.272705 
0.94604 -0.60791 0.352661 -0.32593 -0.76904 0.283081 
0.151855 -0.59326 0.360352 0.8911 -0.91675 0.290405 
0.151855 -0.57739 0.355591 0.51636 -0.105469 0.292603 
0.177979 -0.57251 0.341675 0.90576 -0.120728 0.287109 
0.200806 -0.56519 0.325806 0.120972 -0.140381 0.275391 
0.218872 -0.56519 0.310303 0.144531 -0.165405 0.260742 
0.232910 -0.56030 0.296265 0.166260 -0.193726 0.248047 
0.295532 -0.56885 0.291992 0.186523 -0.219360 0.290283 
0.307495 -0.85327 0.306274 0.188721 -0.238770 0.357056 
0.296265 -0.90088 0.275024 0.188355 -0.242798 0.376221 
0.309570 -0.94849 0.246826 0.195068 -0.253784 0.359009 
0.320557 -0.98022 0.218750 0.208374 -0.280151 0.319824 
0.327148 -0.101074 0.188477 0.208374 -0.325684 0.269165 
0.333252 -0.105713 0.153076 0.226929 -0.386841 0.214478 
0.338013 -0.108398 0.113892 0.243774 -0.397583 0.158569 
0.340210 -0.114502 0.67017 0.255493 -0.460083 0.108154 
0.350098 -0.124390 0.17822 0.270508 -0.537720 0.67749 
0.358643 -0.136475 -0.20996 0.284790 -0.589966 0.69824 
0.362061 -0.148438 -0.58472 0.295166 -0.571045 0.51758 
0.368774 -0.156006 -0.84473 0.301392 -0.492432 0.20508 
0.373413 -0.160522 -0.104492 0.295532 -0.389038 0.13550 
0.371460 -0.163086 -0.116577 0.282593 -0.275879 0.7935 
0.367188 -0.162598 -0.123047 0.264160 -0.166016 -0.4639 
0.367188 -0.160645 -0.128540 0.243164 -0.78979 -0.26123 
0.360718 -0.159302 -0.137939 0.226074 -0.20142 -0.54199 
0.350342 -0.160034 -0.143311 0.221069 0.16113 -0.86548 
0.337769 -0.162964 -0.141724 0.222656 0.35278 -0.120728 
0.325806 -0.162964 -0.133545 0.221313 0.45654 -0.154175 
0.320313 -0.166992 -0.126831 0.215210 0.53345 -0.185303 
0.320923 -0.170044 -0.126709 0.209351 0.60913 -0.213501 
0.323242 -0.172852 -0.126709 0.204224 0.69336 -0.238403 
0.321655 -0.179443 -0.130493 0.194824 0.81299 -0.258789 
0.315796 -0.184082 -0.132202 0.207275 0.99609 -0.274780 
0.307617 -0.186279 -0.132568 0.176025 0.121460 -0.287720 
0.298828 -0.185791 -0.133789 0.149170 0.142578 -0.298584 
0.289307 -0.182495 -0.133911 0.120605 0.128540 -0.307617 
0.280762 -0.177368 -0.130005 0.93750 0.170898 -0.315063 
0.272095 -0.169922 -0.118896 0.67627 0.170898 -0.319214 
0.261963 -0.162964 -0.106689 0.42358 0.181763 -0.317139 
0.255737 -0.154053 -0.97290 0.19653 0.187378 -0.343628 
0.249512 -0.145996 -0.84595 0.2075 0.189453 -0.312378 
0.241333 -0.138184 -0.71411 -0.12451 0.195190 -0.310425 
0.229736 -0.127686 -0.61401 -0.26855 0.203369 -0.309937 
0.246460 -0.115601 -0.52490 -0.38208 0.213135 -0.309570 
0.215210 -0.102051 -0.42725 -0.46387 0.221191 -0.309570 
0.199951 -0.87402 -0.33936 -0.53467 0.226318 -0.309326 
0.185547 -0.71533 -0.25146 -0.61523 0.228760 -0.307739 
0.171387 -0.86060 -0.14282 -0.71289 0.229004 -0.302734 
0.156372 -0.54810 -0.2686 -0.82031 0.225952 -0.294067 
0.140869 -0.36865 -0.21729 -0.93018 0.218262 -0.282227 
0.124390 -0.18066 0.24414 -0.103638 0.205078 -0.267700 
0.108154 0.244 0.24414 -0.112549 0.186890 -0.250732 
0.92041 0.19653 0.41626 -0.118286 0.167847 -0.231689 
0.78003 0.39429 0.59937 -0.121826 0.151245 -0.210815 
0.67627 0.58716 0.78979 -0.121826 0.139160 -0.188355 
0.61279 0.76172 0.98145 -0.124268 0.130859 -0.165039 
0.58228 0.91309 0.116943 -0.125122 0.155518 -0.141968 
0.58228 0.103638 0.133301 -0.122437 0.117188 -0.120117 
0.61035 0.112427 0.146484 -0.116699 0.117188 -0.100098 
0.65796 0.115723 0.157105 -0.109375 0.108521 -0.113770 
0.73242 0.115601 0.167236 -0.102539 0.98389 -0.67627 
0.82886 0.112549 0.177124 -0.97534 0.87769 -0.67627 
0.93018 0.107422 0.185425 -0.94482 0.76538 -0.55786 
0.102539 0.101685 0.191772 -0.92651 0.64331 -0.46021 
0.111938 0.96924 0.198364 -0.91553 0.50415 -0.36865 
0.111938 0.93262 0.205078 -0.89966 0.35034 -0.27222 
0.121338 0.90454 0.210083 -0.85693 0.19043 -0.17334 
0.130371 0.87036 0.209961 -0.77026 0.3540 -0.7568 
0.139160 0.81787 0.203857 -0.65430 -0.10010 0.2075 
0.148560 0.81787 0.195679 -0.55054 -0.21240 0.11108 
0.159668 0.76538 0.188843 -0.46997 -0.29663 0.19165 
0.172730 0.71411 0.214111 -0.39551 -0.34424 0.24902 
0.186646 0.67139 0.182861 -0.31372 -0.35645 0.27710 
0.199341 0.63110 0.174927 -0.23926 -0.33813 0.27710 
0.209351 0.58716 0.165405 -0.19897 -0.31250 0.25024 
0.218384 0.54810 0.155640 -0.19897 -0.29541 0.20874 
0.225464 0.51880 0.147949 -0.18921 -0.29175 0.15259 
0.229980 0.49683 0.141846 -0.19043 -0.30273 0.9277 
0.231934 0.47974 0.136230 -0.18066 -0.1343 0.3906 
0.232178 0.46387 0.130493 -0.16113 -0.32593 -0.244 
0.231323 0.44800 0.124756 -0.13428 -0.35278 -0.2319 
0.230225 0.44067 0.120605 -0.10986 -0.37109 -0.2319 
