0.231201 0.23804 0.20996 0.36011 -0.35400 0.75928 
0.236328 0.24658 0.18799 0.31738 -0.36377 0.84351 
0.246704 0.23560 0.16724 0.52368 -0.35767 0.87891 
0.255493 0.24780 0.17090 0.21118 -0.31250 0.87280 
0.266357 0.26733 0.22461 0.3784 -0.26001 0.80200 
0.269287 0.23438 0.32104 -0.14893 -0.22217 0.68359 
0.271729 0.23438 0.39063 -0.28198 -0.18433 0.55420 
0.269775 0.21118 0.42480 -0.33203 -0.18433 0.43945 
0.267822 0.18066 0.44556 -0.34302 -0.13672 0.35767 
0.266968 0.16846 0.45776 -0.34424 -0.8911 0.62012 
0.266357 0.18066 0.46265 -0.33447 -0.5615 0.30762 
0.267090 0.19165 0.46387 -0.35522 -0.7080 0.27222 
0.270142 0.19165 0.47607 -0.42725 -0.14404 0.23682 
0.274658 0.19897 0.52856 -0.55786 -0.26001 0.19531 
0.274658 0.22461 0.62622 -0.73975 -0.40283 0.15625 
0.281006 0.26367 0.72021 -0.87402 -0.52246 0.14893 
0.283325 0.23926 0.70190 -0.83008 -0.58105 0.20020 
0.278442 0.20020 0.64331 -0.71533 -0.58716 0.33813 
0.278931 0.20020 0.64575 -0.70068 -0.59692 0.50659 
0.286255 0.17456 0.63232 -0.78369 -0.62500 0.64819 
0.283569 0.12207 0.84473 -0.90820 -0.55176 0.67505 
0.279785 -0.39795 0.53223 -0.116333 -0.52246 0.43945 
0.268066 -0.29541 0.60303 -0.149536 -0.60303 0.18677 
0.270020 0.14404 0.70313 -0.129150 -0.64819 0.7568 
0.278076 0.32471 0.75928 -0.160400 -0.63965 0.4639 
0.280273 0.19165 0.79102 -0.144165 -0.66650 0.366 
0.279419 0.11108 0.83130 -0.131226 -0.70923 -0.3662 
0.279053 0.12573 0.86914 -0.115845 -0.76172 -0.3418 
0.274292 0.14038 0.89966 -0.88745 -0.76172 0.1831 
0.265747 0.12451 0.89600 -0.51514 -0.81909 0.10498 
0.258057 0.9644 0.85693 -0.7813 -0.87402 0.22583 
0.248535 0.4395 0.75684 0.38330 -0.91675 0.22583 
0.256592 0.43701 0.31616 0.68359 -0.87280 0.41992 
0.266235 0.40405 0.4272 0.35645 -0.93872 0.71777 
0.268311 0.29785 -0.8667 -0.7690 -0.97534 0.85815 
0.268311 0.18921 -0.14160 -0.43823 -0.100708 0.86914 
0.272705 0.4272 -0.27100 -0.81299 -0.108521 0.81299 
0.273560 0.24658 -0.56763 -0.107910 -0.106567 0.69702 
0.284546 -0.14404 -0.77148 -0.105957 -0.87891 0.53223 
0.294312 -0.14404 -0.87891 -0.83374 -0.57983 0.36743 
0.307495 -0.21118 -0.73486 -0.66162 -0.34424 0.20386 
0.312866 -0.29541 -0.97778 -0.55908 -0.9766 0.3662 
0.311646 -0.38208 -0.129028 -0.40161 0.23071 -0.13062 
0.315186 -0.43945 -0.148438 -0.23438 0.57129 -0.26855 
0.322510 -0.49683 -0.167603 -0.11841 0.86548 -0.38818 
0.326782 -0.54810 -0.179932 -0.10132 0.106445 -0.52368 
0.324219 -0.54077 -0.191040 -0.10132 0.119141 -0.65063 
0.316406 -0.51147 -0.198120 -0.12329 0.123047 -0.72510 
0.305298 -0.50049 -0.202515 -0.20142 0.119873 -0.73975 
0.294678 -0.50415 -0.209961 -0.35034 0.119873 -0.73120 
0.282105 -0.49805 -0.215820 -0.52856 0.112915 -0.70679 
0.269775 -0.51514 -0.217773 -0.74951 0.102417 -0.69824 
0.254883 -0.53223 -0.218140 -0.101318 0.87402 -0.69824 
0.238647 -0.57739 -0.216553 -0.128052 0.72021 -0.70313 
0.223999 -0.65552 -0.213501 -0.153931 0.60913 -0.69580 
0.240479 -0.76660 -0.206909 -0.180664 0.54199 -0.68970 
0.192505 -0.89478 -0.196655 -0.206299 0.50415 -0.71411 
0.192505 -0.101563 -0.180908 -0.231201 0.49316 -0.75562 
0.174316 -0.111206 -0.156860 -0.255859 0.50781 -0.78125 
0.156738 -0.117188 -0.129395 -0.274170 0.56519 -0.77759 
0.138184 -0.117188 -0.101074 -0.282837 0.67383 -0.72876 
0.120361 -0.117798 -0.73242 -0.282471 0.80811 -0.62744 
0.103271 -0.112061 -0.76050 -0.276733 0.91309 -0.46509 
0.85571 -0.104126 -0.44800 -0.269775 0.97290 -0.25757 
0.72388 -0.96313 -0.16357 -0.263184 0.97778 -0.3174 
0.62866 -0.90576 0.10742 -0.258179 0.93750 0.18066 
0.55420 -0.86060 0.37231 -0.256104 0.87158 0.36621 
0.51880 -0.82031 0.65186 -0.256104 0.78613 0.51147 
0.51270 -0.77148 0.94971 -0.255615 0.69702 0.60669 
0.50903 -0.71289 0.124023 -0.252930 0.62500 0.66895 
0.50781 -0.64087 0.149658 -0.244873 0.62500 0.72632 
0.51758 -0.54077 0.171509 -0.231812 0.58105 0.81055 
0.56274 -0.46875 0.185547 -0.215454 0.55908 0.92773 
0.67871 -0.43579 0.197388 -0.201538 0.50293 0.92773 
0.86670 -0.43823 0.209229 -0.190674 0.44434 0.107422 
0.110229 -0.48218 0.226685 -0.176025 0.42725 0.122070 
0.105713 -0.53101 0.242554 -0.158936 0.43945 0.135986 
0.130737 -0.54688 0.258179 -0.137329 0.48706 0.148804 
0.161987 -0.52490 0.271240 -0.112549 0.57861 0.151367 
0.177368 -0.50781 0.275391 -0.86182 0.69092 0.138062 
0.202759 -0.48218 0.281860 -0.57251 0.78491 0.129272 
0.225952 -0.48218 0.287720 -0.34546 0.78003 0.128662 
0.247314 -0.45654 0.287109 -0.21484 0.65674 0.133179 
0.265259 -0.42114 0.287231 -0.9521 0.48950 0.139282 
0.278931 -0.38452 0.287231 0.2563 0.29419 0.143066 
0.286255 -0.33447 0.283569 0.16113 0.8667 0.144775 
0.289917 -0.26733 0.276489 0.732 -0.13794 0.146118 
0.293457 -0.20142 0.265991 0.49438 -0.40283 0.148560 
0.299683 -0.15869 0.251831 0.49438 -0.71411 0.152100 
0.309082 -0.14404 0.234253 0.68481 -0.74463 0.155762 
0.319458 -0.17334 0.215576 0.87036 -0.109985 0.156494 
0.333496 -0.25391 0.194702 0.100708 -0.141235 0.154785 
0.348389 -0.33691 0.174805 0.107544 -0.174561 0.153442 
0.367920 -0.41504 0.157227 0.106567 -0.205933 0.129028 
0.368774 -0.54932 0.153564 0.96436 -0.229126 0.160278 
0.361816 -0.60547 0.122437 0.65430 -0.293823 0.160522 
0.365723 -0.62256 0.92285 0.47607 -0.371216 0.150146 
0.362427 -0.68604 0.55664 0.51880 -0.417847 0.145020 
0.359009 -0.77026 0.14160 0.64941 -0.436768 0.137207 
0.359009 -0.87158 -0.27588 0.80811 -0.431885 0.126099 
0.356689 -0.96191 -0.66040 0.96680 -0.411621 0.115479 
0.353027 -0.118530 -0.86670 0.80078 -0.382690 0.119873 
0.317383 -0.243530 -0.189941 -0.182495 -0.378784 0.186157 
0.331787 -0.129272 -0.205688 -0.352905 -0.207397 0.222778 
0.345581 -0.57251 -0.214111 -0.455200 -0.90454 0.235474 
0.353882 -0.42847 -0.194946 -0.500610 -0.40039 0.228882 
0.336182 -0.79590 -0.194946 -0.479980 -0.44678 0.218872 
0.323853 -0.109985 -0.215820 -0.477051 -0.40039 0.161987 
0.346558 -0.136475 -0.220093 -0.378540 0.16113 0.2563 
0.322754 -0.164063 -0.180176 -0.34790 0.52979 -0.124756 
0.287109 -0.189453 -0.204224 0.342407 0.8667 -0.166748 
0.272949 -0.153442 -0.195557 0.476318 0.5615 -0.162720 
0.266480 -0.148315 -0.170776 0.380981 -0.25635 -0.151245 
0.257446 -0.142578 -0.182861 0.239014 0.6958 -0.138550 
0.249878 -0.146606 -0.167358 0.146606 0.38696 -0.127686 
0.246582 -0.147217 -0.143799 0.110352 0.61035 -0.126709 
0.246338 -0.138672 -0.121216 0.89722 0.68848 -0.126709 
0.240479 -0.130859 -0.110596 0.71045 0.65552 -0.135010 
0.232178 -0.125366 -0.102417 0.62378 0.62866 -0.146606 
0.226196 -0.119629 -0.91797 0.58960 0.64941 -0.154419 
0.226196 -0.114014 -0.83740 0.56885 0.68115 -0.158447 
0.221680 -0.109131 -0.77759 0.58594 0.70313 -0.162720 
0.218994 -0.104492 -0.74829 0.62988 0.71289 -0.167480 
0.217529 -0.104492 -0.74585 0.67139 0.72632 -0.171387 
0.216187 -0.101074 -0.75317 0.68115 0.73608 -0.172241 
0.215942 -0.97778 -0.77637 0.65186 0.73608 -0.167725 
0.216553 -0.93994 -0.80322 0.60181 0.74219 -0.158203 
0.215942 -0.88867 -0.80322 0.54443 0.75195 -0.148560 
0.215576 -0.84351 -0.82397 0.48950 0.78247 -0.140503 
0.216797 -0.80566 -0.85205 0.45898 0.83984 -0.133789 
0.218018 -0.78003 -0.88501 0.45898 0.92896 -0.127808 
0.218750 -0.76782 -0.92285 0.44678 0.105591 -0.122437 
0.219971 -0.76782 -0.95581 0.43823 0.122070 -0.116577 
0.220459 -0.77026 -0.97656 0.41748 0.122070 -0.110474 
0.219727 -0.76294 -0.99365 0.39429 0.140991 -0.105347 
0.217163 -0.75317 -0.97656 0.38696 0.156738 -0.104004 
0.214111 -0.70190 -0.95947 0.44434 0.163574 -0.104126 
0.211182 -0.68848 -0.96436 0.45532 0.170898 -0.104126 
0.208252 -0.67627 -0.96191 0.37842 0.175537 -0.105591 
0.206543 -0.66040 -0.91797 0.22705 0.179199 -0.107910 
0.205566 -0.64697 -0.83740 0.4639 0.177979 -0.110962 
0.205566 -0.62012 -0.75195 -0.12451 0.171875 -0.115356 
0.203735 -0.57373 -0.66772 -0.28809 0.165894 -0.119263 
0.201416 -0.51636 -0.57861 -0.43823 0.161865 -0.120728 
0.198853 -0.51636 -0.47852 -0.55664 0.159790 -0.119751 
0.195801 -0.45898 -0.36987 -0.63965 0.158447 -0.115479 
0.192871 -0.39185 -0.56274 -0.69336 0.159058 -0.109009 
0.190430 -0.32227 -0.12573 -0.74585 0.159790 -0.102295 
0.188843 -0.24902 -0.12573 -0.81421 0.157105 -0.96313 
0.187622 -0.18433 0.1343 -0.90942 0.151001 -0.91431 
