0.245605 -0.4150 0.68604 -0.69946 0.75317 0.16846 
0.245361 0.244 0.67383 -0.71411 0.63843 0.20020 
0.237671 -0.1587 0.66284 -0.71411 0.47852 0.19775 
0.229980 -0.1343 0.66895 -0.75684 0.42114 0.20264 
0.232422 -0.7446 0.70801 -0.80078 0.47607 0.23926 
0.239502 -0.12695 0.73364 -0.79590 0.47607 0.31372 
0.248047 -0.11230 0.73975 -0.73120 0.57007 0.37842 
0.254395 -0.4517 0.73364 -0.65308 0.62378 0.39917 
0.256226 0.2197 0.74707 -0.59448 0.60181 0.37842 
0.257568 0.9399 0.77271 -0.54932 0.52002 0.37842 
0.263184 0.21240 0.76660 -0.52246 0.39063 0.32593 
0.273071 0.29541 0.72632 -0.55298 0.19409 0.23315 
0.250244 0.26733 0.66772 -0.66406 -0.7324 0.8423 
0.281494 0.18066 0.57861 -0.82764 -0.39063 -0.7324 
0.288086 0.7080 0.63110 -0.103149 -0.79468 -0.14282 
0.283569 0.21118 0.73120 -0.128296 -0.103394 -0.10132 
0.264038 -0.10132 0.67871 -0.154785 -0.106689 -0.6226 
0.251587 -0.39429 0.69092 -0.185303 -0.100342 -0.20020 
0.248047 -0.46997 0.76294 -0.217163 -0.106567 -0.42847 
0.232056 -0.26123 0.79346 -0.246704 -0.116821 -0.59570 
0.221558 -0.13794 0.79346 -0.275757 -0.119385 -0.73853 
0.229004 -0.21240 0.80933 -0.265869 -0.113403 -0.92041 
0.244385 -0.31250 0.86182 -0.306641 -0.100586 -0.113770 
0.251465 -0.36865 0.92896 -0.306641 -0.86670 -0.130249 
0.246216 -0.38208 0.101685 -0.307739 -0.75684 -0.134399 
0.234009 -0.39795 0.108765 -0.299316 -0.67505 -0.127930 
0.225952 -0.35278 0.104492 -0.280396 -0.67505 -0.116943 
0.231201 -0.29541 0.92407 -0.260986 -0.65186 -0.109375 
0.247314 -0.24414 0.75928 -0.247681 -0.69946 -0.108398 
0.262329 -0.12939 0.63232 -0.249268 -0.82520 -0.109985 
0.262695 0.20996 0.43823 -0.274658 -0.103760 -0.109985 
0.280884 0.5493 0.47852 -0.338745 -0.130615 -0.100098 
0.286621 -0.4517 0.52124 -0.375244 -0.144653 -0.105591 
0.285889 -0.6104 0.43091 -0.372314 -0.149658 -0.119507 
0.285889 -0.3296 0.31982 -0.346680 -0.146606 -0.129517 
0.283813 0.1099 0.15747 -0.319702 -0.137817 -0.134644 
0.280762 0.7446 -0.3174 -0.297852 -0.128906 -0.136230 
0.279419 0.12207 -0.21973 -0.276001 -0.125610 -0.136475 
0.280762 0.12207 -0.41504 -0.254883 -0.126709 -0.135132 
0.287109 0.13916 -0.32349 -0.237305 -0.129883 -0.132324 
0.296021 0.15869 -0.85083 -0.222778 -0.135864 -0.130249 
0.301392 0.16846 -0.85083 -0.212646 -0.141357 -0.129150 
0.302124 0.17090 -0.103271 -0.206543 -0.140991 -0.127686 
0.299561 0.17578 -0.119629 -0.204346 -0.133179 -0.124390 
0.294434 0.19531 -0.134766 -0.204346 -0.118652 -0.121094 
0.286621 0.22827 -0.149536 -0.205322 -0.100586 -0.118896 
0.276611 0.26611 -0.162109 -0.211304 -0.113281 -0.116943 
0.264526 0.29785 -0.167847 -0.224854 -0.93628 -0.113525 
0.249512 0.31738 -0.166138 -0.242920 -0.62378 -0.106323 
0.231689 0.34668 -0.161499 -0.259766 -0.40039 -0.95215 
0.211548 0.38330 -0.158447 -0.270874 -0.15381 -0.110596 
0.189575 0.39063 -0.156372 -0.276611 0.9766 -0.79346 
0.167725 0.37109 -0.151123 -0.280396 0.36499 -0.57373 
0.147949 0.31982 -0.142578 -0.283691 0.67261 -0.30640 
0.134644 0.22217 -0.129639 -0.285889 0.99487 0.00 
0.134644 0.8911 -0.117798 -0.283813 0.130371 0.30029 
0.124390 -0.9155 -0.102295 -0.278442 0.163452 0.57983 
0.117432 -0.26367 -0.83496 -0.271118 0.198730 0.82397 
0.112061 -0.10742 -0.62500 -0.262207 0.233398 0.102051 
0.108154 -0.41992 -0.39307 -0.255493 0.261597 0.114990 
0.105835 -0.54199 -0.47485 -0.250122 0.281982 0.121094 
0.103394 -0.64575 -0.24048 -0.243652 0.297119 0.122681 
0.99976 -0.73242 0.7202 -0.235718 0.306641 0.123413 
0.94727 -0.78247 0.33203 -0.222900 0.314575 0.126221 
0.85815 -0.81299 0.59937 -0.233276 0.325928 0.134155 
0.74219 -0.83496 0.87280 -0.202026 0.345459 0.150391 
0.60791 -0.84106 0.112671 -0.173584 0.373169 0.173096 
0.50049 -0.83252 0.135376 -0.143066 0.369629 0.196289 
0.42969 -0.79346 0.160767 -0.119263 0.392578 0.216431 
0.36499 -0.76538 0.185181 -0.101440 0.423828 0.232178 
0.30029 -0.73730 0.209106 -0.91187 0.438355 0.243774 
0.24170 -0.72876 0.236816 -0.89111 0.441528 0.219605 
0.20996 -0.74707 0.267456 -0.89722 0.432129 0.250855 
0.22827 -0.79346 0.298218 -0.89233 0.409668 0.254883 
0.30762 -0.87280 0.325439 -0.85938 0.376465 0.256836 
0.10864 -0.92896 0.348877 -0.82031 0.335327 0.254150 
0.42114 -0.96802 0.370728 -0.79102 0.286865 0.243530 
0.57373 -0.100830 0.391113 -0.73486 0.232056 0.227661 
0.71777 -0.103271 0.408936 -0.63965 0.174438 0.210449 
0.83252 -0.102905 0.424072 -0.50903 0.117065 0.196289 
0.98389 -0.102905 0.433716 -0.33081 0.62866 0.187622 
0.119995 -0.102661 0.434814 -0.10254 0.13794 0.182617 
0.146484 -0.103271 0.428833 0.14282 -0.30396 0.178101 
0.176270 -0.105103 0.428833 0.36499 -0.68848 0.169922 
0.207031 -0.109497 0.419556 0.58716 -0.100342 0.157471 
0.228638 -0.113403 0.404785 0.55786 -0.127441 0.135986 
0.249268 -0.117310 0.407959 0.73608 -0.164185 0.112305 
0.263184 -0.119995 0.400269 0.104858 -0.205444 0.94238 
0.267700 -0.119019 0.386963 0.117554 -0.187622 0.81665 
0.263794 -0.115479 0.367676 0.130127 -0.268066 0.71045 
0.257324 -0.109619 0.343384 0.142456 -0.299316 0.61646 
0.254761 -0.104492 0.312256 0.152710 -0.352539 0.54321 
0.255493 -0.100952 0.276001 0.157471 -0.407959 0.48706 
0.259521 -0.98022 0.247070 0.149780 -0.466797 0.48706 
0.268799 -0.95337 0.196777 0.122681 -0.531982 0.42847 
0.283081 -0.94116 0.143677 0.101318 -0.580689 0.37964 
0.296631 -0.97046 0.107544 0.95947 -0.605957 0.36011 
0.282227 -0.104858 0.76050 0.91675 -0.618286 0.35278 
0.313477 -0.113770 0.41016 0.88989 -0.618042 0.32837 
0.329224 -0.118652 0.10498 0.91431 -0.599243 0.25513 
0.339478 -0.118042 -0.23071 0.91919 -0.562622 0.12085 
0.342285 -0.118042 -0.54688 0.90454 -0.515015 -0.9399 
0.336548 -0.111694 -0.79346 0.90820 -0.460693 -0.40894 
0.328857 -0.108521 -0.69092 0.91431 -0.405273 -0.70557 
0.323242 -0.109619 -0.100342 0.88501 -0.347046 -0.83862 
0.313232 -0.103516 -0.120728 0.83008 -0.287354 -0.92896 
0.302734 -0.98267 -0.138550 0.78247 -0.226929 -0.104980 
0.296997 -0.94604 -0.147461 0.75073 -0.169800 -0.114746 
0.288208 -0.93018 -0.153809 0.75073 -0.119751 -0.121582 
0.279419 -0.93140 -0.159424 0.72998 -0.110840 -0.126587 
0.272705 -0.92773 -0.164551 0.67993 -0.80688 -0.131226 
0.266724 -0.93628 -0.168091 0.58228 -0.49438 -0.136475 
0.261230 -0.93384 -0.168091 0.44922 -0.27466 -0.142822 
0.254761 -0.92529 -0.166748 0.29297 -0.12085 -0.149292 
0.246948 -0.91797 -0.164917 0.13794 -0.1587 -0.149292 
0.239136 -0.90088 -0.162476 -0.2319 0.5615 -0.155273 
0.229126 -0.88745 -0.159912 -0.18311 0.11230 -0.161011 
0.219360 -0.86426 -0.156128 -0.33691 0.16357 -0.165894 
0.241699 -0.84473 -0.153320 -0.48096 0.23682 -0.169067 
0.210449 -0.81909 -0.150513 -0.61157 0.31128 -0.170166 
0.202271 -0.78003 -0.146362 -0.72754 0.42603 -0.170776 
0.195557 -0.73242 -0.140503 -0.83008 0.59937 -0.171997 
0.189697 -0.73242 -0.130859 -0.92896 0.79834 -0.172852 
0.184570 -0.68604 -0.119629 -0.100464 0.100464 -0.172607 
0.179199 -0.63965 -0.106323 -0.104736 0.121582 -0.171387 
0.174194 -0.59692 -0.106323 -0.109375 0.138184 -0.170654 
0.170044 -0.56519 -0.93750 -0.114624 0.149536 -0.171387 
0.167603 -0.53345 -0.77515 -0.119751 0.154297 -0.172852 
0.165161 -0.48218 -0.63721 -0.123169 0.156738 -0.172485 
0.163940 -0.41138 -0.49316 -0.123169 0.157715 -0.169067 
0.162720 -0.32227 -0.33081 -0.124756 0.158081 -0.162720 
0.161865 -0.21362 -0.17578 -0.125000 0.158813 -0.154419 
0.161865 -0.10376 -0.2930 -0.124023 0.158813 -0.145020 
0.162109 -0.488 0.11963 -0.123413 0.159302 -0.136108 
0.162720 0.7324 0.27344 -0.124512 0.158203 -0.128052 
0.164185 0.12573 0.42847 -0.126587 0.155396 -0.151489 
0.166870 0.15381 0.60181 -0.127319 0.152466 -0.120239 
0.170166 0.18188 0.78491 -0.126343 0.149414 -0.112549 
0.172607 0.23071 0.96436 -0.122925 0.145752 -0.105103 
0.174194 0.29541 0.113403 -0.116943 0.142700 -0.96924 
0.174194 0.36987 0.127563 -0.108521 0.140259 -0.87036 
0.174561 0.44067 0.139038 -0.99365 0.138428 -0.74829 
0.175537 0.49438 0.147705 -0.90820 0.135864 -0.61279 
0.177368 0.49438 0.154175 -0.83252 0.131958 -0.48096 
0.180420 0.51636 0.158691 -0.77393 0.125732 -0.36743 
0.183960 0.50659 0.162598 -0.73120 0.116455 -0.27710 
0.187988 0.47485 0.165039 -0.69702 0.105103 -0.20386 
0.192993 0.43945 0.165039 -0.65430 0.92529 -0.14526 
0.197754 0.40649 0.167480 -0.90820 0.79956 -0.10010 
0.201538 0.37964 0.168091 -0.52002 0.68115 -0.6226 
