0.234985 0.44922 0.13794 0.135010 -0.54321 0.44434 
0.232056 0.39185 0.13794 0.133667 -0.40894 0.31494 
0.236938 0.42236 0.9399 0.130005 -0.32349 0.19043 
0.239624 0.46753 0.12207 0.125122 -0.27222 0.6348 
0.239868 0.52734 0.16602 0.125122 -0.23071 -0.2441 
0.238892 0.58472 0.16479 0.119873 -0.24658 -0.6836 
0.237549 0.62012 0.13428 0.111938 -0.5371 -0.8545 
0.237061 0.63843 0.13672 0.102295 -0.50781 -0.8301 
0.238892 0.65674 0.17944 0.93018 -0.50781 -0.7080 
0.241943 0.67261 0.19653 0.86304 -0.58960 -0.4272 
0.246338 0.68848 0.20996 0.83740 -0.65796 -0.1953 
0.250610 0.69824 0.19409 0.82153 -0.67871 -0.1953 
0.254150 0.69580 0.16357 0.76416 -0.66284 -0.1221 
0.257568 0.69458 0.13916 0.63599 -0.62256 -0.1343 
0.260742 0.70923 0.14648 0.46631 -0.58228 -0.1709 
0.260742 0.68848 0.21484 0.29419 -0.54565 -0.122 
0.260498 0.68970 0.24658 0.16357 -0.52002 0.6470 
0.256714 0.88745 0.25757 0.9277 -0.48340 0.18311 
0.258423 0.35278 0.20874 0.2808 -0.40894 0.24536 
0.256592 0.35278 0.15625 -0.977 -0.29785 0.16846 
0.259766 0.42358 0.7324 -0.3052 -0.21118 0.11719 
0.260986 0.55054 0.27100 -0.10742 -0.14648 0.17212 
0.265259 0.55786 -0.4150 -0.22095 -0.10864 0.24170 
0.281372 0.48462 -0.14160 -0.32349 -0.8789 0.24536 
0.299438 0.40161 -0.23193 -0.40161 -0.5371 0.19165 
0.313599 0.35278 -0.31006 -0.40161 0.122 0.9644 
0.321289 0.31982 -0.35889 -0.48340 0.9033 -0.2441 
0.321899 0.28442 -0.41748 -0.54077 0.23804 -0.16602 
0.317017 0.22339 -0.50293 -0.54077 0.13916 -0.31250 
0.307495 0.18555 -0.66772 -0.49438 0.45166 -0.43579 
0.296387 0.17090 -0.90332 -0.42480 0.73975 -0.51025 
0.290527 0.12573 -0.116089 -0.35645 0.110840 -0.55176 
0.288208 0.19653 -0.150391 -0.45776 0.149414 -0.55176 
0.294312 0.6714 -0.170166 -0.102539 0.183960 -0.58960 
0.291260 0.2319 -0.170654 -0.152588 0.215576 -0.75806 
0.284668 -0.4150 -0.163818 -0.193237 0.241943 -0.96924 
0.284668 -0.9155 -0.158936 -0.229248 0.262207 -0.116821 
0.278198 -0.12085 -0.154785 -0.254761 0.276001 -0.135620 
0.270752 -0.15015 -0.144409 -0.274414 0.282837 -0.153564 
0.259399 -0.18188 -0.131348 -0.291748 0.282715 -0.169800 
0.244629 -0.18188 -0.117188 -0.307373 0.277710 -0.183472 
0.229858 -0.20996 -0.102661 -0.322632 0.268677 -0.193481 
0.212402 -0.23682 -0.118652 -0.337036 0.257568 -0.199829 
0.192993 -0.30396 -0.87402 -0.349609 0.245972 -0.203735 
0.172730 -0.38696 -0.71289 -0.361328 0.235107 -0.206421 
0.151733 -0.46021 -0.52856 -0.372681 0.226318 -0.208252 
0.127930 -0.52979 -0.34790 -0.372681 0.221802 -0.210693 
0.100220 -0.59814 -0.17456 -0.380859 0.224731 -0.215454 
0.69946 -0.64331 0.5249 -0.383301 0.238647 -0.222290 
0.40039 -0.70557 0.31982 -0.381714 0.230835 -0.224487 
0.7202 -0.73730 0.66284 -0.378174 0.262085 -0.217896 
-0.27344 -0.81299 0.104492 -0.375244 0.280884 -0.194214 
-0.60425 -0.81299 0.152832 -0.375488 0.296387 -0.217407 
-0.91919 -0.87036 0.192871 -0.381348 0.285156 -0.154907 
-0.108765 -0.81055 0.245972 -0.380981 0.269531 -0.102905 
-0.111328 -0.76538 0.300781 -0.382690 0.252930 -0.63354 
-0.100464 -0.70068 0.356689 -0.375610 0.232666 -0.32227 
-0.119507 -0.56885 0.404175 -0.353760 0.213379 -0.366 
-0.88257 -0.35522 0.438965 -0.317505 0.196289 0.34302 
-0.78735 -0.41626 0.458130 -0.271973 0.181152 0.69702 
-0.69824 -0.24170 0.462402 -0.220581 0.166260 0.104248 
-0.58105 0.7080 0.452881 -0.169800 0.148071 0.137573 
-0.43335 0.13916 0.435181 -0.126709 0.123779 0.171021 
-0.27954 0.15381 0.416992 -0.94116 0.93506 0.203980 
-0.9644 0.14404 0.416992 -0.69214 0.60425 0.234253 
0.12573 0.12573 0.404785 -0.48584 0.28198 0.261597 
0.38696 0.9399 0.401001 -0.60791 -0.1831 0.285522 
0.72754 0.6470 0.405762 -0.9033 -0.32349 0.303589 
0.112427 0.4883 0.411377 -0.9033 -0.66772 0.307861 
0.151367 0.8545 0.409302 0.15137 -0.72876 0.287598 
0.186401 0.4395 0.385620 0.46875 -0.106201 0.254883 
0.222168 0.5981 0.382813 0.91675 -0.137451 0.228027 
0.244873 0.6836 0.370361 0.121826 -0.178833 0.210693 
0.257813 0.8423 0.357910 0.141357 -0.222046 0.201538 
0.264648 0.10742 0.345947 0.150269 -0.266113 0.201538 
0.272583 0.11719 0.336182 0.149780 -0.312744 0.199341 
0.286865 0.10986 0.329712 0.144653 -0.365845 0.202881 
0.307007 0.5737 0.318970 0.137817 -0.427979 0.208252 
0.298462 -0.3540 0.296143 0.130371 -0.497559 0.210327 
0.329712 -0.15747 0.255371 0.122803 -0.565918 0.206055 
0.349854 -0.28931 0.198730 0.117554 -0.622314 0.195801 
0.361328 -0.3052 0.144775 0.117676 -0.660767 0.179321 
0.366577 -0.34302 0.84839 0.114990 -0.681519 0.154419 
0.366699 -0.40771 0.22949 0.116699 -0.686279 0.133667 
0.363159 -0.40894 0.1953 0.132080 -0.665405 0.120361 
0.352051 -0.41504 -0.29297 0.153076 -0.622559 0.110352 
0.337524 -0.43579 -0.63354 0.162964 -0.570923 0.97778 
0.323975 -0.45166 -0.86914 0.157471 -0.515991 0.79956 
0.315674 -0.48828 -0.106201 0.174805 -0.454102 0.61768 
0.310913 -0.50903 -0.120239 0.143555 -0.389648 0.42114 
0.305420 -0.51392 -0.130859 0.127319 -0.385254 0.18433 
0.299805 -0.51392 -0.138184 0.116577 -0.314453 -0.8545 
0.293701 -0.52856 -0.142700 0.114624 -0.251953 -0.36255 
0.286743 -0.57861 -0.140625 0.118408 -0.179199 -0.60791 
0.280640 -0.64819 -0.133545 0.118896 -0.99854 -0.48218 
0.275024 -0.69702 -0.127075 0.104858 -0.26123 -0.79468 
0.270386 -0.70557 -0.122070 0.76294 0.36377 -0.90942 
0.262451 -0.68970 -0.119873 0.37109 0.87280 -0.96313 
0.252197 -0.67139 -0.119873 -0.1465 0.129761 -0.101685 
0.274780 -0.63843 -0.117920 -0.28320 0.165771 -0.111328 
0.243530 -0.60547 -0.110596 -0.41504 0.193970 -0.124634 
0.233887 -0.58472 -0.100220 -0.47485 0.213135 -0.139893 
0.223267 -0.56885 -0.96680 -0.57129 0.221436 -0.156372 
0.221802 -0.56885 -0.88989 -0.70313 0.222534 -0.171509 
0.220947 -0.55542 -0.77759 -0.83008 0.219605 -0.182861 
0.218262 -0.53345 -0.67017 -0.93750 0.208008 -0.192749 
0.214111 -0.49438 -0.87646 -0.99365 0.191040 -0.202271 
0.212402 -0.43579 -0.56396 -0.98633 0.174927 -0.209473 
0.210327 -0.37354 -0.42725 -0.94604 0.161743 -0.212524 
0.206665 -0.30518 -0.26367 -0.122681 0.150269 -0.212158 
0.198364 -0.23071 -0.9277 -0.91431 0.138550 -0.210571 
0.185059 -0.19775 0.4150 -0.90820 0.128418 -0.211914 
0.169312 -0.16113 0.12939 -0.90210 0.125977 -0.212524 
0.155518 -0.11963 0.21118 -0.86304 0.125977 -0.207642 
0.142944 -0.5981 0.30518 -0.81177 0.130859 -0.196411 
0.130981 0.1709 0.41870 -0.79712 0.139526 -0.213135 
0.121704 0.9399 0.55542 -0.83740 0.148315 -0.166382 
0.116089 0.16479 0.70557 -0.92041 0.154053 -0.166382 
0.113281 0.20630 0.85449 -0.102783 0.156372 -0.150269 
0.113037 0.24292 0.98877 -0.113281 0.156372 -0.133545 
0.115845 0.27832 0.113525 -0.119141 0.155762 -0.116943 
0.115845 0.31128 0.131226 -0.118408 0.153320 -0.101074 
0.121460 0.35034 0.146729 -0.114380 0.146606 -0.86426 
0.127808 0.40527 0.156738 -0.107422 0.137939 -0.73120 
0.134521 0.40527 0.160156 -0.95825 0.129639 -0.61157 
0.140015 0.46875 0.160156 -0.80566 0.123413 -0.50049 
0.143433 0.52856 0.160278 -0.66040 0.118164 -0.40161 
0.145630 0.58105 0.157105 -0.57373 0.109985 -0.32837 
0.148682 0.61768 0.157105 -0.51270 0.94971 -0.26978 
0.155151 0.64087 0.153931 -0.45166 0.79590 -0.19897 
0.162842 0.64697 0.155151 -0.41626 0.61279 -0.14648 
0.168091 0.67871 0.156860 -0.41626 0.33325 -0.18921 
0.178955 0.68115 0.155273 -0.37231 0.2075 -0.24658 
0.194092 0.65552 0.153198 -0.27588 0.6958 -0.21729 
0.207642 0.62378 0.151611 -0.14282 -0.24292 -0.8545 
0.215942 0.62378 0.151855 -0.1343 -0.41870 0.8057 
0.216309 0.64697 0.152344 0.7324 -0.50049 0.17700 
0.213989 0.66284 0.151245 0.10986 -0.51514 0.19165 
0.214111 0.66772 0.148193 0.11719 -0.48828 0.19165 
0.216553 0.65918 0.144531 0.10986 -0.41748 0.16357 
0.188232 0.63721 0.139771 0.9033 -0.30884 0.11841 
0.221558 0.61035 0.135742 0.5615 -0.17700 0.6958 
0.221558 0.59570 0.132813 0.1709 -0.4883 0.2075 
0.223267 0.59082 0.131104 -0.1099 0.5249 -0.2197 
0.223999 0.58960 0.129883 -0.1221 0.11353 -0.4883 
0.223267 0.58960 0.128052 0.1709 0.13184 -0.5493 
0.221924 0.59082 0.126099 0.6470 0.11475 -0.4150 
0.219849 0.58960 0.154907 0.11108 0.6958 -0.1587 
0.218140 0.58472 0.120483 0.15015 0.2075 0.1221 
0.217041 0.57739 0.120483 0.18433 -0.1709 0.3662 
