0.245483 0.61768 0.83740 -0.67749 0.87158 0.30884 
0.245117 0.51270 0.96924 -0.71533 0.64575 0.29785 
0.241333 0.42480 0.103882 -0.67139 0.95825 0.33203 
0.239136 0.34058 0.107422 -0.55664 0.105957 0.40039 
0.235718 0.30518 0.104736 -0.44189 0.120850 0.47241 
0.235230 0.31250 0.97656 -0.37476 0.133423 0.47974 
0.235107 0.30518 0.95581 -0.37964 0.132935 0.47974 
0.235107 0.29785 0.98755 -0.41382 0.120361 0.42847 
0.236084 0.33325 0.102783 -0.43945 0.97290 0.37109 
0.237305 0.36011 0.107422 -0.43091 0.61035 0.31982 
0.237305 0.37354 0.112549 -0.37720 0.12573 0.27832 
0.240601 0.39917 0.112793 -0.27222 -0.46265 0.24292 
0.247070 0.44189 0.110962 -0.15381 -0.111694 0.19409 
0.253052 0.44189 0.107300 -0.9888 -0.174072 0.12085 
0.255615 0.46631 0.101807 -0.12695 -0.226563 0.5005 
0.254150 0.50293 0.106323 -0.22217 -0.268311 0.2075 
0.255127 0.52368 0.106201 -0.31738 -0.303467 0.4761 
0.251221 0.52124 0.106201 -0.29419 -0.326050 0.12695 
0.251587 0.31006 0.98877 -0.17456 -0.328735 0.12817 
0.248901 0.3174 0.89111 -0.4639 -0.326172 0.366 
0.250244 0.18433 0.80566 -0.4639 -0.320557 -0.5859 
0.252563 0.39673 0.67871 0.6836 -0.307007 0.00 
0.258179 0.41626 0.58594 0.11963 -0.288940 0.6226 
0.267822 0.41382 0.51392 0.7935 -0.288940 0.8301 
0.276123 0.41748 0.45776 0.854 -0.266724 0.6348 
0.286743 0.39673 0.44434 -0.6104 -0.241699 0.30396 
0.294189 0.34180 0.41016 -0.7202 -0.215576 -0.11719 
0.293945 0.28442 0.31860 0.854 -0.188477 -0.11719 
0.289795 0.23926 0.13794 0.14893 -0.163696 -0.22095 
0.284424 0.17456 -0.4150 0.31128 -0.141968 -0.29541 
0.281982 0.13428 -0.25513 0.39917 -0.117432 -0.31860 
0.281982 0.31250 -0.57129 0.20630 -0.93262 -0.26001 
0.284058 0.28809 -0.84106 -0.49683 -0.79468 -0.16479 
0.302490 0.25146 -0.105103 -0.96802 -0.58472 -0.23804 
0.313232 0.25146 -0.123657 -0.125854 -0.45166 -0.43457 
0.319580 0.18799 -0.142334 -0.143799 -0.31738 -0.78247 
0.323730 0.13062 -0.128540 -0.152100 -0.18188 -0.118896 
0.324097 0.10254 -0.175049 -0.153931 -0.610 -0.156494 
0.318115 0.6348 -0.175049 -0.154907 0.26367 -0.185059 
0.299072 0.5615 -0.186279 -0.127075 0.66772 -0.201782 
0.286377 0.9033 -0.200073 -0.167725 0.110840 -0.206665 
0.283691 0.15259 -0.213867 -0.167725 0.155151 -0.200806 
0.274414 0.16357 -0.214966 -0.181152 0.195923 -0.190186 
0.259888 0.17822 -0.213135 -0.200562 0.205566 -0.176147 
0.240234 0.21606 -0.216919 -0.222534 0.236816 -0.153809 
0.221680 0.16235 -0.218140 -0.244263 0.279541 -0.128174 
0.200684 0.10376 -0.212769 -0.270386 0.317383 -0.131836 
0.194824 -0.8301 -0.187988 -0.306885 0.350220 -0.113770 
0.184082 -0.24536 -0.130615 -0.349976 0.366699 -0.82520 
0.162842 -0.20020 -0.93872 -0.388550 0.357300 -0.82153 
0.166504 -0.16357 -0.63721 -0.392456 0.338257 -0.90820 
0.143799 -0.18066 -0.44189 -0.386719 0.309692 -0.96558 
0.112549 -0.19287 -0.24292 -0.388916 0.277710 -0.93506 
0.92407 -0.17456 0.366 -0.402466 0.241943 -0.79956 
0.73975 -0.17822 0.30151 -0.421265 0.199585 -0.58472 
0.55908 -0.24658 0.64087 -0.437988 0.154541 -0.32959 
0.39307 -0.24658 0.106812 -0.450684 0.111328 -0.4517 
0.28809 -0.27832 0.113892 -0.452637 0.73486 0.29541 
0.23682 -0.27710 0.148315 -0.434692 0.51514 0.67871 
0.23804 -0.26611 0.179565 -0.401367 0.41992 0.107178 
0.25391 -0.29053 0.204590 -0.365234 0.39795 0.145142 
0.29541 -0.36133 0.223145 -0.366455 0.40161 0.182373 
0.28687 -0.42725 0.239014 -0.335205 0.42847 0.212769 
0.36255 -0.52246 0.252930 -0.309448 0.45410 0.238647 
0.53223 -0.56763 0.261841 -0.288818 0.45654 0.266846 
0.69702 -0.60669 0.271606 -0.269287 0.41504 0.294189 
0.81055 -0.67383 0.281372 -0.249023 0.41504 0.315796 
0.92529 -0.71655 0.291626 -0.229492 0.33081 0.327881 
0.108276 -0.78491 0.304443 -0.203613 0.24780 0.328980 
0.127563 -0.85938 0.316772 -0.169189 0.15869 0.328980 
0.145874 -0.89844 0.320190 -0.131714 0.1343 0.318970 
0.160400 -0.92163 0.318604 -0.95215 -0.20386 0.299194 
0.167480 -0.93140 0.312134 -0.64453 -0.49805 0.275147 
0.167480 -0.95581 0.306763 -0.38818 -0.82764 0.250977 
0.171143 -0.101196 0.301392 -0.19165 -0.116821 0.231689 
0.173950 -0.103149 0.296143 -0.5005 -0.148804 0.220825 
0.176392 -0.101318 0.288940 0.7080 -0.177246 0.216064 
0.184814 -0.101318 0.277344 0.21240 -0.202637 0.214233 
0.199097 -0.99854 0.263062 0.38452 -0.224854 0.213989 
0.217041 -0.98633 0.276611 0.57861 -0.244507 0.213013 
0.237061 -0.99976 0.245361 0.78369 -0.263672 0.208252 
0.259277 -0.103760 0.225586 0.97046 -0.282837 0.197754 
0.282715 -0.109863 0.202026 0.112183 -0.299683 0.181641 
0.306274 -0.114624 0.176147 0.112183 -0.312866 0.162231 
0.326416 -0.116211 0.149658 0.123779 -0.322266 0.141968 
0.338379 -0.115479 0.125000 0.132935 -0.329224 0.121582 
0.340210 -0.114258 0.102783 0.141480 -0.335815 0.100464 
0.338257 -0.113403 0.79956 0.150513 -0.335815 0.79102 
0.337036 -0.114258 0.55420 0.161743 -0.341919 0.90454 
0.337891 -0.117065 0.31372 0.172730 -0.347412 0.41260 
0.341309 -0.121460 0.8057 0.179810 -0.350220 0.41260 
0.344971 -0.124756 -0.13062 0.183594 -0.346436 0.24292 
0.347656 -0.130005 -0.33081 0.184692 -0.333862 0.7324 
0.346069 -0.132080 -0.51880 0.181641 -0.313721 -0.11230 
0.346069 -0.132813 -0.67017 0.176880 -0.284790 -0.31250 
0.341187 -0.132202 -0.81299 0.172730 -0.250488 -0.51392 
0.334839 -0.133057 -0.92285 0.171875 -0.211060 -0.70801 
0.327148 -0.134399 -0.101563 0.171265 -0.169067 -0.89478 
0.318359 -0.134399 -0.109863 0.167725 -0.125122 -0.107666 
0.310425 -0.135132 -0.113892 0.160278 -0.79834 -0.125854 
0.302002 -0.135254 -0.112793 0.150391 -0.35889 -0.144043 
0.294067 -0.135010 -0.112793 0.140869 0.5127 -0.162231 
0.286865 -0.133179 -0.109009 0.134277 0.41626 -0.180176 
0.282105 -0.130737 -0.102173 0.129517 0.70679 -0.197876 
0.279175 -0.126831 -0.96802 0.129517 0.94116 -0.215698 
0.276978 -0.122803 -0.91797 0.127319 0.113525 -0.234009 
0.275879 -0.118286 -0.87891 0.126831 0.96558 -0.250855 
0.273804 -0.113037 -0.86304 0.126465 0.137451 -0.264282 
0.272095 -0.110229 -0.85083 0.123047 0.137451 -0.270508 
0.270508 -0.103149 -0.81665 0.113770 0.144897 -0.271851 
0.267212 -0.96924 -0.74829 0.98022 0.148560 -0.270508 
0.262085 -0.91675 -0.67261 0.77148 0.149658 -0.270508 
0.253540 -0.86426 -0.57495 0.56641 0.150757 -0.266235 
0.244507 -0.79346 -0.45654 0.40527 0.154175 -0.262451 
0.235962 -0.71533 -0.35767 0.28809 0.158081 -0.259766 
0.228149 -0.62866 -0.27710 0.20630 0.160889 -0.258423 
0.228149 -0.52979 -0.21484 0.13428 0.161865 -0.258179 
0.221191 -0.43457 -0.15747 0.4272 0.160767 -0.258911 
0.214233 -0.34546 -0.7813 -0.7446 0.157593 -0.260498 
0.208740 -0.34546 0.1831 -0.21118 0.152710 -0.262085 
0.203003 -0.26489 0.12695 -0.35278 0.147217 -0.262451 
0.196045 -0.18555 0.24292 -0.48218 0.141724 -0.260498 
0.188477 -0.11230 0.24292 -0.59692 0.136353 -0.256348 
0.180786 -0.3052 0.35400 -0.69092 0.130005 -0.250000 
0.173462 0.5615 0.46143 -0.77026 0.121216 -0.242065 
0.166504 0.14526 0.57861 -0.83496 0.110229 -0.233154 
0.160767 0.23560 0.68237 -0.83496 0.98633 -0.223022 
0.157227 0.32227 0.76172 -0.88501 0.118774 -0.212280 
0.155518 0.39673 0.82764 -0.93018 0.77393 -0.201660 
0.154663 0.45898 0.89966 -0.98267 0.77393 -0.191284 
0.153687 0.51392 0.97656 -0.103760 0.68237 -0.181152 
0.151367 0.56152 0.106323 -0.108032 0.60547 -0.170288 
0.147827 0.60669 0.114868 -0.110474 0.54199 -0.170288 
0.144653 0.65063 0.123047 -0.110962 0.48462 -0.158325 
0.142456 0.69702 0.130859 -0.109619 0.42725 -0.145264 
0.141113 0.74097 0.137695 -0.106567 0.37476 -0.131470 
0.140747 0.78247 0.142822 -0.102417 0.32959 -0.116821 
0.140747 0.82031 0.147339 -0.97900 0.29419 -0.101685 
0.140869 0.84106 0.151855 -0.93872 0.27100 -0.86548 
0.142700 0.84839 0.157227 -0.90332 0.25391 -0.72510 
0.146729 0.84839 0.162109 -0.86304 0.23926 -0.60791 
0.151245 0.85083 0.166992 -0.80688 0.22095 -0.51514 
0.154907 0.84839 0.170898 -0.73364 0.20142 -0.44189 
0.158203 0.84473 0.170898 -0.64575 0.17578 -0.38086 
0.161377 0.84106 0.173218 -0.54688 0.14526 -0.32715 
0.164063 0.83984 0.174561 -0.45044 0.11230 -0.27710 
0.166870 0.83984 0.174194 -0.36011 0.7813 -0.22217 
0.169434 0.84473 0.171997 -0.36011 0.4639 -0.16602 
0.172363 0.83984 0.168213 -0.27832 0.1953 -0.10864 
0.176514 0.83252 0.163452 -0.20752 0.31128 -0.5127 
