0.262329 -0.7935 0.8057 0.211792 0.203003 -0.33081 
0.262207 -0.5005 0.19653 0.221802 0.234253 -0.35034 
0.260010 -0.7690 0.20996 0.215942 0.248779 -0.33813 
0.258423 -0.1343 0.23926 0.206299 0.263916 -0.31738 
0.258301 0.1343 0.20508 0.191162 0.271973 -0.31738 
0.258057 0.4639 0.17578 0.169556 0.266480 -0.31372 
0.255615 0.2319 0.17944 0.149048 0.247070 -0.32715 
0.280273 -0.2686 0.26367 0.132690 0.215210 -0.35400 
0.243774 -0.2197 0.35889 0.122925 0.171631 -0.36987 
0.243774 -0.732 0.41870 0.114868 0.118286 -0.36987 
0.238037 -0.28809 0.47852 0.107422 0.59082 -0.35522 
0.234863 0.5493 0.53345 0.102417 -0.244 -0.31738 
0.234131 0.5493 0.56396 0.97900 -0.55908 -0.27588 
0.234497 0.8423 0.58960 0.90576 -0.99121 -0.24048 
0.234253 0.13916 0.57983 0.80566 -0.126953 -0.22339 
0.232910 0.20020 0.57983 0.72876 -0.151001 -0.21606 
0.233887 0.25879 0.50903 0.64575 -0.171021 -0.19775 
0.235230 0.30884 0.46021 0.82275 -0.181030 -0.15137 
0.239990 0.35034 0.40283 0.33325 -0.188599 -0.5737 
0.243164 0.33447 0.31250 0.33325 -0.191284 0.8667 
0.243042 0.33569 0.20630 0.14282 -0.215454 0.25146 
0.243774 0.8667 -0.2075 -0.1587 -0.165161 0.33447 
0.244751 0.3784 -0.3784 -0.7202 -0.165161 0.37720 
0.246582 0.16479 -0.488 -0.16602 -0.154419 0.41260 
0.243652 0.28320 -0.2563 -0.33569 -0.158447 0.43457 
0.246094 0.28442 -0.3540 -0.46021 -0.172485 0.43457 
0.250732 0.23682 -0.1099 -0.47119 -0.189331 0.43823 
0.253052 0.19775 0.1343 -0.39673 -0.205566 0.44067 
0.254028 0.17334 0.3052 -0.27222 -0.217163 0.45532 
0.255127 0.17578 0.1343 -0.10742 -0.221924 0.48584 
0.255127 0.17822 -0.6470 0.11963 -0.219116 0.53711 
0.252686 0.13428 -0.18433 0.39551 -0.209106 0.60669 
0.250610 0.10620 -0.46387 0.62012 -0.194946 0.68237 
0.245483 0.41870 -0.56641 0.42603 -0.187988 0.86182 
0.252930 0.45288 -0.67505 0.15625 -0.188477 0.96191 
0.251099 0.34424 -0.67383 0.6470 -0.181885 0.99854 
0.247559 0.28076 -0.67017 0.6226 -0.174927 0.101196 
0.240845 0.19775 -0.67017 0.5493 -0.170898 0.99609 
0.239624 0.13306 -0.65918 0.28320 -0.174194 0.97656 
0.240601 0.7813 -0.69824 -0.18921 -0.180908 0.93140 
0.245239 0.2686 -0.80688 -0.18921 -0.183228 0.84595 
0.254883 -0.488 -0.101196 -0.33691 -0.176880 0.73242 
0.265015 -0.5737 -0.118164 -0.37354 -0.167847 0.58228 
0.273682 -0.11597 -0.131104 -0.33691 -0.167847 0.37476 
0.278198 -0.19165 -0.144653 -0.28809 -0.158447 0.11353 
0.281006 -0.29541 -0.163086 -0.22827 -0.144043 0.13428 
0.285156 -0.38452 -0.188477 -0.15625 -0.122925 -0.15991 
0.289185 -0.46143 -0.223389 -0.10620 -0.93262 -0.47241 
0.292969 -0.51392 -0.258545 -0.12817 -0.52490 -0.74829 
0.293335 -0.56152 -0.287720 -0.25513 -0.3784 -0.98145 
0.294556 -0.61523 -0.306274 -0.45166 0.47485 -0.117188 
0.294556 -0.64575 -0.316406 -0.66895 0.93872 -0.132568 
0.296143 -0.67627 -0.325928 -0.86060 0.130737 -0.145508 
0.295898 -0.69092 -0.330688 -0.98755 0.159424 -0.155151 
0.292358 -0.69092 -0.332764 -0.110474 0.182739 -0.159302 
0.283203 -0.68726 -0.333252 -0.124756 0.205811 -0.158447 
0.270142 -0.66406 -0.330444 -0.141480 0.229126 -0.153564 
0.254639 -0.67017 -0.323853 -0.161011 0.248413 -0.146240 
0.239258 -0.70313 -0.323853 -0.183472 0.263428 -0.137451 
0.224487 -0.74463 -0.313232 -0.174805 0.276001 -0.127930 
0.208496 -0.79590 -0.297363 -0.195435 0.289185 -0.116943 
0.186646 -0.87158 -0.277100 -0.226685 0.304932 -0.104492 
0.165405 -0.93628 -0.252319 -0.244873 0.328125 -0.87524 
0.141235 -0.96069 -0.225342 -0.259399 0.328125 -0.68481 
0.111450 -0.97412 -0.199341 -0.270020 0.359375 -0.49683 
0.84473 -0.97290 -0.171509 -0.279053 0.385376 -0.29175 
0.57739 -0.93262 -0.139526 -0.290283 0.399048 -0.7568 
0.33325 -0.86548 -0.106079 -0.303467 0.401001 -0.17212 
0.14771 -0.77637 -0.70313 -0.317505 0.386108 0.14038 
0.2563 -0.71289 -0.32349 -0.331787 0.353516 0.36743 
0.27954 -0.67017 0.7446 -0.342773 0.309082 0.61890 
-0.3784 -0.63477 0.47241 -0.346191 0.257446 0.89111 
-0.3784 -0.60669 0.87280 -0.338379 0.202271 0.115601 
-0.854 -0.57007 0.125977 -0.318970 0.149048 0.140015 
0.4395 -0.54565 0.156250 -0.288818 0.97168 0.161377 
0.14038 -0.54565 0.186157 -0.253906 0.39795 0.175171 
0.27954 -0.49683 0.216431 -0.223022 -0.27832 0.179077 
0.46021 -0.43579 0.214478 -0.193726 -0.98022 0.177246 
0.63965 -0.43335 0.239624 -0.165161 -0.161377 0.174927 
0.87036 -0.44800 0.270874 -0.133911 -0.216187 0.180176 
0.116089 -0.46875 0.289673 -0.130737 -0.255859 0.196777 
0.146729 -0.43091 0.302246 -0.97168 -0.279175 0.213867 
0.176758 -0.34546 0.305420 -0.65918 -0.289063 0.218140 
0.202881 -0.24414 0.299927 -0.33325 -0.289185 0.207764 
0.234131 -0.22217 0.289917 0.122 -0.312012 0.200195 
0.259155 -0.19409 0.276123 0.29785 -0.280762 0.195435 
0.279175 -0.16357 0.264282 0.53223 -0.270142 0.193848 
0.293701 -0.15015 0.244263 0.69824 -0.264038 0.193970 
0.305786 -0.14648 0.221191 0.85205 -0.260620 0.193970 
0.317749 -0.15625 0.197388 0.99487 -0.260864 0.193970 
0.329224 -0.19287 0.172730 0.111328 -0.266235 0.192749 
0.338013 -0.23315 0.147827 0.118408 -0.276367 0.192017 
0.312744 -0.27588 0.123779 0.119995 -0.290649 0.191284 
0.343994 -0.34180 0.100464 0.114136 -0.312866 0.189453 
0.344727 -0.42358 0.68481 0.104370 -0.343384 0.185791 
0.344482 -0.52002 0.32104 0.103882 -0.374756 0.178955 
0.346313 -0.62378 -0.3418 0.112793 -0.401001 0.168213 
0.348755 -0.62378 -0.36865 0.122681 -0.420532 0.154297 
0.348877 -0.72998 -0.37476 0.128662 -0.431763 0.138306 
0.347656 -0.82642 -0.67383 0.130127 -0.433350 0.119507 
0.343750 -0.92651 -0.98633 0.126465 -0.426392 0.97412 
0.336792 -0.102783 -0.127441 0.120361 -0.413696 0.73120 
0.328247 -0.113647 -0.156982 0.115234 -0.394409 0.46875 
0.321777 -0.126221 -0.188599 0.115234 -0.366943 0.20508 
0.317017 -0.137085 -0.222168 0.111572 -0.331543 -0.5249 
0.312866 -0.148193 -0.253052 0.108521 -0.320557 -0.28809 
0.308838 -0.155029 -0.277832 0.101807 -0.304199 -0.51025 
0.302979 -0.159058 -0.296509 0.90942 -0.241699 -0.73608 
0.294312 -0.160522 -0.309082 0.79590 -0.189209 -0.65063 
0.283081 -0.159668 -0.317017 0.68359 -0.135742 -0.118164 
0.270874 -0.157593 -0.322388 0.57739 -0.85571 -0.118164 
0.259888 -0.155884 -0.323730 0.48340 -0.41870 -0.139648 
0.250244 -0.154907 -0.321899 0.39063 -0.4761 -0.159912 
0.271729 -0.153442 -0.318359 0.27344 0.25513 -0.176270 
0.240479 -0.149414 -0.312256 0.11963 0.50781 -0.189331 
0.231812 -0.144043 -0.302979 -0.4639 0.72876 -0.199951 
0.224731 -0.138550 -0.290772 -0.19409 0.91797 -0.208252 
0.216797 -0.131592 -0.276978 -0.32715 0.105835 -0.213867 
0.208130 -0.131592 -0.264282 -0.44189 0.115601 -0.216675 
0.199463 -0.122437 -0.254150 -0.52734 0.124756 -0.218262 
0.191528 -0.110840 -0.274658 -0.58960 0.135132 -0.220459 
0.185303 -0.103760 -0.243408 -0.67139 0.145386 -0.220337 
0.178955 -0.99243 -0.234375 -0.78369 0.154785 -0.217285 
0.174805 -0.96802 -0.228882 -0.92285 0.160645 -0.209839 
0.171875 -0.91064 -0.223022 -0.92285 0.160767 -0.203857 
0.169312 -0.87280 -0.217163 -0.108765 0.157227 -0.202271 
0.166870 -0.84961 -0.207886 -0.125366 0.183960 -0.202148 
0.163574 -0.83984 -0.195801 -0.139771 0.151001 -0.200806 
0.161743 -0.83252 -0.181274 -0.149414 0.151001 -0.197632 
0.161377 -0.81787 -0.166138 -0.152954 0.154419 -0.193115 
0.160522 -0.78979 -0.153076 -0.150757 0.162598 -0.187622 
0.158447 -0.75806 -0.142212 -0.145264 0.172241 -0.187622 
0.155029 -0.70801 -0.132813 -0.139771 0.180908 -0.180664 
0.151001 -0.64453 -0.123901 -0.136841 0.186768 -0.172241 
0.147217 -0.57739 -0.114990 -0.136475 0.188232 -0.163452 
0.147217 -0.50171 -0.105713 -0.139160 0.184082 -0.154175 
0.145264 -0.42969 -0.95947 -0.144653 0.173584 -0.144653 
0.145264 -0.35278 -0.85571 -0.151489 0.157959 -0.135376 
0.147583 -0.58960 -0.74219 -0.157837 0.140503 -0.126099 
0.150024 -0.27710 -0.62134 -0.162720 0.124023 -0.115967 
0.152466 -0.18677 -0.48828 -0.165039 0.110107 -0.104614 
0.154785 -0.9277 -0.35034 -0.164673 0.98389 -0.92896 
0.157593 0.732 -0.35034 -0.161377 0.88013 -0.81177 
0.161621 0.10864 -0.22217 -0.155396 0.78247 -0.69580 
0.166870 0.20630 -0.10620 -0.147949 0.69092 -0.58228 
0.172852 0.29785 -0.1831 -0.140259 0.60791 -0.47119 
0.178589 0.37231 0.4639 -0.140259 0.53223 -0.36621 
0.184326 0.41992 0.9399 -0.132813 0.47119 -0.26611 
0.190796 0.45776 0.12085 -0.125977 0.42358 -0.17334 
0.198242 0.47852 0.14160 -0.119873 0.42358 -0.9521 
