0.226440 0.25146 0.144531 -0.71167 0.4639 -0.2441 
0.225220 0.25146 0.139893 -0.60547 0.17944 0.2197 
0.223389 0.25146 0.132690 -0.47241 0.28687 0.4150 
0.224609 0.23193 0.156128 -0.38452 0.37476 0.2808 
0.227051 0.21362 0.122070 -0.34912 0.41138 -0.1099 
0.228027 0.18433 0.122070 -0.33813 0.41016 -0.6958 
0.225098 0.18555 0.121704 -0.33081 0.42480 -0.13672 
0.227295 0.18555 0.122803 -0.62378 0.40771 -0.18799 
0.226563 0.18311 0.124878 -0.31128 0.34424 -0.18921 
0.224243 0.21362 0.129150 -0.28198 0.23926 -0.14282 
0.220703 0.25391 0.133789 -0.21973 0.8545 -0.6958 
0.219727 0.28320 0.137695 -0.11719 0.21240 0.732 
0.218994 0.28687 0.140991 0.1343 -0.10010 0.7080 
0.219116 0.27466 0.138794 0.15625 -0.28809 0.10986 
0.221558 0.22827 0.131836 0.27710 -0.49561 0.10620 
0.226318 0.17822 0.125732 0.33569 -0.72388 0.10620 
0.231201 0.16846 0.118408 0.33936 -0.98877 0.5615 
0.235718 0.19653 0.112183 0.34424 -0.135986 -0.854 
0.233643 0.15991 0.116455 0.36865 -0.175415 -0.5005 
0.233643 0.7446 0.123535 0.28687 -0.196655 -0.7080 
0.235230 0.4883 0.130127 0.21851 -0.213135 -0.7202 
0.234863 0.18066 0.125854 0.24292 -0.223145 -0.5005 
0.234619 -0.21729 0.121826 0.20020 -0.226440 -0.14404 
0.234497 -0.21729 0.119263 -0.1099 -0.228638 -0.33936 
0.241699 -0.366 0.117432 -0.17456 -0.227051 -0.44556 
0.247925 0.10620 0.112061 -0.26855 -0.221924 -0.48584 
0.252930 0.9277 0.112061 -0.35767 -0.213501 -0.54810 
0.256958 0.10498 0.105591 -0.45654 -0.200317 -0.64331 
0.261719 0.13306 0.100220 -0.51270 -0.183594 -0.75073 
0.268188 0.14526 0.95459 -0.48950 -0.166382 -0.85449 
0.266480 0.15869 0.86914 -0.48950 -0.150879 -0.92651 
0.261719 0.18433 0.73364 -0.43823 -0.138306 -0.95825 
0.259766 0.28564 0.47363 -0.42603 -0.127441 -0.88257 
0.271240 0.48096 0.2808 -0.72021 -0.127441 -0.78003 
0.297241 0.41260 -0.4395 -0.144775 -0.117432 -0.86914 
0.292114 0.48828 -0.15137 -0.213135 -0.121216 -0.65552 
0.290405 0.44312 -0.30640 -0.255615 -0.119995 -0.96802 
0.290283 0.51025 -0.38208 -0.288940 -0.114624 -0.109497 
0.285889 0.58716 -0.45166 -0.315308 -0.114380 -0.118652 
0.306885 0.64331 -0.51147 -0.337891 -0.105957 -0.121826 
0.263306 0.69946 -0.59814 -0.361938 -0.88867 -0.122314 
0.263306 0.76782 -0.68970 -0.385864 -0.63354 -0.124146 
0.250488 0.83618 -0.75073 -0.411865 -0.33203 -0.128418 
0.238647 0.87036 -0.79590 -0.435425 -0.244 -0.134155 
0.226563 0.87036 -0.85815 -0.452026 0.31372 -0.135132 
0.212402 0.87769 -0.111572 -0.464355 0.60181 -0.123291 
0.194580 0.90576 -0.116577 -0.466187 0.79712 -0.107056 
0.182373 0.89600 -0.116577 -0.460449 0.79346 -0.94116 
0.180542 0.81299 -0.103027 -0.443970 0.70801 -0.81543 
0.177979 0.66772 -0.89600 -0.449341 0.65918 -0.65796 
0.175171 0.50171 -0.81177 -0.420898 0.71289 -0.47119 
0.171753 0.26489 -0.76050 -0.389648 0.82642 -0.27832 
0.167236 0.3540 -0.68848 -0.370239 0.68604 -0.8667 
0.162720 -0.20020 -0.54810 -0.359253 0.94116 0.10986 
0.155762 -0.44312 -0.36865 -0.351318 0.125366 0.31982 
0.146118 -0.67017 -0.13184 -0.346313 0.161743 0.53589 
0.134277 -0.85449 0.12207 -0.343262 0.207642 0.45654 
0.121338 -0.96558 0.34302 -0.339478 0.254272 0.76904 
0.105957 -0.107056 0.53589 -0.333862 0.298096 0.101196 
0.94604 -0.112183 0.76904 -0.331909 0.334961 0.124146 
0.114014 -0.111450 0.101807 -0.328735 0.360718 0.142700 
0.70923 -0.112549 0.116821 -0.319092 0.378662 0.154419 
0.70923 -0.111572 0.147095 -0.294434 0.399780 0.157227 
0.64087 -0.108154 0.170166 -0.266480 0.408813 0.151245 
0.56030 -0.104492 0.200195 -0.235840 0.406250 0.139282 
0.45410 -0.104492 0.218262 -0.207520 0.388428 0.125366 
0.30273 -0.97900 0.238770 -0.174561 0.368286 0.113525 
0.15747 -0.91064 0.227173 -0.146851 0.340942 0.105103 
0.3052 -0.85571 0.258423 -0.128296 0.303345 0.102295 
-0.2930 -0.80811 0.271973 -0.110474 0.265381 0.106689 
-0.3906 -0.73486 0.288452 -0.94727 0.228882 0.115479 
-0.1099 -0.69092 0.305298 -0.113647 0.193481 0.126709 
0.3906 -0.65674 0.321533 -0.82397 0.161255 0.139648 
0.17212 -0.67139 0.334839 -0.70068 0.165894 0.151001 
0.35278 -0.69702 0.349609 -0.53955 0.144897 0.158813 
0.53833 -0.73853 0.367554 -0.33569 0.113647 0.161987 
0.70190 -0.81177 0.382080 -0.15015 0.89722 0.161865 
0.84351 -0.85815 0.398926 -0.2319 0.59326 0.161987 
0.94727 -0.86548 0.415527 0.7080 0.22705 0.161987 
0.103882 -0.83740 0.426758 0.19287 -0.16602 0.164917 
0.112915 -0.82397 0.427490 0.37354 -0.55176 0.170898 
0.94482 -0.82764 0.420410 0.57495 -0.91553 0.177979 
0.145996 -0.83740 0.409302 0.75684 -0.126709 0.182617 
0.145996 -0.84351 0.400757 0.94116 -0.159790 0.181885 
0.172730 -0.86548 0.387451 0.109863 -0.195068 0.176392 
0.199829 -0.88989 0.370361 0.122925 -0.229858 0.167114 
0.224731 -0.88989 0.355591 0.134888 -0.265381 0.154297 
0.246948 -0.91309 0.337769 0.144165 -0.304932 0.136963 
0.266724 -0.92773 0.313599 0.152466 -0.348877 0.115234 
0.284424 -0.96191 0.316772 0.158691 -0.395508 0.91675 
0.299561 -0.100098 0.285522 0.158936 -0.442261 0.69458 
0.312744 -0.102051 0.255981 0.182861 -0.486938 0.50903 
0.322876 -0.102051 0.229614 0.137085 -0.530640 0.35645 
0.328247 -0.100220 0.203857 0.137085 -0.573120 0.22461 
0.331299 -0.99243 0.168823 0.119751 -0.601440 0.11597 
0.334106 -0.97534 0.128174 0.109009 -0.606689 0.4028 
0.337036 -0.97290 0.85205 0.110107 -0.606689 -0.1465 
0.339600 -0.95581 0.46265 0.121094 -0.592041 -0.7324 
0.343140 -0.95703 0.8545 0.132446 -0.569092 -0.10376 
0.347290 -0.96313 -0.27954 0.140259 -0.540527 -0.8911 
0.350098 -0.95459 -0.60303 0.143311 -0.502808 -0.8911 
0.350586 -0.93506 -0.90088 0.138916 -0.456177 -0.4150 
0.370605 -0.84473 -0.115356 0.126953 -0.402344 0.6958 
0.336060 -0.83130 -0.132690 0.111938 -0.339111 0.28687 
0.336060 -0.78491 -0.147583 0.88745 -0.272827 0.67017 
0.317627 -0.82153 -0.169189 0.64697 -0.200684 0.113647 
0.293579 -0.90942 -0.173828 0.58960 -0.112549 0.148315 
0.270142 -0.90942 -0.164185 0.69336 -0.27710 0.158203 
0.237915 -0.100586 -0.148926 0.76782 0.33081 0.128906 
0.200684 -0.109619 -0.145996 0.66895 0.63599 0.60303 
0.183838 -0.107788 -0.141724 0.59204 0.86792 -0.15137 
0.185425 -0.98389 -0.141724 0.58716 0.100342 -0.68481 
0.185669 -0.89355 -0.137695 0.58105 0.110596 -0.95093 
0.185059 -0.82397 -0.134521 0.53833 0.123291 -0.105469 
0.188232 -0.75195 -0.132202 0.53833 0.136963 -0.112427 
0.193237 -0.70923 -0.127930 0.50049 0.146606 -0.123169 
0.196899 -0.73364 -0.121338 0.45776 0.151978 -0.141724 
0.196045 -0.74707 -0.116333 0.37354 0.151978 -0.164551 
0.188965 -0.73242 -0.108154 0.25513 0.159302 -0.186401 
0.182739 -0.67505 -0.97168 0.10254 0.165405 -0.173218 
0.173950 -0.62866 -0.83130 -0.2686 0.171997 -0.217407 
0.161743 -0.57617 -0.66772 -0.12329 0.184326 -0.217407 
0.149658 -0.51025 -0.50903 -0.18799 0.201416 -0.223877 
0.139282 -0.43945 -0.34668 -0.21606 0.220703 -0.224854 
0.130615 -0.39429 -0.15747 -0.23315 0.239990 -0.222778 
0.130615 -0.36743 0.1831 -0.26001 0.256348 -0.218872 
0.122925 -0.34546 0.18188 -0.27222 0.271851 -0.213867 
0.115356 -0.62500 0.32104 -0.28076 0.286865 -0.208130 
0.106934 -0.31250 0.48584 -0.28931 0.303345 -0.202271 
0.98389 -0.26733 0.65430 -0.30396 0.320068 -0.196167 
0.91309 -0.20874 0.88013 -0.31128 0.336670 -0.190186 
0.84961 -0.14771 0.77271 -0.35278 0.345703 -0.185425 
0.78857 -0.7813 0.108521 -0.37720 0.351807 -0.179688 
0.73608 -0.244 0.133301 -0.36743 0.352539 -0.169556 
0.66162 0.10132 0.155273 -0.34424 0.347168 -0.154785 
0.60669 0.23560 0.181274 -0.34424 0.334229 -0.136230 
0.56763 0.37598 0.206055 -0.33447 0.315552 -0.115112 
0.55176 0.49927 0.231689 -0.29419 0.321411 -0.91919 
0.57373 0.57251 0.254761 -0.24658 0.291626 -0.67871 
0.63843 0.59448 0.273438 -0.20020 0.260376 -0.45288 
0.74463 0.59570 0.284790 -0.16479 0.228760 -0.57129 
0.88257 0.59448 0.295288 -0.13916 0.197876 -0.11353 
0.102295 0.58716 0.299438 -0.14282 0.165894 -0.11353 
0.117188 0.53589 0.304932 -0.14404 0.135986 -0.2563 
0.130249 0.49072 0.306397 -0.16724 0.105225 0.1587 
0.140015 0.45654 0.304443 -0.18188 0.77148 0.2930 
0.140015 0.43579 0.299805 -0.16968 0.52490 0.2686 
0.146240 0.41504 0.291138 -0.14526 0.30884 0.3174 
0.150513 0.38940 0.280151 -0.12085 0.12939 0.5127 
0.153931 0.36133 0.267822 -0.10498 -0.1343 0.8545 
