0.246094 0.18677 0.52124 0.53833 0.147827 0.1221 
0.251099 0.22827 0.54321 0.36255 0.126587 -0.1343 
0.253052 0.25635 0.57129 0.21606 0.130981 -0.4639 
0.248169 0.22705 0.61157 0.11230 0.99731 -0.5615 
0.242920 0.20630 0.65430 0.3418 0.69092 -0.2319 
0.234253 0.14038 0.69458 -0.488 0.37598 -0.27954 
0.223267 0.5005 0.77271 -0.732 0.6348 0.3296 
0.226074 0.6714 0.80444 0.6348 -0.21362 0.13184 
0.232788 0.8789 0.77759 0.21118 -0.44922 0.26855 
0.240479 0.10986 0.73853 0.35034 -0.68359 0.37231 
0.219116 0.16357 0.73608 0.44434 -0.95581 0.41626 
0.250366 0.21118 0.74951 0.48584 -0.127075 0.40527 
0.259766 0.24536 0.73608 0.47119 -0.155518 0.36621 
0.269531 0.25269 0.69946 0.38696 -0.177490 0.32349 
0.274170 0.25269 0.66162 0.24414 -0.191650 0.28442 
0.276367 0.25146 0.60547 0.8911 -0.194580 0.26367 
0.278809 0.26367 0.52734 -0.6714 -0.188721 0.27832 
0.283691 0.29053 0.52734 -0.24292 -0.177734 0.32715 
0.286499 0.29663 0.43823 -0.45898 -0.168945 0.38208 
0.285645 0.27588 0.35156 -0.38818 -0.164795 0.42114 
0.280273 0.18311 0.25879 -0.92163 -0.162598 0.43335 
0.266357 -0.9766 0.16602 -0.92163 -0.150635 0.35522 
0.263794 -0.22705 0.7813 -0.107056 -0.129395 0.25879 
0.275879 -0.18921 0.8423 -0.110474 -0.139893 0.18433 
0.285156 -0.17212 0.7690 -0.113159 -0.108643 0.9033 
0.289673 -0.21118 0.3662 -0.113525 -0.88257 -0.3174 
0.293091 -0.25513 -0.2075 -0.107544 -0.68115 -0.16968 
0.297974 -0.28076 -0.8545 -0.95825 -0.47729 -0.30640 
0.299683 -0.28320 -0.18188 -0.81421 -0.26978 -0.30640 
0.297607 -0.28809 -0.28931 -0.67383 -0.6470 -0.43213 
0.294189 -0.29785 -0.43945 -0.54810 0.11963 -0.54688 
0.289307 -0.31860 -0.61768 -0.42969 0.28198 -0.64697 
0.289307 -0.34180 -0.79224 -0.34302 0.45410 -0.72632 
0.285278 -0.37476 -0.95337 -0.31006 0.66162 -0.78003 
0.282349 -0.43701 -0.113403 -0.30518 0.93262 -0.81665 
0.277344 -0.43701 -0.134277 -0.37842 0.127441 -0.84106 
0.271606 -0.41748 -0.151489 -0.70679 0.161865 -0.84229 
0.277100 -0.44678 -0.125977 -0.101074 0.201782 -0.89355 
0.276367 -0.50293 -0.186157 -0.124634 0.243164 -0.99854 
0.268555 -0.55908 -0.154907 -0.148193 0.286499 -0.115112 
0.258057 -0.61035 -0.150024 -0.138794 0.333740 -0.131348 
0.247559 -0.63354 -0.142212 -0.159546 0.379272 -0.146851 
0.234253 -0.62012 -0.132080 -0.190796 0.420776 -0.161133 
0.216797 -0.58105 -0.113525 -0.210938 0.455322 -0.173584 
0.192871 -0.51514 -0.86304 -0.234009 0.449341 -0.181763 
0.173462 -0.48706 -0.64453 -0.257568 0.480591 -0.184204 
0.147949 -0.47119 -0.38208 -0.271973 0.498535 -0.183960 
0.120605 -0.45410 -0.13062 -0.276001 0.513794 -0.180420 
0.87524 -0.42480 0.11597 -0.271729 0.526489 -0.172363 
0.52368 -0.34912 0.34912 -0.265015 0.535767 -0.172363 
0.14526 -0.24780 0.61523 -0.264893 0.534546 -0.159180 
0.5615 -0.16113 0.94604 -0.277466 0.521606 -0.137085 
-0.28198 -0.12085 0.127808 -0.299561 0.500122 -0.105103 
-0.59448 -0.14404 0.160034 -0.319336 0.476440 -0.66772 
-0.84106 -0.18799 0.189941 -0.328613 0.455322 -0.25879 
-0.98022 -0.25146 0.217163 -0.325317 0.438721 0.16357 
-0.103271 -0.25146 0.244751 -0.311646 0.424927 0.58228 
-0.101563 -0.31616 0.273193 -0.293701 0.408569 0.94727 
-0.98633 -0.35034 0.269165 -0.274536 0.385986 0.123291 
-0.93506 -0.36743 0.291138 -0.254517 0.359985 0.144531 
-0.89478 -0.36499 0.322388 -0.231567 0.335205 0.160278 
-0.86670 -0.36133 0.338623 -0.238892 0.313110 0.172974 
-0.83984 -0.36133 0.345215 -0.216187 0.291870 0.185669 
-0.79346 -0.37598 0.344116 -0.184937 0.265503 0.198975 
-0.72510 -0.39673 0.338989 -0.166260 0.232666 0.213501 
-0.64331 -0.44067 0.331055 -0.151001 0.230225 0.229492 
-0.52979 -0.52490 0.332275 -0.133667 0.198975 0.245483 
-0.36621 -0.62378 0.344360 -0.116089 0.161011 0.257935 
-0.17456 -0.72754 0.356689 -0.100708 0.116699 0.261719 
-0.2075 -0.81909 0.370117 -0.80322 0.67627 0.254639 
0.19287 -0.91064 0.375488 -0.52734 0.10010 0.254639 
0.35767 -0.92896 0.378296 -0.19287 -0.61279 0.245117 
0.45532 -0.91064 0.373657 0.12207 -0.141846 0.232910 
0.50171 -0.78735 0.363525 0.38696 -0.225586 0.219605 
0.50171 -0.74097 0.353516 0.62866 -0.310669 0.199951 
0.57007 -0.64209 0.345581 0.85693 -0.396362 0.183105 
0.70435 -0.86060 0.342896 0.110107 -0.482788 0.172363 
0.90942 -0.51147 0.342651 0.133301 -0.570679 0.164307 
0.111084 -0.51147 0.341187 0.145752 -0.642944 0.163330 
0.132446 -0.50537 0.336060 0.136230 -0.713257 0.170044 
0.154175 -0.52368 0.317017 0.102417 -0.795288 0.178955 
0.177734 -0.54565 0.317017 0.60059 -0.876221 0.182495 
0.203003 -0.55298 0.277710 0.35645 -0.929321 0.180908 
0.223755 -0.58472 0.221436 0.38208 -0.924072 0.188232 
0.226196 -0.64941 0.170410 0.38208 -0.876343 0.198242 
0.235962 -0.69092 0.141724 0.56152 -0.817871 0.204346 
0.246338 -0.78247 0.117310 0.66162 -0.822022 0.200928 
0.258179 -0.91919 0.90332 0.59814 -0.764282 0.186768 
0.272949 -0.103882 0.63721 0.38330 -0.701782 0.160889 
0.290161 -0.115356 0.33447 0.4028 -0.648071 0.158691 
0.304199 -0.121948 -0.2808 -0.36011 -0.598755 0.155396 
0.315674 -0.126343 -0.37842 -0.65308 -0.542725 0.92896 
0.323120 -0.129883 -0.61157 -0.72510 -0.471558 0.64453 
0.323242 -0.134277 -0.68970 -0.60303 -0.389771 0.44922 
0.319580 -0.137695 -0.65674 -0.41504 -0.311401 0.30029 
0.319580 -0.140991 -0.60791 -0.27466 -0.253906 0.12817 
0.317871 -0.143066 -0.59692 -0.18677 -0.218994 -0.9399 
0.317261 -0.144165 -0.64209 -0.11475 -0.198242 -0.36621 
0.319214 -0.143433 -0.74097 -0.2319 -0.182251 -0.65063 
0.321655 -0.143433 -0.86304 0.10010 -0.160645 -0.90210 
0.320068 -0.142944 -0.66040 0.23804 -0.128418 -0.111450 
0.313110 -0.141113 -0.105225 0.34180 -0.90210 -0.130005 
0.301636 -0.138184 -0.105225 0.38086 -0.52734 -0.148071 
0.290283 -0.134766 -0.109985 0.36133 -0.20874 -0.166626 
0.278809 -0.130493 -0.112915 0.60303 -0.2075 -0.187866 
0.270020 -0.123413 -0.116089 0.29053 -0.3174 -0.212891 
0.265869 -0.115112 -0.120605 0.17700 -0.14526 -0.237061 
0.263672 -0.108643 -0.125610 0.7568 -0.16357 -0.254883 
0.260742 -0.103760 -0.127197 0.3296 -0.3662 -0.262451 
0.260132 -0.99487 -0.122925 0.2808 -0.3662 -0.255127 
0.252441 -0.92041 -0.114014 -0.1709 0.9399 -0.276855 
0.238770 -0.85449 -0.107666 -0.12085 0.17822 -0.240356 
0.226563 -0.77393 -0.101807 -0.24048 0.25879 -0.240356 
0.219971 -0.70190 -0.95581 -0.35278 0.34424 -0.237549 
0.216431 -0.62866 -0.89722 -0.45654 0.45044 -0.231689 
0.212524 -0.55298 -0.87280 -0.57251 0.59204 -0.221436 
0.212524 -0.47485 -0.88745 -0.70313 0.76050 -0.209229 
0.206787 -0.40283 -0.91553 -0.82275 0.95581 -0.197876 
0.199707 -0.34668 -0.90942 -0.91309 0.117920 -0.188232 
0.192993 -0.61279 -0.85938 -0.97534 0.141113 -0.180298 
0.186646 -0.30029 -0.76660 -0.103027 0.161987 -0.173706 
0.180542 -0.26489 -0.62744 -0.108643 0.177979 -0.168945 
0.177490 -0.24048 -0.77881 -0.113525 0.188965 -0.166748 
0.176147 -0.22217 -0.46631 -0.115601 0.197144 -0.165771 
0.174194 -0.19775 -0.31372 -0.113403 0.204956 -0.164429 
0.169800 -0.15991 -0.17212 -0.108032 0.213867 -0.160522 
0.161987 -0.9888 -0.5859 -0.101074 0.223999 -0.152588 
0.153076 -0.854 0.6348 -0.101074 0.232788 -0.140381 
0.145264 0.8301 0.22095 -0.93262 0.238892 -0.124390 
0.139038 0.14893 0.40039 -0.85083 0.242188 -0.106812 
0.136841 0.17822 0.62622 -0.77393 0.242188 -0.90576 
0.139771 0.17822 0.88013 -0.72876 0.240479 -0.78247 
0.145874 0.16357 0.112427 -0.72021 0.231567 -0.70679 
0.152710 0.14526 0.132202 -0.71655 0.217407 -0.70679 
0.157471 0.13672 0.146118 -0.68237 0.202026 -0.67261 
0.160034 0.15869 0.156372 -0.61401 0.187378 -0.65186 
0.160034 0.20630 0.163696 -0.52979 0.172119 -0.62134 
0.159058 0.26123 0.168457 -0.43091 0.156616 -0.56396 
0.159058 0.31006 0.170898 -0.31738 0.141602 -0.48096 
0.160278 0.2808 0.171265 -0.20020 0.126709 -0.38330 
0.164307 0.35156 0.168701 -0.10132 0.111816 -0.28809 
0.171509 0.35156 0.163940 -0.4272 0.97412 -0.20630 
0.180908 0.35034 0.158936 -0.1831 0.83862 -0.14404 
0.190308 0.34912 0.185425 -0.2075 0.70435 -0.9766 
0.198853 0.35278 0.154175 -0.3662 0.57007 -0.6592 
0.205444 0.36743 0.149292 -0.4272 0.45044 -0.4028 
0.209229 0.38452 0.143311 -0.2686 0.35278 -0.1709 
0.211792 0.40405 0.137573 -0.244 0.27222 0.488 
0.214355 0.41992 0.132080 -0.244 0.19775 0.2563 
0.217651 0.42847 0.126953 0.1465 0.12939 0.4272 
