0.221069 0.38574 0.54199 0.14404 0.488 -0.18555 
0.228027 0.41260 0.54199 0.12207 0.10498 -0.18677 
0.231689 0.41260 0.56396 0.6470 0.21362 -0.20142 
0.235352 0.44067 0.60547 -0.244 0.30151 -0.21729 
0.237061 0.45898 0.33447 -0.5493 0.35156 -0.21362 
0.236328 0.48340 0.64697 -0.8667 0.34302 -0.18188 
0.234619 0.50415 0.69336 -0.9033 0.28809 -0.13184 
0.233276 0.51392 0.73120 -0.7935 0.20996 -0.7813 
0.233398 0.53223 0.75684 -0.6714 0.14038 -0.3906 
0.232910 0.55298 0.78247 -0.6714 0.8423 -0.854 
0.233032 0.57495 0.81543 -0.5371 0.4150 0.2075 
0.232666 0.57983 0.81787 -0.4028 0.00 0.4761 
0.232056 0.56396 0.78247 -0.4150 0.00 0.6958 
0.233032 0.53589 0.74585 -0.6470 -0.6348 0.7935 
0.234619 0.51147 0.72510 -0.10254 -0.12329 0.7324 
0.235352 0.49927 0.70801 -0.15015 -0.16235 0.7324 
0.236572 0.49683 0.69092 -0.20020 -0.20386 0.5493 
0.237549 0.49072 0.68359 -0.24536 -0.26123 0.3174 
0.239014 0.47241 0.67993 -0.26611 -0.33325 0.977 
0.239258 0.45044 0.68970 -0.24902 -0.41016 0.366 
0.239258 0.43457 0.69092 -0.18311 -0.48340 -0.488 
0.239380 0.43823 0.68237 -0.9399 -0.53955 -0.732 
0.239380 0.44434 0.65063 -0.977 -0.57007 -0.610 
0.239746 0.44434 0.60669 0.5005 -0.56763 -0.977 
0.239624 0.45166 0.56396 0.8423 -0.53955 -0.1953 
0.239868 0.46265 0.53223 0.9399 -0.50415 -0.4028 
0.239502 0.47607 0.50171 0.8057 -0.47363 -0.7446 
0.238159 0.49194 0.50171 0.5005 -0.44434 -0.11719 
0.237061 0.52002 0.48218 0.1099 -0.40894 -0.15625 
0.235107 0.55664 0.48584 0.27588 -0.37354 -0.18188 
0.231567 0.57861 0.50537 -0.3662 -0.34668 -0.19653 
0.225220 0.58960 0.52124 -0.6958 -0.32593 -0.19531 
0.217285 0.59814 0.53223 -0.7935 -0.61523 -0.17334 
0.206787 0.61646 0.52124 -0.6958 -0.30273 -0.12695 
0.194946 0.62378 0.50537 -0.7080 -0.27588 -0.6226 
0.183472 0.62256 0.50293 -0.8789 -0.24048 -0.29419 
0.172363 0.63354 0.49927 -0.10376 -0.19653 0.11963 
0.161377 0.64697 0.49927 -0.11841 -0.14893 0.11963 
0.150635 0.65308 0.48950 -0.12939 -0.10254 0.23804 
0.140381 0.65674 0.46265 -0.12573 -0.5981 0.37354 
0.130737 0.64819 0.43335 -0.12573 -0.2197 0.52124 
0.130737 0.63721 0.41748 -0.13916 0.1465 0.67139 
0.121338 0.62012 0.42236 -0.15381 0.4395 0.82520 
0.112183 0.59692 0.43091 -0.15259 0.6104 0.98877 
0.103394 0.59692 0.44922 -0.12939 0.7080 0.116333 
0.96191 0.56519 0.47485 -0.10376 0.9155 0.135010 
0.90454 0.51514 0.53223 -0.6958 0.12573 0.154297 
0.86426 0.45776 0.61035 -0.732 0.17334 0.175415 
0.84717 0.38696 0.61035 0.11597 0.22705 0.199097 
0.84473 0.31738 0.69824 0.29907 0.27466 0.224854 
0.86182 0.22095 0.76904 0.17212 0.31616 0.259644 
0.94238 0.5859 0.77637 0.48462 0.41504 0.309204 
0.98999 -0.3906 0.70435 0.62134 0.68115 0.338501 
0.111694 -0.23682 0.60059 0.68848 0.62500 0.354492 
0.130859 -0.41748 0.55908 0.69214 0.93750 0.368286 
0.152100 -0.60547 0.56274 0.60303 0.112793 0.378662 
0.177979 -0.74219 0.63110 0.54077 0.123779 0.382935 
0.204346 -0.84961 0.73120 0.50903 0.130981 0.380005 
0.228394 -0.91675 0.85815 0.45410 0.134766 0.380005 
0.244995 -0.97168 0.99609 0.40649 0.138062 0.368286 
0.253052 -0.103027 0.112061 0.38208 0.141602 0.349121 
0.255371 -0.108643 0.123779 0.37354 0.145508 0.327393 
0.255371 -0.115234 0.132446 0.39307 0.147827 0.307373 
0.255371 -0.123169 0.139771 0.43335 0.148926 0.291138 
0.255859 -0.99121 0.146606 0.46997 0.150269 0.279785 
0.261230 -0.138428 0.151855 0.47119 0.151855 0.272949 
0.271362 -0.138428 0.157593 0.48340 0.154541 0.269165 
0.283569 -0.143677 0.160645 0.50049 0.156006 0.264038 
0.295410 -0.145630 0.162842 0.51514 0.152832 0.253662 
0.304199 -0.146118 0.162842 0.51270 0.146729 0.237793 
0.308350 -0.147705 0.163940 0.47729 0.137329 0.218018 
0.310059 -0.148193 0.164673 0.36865 0.137329 0.204956 
0.326172 -0.159180 0.186279 0.36865 0.165161 0.208496 
0.319824 -0.158691 0.184082 -0.5127 0.175415 0.199219 
0.316895 -0.165894 0.190674 -0.28320 0.169800 0.185059 
0.323486 -0.167480 0.197021 -0.31128 0.160156 0.161499 
0.329468 -0.178467 0.191162 -0.26855 0.160156 0.132935 
0.346802 -0.184814 0.191162 -0.14526 0.136108 0.133545 
0.361328 -0.189575 0.186157 0.1587 0.97778 0.98022 
0.368897 -0.192383 0.177734 0.19043 0.47852 0.66772 
0.372192 -0.192505 0.169067 0.33203 0.1465 0.24170 
0.371582 -0.191528 0.160767 0.39795 -0.38208 -0.21606 
0.367432 -0.188355 0.154785 0.41260 -0.69458 -0.62500 
0.367432 -0.186035 0.149536 0.32837 -0.82275 -0.96924 
0.360107 -0.182007 0.147217 0.14893 -0.80078 -0.123901 
0.348145 -0.177612 0.143799 -0.488 -0.73242 -0.144775 
0.331665 -0.172363 0.139038 -0.5859 -0.70679 -0.162231 
0.315308 -0.172363 0.134155 -0.4150 -0.70068 -0.177490 
0.301758 -0.166992 0.128052 -0.1465 -0.66406 -0.190063 
0.291138 -0.160645 0.152344 -0.366 -0.59082 -0.201782 
0.280762 -0.154175 0.121094 -0.244 -0.49561 -0.214600 
0.271362 -0.147949 0.114502 -0.244 -0.38940 -0.228638 
0.263062 -0.143433 0.107910 -0.27588 -0.28198 -0.243896 
0.253662 -0.134521 0.105225 0.4028 -0.24292 -0.259521 
0.244629 -0.126099 0.99243 0.4028 -0.23804 -0.274292 
0.235596 -0.119019 0.94727 0.488 -0.21729 -0.287842 
0.225830 -0.112671 0.89600 -0.6104 -0.19409 -0.300293 
0.212524 -0.105469 0.84839 -0.15381 -0.19409 -0.311646 
0.197510 -0.97656 0.83130 -0.24780 -0.17700 -0.319336 
0.182129 -0.88257 0.83252 -0.31128 -0.15137 -0.321411 
0.166992 -0.77759 0.83862 -0.34180 -0.10620 -0.321411 
0.152344 -0.65796 0.84229 -0.35767 -0.4395 -0.317139 
0.138428 -0.53711 0.83008 -0.37354 0.1587 -0.307373 
0.125610 -0.42114 0.81055 -0.41016 0.5127 -0.294434 
0.145386 -0.30884 0.80078 -0.46875 0.5005 -0.279175 
0.114136 -0.20386 0.79712 -0.54199 0.977 -0.262085 
0.104126 -0.10742 0.79102 -0.61646 -0.6104 -0.243652 
0.95093 -0.2686 0.78247 -0.69092 -0.12329 -0.224609 
0.86914 -0.2686 0.76904 -0.76660 -0.15015 -0.205078 
0.78491 0.4883 0.75439 -0.83740 -0.15503 -0.183838 
0.67749 0.11963 0.75073 -0.89600 -0.14771 -0.160767 
0.54688 0.20996 0.75073 -0.94727 -0.11841 -0.137939 
0.39673 0.30151 0.75684 -0.99731 -0.9155 -0.113647 
0.24902 0.38452 0.78125 -0.102783 -0.9766 -0.85938 
0.12329 0.44556 0.82520 -0.101685 -0.13428 -0.54443 
0.4517 0.45166 0.89966 -0.101685 -0.15869 -0.18677 
0.6348 0.41626 0.100830 -0.95825 -0.14038 0.21729 
0.15259 0.35400 0.113159 -0.85571 -0.5737 0.66284 
0.29053 0.26367 0.123291 -0.75684 -0.5737 0.112061 
0.47119 0.15747 0.132690 -0.67383 0.6104 0.154785 
0.68970 0.2930 0.140869 -0.59570 0.19653 0.129028 
0.92773 -0.11108 0.146606 -0.53223 0.34790 0.191528 
0.117188 -0.24536 0.150513 -0.49805 0.50415 0.219971 
0.142212 -0.37964 0.155396 -0.50659 0.65063 0.239136 
0.136963 -0.50415 0.160034 -0.53589 0.77759 0.249268 
0.161865 -0.60913 0.165771 -0.55786 0.86792 0.250855 
0.193115 -0.67993 0.172363 -0.56030 0.91797 0.244751 
0.214844 -0.72266 0.178223 -0.53467 0.92285 0.233276 
0.232056 -0.75684 0.182617 -0.48218 0.88989 0.217896 
0.244141 -0.75684 0.184937 -0.41016 0.82642 0.201172 
0.252075 -0.79590 0.185547 -0.32715 0.73364 0.184937 
0.257690 -0.84717 0.185059 -0.23926 0.63843 0.170288 
0.263428 -0.90576 0.184448 -0.14893 0.55420 0.158447 
0.270752 -0.96191 0.184448 -0.6470 0.49927 0.149658 
0.289795 -0.101685 0.194336 -0.14038 0.70801 0.155640 
0.296387 -0.102051 0.188355 -0.25269 0.84839 0.150513 
0.302612 -0.105835 0.188965 -0.25269 0.82397 0.137573 
0.303711 -0.107300 0.182861 -0.19897 0.70801 0.119507 
0.301758 -0.107910 0.176758 -0.12085 0.89722 0.98511 
0.294189 -0.107910 0.169800 -0.6958 0.58472 0.76294 
0.283813 -0.107300 0.163208 -0.3784 0.46021 0.55054 
0.272461 -0.105469 0.158447 -0.2197 0.34546 0.36011 
0.260498 -0.102783 0.155396 -0.244 0.23071 0.51025 
0.249268 -0.100098 0.152710 0.2930 0.10620 0.19775 
0.239868 -0.96924 0.150024 0.7446 -0.1953 0.6958 
0.232178 -0.93628 0.146729 0.12329 -0.13794 -0.2441 
0.225464 -0.90332 0.142944 0.16479 -0.23804 -0.9277 
0.225464 -0.86792 0.138672 0.19409 -0.30884 -0.14404 
0.219116 -0.83618 0.134399 0.20142 -0.34546 -0.18433 
0.212891 -0.81055 0.130615 0.18188 -0.35156 -0.21484 
