0.211548 -0.16235 0.131226 0.28931 -0.10620 -0.34302 
0.211548 -0.13916 0.131836 0.24902 -0.13184 -0.37720 
0.209839 -0.11108 0.133545 0.21973 -0.16846 -0.38574 
0.210571 -0.11108 0.135010 0.20386 -0.20508 -0.39185 
0.212280 -0.9277 0.136475 0.20386 -0.23438 -0.39795 
0.213867 -0.7813 0.138062 0.22461 -0.26001 -0.40405 
0.215088 -0.5981 0.138062 0.26733 -0.28687 -0.41260 
0.214966 -0.4639 0.139771 0.32715 -0.31372 -0.42358 
0.213623 -0.3174 0.140503 0.39551 -0.37354 -0.42603 
0.212769 -0.1099 0.139160 0.45288 -0.47485 -0.42358 
0.213013 -0.610 0.136963 0.45288 -0.60303 -0.41626 
0.215698 -0.1587 0.134644 0.48340 -0.41260 -0.40405 
0.220337 -0.2686 0.132080 0.47241 -0.81055 -0.40161 
0.227295 -0.3174 0.130127 0.41138 -0.81055 -0.41748 
0.235596 -0.2197 0.130249 0.32471 -0.86670 -0.44556 
0.244385 -0.854 0.134155 0.23315 -0.89478 -0.47363 
0.252808 0.1221 0.137329 0.13550 -0.88257 -0.47363 
0.261597 0.1587 0.141113 0.7202 -0.83252 -0.50659 
0.270386 0.1099 0.144287 0.4761 -0.78491 -0.54321 
0.278442 0.977 0.146240 0.6226 -0.74463 -0.58350 
0.252930 0.854 0.147217 0.11353 -0.70801 -0.63354 
0.284180 0.1221 0.147461 0.19653 -0.68359 -0.69214 
0.286499 0.2319 0.147949 0.30640 -0.67749 -0.75073 
0.285400 0.5127 0.147095 0.43091 -0.69458 -0.79956 
0.283081 0.5127 0.143677 0.54565 -0.74463 -0.83740 
0.280273 0.8789 0.139526 0.62378 -0.81299 -0.86914 
0.278442 0.11475 0.136353 0.66772 -0.87646 -0.89478 
0.278198 0.14648 0.136353 0.69214 -0.93262 -0.91797 
0.279907 0.18799 0.135254 0.71045 -0.98267 -0.94971 
0.281250 0.23438 0.134521 0.72632 -0.102905 -0.100220 
0.279907 0.27222 0.133057 0.74219 -0.108276 -0.107056 
0.276123 0.29419 0.130005 0.74219 -0.114502 -0.114746 
0.269165 0.30518 0.125366 0.76050 -0.121704 -0.121460 
0.261230 0.31372 0.120239 0.77393 -0.98877 -0.126099 
0.253418 0.31616 0.113281 0.77881 -0.130127 -0.129272 
0.245972 0.31982 0.105225 0.78247 -0.138794 -0.131592 
0.238525 0.32471 0.96680 0.77759 -0.146240 -0.134033 
0.229980 0.33203 0.86304 0.76294 -0.151367 -0.137085 
0.221069 0.34424 0.75195 0.72632 -0.154053 -0.137085 
0.211182 0.35645 0.65063 0.65552 -0.154419 -0.140381 
0.200562 0.36865 0.57251 0.55542 -0.152710 -0.143066 
0.189941 0.39185 0.50049 0.45044 -0.150024 -0.144531 
0.189941 0.41870 0.45532 0.35034 -0.148071 -0.144775 
0.180054 0.44800 0.42114 0.26001 -0.147095 -0.143677 
0.169800 0.47485 0.40161 0.19409 -0.145874 -0.141602 
0.158081 0.47485 0.37476 0.16113 -0.142578 -0.138306 
0.145264 0.49683 0.34424 0.15991 -0.135254 -0.132813 
0.132324 0.52490 0.61401 0.18066 -0.124268 -0.124634 
0.120117 0.56030 0.25757 0.20630 -0.110596 -0.113770 
0.108154 0.59692 0.25757 0.22583 -0.95459 -0.101074 
0.96069 0.62744 0.19653 0.23682 -0.80688 -0.87524 
0.83496 0.66040 0.12695 0.22339 -0.67993 -0.73853 
0.71411 0.67993 0.5737 0.22339 -0.57617 -0.60059 
0.60425 0.69214 -0.977 0.17822 -0.50049 -0.45654 
0.52246 0.70068 -0.5615 0.12085 -0.44312 -0.30029 
0.46265 0.71045 -0.7324 0.6714 -0.44312 -0.12451 
0.42236 0.72144 -0.6348 0.1953 -0.38452 0.7202 
0.39551 0.73120 -0.4272 -0.1587 -0.30762 0.28931 
0.38086 0.72510 -0.2808 -0.2930 -0.20386 0.21118 
0.38330 0.70557 -0.2563 -0.3052 -0.7690 0.52368 
0.39917 0.67017 -0.2319 -0.3662 0.5737 0.76660 
0.41260 0.62500 -0.1343 -0.5249 0.18555 0.100342 
0.42847 0.56641 0.488 -0.7080 0.30396 0.123169 
0.42847 0.50537 0.3662 -0.8667 0.41382 0.145752 
0.45654 0.44189 0.8057 -0.8789 0.52124 0.169067 
0.50415 0.37598 0.15015 -0.6836 0.65552 0.192871 
0.59082 0.60059 0.22339 -0.3784 0.83496 0.216431 
0.70679 0.28809 0.31372 0.610 0.105713 0.239502 
0.84473 0.18555 0.41138 0.7813 0.128174 0.261353 
0.103394 0.7446 0.51636 0.14526 0.153442 0.281372 
0.124390 -0.3296 0.51636 0.17456 0.180176 0.298218 
0.145264 -0.12451 0.62012 0.18433 0.205078 0.309570 
0.161377 -0.20386 0.73486 0.18433 0.227539 0.316284 
0.173950 -0.27466 0.86914 0.18433 0.246704 0.322144 
0.184814 -0.34546 0.102783 0.17822 0.262573 0.329468 
0.196411 -0.40161 0.119873 0.18799 0.271484 0.339355 
0.212769 -0.46509 0.139771 0.21484 0.274780 0.362305 
0.232544 -0.59937 0.157593 0.23315 0.274780 0.393066 
0.241333 -0.57861 0.170288 0.27100 0.287109 0.391357 
0.255737 -0.69092 0.174561 0.35767 0.297730 0.382813 
0.268433 -0.78857 0.176147 0.47485 0.286621 0.382813 
0.276001 -0.86792 0.174683 0.53955 0.268799 0.377197 
0.281372 -0.93872 0.173950 0.49438 0.257568 0.368164 
0.287720 -0.103149 0.176147 0.39307 0.244385 0.355103 
0.287720 -0.110962 0.186157 0.30151 0.222412 0.342041 
0.300903 -0.115845 0.201538 0.24414 0.201660 0.332153 
0.319092 -0.117310 0.217529 0.22705 0.187012 0.320557 
0.338989 -0.117188 0.231812 0.26367 0.176147 0.301392 
0.356812 -0.117188 0.239624 0.37354 0.167725 0.273193 
0.367554 -0.118896 0.239624 0.53467 0.158936 0.238403 
0.367798 -0.120728 0.234985 0.67871 0.147827 0.202637 
0.362915 -0.124756 0.234985 0.76294 0.136108 0.169922 
0.357666 -0.128784 0.230347 0.77515 0.122437 0.139038 
0.355469 -0.135254 0.221558 0.72510 0.103760 0.111816 
0.357788 -0.140747 0.214478 0.72510 0.83008 0.86060 
0.366089 -0.142090 0.209717 0.61768 0.59570 0.59204 
0.375732 -0.141968 0.208374 0.47485 0.34302 0.30396 
0.382935 -0.142212 0.208374 0.33081 0.39673 0.732 
0.385620 -0.142090 0.207520 0.22095 0.8423 -0.28809 
0.383789 -0.141846 0.205322 0.13672 -0.17090 -0.57983 
0.378540 -0.140381 0.201416 0.6104 -0.43579 -0.56030 
0.372803 -0.138916 0.195801 0.977 -0.72144 -0.87280 
0.367188 -0.137573 0.189453 -0.1099 -0.101685 -0.116943 
0.360474 -0.135132 0.182007 -0.3174 -0.128784 -0.148193 
0.351685 -0.132813 0.173584 -0.6226 -0.150146 -0.180786 
0.371704 -0.129517 0.164063 -0.9766 -0.165039 -0.213867 
0.340454 -0.125122 0.157837 -0.14648 -0.177490 -0.245972 
0.327393 -0.150757 0.153442 -0.18921 -0.186279 -0.276245 
0.312134 -0.112305 0.150513 -0.20996 -0.193970 -0.303101 
0.296265 -0.112305 0.148560 -0.19897 -0.202026 -0.326050 
0.280151 -0.104614 0.143066 -0.15381 -0.207642 -0.345703 
0.264038 -0.97656 0.134033 -0.9399 -0.209351 -0.362671 
0.246948 -0.91919 0.134033 -0.3906 -0.205688 -0.376953 
0.227417 -0.86426 0.122803 0.122 -0.196045 -0.387451 
0.206665 -0.78735 0.110474 0.1831 -0.182495 -0.391846 
0.185547 -0.69336 0.98267 0.610 -0.168213 -0.389893 
0.164917 -0.59937 0.87524 0.610 -0.153320 -0.380981 
0.146484 -0.49927 0.79468 -0.2686 -0.136719 -0.366333 
0.129761 -0.40039 0.72754 -0.6714 -0.146973 -0.348022 
0.114502 -0.31982 0.65674 -0.11597 -0.115723 -0.327271 
0.101929 -0.21729 0.58838 -0.18921 -0.88867 -0.304688 
0.90454 -0.10132 0.53223 -0.29175 -0.59692 -0.312500 
0.80688 0.2075 0.50171 -0.38330 -0.33203 -0.281250 
0.71533 0.15137 0.49805 -0.47485 -0.9399 -0.256104 
0.60547 0.26855 0.47974 -0.59082 0.8789 -0.228760 
0.48584 0.36743 0.45532 -0.69092 0.17822 -0.200684 
0.37720 0.46631 0.41626 -0.77637 0.20874 -0.172730 
0.37720 0.54443 0.38208 -0.87769 0.18799 -0.145630 
0.28687 0.59082 0.37842 -0.98755 0.13428 -0.119507 
0.20996 0.60791 0.39917 -0.109375 0.7690 -0.94116 
0.15625 0.60791 0.44800 -0.118042 0.4395 -0.68604 
0.13062 0.63110 0.51758 -0.125488 0.4272 -0.42480 
0.13428 0.64941 0.60791 -0.131958 0.6836 -0.15137 
0.15747 0.66040 0.39185 -0.137695 0.12085 0.13794 
0.20142 0.66162 0.70435 -0.141968 0.18555 0.43579 
0.26733 0.64087 0.81787 -0.143921 0.24536 0.73730 
0.36377 0.60791 0.94849 -0.142700 0.29541 0.103394 
0.47607 0.56030 0.108154 -0.142700 0.33569 0.131958 
0.60669 0.48584 0.120605 -0.138306 0.37109 0.159790 
0.75806 0.40161 0.132080 -0.131714 0.40771 0.186401 
0.93506 0.31738 0.141968 -0.122681 0.40771 0.211304 
0.114990 0.22949 0.150391 -0.112671 0.44312 0.232910 
0.139282 0.14648 0.157593 -0.102295 0.49316 0.219116 
0.164917 0.7935 0.163696 -0.92163 0.55298 0.262085 
0.188110 0.977 0.168579 -0.82642 0.59204 0.262085 
0.210449 -0.7690 0.172974 -0.73975 0.59692 0.268677 
0.198730 -0.15015 0.176025 -0.65918 0.59448 0.273193 
0.247559 -0.21240 0.177368 -0.58350 0.59326 0.273315 
0.247559 -0.27954 0.178711 -0.50659 0.56885 0.267212 
0.264526 -0.32837 0.179810 -0.42725 0.52124 0.258423 
