0.239258 0.60059 0.17822 -0.7813 0.20386 -0.19287 
0.237793 0.63232 0.18677 -0.10132 0.21851 -0.20752 
0.235840 0.66162 0.18311 -0.11475 0.22339 -0.21362 
0.234009 0.67261 0.16602 -0.12939 0.21118 -0.21484 
0.234375 0.68359 0.17334 -0.14893 0.19897 -0.20508 
0.234375 0.69824 0.20752 -0.17700 0.18555 -0.18799 
0.234253 0.70801 0.26001 -0.20752 0.16846 -0.16846 
0.234009 0.72388 0.32227 -0.22217 0.14771 -0.14648 
0.234009 0.72388 0.39185 -0.22217 0.12451 -0.12573 
0.233032 0.74707 0.45288 -0.21240 0.10376 -0.10620 
0.232056 0.76172 0.49683 -0.19165 0.6958 -0.8667 
0.232666 0.76294 0.49683 -0.15625 0.3418 -0.6592 
0.233887 0.76172 0.51514 -0.12695 -0.610 -0.4761 
0.234009 0.75439 0.51147 -0.10864 -0.5005 -0.2441 
0.234253 0.74219 0.49194 -0.10132 -0.10132 0.366 
0.234131 0.73853 0.46997 -0.10132 -0.15259 0.2319 
0.233398 0.73975 0.45898 -0.11230 -0.19043 0.3662 
0.232056 0.74951 0.46021 -0.13062 -0.20874 0.5249 
0.229980 0.76172 0.47729 -0.14404 -0.20874 0.7202 
0.226685 0.76660 0.48584 -0.14404 -0.18921 0.10010 
0.224609 0.77271 0.48462 -0.11719 -0.15991 0.13550 
0.221802 0.76416 0.45288 -0.7568 -0.14404 0.16846 
0.219605 0.75195 0.40405 -0.3174 -0.12085 0.16846 
0.216919 0.73853 0.35034 0.00 -0.8301 0.19531 
0.213745 0.73120 0.29541 0.732 -0.3296 0.21729 
0.210693 0.72388 0.24536 -0.1343 0.2075 0.23438 
0.210693 0.71655 0.21240 -0.5493 0.7080 0.24902 
0.207886 0.71289 0.18799 -0.10620 0.11597 0.26367 
0.204102 0.70068 0.16235 -0.15991 0.15625 0.27588 
0.199707 0.70068 0.14038 -0.21851 0.19775 0.28931 
0.195313 0.68115 0.12207 -0.27832 0.24780 0.31006 
0.190430 0.65552 0.10254 -0.33936 0.30640 0.33691 
0.184692 0.62988 0.7690 -0.40894 0.36255 0.37231 
0.180298 0.58716 0.7690 -0.48950 0.42725 0.43091 
0.173462 0.56885 0.5371 -0.56763 0.48828 0.46387 
0.170532 0.54077 0.5615 -0.32715 0.53467 0.50293 
0.168091 0.52246 0.9399 -0.63965 0.57617 0.55664 
0.165527 0.50537 0.14038 -0.70679 0.60791 0.62134 
0.164063 0.49072 0.19409 -0.77026 0.31372 0.69702 
0.165161 0.46631 0.24536 -0.82764 0.62622 0.77759 
0.168091 0.42358 0.29053 -0.87280 0.62622 0.85938 
0.172363 0.36743 0.32227 -0.90576 0.61401 0.93506 
0.177490 0.30762 0.33203 -0.93262 0.59204 0.68604 
0.182861 0.24780 0.33447 -0.95703 0.56152 0.99854 
0.187012 0.17700 0.34790 -0.98389 0.53467 0.104004 
0.161133 0.13550 0.37842 -0.102417 0.52368 0.107178 
0.197144 0.12329 0.43213 -0.108765 0.53345 0.110107 
0.197144 0.13062 0.52124 -0.115967 0.56274 0.112915 
0.201782 0.14526 0.63232 -0.121094 0.60181 0.116089 
0.205444 0.15503 0.74707 -0.121704 0.63599 0.119263 
0.209351 0.14282 0.83984 -0.118408 0.67139 0.124146 
0.214355 0.14282 0.90576 -0.112671 0.71533 0.130859 
0.222534 0.10132 0.63477 -0.106079 0.76294 0.137817 
0.233887 0.6104 0.98389 -0.100098 0.80811 0.143188 
0.246704 0.2686 0.98389 -0.96069 0.85571 0.145386 
0.260376 0.1099 0.102051 -0.93750 0.89844 0.144409 
0.272949 0.488 0.107178 -0.92407 0.92773 0.140259 
0.283569 0.488 0.113525 -0.92407 0.93628 0.133545 
0.291992 0.1099 0.120972 -0.89966 0.92163 0.125610 
0.297852 0.1221 0.128296 -0.84961 0.89722 0.118652 
0.341675 -0.3540 0.147095 -0.78491 0.83130 0.149170 
0.329346 -0.12329 0.153687 -0.84717 0.114380 0.164063 
0.333984 -0.21240 0.161743 -0.93506 0.161621 0.159058 
0.337158 -0.24780 0.166870 -0.94849 0.196899 0.177490 
0.340332 -0.29175 0.171143 -0.85571 0.201904 0.146240 
0.341675 -0.30029 0.175415 -0.69580 0.182617 0.129395 
0.342285 -0.30396 0.178833 -0.53101 0.152954 0.107910 
0.336914 -0.32593 0.181396 -0.40161 0.122559 0.81177 
0.336914 -0.36743 0.184326 -0.28076 0.96069 0.48950 
0.327881 -0.36865 0.185913 -0.14404 0.73486 0.14404 
0.318970 -0.33325 0.187256 0.488 0.52612 -0.18921 
0.311523 -0.60669 0.189087 0.16113 0.31860 -0.48950 
0.306763 -0.29419 0.189087 0.29785 0.11108 -0.71533 
0.312256 -0.25757 0.216919 0.36377 -0.13184 -0.77393 
0.314697 -0.23804 0.180176 0.37720 -0.34912 -0.72754 
0.312622 -0.23438 0.180176 0.38208 -0.47607 -0.69580 
0.312622 -0.23193 0.175415 0.37354 -0.50903 -0.70435 
0.312378 -0.24048 0.173096 0.35889 -0.46265 -0.73975 
0.311401 -0.25879 0.172119 0.35889 -0.37842 -0.78613 
0.309448 -0.28076 0.171265 0.35522 -0.30518 -0.83862 
0.306152 -0.29419 0.169434 0.36987 -0.28320 -0.90942 
0.302612 -0.29175 0.165894 0.40649 -0.1099 -0.100342 
0.300049 -0.27954 0.162354 0.45654 -0.32349 -0.110962 
0.296021 -0.25757 0.158569 0.51025 -0.39673 -0.122192 
0.290283 -0.22705 0.153564 0.55664 -0.47119 -0.100952 
0.283691 -0.18555 0.147705 0.59570 -0.52856 -0.132202 
0.277222 -0.15503 0.141235 0.63110 -0.57007 -0.140015 
0.270142 -0.12573 0.133789 0.65552 -0.59326 -0.146362 
0.261719 -0.8667 0.125854 0.66772 -0.60303 -0.151855 
0.252563 -0.4028 0.117310 0.66528 -0.61646 -0.156616 
0.252563 0.854 0.109253 0.64453 -0.64941 -0.160645 
0.242310 0.5981 0.103027 0.60791 -0.71289 -0.164429 
0.232056 0.11353 0.95825 0.56763 -0.80933 -0.167603 
0.220825 0.11353 0.90332 0.53833 -0.94482 -0.170044 
0.209106 0.17456 0.85938 0.50781 -0.105347 -0.170532 
0.200317 0.22827 0.80444 0.46631 -0.114258 -0.166016 
0.188721 0.28076 0.80444 0.43701 -0.120605 -0.160034 
0.177490 0.33081 0.73364 0.42969 -0.123291 -0.152954 
0.166138 0.37231 0.66040 0.42725 -0.121216 -0.144653 
0.156372 0.40527 0.58350 0.41016 -0.114258 -0.134888 
0.147461 0.42969 0.51392 0.41016 -0.104492 -0.123657 
0.140503 0.45288 0.46387 0.38086 -0.123901 -0.111450 
0.134766 0.47485 0.42603 0.34424 -0.80322 -0.99243 
0.130371 0.49927 0.39185 0.29785 -0.80322 -0.86914 
0.126587 0.52246 0.35889 0.25146 -0.68970 -0.74951 
0.122192 0.52246 0.32227 0.20630 -0.59448 -0.64453 
0.117920 0.52368 0.27344 0.16479 -0.51758 -0.64453 
0.113647 0.50293 0.22583 0.11719 -0.44800 -0.54565 
0.110352 0.46509 0.19287 0.5859 -0.37109 -0.45410 
0.109009 0.43579 0.17822 -0.1099 -0.27222 -0.36743 
0.108032 0.42480 0.18555 -0.9766 -0.14648 -0.28198 
0.108032 0.42603 0.20508 -0.18921 -0.366 -0.18799 
0.108521 0.43579 0.22461 -0.28564 0.14404 -0.8911 
0.110352 0.45044 0.25024 -0.37598 0.28320 0.1465 
0.112549 0.45044 0.26733 -0.45654 0.40527 0.11719 
0.115234 0.45410 0.28687 -0.52856 0.51392 0.21484 
0.118530 0.44434 0.30518 -0.58594 0.62012 0.31128 
0.121826 0.41748 0.30518 -0.63110 0.72876 0.40649 
0.125854 0.38818 0.33203 -0.67871 0.84229 0.50171 
0.130127 0.35645 0.36621 -0.73608 0.95215 0.59082 
0.135132 0.31250 0.39429 -0.81421 0.104736 0.66284 
0.140869 0.27344 0.42236 -0.81421 0.111572 0.70801 
0.145874 0.24780 0.44922 -0.91064 0.114380 0.73120 
0.150269 0.24658 0.48218 -0.101074 0.113037 0.74219 
0.154297 0.26733 0.52368 -0.110474 0.113037 0.74951 
0.157715 0.27832 0.60303 -0.118896 0.108521 0.79834 
0.163086 0.28320 0.63354 -0.126831 0.100220 0.88379 
0.159668 0.31616 0.69702 -0.129761 0.94238 0.88623 
0.167603 0.26123 0.78979 -0.130493 0.96558 0.88623 
0.171021 0.22217 0.89233 -0.130615 0.103027 0.96191 
0.179077 0.16968 0.99609 -0.130249 0.115234 0.104492 
0.160400 0.12085 0.111206 -0.130249 0.127930 0.111084 
0.191650 0.9888 0.125488 -0.131348 0.139893 0.115967 
0.207520 0.10376 0.142700 -0.134033 0.149292 0.118774 
0.223511 0.12451 0.161621 -0.136963 0.154785 0.118896 
0.238770 0.12451 0.180298 -0.137939 0.156006 0.116455 
0.250488 0.13916 0.196289 -0.135254 0.152832 0.111938 
0.258667 0.13550 0.208374 -0.127808 0.145874 0.105469 
0.264648 0.12817 0.215820 -0.116821 0.136353 0.97900 
0.269287 0.10010 0.215820 -0.104126 0.126831 0.89722 
0.301636 0.11963 0.224854 -0.103149 0.141968 0.111206 
0.298340 -0.8179 0.232178 -0.109497 0.180786 0.126465 
0.300415 -0.12695 0.235474 -0.109497 0.208130 0.113037 
0.297241 -0.11841 0.233154 -0.106567 0.207520 0.88989 
0.298706 -0.9033 0.234131 -0.90088 0.212646 0.65063 
0.297363 -0.7080 0.236572 -0.71533 0.181396 0.41870 
0.295776 -0.6714 0.238892 -0.56030 0.146118 0.19775 
0.289673 -0.6714 0.239624 -0.43213 0.114868 0.244 
0.280518 -0.7202 0.238403 -0.32349 0.91797 0.16357 
0.269531 -0.5615 0.234375 -0.22949 0.73120 -0.14893 
