0.211792 0.51514 0.34180 0.17944 0.8179 -0.16602 
0.214478 0.51270 0.32715 0.18188 0.15991 -0.15381 
0.217651 0.52002 0.31982 0.16479 0.23315 -0.14404 
0.189209 0.52734 0.32593 0.12939 0.29175 -0.13550 
0.220459 0.53345 0.34790 0.9033 0.32471 -0.12329 
0.224365 0.55664 0.38696 0.6226 0.33081 -0.10376 
0.229736 0.57617 0.42603 0.5005 0.31738 -0.8057 
0.233521 0.57617 0.47241 0.5249 0.29297 -0.5371 
0.236206 0.60059 0.53589 0.6592 0.25024 -0.1953 
0.237183 0.64453 0.60059 0.9399 0.16846 0.1831 
0.237549 0.67627 0.61157 0.14404 0.4395 0.4883 
0.238281 0.66650 0.61157 0.18555 -0.8179 0.5249 
0.239136 0.60913 0.53711 0.16968 -0.18433 0.2197 
0.240112 0.54321 0.44312 0.9277 -0.25146 -0.3174 
0.242554 0.51514 0.39429 0.9277 -0.29419 -0.9277 
0.245361 0.52979 0.40649 -0.1465 -0.32715 -0.15137 
0.246460 0.54565 0.44556 -0.11353 -0.35400 -0.18799 
0.245361 0.55786 0.48706 -0.16602 -0.37476 -0.18555 
0.242432 0.57617 0.52002 -0.16479 -0.37476 -0.15259 
0.238525 0.59204 0.53833 -0.12817 -0.38818 -0.9277 
0.234253 0.59326 0.52246 -0.6104 -0.40039 -0.1709 
0.233276 0.59937 0.49805 0.1465 -0.39185 -0.1709 
0.231567 0.58350 0.45410 0.7813 -0.37720 0.5981 
0.230469 0.57617 0.41748 0.13184 -0.34424 0.12451 
0.229248 0.58105 0.37964 0.16846 -0.29785 0.16968 
0.229248 0.58838 0.34180 0.17944 -0.24292 0.19531 
0.227539 0.60547 0.31494 0.15747 -0.18311 0.19409 
0.225098 0.62134 0.31006 0.10864 -0.12329 0.16968 
0.220947 0.31982 0.31738 0.5737 -0.6592 0.13550 
0.213013 0.63232 0.31860 0.2319 -0.1953 0.10742 
0.201294 0.62500 0.31250 0.1343 0.977 0.10132 
0.188110 0.61035 0.61646 0.1587 0.2197 0.12329 
0.173828 0.59448 0.30396 0.2319 0.2197 0.17944 
0.159180 0.58716 0.29663 0.2075 0.2075 0.27344 
0.144409 0.60059 0.29297 0.488 0.2808 0.40771 
0.129517 0.61890 0.28809 0.488 0.5493 0.58105 
0.115845 0.63721 0.29907 -0.2930 0.9888 0.78491 
0.104614 0.64819 0.33203 -0.7935 0.15015 0.101074 
0.97778 0.64453 0.37842 -0.12085 0.20752 0.125488 
0.94116 0.61157 0.42969 -0.13184 0.20752 0.150635 
0.93628 0.55542 0.48096 -0.12207 0.26733 0.144165 
0.93506 0.47607 0.52368 -0.8057 0.34302 0.168213 
0.94116 0.36987 0.54443 -0.610 0.43091 0.199463 
0.95215 0.26123 0.53101 0.7690 0.53345 0.222412 
0.100952 0.12573 0.49194 0.12695 0.63110 0.243164 
0.105591 0.2930 0.49072 0.11963 0.68848 0.273193 
0.105591 -0.4517 0.47119 0.6348 0.81787 0.300415 
0.117432 -0.18555 0.47363 0.2075 0.91064 0.317017 
0.135376 -0.854 0.50415 0.5981 0.91797 0.328491 
0.157837 -0.45776 0.55542 0.10376 0.92285 0.337158 
0.180908 -0.45776 0.61157 0.13062 0.97290 0.342407 
0.199829 -0.57861 0.67017 0.13916 0.107300 0.342773 
0.213501 -0.67749 0.75439 0.15381 0.117554 0.338867 
0.223999 -0.75806 0.75439 0.18311 0.125488 0.333252 
0.235230 -0.83130 0.85571 0.22583 0.130005 0.328369 
0.249023 -0.90942 0.97900 0.26001 0.133057 0.324463 
0.266235 -0.100708 0.109497 0.29907 0.139771 0.319824 
0.283447 -0.112061 0.119019 0.29907 0.149170 0.312256 
0.298706 -0.121704 0.125122 0.35400 0.155396 0.301392 
0.309692 -0.129395 0.129761 0.40283 0.125977 0.286011 
0.315186 -0.135010 0.132446 0.43823 0.157227 0.266724 
0.316162 -0.135498 0.131226 0.46021 0.157227 0.244873 
0.310547 -0.133545 0.130493 0.44189 0.154663 0.222168 
0.302856 -0.132568 0.132935 0.37720 0.149414 0.222168 
0.298340 -0.132446 0.139160 0.29541 0.141480 0.203735 
0.300903 -0.136353 0.148682 0.23438 0.129639 0.189941 
0.308472 -0.140747 0.155518 0.21973 0.116455 0.180054 
0.291870 -0.146362 0.162476 0.22949 0.102051 0.170532 
0.323120 -0.153687 0.164917 0.18311 0.98389 0.162842 
0.337647 -0.125854 0.161377 0.12085 0.98755 0.149902 
0.351074 -0.163696 0.159302 0.13672 0.92529 0.129639 
0.359863 -0.163696 0.156006 0.11475 0.80444 0.104126 
0.366699 -0.167725 0.151855 0.12329 0.59448 0.72876 
0.367920 -0.170532 0.151367 0.15503 0.31494 0.38330 
0.370605 -0.171997 0.151367 0.19409 0.8423 0.5981 
0.372559 -0.171265 0.152710 0.17700 -0.5493 -0.24048 
0.371582 -0.169800 0.153076 0.15015 -0.15259 -0.51880 
0.367920 -0.168701 0.151978 0.11841 -0.24170 -0.75684 
0.360474 -0.166748 0.148560 0.11841 -0.33569 -0.97656 
0.350464 -0.164673 0.142700 0.10254 -0.42725 -0.119019 
0.339478 -0.162354 0.136963 0.9644 -0.49072 -0.138672 
0.327271 -0.158813 0.131836 0.8179 -0.49072 -0.156494 
0.314697 -0.154785 0.126953 0.6226 -0.52734 -0.173218 
0.302612 -0.151245 0.122803 0.5615 -0.55176 -0.157837 
0.291138 -0.145874 0.120361 0.7080 -0.56641 -0.203735 
0.280151 -0.138428 0.117920 0.8423 -0.59082 -0.203735 
0.270752 -0.131348 0.115112 0.9766 -0.61523 -0.217285 
0.263428 -0.125122 0.111572 0.10864 -0.62012 -0.230347 
0.255371 -0.119019 0.106201 0.9644 -0.59814 -0.243896 
0.255371 -0.112427 0.100464 0.6470 -0.57251 -0.257813 
0.245361 -0.105469 0.95093 0.2930 -0.56152 -0.270752 
0.233887 -0.97168 0.89966 -0.122 -0.56274 -0.281738 
0.221069 -0.97168 0.84595 -0.3784 -0.56274 -0.290405 
0.207397 -0.88501 0.80078 -0.8789 -0.56885 -0.295532 
0.192749 -0.79834 0.77271 -0.14404 -0.57129 -0.296875 
0.177856 -0.70190 0.75562 -0.19897 -0.56030 -0.294067 
0.163574 -0.60059 0.75562 -0.24902 -0.52979 -0.286621 
0.150146 -0.50049 0.73608 -0.30396 -0.47974 -0.274658 
0.138672 -0.40161 0.72388 -0.4639 -0.42114 -0.258423 
0.128174 -0.30762 0.71533 -0.35889 -0.36133 -0.239502 
0.118652 -0.22095 0.69702 -0.39917 -0.29541 -0.218750 
0.110107 -0.13550 0.67261 -0.43457 -0.22827 -0.196655 
0.102661 -0.5127 0.64331 -0.47485 -0.22827 -0.174194 
0.97656 0.2319 0.60913 -0.51392 -0.17822 -0.151733 
0.96313 0.7324 0.58716 -0.55054 -0.13794 -0.128296 
0.95825 0.13428 0.54810 -0.59937 -0.10010 -0.138916 
0.94604 0.19775 0.55664 -0.63354 -0.5493 -0.107666 
0.93140 0.23926 0.52979 -0.68237 0.6714 -0.91187 
0.89600 0.25024 0.53467 -0.73730 0.19287 -0.76538 
0.84351 0.26123 0.55542 -0.78979 0.32104 -0.63721 
0.84351 0.27222 0.61157 -0.83618 0.42725 -0.51880 
0.78979 0.29053 0.67871 -0.86670 0.50049 -0.40405 
0.73486 0.31006 0.75928 -0.88623 0.53467 -0.28320 
0.68115 0.31006 0.83984 -0.90698 0.53467 -0.13794 
0.63110 0.32959 0.93140 -0.92285 0.50049 0.3540 
0.61768 0.31128 0.72876 -0.91675 0.46021 0.25513 
0.67749 0.25635 0.114868 -0.90454 0.45166 0.52734 
0.79712 0.20264 0.114868 -0.88135 0.46631 0.80811 
0.94971 0.14160 0.124634 -0.83374 0.48218 0.106567 
0.113037 0.7813 0.133545 -0.77271 0.49072 0.129639 
0.132446 0.366 0.140381 -0.77271 0.49316 0.149292 
0.152832 -0.7935 0.144287 -0.70679 0.49194 0.163696 
0.172852 -0.16357 0.145874 -0.64941 0.49072 0.171875 
0.191772 -0.25757 0.146362 -0.61890 0.48828 0.176025 
0.209717 -0.34790 0.147583 -0.60547 0.48828 0.177612 
0.227051 -0.43091 0.150269 -0.59204 0.48462 0.178223 
0.244019 -0.49316 0.154053 -0.56885 0.48462 0.177002 
0.258789 -0.53711 0.156860 -0.52856 0.49438 0.177002 
0.270264 -0.56763 0.157837 -0.46631 0.50903 0.172363 
0.277710 -0.59937 0.156616 -0.39307 0.51758 0.164063 
0.280762 -0.63843 0.153442 -0.32593 0.51392 0.153198 
0.280762 -0.68481 0.150879 -0.27344 0.49927 0.141846 
0.282471 -0.72510 0.149536 -0.24170 0.48096 0.132202 
0.285034 -0.75195 0.149902 -0.22095 0.46509 0.124634 
0.288452 -0.76782 0.151001 -0.19287 0.45532 0.117798 
0.292969 -0.76782 0.151978 -0.15259 0.45288 0.110962 
0.297241 -0.77393 0.151978 -0.10010 0.46387 0.102783 
0.300049 -0.78125 0.150146 -0.4150 0.48828 0.93140 
0.300659 -0.78491 0.150146 0.1343 0.51392 0.81177 
0.298462 -0.78857 0.147705 0.4395 0.54443 0.68848 
0.297241 -0.81299 0.149414 0.30884 0.56030 0.59692 
0.287476 -0.78247 0.142822 -0.366 0.44312 0.47119 
0.277344 -0.77515 0.140625 0.854 0.30151 0.35278 
0.270020 -0.76538 0.139893 0.2441 0.19287 0.25024 
0.262085 -0.75562 0.140137 0.1831 0.11719 0.15503 
0.254517 -0.74097 0.139893 0.1953 0.11719 0.6714 
0.247681 -0.72632 0.139038 0.4517 0.5615 0.31128 
0.241333 -0.70801 0.136963 0.7935 -0.122 -0.5127 
0.236450 -0.68848 0.135132 0.10864 -0.5249 -0.5127 
0.230835 -0.66772 0.132446 0.11230 -0.8789 -0.7202 
