0.238281 0.29297 0.54321 -0.13062 0.17456 -0.25879 
0.239624 0.32104 0.55542 -0.13428 0.21362 -0.29907 
0.238770 0.35034 0.56396 -0.11841 0.24048 -0.31738 
0.238892 0.38818 0.56763 -0.10620 0.24780 -0.32227 
0.238892 0.41626 0.56030 -0.10132 0.24048 -0.31372 
0.238770 0.43579 0.55176 -0.11108 0.22949 -0.28931 
0.239990 0.45410 0.56152 -0.14282 0.20752 -0.26123 
0.242554 0.45410 0.60059 -0.18188 0.18555 -0.23071 
0.245361 0.49072 0.67749 -0.21851 0.15015 -0.19897 
0.247070 0.54932 0.76538 -0.23926 0.8911 -0.16846 
0.244873 0.59814 0.85083 -0.23071 -0.1953 -0.13794 
0.241943 0.62988 0.85083 -0.18433 -0.17090 -0.10620 
0.240723 0.62988 0.91675 -0.10742 -0.32104 -0.8057 
0.239990 0.59204 0.92896 -0.3296 -0.43457 -0.6836 
0.237549 0.54199 0.87036 -0.3296 -0.51025 -0.6470 
0.235107 0.50171 0.79468 -0.244 -0.53101 -0.6470 
0.234253 0.47363 0.72754 -0.2930 -0.52856 -0.5859 
0.233765 0.45776 0.69458 -0.9644 -0.52856 -0.4028 
0.232666 0.44556 0.69458 -0.17334 -0.51636 -0.122 
0.229492 0.40527 0.70923 -0.22583 -0.49072 -0.26123 
0.227417 0.39917 0.72388 -0.23926 -0.46021 0.9399 
0.227661 0.40161 0.73608 -0.18677 -0.42480 0.9399 
0.228516 0.40039 0.71167 -0.9277 -0.38574 0.12939 
0.228760 0.38574 0.64697 0.610 -0.34546 0.15381 
0.226929 0.37842 0.54688 0.8789 -0.30762 0.15259 
0.226929 0.38086 0.46143 0.13062 -0.26611 0.12695 
0.224731 0.39917 0.40039 0.13062 -0.21606 0.8789 
0.220947 0.41992 0.35767 0.11230 -0.16113 0.4272 
0.214233 0.41992 0.32593 0.9033 -0.10376 0.610 
0.204468 0.44312 0.32471 0.5981 -0.5615 -0.610 
0.191040 0.47485 0.34790 0.2197 -0.2686 0.977 
0.172485 0.49683 0.37720 -0.610 -0.1953 0.5615 
0.146973 0.52979 0.37720 -0.2930 -0.3296 0.14404 
0.116333 0.57129 0.39917 -0.6226 -0.6836 0.30640 
0.88135 0.63965 0.40161 -0.10010 -0.12817 0.56396 
0.69336 0.67749 0.39307 -0.10010 -0.19409 0.90454 
0.62378 0.64331 0.38208 -0.12207 -0.22095 0.130249 
0.65308 0.54443 0.37354 -0.11475 -0.18188 0.173340 
0.74585 0.42969 0.38574 -0.10010 -0.18188 0.215576 
0.85083 0.31006 0.43091 -0.9155 -0.6348 0.252808 
0.93994 0.18433 0.48096 -0.6958 0.12695 0.253052 
0.100586 0.5249 0.54810 -0.1465 0.32715 0.311768 
0.108887 -0.8545 0.63110 0.7080 0.51758 0.311768 
0.122192 -0.24536 0.71411 0.18433 0.71045 0.338989 
0.141235 -0.43579 0.74463 0.31494 0.89722 0.366943 
0.135986 -0.63232 0.75073 0.43823 0.107300 0.391724 
0.167236 -0.81299 0.76050 0.51392 0.126099 0.408325 
0.195435 -0.96558 0.78491 0.52979 0.145142 0.414551 
0.222656 -0.106567 0.81909 0.51147 0.162964 0.409058 
0.247681 -0.112793 0.87402 0.45532 0.178223 0.391968 
0.268311 -0.112793 0.94604 0.35767 0.188843 0.365356 
0.280762 -0.117676 0.104370 0.25146 0.192627 0.333862 
0.289429 -0.122192 0.115479 0.16968 0.188965 0.303955 
0.298584 -0.127808 0.115479 0.13062 0.178589 0.278809 
0.309937 -0.132935 0.126953 0.12573 0.165527 0.257324 
0.323120 -0.136475 0.135620 0.13062 0.151978 0.235718 
0.337891 -0.139526 0.143066 0.13062 0.138672 0.212646 
0.351563 -0.140991 0.148438 0.13306 0.124390 0.187134 
0.361694 -0.141968 0.151123 0.13916 0.108398 0.159180 
0.379150 -0.147461 0.162720 0.14038 0.113281 0.145386 
0.373047 -0.145996 0.158691 -0.488 0.113281 0.120361 
0.371948 -0.151123 0.161865 -0.13184 0.114502 0.124023 
0.367310 -0.152222 0.161743 -0.15381 0.100586 0.64819 
0.362671 -0.151978 0.162231 -0.8179 0.74219 0.64819 
0.357788 -0.151123 0.158325 0.3906 0.45288 0.35889 
0.356689 -0.151245 0.152588 0.17212 0.17944 0.5737 
0.361206 -0.153198 0.149048 0.26611 0.122 -0.23560 
0.361206 -0.154541 0.141724 0.23071 -0.1831 -0.47607 
0.362793 -0.153442 0.132080 0.10986 0.1221 -0.69580 
0.358521 -0.152832 0.124878 0.610 -0.244 -0.95093 
0.352661 -0.151245 0.121216 -0.6592 -0.4883 -0.122070 
0.345581 -0.151245 0.119507 -0.13916 -0.9888 -0.146729 
0.335938 -0.147827 0.118530 -0.20630 -0.15625 -0.167847 
0.324097 -0.143188 0.116577 -0.23926 -0.24780 -0.186157 
0.311401 -0.138550 0.116577 -0.23438 -0.36499 -0.201782 
0.299316 -0.134155 0.113037 -0.21484 -0.47974 -0.215210 
0.287720 -0.129517 0.106812 -0.19897 -0.55664 -0.227295 
0.276978 -0.124268 0.98999 -0.20386 -0.57495 -0.239624 
0.265503 -0.118164 0.92041 -0.20386 -0.53345 -0.251587 
0.251709 -0.110229 0.85693 -0.23071 -0.45532 -0.261963 
0.235352 -0.100708 0.80688 -0.26489 -0.37964 -0.269165 
0.217896 -0.91309 0.77515 -0.29907 -0.37964 -0.271606 
0.201416 -0.81299 0.73364 -0.33569 -0.32104 -0.269409 
0.186279 -0.71777 0.70679 -0.37231 -0.30762 -0.263306 
0.173828 -0.62378 0.67871 -0.41626 -0.31250 -0.263306 
0.164795 -0.53223 0.65186 -0.46875 -0.33203 -0.254150 
0.158447 -0.44067 0.62744 -0.52612 -0.36255 -0.242798 
0.185425 -0.35645 0.60547 -0.57861 -0.38696 -0.231079 
0.149536 -0.28076 0.58838 -0.63110 -0.38818 -0.220337 
0.149536 -0.21729 0.58472 -0.68848 -0.35156 -0.211304 
0.142944 -0.16479 0.58105 -0.73853 -0.27466 -0.202148 
0.134155 -0.11475 0.58594 -0.78125 -0.15747 -0.192139 
0.124268 -0.11475 0.57983 -0.82520 -0.977 -0.179565 
0.113037 -0.4517 0.62744 -0.84961 0.12451 -0.166260 
0.101929 0.2197 0.67505 -0.89722 0.29907 -0.150879 
0.92529 0.10742 0.67505 -0.95581 0.42480 -0.133179 
0.81421 0.16235 0.74829 -0.98755 0.49561 -0.113770 
0.69092 0.22095 0.82031 -0.98389 0.50781 -0.92651 
0.57617 0.27466 0.89844 -0.95825 0.47974 -0.69336 
0.47241 0.31128 0.98511 -0.95825 0.43701 -0.43457 
0.39185 0.32593 0.106445 -0.92163 0.38940 -0.14648 
0.34180 0.32349 0.112915 -0.87524 0.34668 0.16968 
0.32837 0.31006 0.118774 -0.83496 0.34668 0.50903 
0.35767 0.26855 0.123657 -0.82397 0.31006 0.87036 
0.44434 0.19531 0.128296 -0.82886 0.27344 0.62500 
0.60303 0.10376 0.134399 -0.82520 0.22949 0.132202 
0.81543 0.732 0.141480 -0.81665 0.18677 0.163452 
0.108276 -0.10254 0.148193 -0.79834 0.16479 0.198853 
0.106567 -0.23804 0.154785 -0.75195 0.17334 0.228149 
0.138062 -0.37720 0.159424 -0.67139 0.21240 0.249512 
0.169312 -0.50659 0.162231 -0.56763 0.28198 0.262939 
0.201172 -0.62744 0.163818 -0.45776 0.37598 0.267212 
0.231079 -0.72266 0.164551 -0.35400 0.48462 0.263672 
0.257446 -0.72266 0.165283 -0.26245 0.58838 0.254150 
0.279663 -0.79834 0.165283 -0.17090 0.65796 0.239502 
0.296875 -0.84961 0.164795 -0.7446 0.67261 0.219849 
0.310547 -0.89355 0.162842 0.854 0.64697 0.197632 
0.320679 -0.92529 0.162842 0.6836 0.59570 0.173950 
0.327026 -0.94482 0.159912 0.11108 0.52490 0.149170 
0.328735 -0.94727 0.156616 0.13550 0.45776 0.125610 
0.336304 -0.101563 0.161499 0.13550 0.48462 0.113281 
0.326660 -0.96436 0.153809 0.5127 0.44189 0.93262 
0.315796 -0.96191 0.149414 0.2808 0.33936 0.72021 
0.306763 -0.94604 0.146973 0.6592 0.33936 0.52490 
0.297363 -0.92651 0.144165 0.11108 0.22949 0.34912 
0.287964 -0.90210 0.141113 0.13916 0.13794 0.49927 
0.277832 -0.88135 0.137695 0.15991 0.6592 0.4639 
0.266846 -0.85327 0.133911 0.17456 0.366 0.4639 
0.255493 -0.82275 0.131104 0.18677 -0.5737 -0.7080 
0.275635 -0.78613 0.128540 0.19409 -0.12085 -0.15991 
0.234985 -0.76050 0.127075 0.18555 -0.17456 -0.22095 
0.234985 -0.73364 0.125122 0.14404 -0.20386 -0.24170 
0.225952 -0.70679 0.123901 0.10254 -0.21729 -0.25391 
0.218140 -0.69092 0.123779 0.8301 -0.22217 -0.26733 
0.212769 -0.69092 0.122925 0.7080 -0.22217 -0.25757 
0.208984 -0.67749 0.121704 0.5615 -0.22461 -0.22827 
0.205811 -0.67261 0.120850 0.4395 -0.22827 -0.19165 
0.203980 -0.66895 0.120361 0.3418 -0.22339 -0.15137 
0.202515 -0.66284 0.120361 0.2808 -0.20386 -0.11475 
0.201904 -0.65796 0.119507 0.2319 -0.17456 -0.8545 
0.202271 -0.65918 0.118164 0.1343 -0.13794 -0.6470 
0.203613 -0.66040 0.117554 0.1343 -0.10132 -0.5249 
0.206055 -0.66162 0.117310 0.122 -0.7324 -0.5005 
0.208008 -0.66650 0.117554 -0.854 -0.5493 -0.5493 
0.208740 -0.66406 0.117676 -0.1587 -0.4883 -0.6470 
0.208374 -0.65918 0.118042 -0.1831 -0.4883 -0.7446 
0.207764 -0.65918 0.118530 -0.1587 -0.5493 -0.7690 
0.207642 -0.65796 0.118286 -0.977 -0.6836 -0.7568 
0.207886 -0.65918 0.117432 -0.488 -0.8545 -0.7568 
0.207764 -0.66040 0.116821 -0.244 -0.9766 -0.7324 
