0.230225 0.46509 0.44189 -0.7935 0.39185 -0.42236 
0.229614 0.50903 0.45898 -0.11108 0.35645 -0.44189 
0.229126 0.55176 0.49683 -0.14648 0.31738 -0.48462 
0.229614 0.59082 0.56030 -0.18066 0.30396 -0.53345 
0.229614 0.63232 0.63232 -0.19531 0.31494 -0.56152 
0.228638 0.67139 0.70557 -0.19043 0.32104 -0.55786 
0.228149 0.69824 0.78003 -0.17090 0.30151 -0.50903 
0.226685 0.73853 0.86670 -0.12329 0.27222 -0.41748 
0.224121 0.73853 0.93872 -0.3540 0.24048 -0.28442 
0.221313 0.78491 0.95947 0.7202 0.19897 -0.12451 
0.217773 0.81543 0.94482 0.16846 0.12817 0.4028 
0.217651 0.81421 0.94482 0.23682 0.5981 0.17822 
0.220947 0.77515 0.90576 0.26489 0.2075 0.26611 
0.226440 0.72998 0.84595 0.24658 -0.854 0.30151 
0.232422 0.70435 0.79956 0.19531 -0.5615 0.29663 
0.237671 0.69092 0.77759 0.19531 -0.12939 0.27100 
0.241455 0.69458 0.76660 0.13916 -0.22949 0.23071 
0.243652 0.70923 0.75684 0.9155 -0.2930 0.18188 
0.242920 0.71777 0.75562 0.5737 -0.34180 0.12451 
0.241089 0.72998 0.75317 0.3906 -0.44312 0.7324 
0.236328 0.73975 0.73242 0.4028 -0.51025 0.3784 
0.235230 0.74585 0.72266 0.5493 -0.52246 0.3784 
0.232422 0.71777 0.64697 0.6470 -0.52979 0.2197 
0.230957 0.70557 0.57861 0.5005 -0.50537 0.366 
0.230225 0.70190 0.52856 -0.122 -0.45166 -0.1587 
0.228882 0.71045 0.50049 -0.7202 -0.37476 -0.3540 
0.228882 0.72144 0.48340 -0.14038 -0.28442 -0.5615 
0.226929 0.73120 0.46509 -0.19409 -0.19653 -0.7202 
0.224243 0.73975 0.44189 -0.24048 -0.11719 -0.8789 
0.220947 0.73975 0.41870 -0.28564 -0.4883 -0.10254 
0.217651 0.74951 0.38330 -0.33081 0.244 -0.11719 
0.213501 0.74707 0.35278 -0.37354 0.3784 -0.13062 
0.207520 0.73608 0.35278 -0.41382 0.5859 -0.13916 
0.200195 0.72754 0.34058 -0.44800 0.7202 -0.13306 
0.191650 0.72021 0.34424 -0.47241 0.7813 -0.10498 
0.181885 0.69580 0.33936 -0.49194 0.8911 -0.5493 
0.172119 0.66406 0.33081 -0.49194 0.10376 0.1953 
0.163330 0.62378 0.30884 -0.51270 0.12329 0.12329 
0.156372 0.57739 0.27588 -0.53711 0.14404 0.24902 
0.151855 0.53345 0.24170 -0.56763 0.14404 0.38818 
0.149292 0.50293 0.21606 -0.61279 0.16479 0.52490 
0.147339 0.48218 0.20752 -0.67871 0.18677 0.34058 
0.145020 0.46265 0.21851 -0.76172 0.21851 0.77026 
0.142700 0.43457 0.24658 -0.85449 0.25269 0.77026 
0.142334 0.39795 0.28931 -0.95337 0.27710 0.88989 
0.142456 0.36255 0.34302 -0.104492 0.32837 0.100952 
0.144775 0.34058 0.40527 -0.110840 0.38696 0.110474 
0.144775 0.31372 0.46387 -0.114136 0.44312 0.120605 
0.149658 0.28687 0.52979 -0.116089 0.50537 0.131958 
0.156494 0.26001 0.59570 -0.117798 0.57495 0.143311 
0.163818 0.26001 0.66895 -0.119141 0.64209 0.153198 
0.171509 0.22461 0.75562 -0.119995 0.69580 0.161133 
0.180542 0.18555 0.84717 -0.120605 0.73975 0.167236 
0.189941 0.13916 0.93506 -0.121338 0.78491 0.171875 
0.199829 0.9155 0.93506 -0.121948 0.83740 0.175171 
0.211426 0.4639 0.102173 -0.121826 0.89355 0.177368 
0.224243 0.610 0.110229 -0.120361 0.95459 0.178223 
0.237183 -0.1465 0.117310 -0.120361 0.100342 0.177124 
0.249878 -0.3662 0.124268 -0.118286 0.103638 0.173828 
0.261597 -0.6470 0.131836 -0.115845 0.104736 0.168335 
0.271362 -0.10376 0.138550 -0.112305 0.104736 0.161133 
0.279419 -0.14771 0.144043 -0.107300 0.103271 0.152466 
0.286621 -0.18921 0.149048 -0.101685 0.99854 0.142822 
0.292236 -0.22461 0.153687 -0.95215 0.95337 0.131836 
0.297485 -0.24536 0.158203 -0.88135 0.91675 0.131836 
0.328735 -0.40161 0.175659 -0.83008 0.93018 0.125488 
0.322266 -0.31616 0.181274 -0.93506 0.122192 0.144165 
0.322998 -0.31982 0.187988 -0.100220 0.156738 0.133301 
0.322998 -0.35889 0.191406 -0.97900 0.167358 0.117432 
0.324585 -0.35522 0.196533 -0.86914 0.151733 0.101929 
0.326050 -0.35889 0.200928 -0.71411 0.125488 0.82397 
0.329468 -0.35889 0.200806 -0.55664 0.98877 0.57373 
0.331177 -0.36865 0.197754 -0.40161 0.74341 0.27588 
0.328369 -0.38330 0.195923 -0.23926 0.52856 -0.5737 
0.322754 -0.38330 0.195923 -0.10010 0.36255 -0.38818 
0.317505 -0.36865 0.195923 -0.732 0.26367 -0.66284 
0.318115 -0.35889 0.197510 0.1953 0.22827 -0.77759 
0.317261 -0.35278 0.197754 0.2441 0.24414 -0.78125 
0.312622 -0.31494 0.195068 0.2441 0.28442 -0.78613 
0.308472 -0.28564 0.190308 0.5493 0.32715 -0.79590 
0.306641 -0.27710 0.183594 0.10010 0.36011 -0.80200 
0.306885 -0.26123 0.177246 0.13672 0.37354 -0.83374 
0.309692 -0.24414 0.172241 0.15747 0.37354 -0.90820 
0.312134 -0.23804 0.168945 0.17334 0.36011 -0.71045 
0.311890 -0.22095 0.166260 0.18921 0.30884 -0.117188 
0.309204 -0.20020 0.164307 0.20020 0.21240 -0.117188 
0.304932 -0.17822 0.163574 0.21240 0.7813 -0.134277 
0.299561 -0.15625 0.164307 0.23560 -0.7813 -0.152344 
0.291870 -0.14771 0.163940 0.26489 -0.24048 -0.169678 
0.291870 -0.15259 0.163086 0.28931 -0.38940 -0.185059 
0.282227 -0.15015 0.162354 0.29907 -0.51025 -0.197266 
0.270630 -0.13428 0.162354 0.29907 -0.59937 -0.206055 
0.257690 -0.10742 0.162476 0.29785 -0.67139 -0.211426 
0.244385 -0.10742 0.162109 0.30396 -0.74463 -0.213745 
0.231934 -0.7446 0.159058 0.31250 -0.83252 -0.213745 
0.219849 -0.4517 0.187134 0.33325 -0.94849 -0.213379 
0.208740 -0.610 0.155884 0.35156 -0.104858 -0.212158 
0.199341 0.2686 0.153442 0.36377 -0.113159 -0.208984 
0.189453 0.6104 0.148682 0.39185 -0.121094 -0.205811 
0.179321 0.10498 0.139648 0.39185 -0.125977 -0.203980 
0.171753 0.13428 0.130493 0.42480 -0.126831 -0.201660 
0.162842 0.16846 0.119385 0.42236 -0.126221 -0.199585 
0.152344 0.20142 0.108521 0.41382 -0.155640 -0.197388 
0.141113 0.24292 0.98877 0.41260 -0.124390 -0.193481 
0.129761 0.29297 0.88745 0.41138 -0.121826 -0.218628 
0.118774 0.33569 0.77881 0.40039 -0.119263 -0.178711 
0.108521 0.37354 0.65918 0.37964 -0.116333 -0.178711 
0.99243 0.41138 0.54077 0.35156 -0.111938 -0.167358 
0.90576 0.44678 0.42480 0.30762 -0.105347 -0.154053 
0.81543 0.48218 0.31860 0.24658 -0.95825 -0.138916 
0.72144 0.51880 0.22461 0.17456 -0.84351 -0.122437 
0.72144 0.55542 0.15015 0.8789 -0.71167 -0.104614 
0.63110 0.58594 0.9399 -0.1709 -0.57129 -0.84961 
0.54688 0.61035 0.5859 -0.12451 -0.43213 -0.63721 
0.46387 0.61035 0.3174 -0.22705 -0.30029 -0.41748 
0.40771 0.62134 0.2563 -0.32715 -0.18188 -0.20142 
0.39429 0.62134 0.4395 -0.42603 -0.7324 0.1465 
0.41748 0.61279 0.4395 -0.52612 0.3296 0.23560 
0.46387 0.59204 0.8667 -0.62378 0.14526 0.46753 
0.53833 0.57251 0.15503 -0.39673 0.26855 0.71411 
0.63477 0.54199 0.22583 -0.77515 0.39795 0.96924 
0.76172 0.49438 0.28809 -0.77515 0.52612 0.121826 
0.91553 0.42603 0.35278 -0.83496 0.33691 0.144775 
0.108643 0.34546 0.44189 -0.90088 0.78125 0.164673 
0.126221 0.26245 0.54077 -0.96069 0.78125 0.181274 
0.143799 0.18066 0.64697 -0.101074 0.91431 0.193237 
0.159668 0.10986 0.73242 -0.106812 0.103882 0.201294 
0.178101 0.2441 0.89600 -0.116211 0.110229 0.201294 
0.184692 0.3174 0.105591 -0.125000 0.108765 0.210938 
0.198730 -0.366 0.124634 -0.128052 0.109375 0.204956 
0.207153 -0.1831 0.141602 -0.129028 0.102539 0.201538 
0.216187 -0.4395 0.154053 -0.124634 0.93506 0.198486 
0.216187 -0.6226 0.162476 -0.118286 0.84229 0.194824 
0.226807 -0.9155 0.169678 -0.112305 0.77393 0.192261 
0.238281 -0.10986 0.175537 -0.105591 0.75317 0.191162 
0.251953 -0.10986 0.180542 -0.98267 0.78613 0.190552 
0.267456 -0.12085 0.185303 -0.91919 0.86670 0.188599 
0.284180 -0.12207 0.160400 -0.87646 0.97168 0.183594 
0.301147 -0.11719 0.191650 -0.84351 0.106934 0.174683 
0.316650 -0.11841 0.198975 -0.80078 0.113159 0.163696 
0.353272 -0.26367 0.215820 -0.82642 0.130005 0.168945 
0.351929 -0.19409 0.219482 -0.78369 0.145752 0.147095 
0.356201 -0.17822 0.220337 -0.78369 0.138306 0.117310 
0.358765 -0.20020 0.218750 -0.63965 0.111816 0.86548 
0.358643 -0.19775 0.215576 -0.45410 0.112915 0.54932 
0.355103 -0.20020 0.211304 -0.29907 0.81665 0.24292 
0.348755 -0.18433 0.207275 -0.18677 0.56763 -0.2686 
0.343994 -0.18311 0.205322 -0.10986 0.36621 -0.20142 
0.337402 -0.19653 0.204712 -0.7935 0.23926 -0.29907 
0.327637 -0.18433 0.203491 -0.9644 0.20020 -0.29907 
