0.234863 0.51025 0.43335 -0.1465 0.2686 -0.24658 
0.239136 0.51270 0.41382 -0.610 0.5127 -0.23193 
0.240479 0.52979 0.38696 -0.2319 0.7935 -0.22705 
0.240479 0.54443 0.38208 -0.5615 0.11841 -0.23926 
0.245117 0.52490 0.39185 -0.11841 0.15625 -0.26978 
0.246704 0.55298 0.43579 -0.17212 0.18188 -0.30762 
0.248901 0.60913 0.50781 -0.19409 0.17822 -0.33325 
0.248779 0.60913 0.60547 -0.19165 0.13794 -0.33203 
0.246582 0.67383 0.41870 -0.14648 0.5981 -0.29297 
0.242188 0.74097 0.81299 -0.3784 -0.6226 -0.21729 
0.237427 0.78979 0.81299 0.10620 -0.22827 -0.14404 
0.235474 0.76294 0.77881 0.19653 -0.36987 -0.10498 
0.235962 0.66528 0.68237 0.19287 -0.42114 -0.10376 
0.237061 0.59814 0.59570 0.12085 -0.40405 -0.11963 
0.238403 0.57861 0.55664 0.12085 -0.36743 -0.12695 
0.240112 0.59326 0.56274 0.2808 -0.33813 -0.11963 
0.240356 0.59937 0.58472 -0.5981 -0.31616 -0.9033 
0.239258 0.60791 0.60059 -0.11597 -0.31616 -0.3296 
0.237427 0.62012 0.61157 -0.13672 -0.29541 0.4883 
0.234741 0.62866 0.61768 -0.12817 -0.27466 0.14893 
0.231445 0.62500 0.58838 -0.8667 -0.24902 0.14893 
0.228638 0.60425 0.53589 -0.2441 -0.21240 0.25757 
0.228027 0.57861 0.48218 0.2930 -0.17700 0.36011 
0.227905 0.55664 0.44678 0.6592 -0.13672 0.43213 
0.226318 0.55176 0.40771 0.7080 -0.10254 0.45898 
0.226318 0.55054 0.35156 0.6836 -0.8179 0.44800 
0.223633 0.53711 0.29175 0.5371 -0.7813 0.39795 
0.220581 0.56763 0.23804 0.3906 -0.10132 0.31372 
0.218018 0.56763 0.18188 0.2197 -0.15381 0.22827 
0.215820 0.58716 0.13916 -0.1221 -0.23560 0.14404 
0.210327 0.59082 0.11841 -0.6348 -0.33447 0.6592 
0.197876 0.57617 0.11841 -0.12085 -0.43213 0.854 
0.179077 0.57373 0.13916 -0.17090 -0.51147 -0.732 
0.155029 0.57739 0.19287 -0.22583 -0.57007 0.4028 
0.128540 0.58716 0.28442 -0.29541 -0.61279 0.16724 
0.104248 0.60425 0.40405 -0.29541 -0.64575 0.38086 
0.86182 0.61401 0.52246 -0.34668 -0.66772 0.68359 
0.77881 0.58960 0.62744 -0.35156 -0.66650 0.104736 
0.78003 0.53101 0.68604 -0.30273 -0.66650 0.144165 
0.85205 0.44189 0.69580 -0.22217 -0.62134 0.184326 
0.97290 0.31982 0.67383 -0.12939 -0.52612 0.160645 
0.112183 0.17944 0.60913 -0.854 -0.39917 0.223145 
0.127197 0.1099 0.52856 0.10132 -0.25146 0.257446 
0.139526 -0.15991 0.46631 0.15137 -0.7446 0.283691 
0.146362 -0.30884 0.42236 0.15137 0.12939 0.301392 
0.152466 -0.41382 0.41626 0.13550 0.30151 0.314941 
0.152466 -0.47241 0.43823 0.9155 0.42847 0.332520 
0.160156 -0.52979 0.47852 0.6592 0.49438 0.351196 
0.172607 -0.59937 0.52734 0.10864 0.47363 0.368164 
0.191895 -0.59937 0.57251 0.20508 0.40649 0.382202 
0.212646 -0.68359 0.59082 0.34424 0.35400 0.390991 
0.234985 -0.79468 0.58716 0.47729 0.37109 0.392822 
0.253662 -0.93018 0.57617 0.57495 0.48096 0.387939 
0.269775 -0.104736 0.57617 0.62012 0.66772 0.377808 
0.287842 -0.115112 0.58838 0.60547 0.91187 0.362793 
0.303833 -0.121704 0.62134 0.58228 0.113403 0.343750 
0.319092 -0.126099 0.69092 0.58228 0.131592 0.325195 
0.334717 -0.130859 0.78125 0.58228 0.143188 0.306152 
0.350586 -0.135498 0.87402 0.61401 0.146240 0.287109 
0.366943 -0.140869 0.94360 0.68115 0.146240 0.269897 
0.403076 -0.161499 0.118774 0.73120 0.148193 0.267944 
0.413940 -0.161011 0.105713 0.48096 0.171997 0.269409 
0.424194 -0.169556 0.105835 0.40771 0.167480 0.227783 
0.431152 -0.177246 0.99243 0.45776 0.140137 0.196533 
0.434204 -0.180298 0.93140 0.44678 0.105835 0.147095 
0.430664 -0.180298 0.88135 0.41138 0.65552 0.97412 
0.425537 -0.177979 0.85938 0.39429 0.23560 0.49194 
0.425537 -0.175537 0.88867 0.34424 -0.8667 0.4395 
0.422730 -0.172607 0.90332 0.19531 -0.20874 -0.32837 
0.417969 -0.168579 0.89233 0.1465 -0.22095 -0.62256 
0.408569 -0.168579 0.85938 -0.7324 -0.23560 -0.88867 
0.398926 -0.166016 0.81055 -0.9521 -0.25146 -0.115723 
0.389282 -0.162231 0.75928 -0.11475 -0.24048 -0.143433 
0.377075 -0.157715 0.71045 -0.14282 -0.20142 -0.171265 
0.362915 -0.153442 0.71045 -0.15381 -0.15137 -0.197754 
0.348389 -0.149292 0.66528 -0.13916 -0.10132 -0.222900 
0.333008 -0.144409 0.62012 -0.13184 -0.5249 -0.246582 
0.316284 -0.139038 0.57617 -0.13184 -0.610 -0.268188 
0.297730 -0.132935 0.54810 -0.14526 0.2808 -0.286743 
0.277710 -0.126221 0.53101 -0.15869 0.3662 -0.301392 
0.256104 -0.118530 0.50781 -0.16235 0.4028 -0.312256 
0.234619 -0.110352 0.47485 -0.16602 0.4028 -0.319702 
0.213501 -0.100952 0.43945 -0.19531 0.6348 -0.323120 
0.194946 -0.90820 0.41992 -0.24780 0.7813 -0.321777 
0.177612 -0.80566 0.41870 -0.32837 0.10132 -0.321777 
0.160278 -0.69824 0.43091 -0.41260 0.12817 -0.315918 
0.143677 -0.57861 0.45166 -0.48584 0.15503 -0.306397 
0.127808 -0.46509 0.47485 -0.55420 0.17822 -0.293335 
0.127808 -0.34424 0.47485 -0.61523 0.16846 -0.276611 
0.109985 -0.23071 0.50781 -0.65674 0.17456 -0.256836 
0.98877 -0.14404 0.53345 -0.74951 0.19409 -0.230713 
0.89722 -0.7446 0.55054 -0.79956 0.18921 -0.201294 
0.81177 -0.7446 0.56396 -0.81421 0.18799 -0.170166 
0.76416 -0.1343 0.58594 -0.83374 0.20508 -0.139282 
0.73120 0.5005 0.61279 -0.86060 0.23682 -0.110596 
0.67993 0.9766 0.61279 -0.89844 0.28442 -0.83862 
0.62012 0.14771 0.63477 -0.96680 0.33691 -0.59448 
0.56274 0.19653 0.67749 -0.104858 0.37231 -0.37109 
0.49194 0.23926 0.73242 -0.104858 0.38208 -0.14160 
0.42847 0.27710 0.79102 -0.110840 0.37109 0.11230 
0.39429 0.29419 0.85693 -0.115234 0.33813 0.39185 
0.41260 0.27222 0.94482 -0.115601 0.62378 0.71411 
0.49805 0.23804 0.103516 -0.110840 0.31128 0.106689 
0.62866 0.19531 0.111450 -0.103394 0.30151 0.110474 
0.79834 0.11963 0.116089 -0.93506 0.31738 0.144775 
0.98145 0.488 0.119141 -0.81055 0.34668 0.176025 
0.119263 -0.12085 0.119507 -0.67627 0.38452 0.206543 
0.142944 -0.26733 0.120972 -0.57861 0.44067 0.230957 
0.136475 -0.40771 0.124634 -0.52979 0.54077 0.250000 
0.162476 -0.52856 0.130005 -0.49072 0.66772 0.260986 
0.193726 -0.62134 0.136841 -0.41260 0.75806 0.264038 
0.218750 -0.39429 0.143433 -0.28809 0.78857 0.261475 
0.241211 -0.77759 0.148438 -0.13672 0.77148 0.254761 
0.260620 -0.77759 0.152100 0.2441 0.72144 0.244263 
0.275513 -0.83618 0.152832 0.18799 0.63232 0.230469 
0.292236 -0.90576 0.149536 0.33081 0.53101 0.219971 
0.307373 -0.98145 0.149536 0.41382 0.49316 0.205078 
0.322754 -0.105347 0.143677 0.45532 0.50171 0.182617 
0.335815 -0.109253 0.138916 0.46387 0.53467 0.156128 
0.343506 -0.109619 0.134521 0.44434 0.56641 0.126099 
0.347778 -0.108398 0.129517 0.44434 0.57373 0.94727 
0.345825 -0.106445 0.125366 0.38086 0.52246 0.65063 
0.338501 -0.104736 0.121948 0.32837 0.41382 0.39673 
0.327759 -0.102539 0.118530 0.28442 0.41382 0.17700 
0.316284 -0.99487 0.114990 0.23560 0.26489 -0.1709 
0.304810 -0.96680 0.112305 0.18677 0.8301 -0.17334 
0.292603 -0.93628 0.109863 0.13672 -0.9277 -0.17334 
0.280640 -0.89722 0.108521 0.8911 -0.22339 -0.28931 
0.269287 -0.85327 0.108032 0.4272 -0.29419 -0.36865 
0.258057 -0.80933 0.108154 -0.488 -0.30273 -0.41748 
0.277710 -0.77393 0.109009 -0.4150 -0.26367 -0.44067 
0.246460 -0.73975 0.109741 -0.5127 -0.20142 -0.43579 
0.235474 -0.71289 0.109985 -0.4395 -0.13184 -0.40283 
0.225342 -0.68848 0.110352 -0.2930 -0.6958 -0.34912 
0.217285 -0.68848 0.110596 -0.1221 -0.2563 -0.28809 
0.211914 -0.67505 0.110474 0.610 0.488 -0.22949 
0.209595 -0.66772 0.109985 0.2197 0.2563 -0.17700 
0.208862 -0.66162 0.109985 0.2808 0.4028 -0.14038 
0.208740 -0.65918 0.108887 0.1953 0.5615 -0.11963 
0.209106 -0.65796 0.107910 0.244 0.6714 -0.10742 
0.209351 -0.65918 0.108398 0.30151 0.6348 -0.10254 
0.208984 -0.65430 0.109619 -0.1099 0.4272 -0.9766 
0.208496 -0.64819 0.111572 -0.1343 0.854 -0.8789 
0.207642 -0.64453 0.113281 -0.366 0.28198 -0.7080 
0.206787 -0.64087 0.114868 0.1831 -0.3052 -0.4761 
0.206177 -0.63843 0.115723 0.5005 -0.6592 -0.1709 
0.206177 -0.63965 0.116333 0.7935 -0.9155 -0.29785 
0.206909 -0.64453 0.115845 0.10742 -0.10742 0.4517 
0.208618 -0.65430 0.113770 0.12939 -0.11108 0.4517 
0.211426 -0.66528 0.111206 0.13550 -0.10254 0.6958 
