0.229126 0.39673 0.38086 0.36987 -0.19897 -0.23071 
0.230469 0.40161 0.38696 0.32959 -0.11230 -0.21484 
0.232300 0.41260 0.41016 0.28809 -0.3418 -0.21362 
0.232178 0.42236 0.43945 0.25269 0.732 -0.21851 
0.231567 0.43701 0.45898 0.23315 0.2930 -0.22095 
0.231567 0.43945 0.45654 0.21240 0.1831 -0.21851 
0.229004 0.43945 0.45410 0.18066 -0.1343 -0.21606 
0.226929 0.45532 0.47852 0.14893 -0.5371 -0.20386 
0.225098 0.45532 0.52979 0.12695 -0.10742 -0.18066 
0.223389 0.48340 0.57007 0.12085 -0.17944 -0.14648 
0.221191 0.49438 0.58105 0.13550 -0.26245 -0.10254 
0.220581 0.49927 0.58105 0.14893 -0.34180 -0.6226 
0.220459 0.49805 0.56641 0.14404 -0.39917 -0.3174 
0.221558 0.49194 0.53223 0.12329 -0.44678 -0.854 
0.223389 0.49072 0.49438 0.8789 -0.48828 0.366 
0.225342 0.48950 0.45410 0.8789 -0.52002 0.1343 
0.227783 0.48706 0.42847 0.4150 -0.54443 0.2808 
0.230103 0.48340 0.40405 -0.488 -0.55908 0.4517 
0.231079 0.47607 0.37964 -0.4028 -0.55908 0.6348 
0.231812 0.46509 0.36621 -0.6226 -0.56396 0.8057 
0.234497 0.46753 0.37354 -0.6470 -0.55054 0.9033 
0.236084 0.47974 0.37964 -0.4272 -0.50415 0.9766 
0.237793 0.48340 0.37354 -0.854 -0.44678 0.9766 
0.239380 0.48584 0.36499 0.2441 -0.38452 0.10010 
0.240967 0.48706 0.36499 0.4639 -0.31616 0.9155 
0.241455 0.48584 0.36743 0.5981 -0.24780 0.7324 
0.241455 0.48706 0.36621 0.7202 -0.18799 0.5127 
0.240112 0.49561 0.36011 0.8301 -0.15137 0.3174 
0.238403 0.50537 0.35522 0.9155 -0.13672 0.1587 
0.236206 0.50537 0.35034 0.9033 -0.14038 0.366 
0.233521 0.52002 0.34424 0.8057 -0.15137 -0.488 
0.230469 0.54321 0.34424 0.6226 -0.16357 -0.732 
0.226440 0.56519 0.34058 0.4761 -0.17212 0.244 
0.221558 0.58350 0.34058 0.3906 -0.18188 0.2441 
0.215698 0.59448 0.32593 0.3540 -0.18921 0.5859 
0.209351 0.59448 0.30762 0.4272 -0.19165 0.10254 
0.201782 0.58594 0.28442 0.4272 -0.18799 0.16113 
0.192627 0.57007 0.23071 0.6592 -0.17090 0.23560 
0.183838 0.53467 0.15015 0.6836 -0.13428 0.31860 
0.176392 0.49805 0.8057 0.4272 -0.13428 0.40527 
0.170532 0.46753 0.1953 0.122 -0.8057 0.48706 
0.165283 0.44922 -0.3296 -0.5737 -0.2808 0.56152 
0.160156 0.42847 -0.6592 -0.14526 0.1099 0.31982 
0.155151 0.41382 -0.8057 -0.24048 0.3784 0.63232 
0.150269 0.40039 -0.7935 -0.33081 0.5127 0.70313 
0.146240 0.36865 -0.6836 -0.41260 0.5737 0.77881 
0.143555 0.32104 -0.4517 -0.48584 0.6836 0.86060 
0.143555 0.26489 -0.1953 -0.54688 0.8667 0.95337 
0.141480 0.19897 -0.366 -0.59814 0.11475 0.104980 
0.141602 0.14282 0.610 -0.64697 0.15381 0.115356 
0.145630 0.10254 0.1465 -0.70190 0.20020 0.126099 
0.153442 0.10254 0.3052 -0.76538 0.25146 0.135864 
0.164185 0.6958 0.6592 -0.83618 0.30518 0.144287 
0.176514 0.3296 0.12329 -0.90698 0.35645 0.151001 
0.188721 -0.1953 0.12329 -0.96924 0.40771 0.155396 
0.199829 -0.7446 0.19775 -0.102173 0.45776 0.157105 
0.210205 -0.15625 0.28320 -0.106445 0.50781 0.159790 
0.215698 -0.22095 0.38574 -0.106445 0.57495 0.158203 
0.220581 -0.27344 0.48950 -0.107422 0.64087 0.154175 
0.228882 -0.31738 0.60791 -0.106445 0.69702 0.154541 
0.237549 -0.31982 0.72021 -0.105103 0.74951 0.155640 
0.250000 -0.30640 0.83618 -0.102783 0.74951 0.157349 
0.265015 -0.28320 0.93506 -0.98755 0.79712 0.158691 
0.281494 -0.28198 0.100708 -0.93140 0.84229 0.158691 
0.298218 -0.30762 0.105225 -0.86548 0.89233 0.158691 
0.313232 -0.34180 0.108398 -0.79834 0.94849 0.156860 
0.325562 -0.38696 0.110107 -0.74341 0.100342 0.151733 
0.338989 -0.42725 0.112061 -0.70679 0.103882 0.142578 
0.338989 -0.56763 0.131348 -0.76050 0.112305 0.148071 
0.371826 -0.61035 0.136475 -0.94116 0.147827 0.169556 
0.372681 -0.57129 0.143677 -0.104736 0.180908 0.162231 
0.374756 -0.60547 0.147095 -0.103271 0.193726 0.143311 
0.372070 -0.60547 0.152100 -0.90942 0.177856 0.123047 
0.371094 -0.58105 0.126099 -0.74097 0.145874 0.102905 
0.368164 -0.56519 0.161011 -0.56519 0.115234 0.79346 
0.364990 -0.56885 0.161011 -0.38940 0.92163 0.52124 
0.357056 -0.56763 0.161255 -0.20020 0.73853 0.22217 
0.347412 -0.56641 0.159302 -0.854 0.57251 -0.6714 
0.340454 -0.54199 0.158691 -0.854 0.41504 -0.32837 
0.337769 -0.49438 0.158325 0.15991 0.23438 -0.56152 
0.343994 -0.44312 0.158203 0.29663 0.5249 -0.70068 
0.356689 -0.44678 0.158325 0.36987 0.24902 -0.69092 
0.364014 -0.46875 0.154541 0.35889 -0.6348 -0.64331 
0.366699 -0.48706 0.147095 0.30884 -0.10986 -0.66284 
0.368042 -0.52979 0.140015 0.26978 -0.10986 -0.74707 
0.368897 -0.57617 0.136230 0.25024 -0.9033 -0.74707 
0.368530 -0.60181 0.134399 0.24414 -0.5249 -0.85938 
0.364990 -0.60791 0.134033 0.24780 -0.1343 -0.98999 
0.358887 -0.60425 0.134277 0.26733 -0.366 -0.115234 
0.350342 -0.59204 0.133667 0.30762 -0.4028 -0.133789 
0.350342 -0.57495 0.131958 0.35889 -0.12329 -0.152588 
0.340942 -0.56274 0.129517 0.40894 -0.22339 -0.170654 
0.331055 -0.53589 0.126221 0.44922 -0.32227 -0.186646 
0.321533 -0.53589 0.121948 0.47485 -0.41504 -0.200317 
0.309692 -0.51025 0.117798 0.47974 -0.49805 -0.212280 
0.295898 -0.48340 0.114624 0.46875 -0.57983 -0.222900 
0.279541 -0.44312 0.114624 0.45166 -0.67261 -0.232178 
0.261597 -0.38574 0.112183 0.44434 -0.77393 -0.239258 
0.243652 -0.32471 0.110107 0.45532 -0.88013 -0.243042 
0.226318 -0.25635 0.106689 0.48096 -0.99487 -0.243164 
0.208740 -0.18188 0.102661 0.48096 -0.111450 -0.240601 
0.192139 -0.11353 0.98145 0.50415 -0.122559 -0.235352 
0.177124 -0.4761 0.92773 0.52734 -0.100464 -0.227295 
0.162354 0.2319 0.86182 0.55298 -0.131714 -0.217285 
0.146606 0.10254 0.79834 0.59326 -0.139160 -0.206665 
0.135010 0.17212 0.74341 0.64819 -0.140991 -0.190796 
0.123535 0.23926 0.67017 0.67993 -0.137329 -0.190796 
0.112915 0.31616 0.57617 0.68359 -0.131470 -0.169922 
0.104736 0.38330 0.46143 0.66162 -0.122314 -0.149414 
0.99121 0.42603 0.34302 0.62378 -0.107056 -0.133423 
0.123901 0.44189 0.21484 0.57983 -0.87891 -0.121338 
0.92651 0.46265 0.8301 0.52734 -0.69824 -0.110840 
0.86182 0.47607 -0.2197 0.45166 -0.54321 -0.100830 
0.81543 0.48706 -0.10132 0.34058 -0.41626 -0.89844 
0.77881 0.48706 -0.15381 0.19043 -0.32471 -0.78369 
0.73853 0.48462 -0.17822 0.2441 -0.25513 -0.67017 
0.69702 0.47729 -0.17700 -0.13794 -0.19409 -0.55786 
0.65186 0.47363 -0.17700 -0.28687 -0.12817 -0.43579 
0.62256 0.47852 -0.16357 -0.41138 -0.5615 -0.29297 
0.60669 0.49072 -0.13672 -0.50415 0.2686 -0.12451 
0.59692 0.50903 -0.11353 -0.57251 0.12817 0.7080 
0.59570 0.52612 -0.8789 -0.57251 0.24536 0.29175 
0.61768 0.52612 -0.6592 -0.62744 0.36621 0.53345 
0.68848 0.51025 -0.3784 -0.66528 0.48462 0.78003 
0.79346 0.47241 -0.977 -0.68848 0.48462 0.101196 
0.93018 0.41260 0.00 -0.71655 0.60303 0.121582 
0.108032 0.35278 0.1587 -0.76050 0.71899 0.107788 
0.124023 0.29541 0.5371 -0.82764 0.83252 0.153809 
0.140259 0.24780 0.12817 -0.91553 0.94116 0.153809 
0.154419 0.19897 0.24170 -0.100830 0.104004 0.165527 
0.135742 0.15381 0.37598 -0.109497 0.111572 0.174316 
0.177856 0.11719 0.52612 -0.117188 0.115234 0.180420 
0.177856 0.7568 0.67871 -0.122803 0.114746 0.184814 
0.187866 0.6836 0.81299 -0.125488 0.111328 0.188843 
0.197632 0.27588 0.90698 -0.127930 0.103149 0.193848 
0.211792 -0.3662 0.101929 -0.125488 0.89478 0.204712 
0.216675 -0.8301 0.110107 -0.117798 0.91431 0.205444 
0.232910 -0.13672 0.119751 -0.111694 0.97534 0.203247 
0.245728 -0.18433 0.96924 -0.106934 0.106079 0.201660 
0.259155 -0.20386 0.128174 -0.102783 0.113525 0.197754 
0.273804 -0.23926 0.138184 -0.98877 0.117554 0.192261 
0.288818 -0.29175 0.148682 -0.93994 0.117920 0.184937 
0.303345 -0.35400 0.158813 -0.93994 0.116211 0.175293 
0.315308 -0.39917 0.167114 -0.87036 0.113037 0.163696 
0.323486 -0.42236 0.172607 -0.80322 0.109497 0.150879 
0.329102 -0.43213 0.176270 -0.75073 0.109497 0.141602 
0.365845 -0.62256 0.194092 -0.71289 0.106934 0.158691 
0.353638 -0.53345 0.191406 -0.80566 0.124268 0.187012 
0.353760 -0.47974 0.189819 -0.85327 0.143921 0.140015 
0.354736 -0.47485 0.187134 -0.78979 0.149536 0.140015 
