0.170044 0.60791 0.62134 -0.61157 -0.52734 -0.75562 
0.170532 0.61401 0.61768 -0.61401 -0.47363 -0.69702 
0.171753 0.61157 0.33081 -0.63110 -0.40039 -0.62134 
0.175659 0.62866 0.64331 -0.63599 -0.31250 -0.55542 
0.179932 0.64453 0.67627 -0.93018 -0.22705 -0.49072 
0.183472 0.66772 0.69336 -0.58960 -0.17578 -0.42114 
0.186279 0.68604 0.70923 -0.58960 -0.16724 -0.35645 
0.189331 0.71289 0.74463 -0.56885 -0.20386 -0.29785 
0.191772 0.73730 0.78125 -0.53589 -0.27344 -0.24902 
0.192139 0.77393 0.80933 -0.50659 -0.27344 -0.20264 
0.192749 0.79834 0.85693 -0.49805 -0.39551 -0.15259 
0.197021 0.80566 0.90332 -0.47729 -0.55420 -0.10498 
0.204956 0.79468 0.91919 -0.43579 -0.67383 -0.7568 
0.211792 0.77515 0.89722 -0.38574 -0.70679 -0.7568 
0.216553 0.75073 0.84351 -0.33691 -0.67139 -0.6592 
0.188232 0.71777 0.77759 -0.30151 -0.60791 -0.6592 
0.221191 0.69824 0.72266 -0.28076 -0.54077 -0.6836 
0.221191 0.70435 0.67871 -0.26855 -0.48828 -0.7568 
0.222168 0.72021 0.64941 -0.26123 -0.46143 -0.8911 
0.224365 0.75195 0.63232 -0.25757 -0.44556 -0.10742 
0.227905 0.75195 0.60791 -0.24048 -0.42847 -0.14160 
0.231445 0.77271 0.56641 -0.22217 -0.41382 -0.19287 
0.234375 0.78125 0.53223 -0.20386 -0.39795 -0.25269 
0.237183 0.79346 0.51270 -0.18799 -0.37598 -0.32104 
0.239380 0.80933 0.51270 -0.16968 -0.34180 -0.39429 
0.239746 0.82520 0.51636 -0.13184 -0.28076 -0.45654 
0.237305 0.86182 0.53467 -0.9033 -0.21973 -0.49316 
0.232544 0.90576 0.56152 -0.9033 -0.17456 -0.50903 
0.227051 0.94238 0.59570 -0.4395 -0.14038 -0.50293 
0.221069 0.97290 0.62744 0.1099 -0.11841 -0.48096 
0.215576 0.98877 0.62622 0.8423 -0.10254 -0.45410 
0.211304 0.98145 0.58350 0.16602 -0.10254 -0.43945 
0.206543 0.95825 0.51514 0.22705 -0.7446 -0.43945 
0.201660 0.92651 0.44434 0.24536 -0.3540 -0.45532 
0.195190 0.90454 0.39063 0.22217 0.1587 -0.45532 
0.186890 0.86548 0.36133 0.15991 0.7690 -0.47729 
0.179688 0.84106 0.36499 0.9888 0.13062 -0.47974 
0.172607 0.89233 0.38696 0.7446 0.16235 -0.44556 
0.172607 0.94238 0.39429 0.4639 0.16113 -0.39185 
0.166260 0.98511 0.39307 0.00 0.13184 -0.32837 
0.158691 0.101685 0.38330 -0.5371 0.8179 -0.25757 
0.149780 0.103271 0.36377 -0.10742 0.2075 -0.17700 
0.139771 0.103271 0.33936 -0.15747 -0.3906 -0.7690 
0.129150 0.103882 0.32471 -0.20508 -0.9155 0.3906 
0.118530 0.103394 0.32715 -0.25391 -0.12939 0.17334 
0.108032 0.101318 0.32715 -0.30151 -0.15137 0.33081 
0.97656 0.98511 0.35034 -0.34424 -0.16846 0.50049 
0.87158 0.94116 0.38452 -0.37964 -0.18311 0.67871 
0.77637 0.88013 0.42969 -0.37964 -0.20508 0.86914 
0.68848 0.81177 0.48096 -0.40771 -0.24414 0.106567 
0.61401 0.74219 0.53955 -0.42603 -0.28931 0.128662 
0.57861 0.67017 0.60913 -0.42358 -0.488 0.156006 
0.60669 0.57739 0.65918 -0.37109 -0.31738 0.187012 
0.69336 0.46997 0.65918 -0.27222 -0.31372 0.156494 
0.82031 0.34668 0.63232 -0.16479 -0.26001 0.218872 
0.100098 0.21118 0.59326 -0.6348 -0.16479 0.250122 
0.119751 0.9399 0.56396 0.3662 0.854 0.278687 
0.138062 -0.1953 0.54565 0.8545 0.21362 0.302368 
0.149536 -0.11108 0.55908 0.9033 0.41260 0.323120 
0.133545 -0.22827 0.61035 0.6104 0.63843 0.339966 
0.164795 -0.32837 0.68115 0.3906 0.80444 0.362183 
0.181274 -0.40649 0.74219 0.8667 0.92041 0.381470 
0.201782 -0.51636 0.83252 0.19165 0.100098 0.392212 
0.225952 -0.51636 0.91309 0.30396 0.112427 0.398926 
0.247437 -0.60913 0.94360 0.38452 0.130005 0.400757 
0.263550 -0.67627 0.95581 0.40161 0.147705 0.400269 
0.268066 -0.72144 0.95581 0.36621 0.158325 0.392578 
0.270386 -0.80078 0.96680 0.32837 0.155029 0.381836 
0.280640 -0.92041 0.103149 0.60669 0.144165 0.378540 
0.296997 -0.102173 0.108398 0.26489 0.128174 0.375855 
0.315918 -0.109619 0.114746 0.26489 0.112427 0.367676 
0.338867 -0.118408 0.118408 0.23926 0.104736 0.353149 
0.359741 -0.124878 0.119995 0.24902 0.105957 0.331299 
0.372437 -0.127563 0.121704 0.28320 0.105957 0.303345 
0.376465 -0.126831 0.118164 0.32715 0.111328 0.271973 
0.390259 -0.125732 0.122314 0.33203 0.110474 0.261963 
0.385132 -0.127563 0.143188 0.20020 0.133789 0.261963 
0.381592 -0.131836 0.153931 0.1831 0.158813 0.244995 
0.380371 -0.137451 0.165527 -0.488 0.162109 0.217407 
0.382568 -0.139404 0.170288 0.8057 0.145264 0.190796 
0.386475 -0.142090 0.171631 0.20386 0.113403 0.163330 
0.386475 -0.143311 0.169067 0.33447 0.77026 0.131958 
0.390015 -0.143188 0.163086 0.46387 0.42847 0.93628 
0.391968 -0.143066 0.158203 0.56763 0.12207 0.50659 
0.392212 -0.143066 0.151978 0.63232 -0.13672 0.8423 
0.392456 -0.142822 0.151611 0.65796 -0.28076 -0.28320 
0.393311 -0.143921 0.151489 0.58838 -0.21240 -0.57983 
0.390015 -0.142822 0.151489 0.47974 -0.8789 -0.84351 
0.381470 -0.140625 0.150757 0.42847 -0.4395 -0.109375 
0.371338 -0.138062 0.149292 0.42847 -0.9644 -0.132080 
0.361694 -0.135132 0.144531 0.43945 -0.22705 -0.151855 
0.352539 -0.132935 0.140015 0.43945 -0.35767 -0.170166 
0.343628 -0.129883 0.133545 0.45044 -0.46265 -0.189575 
0.334717 -0.126831 0.124634 0.46509 -0.52734 -0.212036 
0.325317 -0.123901 0.115356 0.47363 -0.52734 -0.236328 
0.314331 -0.120239 0.106567 0.46143 -0.53223 -0.260742 
0.301270 -0.117310 0.99121 0.44189 -0.49316 -0.252563 
0.285278 -0.111084 0.95337 0.45654 -0.43701 -0.304199 
0.268311 -0.103271 0.92651 0.46875 -0.41138 -0.304199 
0.249756 -0.95581 0.89355 0.45898 -0.36377 -0.320313 
0.229980 -0.87646 0.86060 0.43945 -0.30396 -0.331177 
0.240479 -0.78735 0.82397 0.42603 -0.26489 -0.336914 
0.209229 -0.67993 0.78247 0.42480 -0.24292 -0.337891 
0.189087 -0.55786 0.73242 0.40894 -0.23804 -0.334106 
0.169312 -0.44067 0.67627 0.36133 -0.25146 -0.326782 
0.149536 -0.44067 0.62012 0.28320 -0.27954 -0.315796 
0.130859 -0.32593 0.55298 0.17578 -0.31738 -0.300293 
0.115967 -0.23804 0.52979 0.6104 -0.36743 -0.279419 
0.104126 -0.15137 0.50781 -0.6470 -0.33569 -0.256348 
0.97290 -0.7568 0.50781 -0.20874 -0.25635 -0.232300 
0.92651 0.732 0.50781 -0.1953 -0.15747 -0.210327 
0.89600 0.8179 0.51758 -0.43091 -0.6714 -0.190186 
0.86670 0.12939 0.52734 -0.43091 -0.732 -0.169312 
0.86792 0.15137 0.56396 -0.51270 0.1831 -0.142700 
0.84595 0.21240 0.55542 -0.59570 0.3296 -0.118408 
0.85815 0.26245 0.60059 -0.64697 0.3296 -0.98877 
0.89233 0.29663 0.63354 -0.69702 0.13550 -0.81421 
0.89355 0.32837 0.63965 -0.75439 0.23193 -0.67261 
0.87646 0.36377 0.67871 -0.76660 0.27832 -0.86426 
0.83374 0.40405 0.70801 -0.78247 0.30396 -0.55176 
0.75806 0.44067 0.76782 -0.80078 0.26611 -0.44189 
0.67017 0.48706 0.83374 -0.80444 0.18799 -0.33081 
0.90088 0.50903 0.92529 -0.79712 0.8789 -0.19409 
0.58838 0.52734 0.101440 -0.77637 -0.488 -0.610 
0.52490 0.51758 0.109863 -0.73120 -0.8423 0.23926 
0.49927 0.49072 0.116943 -0.65430 -0.13306 0.54199 
0.51880 0.44678 0.121094 -0.56396 -0.14282 0.88989 
0.58838 0.44678 0.123169 -0.47729 -0.11719 0.126343 
0.71167 0.39185 0.124878 -0.40649 -0.6226 0.164185 
0.86548 0.32349 0.95337 -0.35645 0.1587 0.200073 
0.105103 0.23804 0.126587 -0.31616 0.11475 0.232666 
0.126587 0.14282 0.126709 -0.29541 0.21240 0.260010 
0.150513 0.4639 0.126953 -0.30640 0.29663 0.280396 
0.175537 -0.4517 0.129272 -0.30640 0.38330 0.292236 
0.200928 -0.12329 0.133911 -0.33325 0.47607 0.294067 
0.224731 -0.18311 0.140381 -0.35522 0.56152 0.286377 
0.243164 -0.22827 0.147217 -0.36133 0.61157 0.271362 
0.255981 -0.27588 0.155029 -0.34668 0.61157 0.254395 
0.265381 -0.33325 0.162231 -0.31250 0.62622 0.270874 
0.272949 -0.39429 0.166870 -0.25635 0.60059 0.226685 
0.280762 -0.46265 0.168457 -0.18188 0.53711 0.226685 
0.290039 -0.52124 0.167847 -0.10986 0.45654 0.214600 
0.299194 -0.55908 0.165771 -0.5005 0.37598 0.202271 
0.306519 -0.57861 0.163330 -0.1221 0.30640 0.187500 
0.306519 -0.59204 0.161011 0.122 0.25269 0.169922 
0.311279 -0.59570 0.159058 -0.244 0.21118 0.149780 
0.313110 -0.37109 0.170654 -0.3662 0.24414 0.135986 
0.321289 -0.64087 0.168945 -0.19043 0.50049 0.130249 
0.312866 -0.64087 0.167725 -0.26123 0.68115 0.111206 
0.304321 -0.66895 0.168213 -0.22461 0.67993 0.96313 
