0.254150 0.27466 0.45288 0.44312 0.40161 -0.30518 
0.252930 0.32471 0.49561 0.40039 0.40161 -0.31738 
0.251465 0.36255 0.53589 0.38574 0.28809 -0.33813 
0.249390 0.37720 0.54321 0.37842 0.14160 -0.36377 
0.247070 0.36865 0.53955 0.38086 -0.854 -0.36377 
0.243652 0.36865 0.53101 0.38330 -0.12329 -0.36865 
0.240723 0.38086 0.51636 0.37476 -0.20264 -0.35400 
0.239258 0.39551 0.50049 0.35645 -0.28076 -0.32471 
0.240112 0.41992 0.51758 0.31860 -0.36987 -0.28320 
0.240112 0.44678 0.57007 0.27954 -0.47119 -0.24536 
0.241943 0.45776 0.60913 0.27832 -0.56885 -0.22217 
0.243042 0.45166 0.61646 0.30884 -0.65674 -0.20630 
0.242920 0.45166 0.61157 0.34790 -0.73242 -0.18799 
0.240479 0.44189 0.59082 0.39551 -0.78613 -0.16968 
0.236572 0.44434 0.55054 0.43945 -0.82520 -0.14648 
0.231934 0.45288 0.55054 0.46021 -0.85083 -0.11963 
0.227661 0.45410 0.48950 0.44312 -0.85815 -0.8911 
0.225220 0.45532 0.42358 0.38818 -0.83740 -0.5371 
0.224121 0.44800 0.37354 0.31738 -0.77881 -0.1221 
0.224243 0.43945 0.34668 0.31738 -0.69336 0.3540 
0.225830 0.43579 0.34302 0.24170 -0.89600 0.8179 
0.225830 0.42358 0.35400 0.17822 -0.47119 0.12451 
0.226074 0.42114 0.37109 0.13672 -0.47119 0.15991 
0.226440 0.43823 0.37476 0.12085 -0.38208 0.18555 
0.226196 0.45166 0.36499 0.11353 -0.31860 0.20386 
0.225098 0.45410 0.34912 0.10498 -0.27222 0.21240 
0.223389 0.45410 0.33447 0.10254 -0.23804 0.21240 
0.220825 0.45532 0.31372 0.11108 -0.21362 0.21606 
0.248901 0.45166 0.28564 0.11230 -0.19409 0.22095 
0.214600 0.45044 0.26245 0.10132 -0.16479 0.22705 
0.214600 0.46265 0.25635 0.7935 -0.12817 0.23926 
0.211792 0.47852 0.27466 0.5005 -0.8911 0.26001 
0.208984 0.49316 0.30029 0.2319 -0.5615 0.29297 
0.205444 0.49316 0.31860 0.1465 -0.3296 0.33325 
0.200684 0.49561 0.31738 0.2319 -0.2686 0.37842 
0.194946 0.48706 0.60547 0.3540 -0.2686 0.42725 
0.189453 0.47363 0.26123 0.3540 -0.2808 0.48218 
0.184570 0.45288 0.26123 0.1709 -0.2319 0.53955 
0.179688 0.42847 0.21606 0.28809 -0.854 0.59814 
0.175293 0.39795 0.17212 -0.8179 0.1221 0.65430 
0.171753 0.37231 0.14160 -0.8179 0.3540 0.71045 
0.169434 0.35767 0.12695 -0.14771 0.5737 0.76904 
0.167236 0.34546 0.12817 -0.21240 0.8789 0.83130 
0.165771 0.32715 0.13184 -0.27100 0.8789 0.90210 
0.165649 0.29663 0.14893 -0.32715 0.12817 0.99487 
0.165161 0.26367 0.17212 -0.38208 0.18799 0.108398 
0.167847 0.21118 0.19653 -0.44067 0.26367 0.116699 
0.173706 0.14893 0.23315 -0.49927 0.34180 0.116699 
0.181152 0.9033 0.27344 -0.55786 0.41260 0.124268 
0.158325 0.4150 0.30762 -0.62012 0.45410 0.130615 
0.199219 -0.122 0.33569 -0.68359 0.46631 0.135376 
0.199219 -0.3662 0.37109 -0.75195 0.45410 0.139038 
0.209473 -0.6836 0.41382 -0.81787 0.44312 0.142212 
0.220825 -0.8423 0.45166 -0.87646 0.44189 0.144653 
0.232178 -0.8423 0.50659 -0.93384 0.44434 0.145874 
0.242432 -0.10864 0.57983 -0.98999 0.46387 0.145874 
0.252563 -0.15137 0.34668 -0.103638 0.49805 0.145874 
0.262695 -0.18433 0.74341 -0.106812 0.54321 0.145630 
0.273071 -0.21606 0.74341 -0.108643 0.60547 0.145264 
0.285156 -0.25513 0.83740 -0.108887 0.67505 0.143799 
0.298218 -0.29663 0.94238 -0.107056 0.74707 0.140869 
0.338745 -0.30884 0.109009 -0.107056 0.108521 0.169434 
0.350586 -0.40894 0.134766 -0.116577 0.169189 0.184692 
0.354614 -0.45044 0.139404 -0.130371 0.177734 0.166260 
0.361206 -0.48096 0.148071 -0.132568 0.215942 0.142578 
0.362915 -0.54199 0.152832 -0.121948 0.215942 0.122314 
0.360962 -0.53101 0.156494 -0.104004 0.190063 0.99609 
0.357300 -0.51025 0.155518 -0.81421 0.150879 0.104858 
0.352783 -0.50781 0.152222 -0.59204 0.112793 0.73608 
0.346436 -0.50293 0.146606 -0.40039 0.82275 0.45654 
0.341309 -0.48950 0.140137 -0.21606 0.58105 0.16357 
0.338867 -0.45532 0.133301 -0.3174 0.36255 -0.12695 
0.338867 -0.43213 0.129272 0.13916 0.14648 -0.41748 
0.339966 -0.40161 0.126953 0.26611 -0.4883 -0.69458 
0.342407 -0.42725 0.125732 0.32349 -0.20020 -0.90576 
0.350464 -0.44922 0.120361 0.28931 -0.23926 -0.94604 
0.354492 -0.44922 0.113037 0.20142 -0.18555 -0.90210 
0.351929 -0.44800 0.107178 0.11719 -0.8667 -0.89478 
0.346924 -0.43701 0.104370 0.6958 0.1831 -0.93750 
0.341919 -0.45166 0.104370 0.5249 0.10742 -0.98633 
0.337036 -0.45532 0.104004 0.4395 0.18066 -0.104004 
0.331909 -0.45288 0.104736 0.3784 0.23560 -0.111328 
0.326782 -0.44434 0.105957 0.3784 0.25391 -0.121094 
0.322266 -0.42114 0.107788 0.4883 0.22705 -0.133423 
0.318481 -0.38574 0.108276 0.8667 0.16357 -0.147949 
0.315796 -0.36011 0.106201 0.14771 0.8667 -0.163452 
0.312378 -0.34180 0.101074 0.21484 0.8667 -0.179688 
0.307495 -0.32349 0.94116 0.25024 0.1099 -0.165039 
0.298828 -0.30029 0.88257 0.23315 -0.6592 -0.212769 
0.286133 -0.27466 0.84595 0.17700 -0.14648 -0.212769 
0.270996 -0.24170 0.84839 0.10864 -0.22827 -0.228149 
0.252930 -0.18311 0.87402 0.5249 -0.30640 -0.240234 
0.264526 -0.12085 0.92041 0.610 -0.39673 -0.247681 
0.245850 -0.4761 0.97900 -0.1221 -0.49316 -0.250366 
0.214600 0.3662 0.100952 -0.122 -0.60547 -0.247559 
0.195679 0.11963 0.104614 0.3906 -0.74341 -0.239990 
0.180054 0.20752 0.104492 0.8057 -0.85938 -0.227173 
0.167358 0.20752 0.101807 0.12085 -0.98511 -0.210083 
0.156982 0.29541 0.95093 0.14038 -0.110229 -0.191528 
0.148926 0.37476 0.120361 0.15137 -0.121216 -0.173340 
0.144897 0.40283 0.89111 0.14648 -0.124268 -0.155029 
0.142212 0.44678 0.81543 0.13428 -0.122192 -0.138550 
0.138916 0.47974 0.73975 0.11475 -0.116455 -0.124023 
0.137207 0.51636 0.67749 0.9766 -0.107544 -0.110596 
0.135742 0.54688 0.61890 0.9766 -0.96924 -0.97778 
0.133789 0.57617 0.56274 0.8423 -0.116455 -0.85938 
0.131592 0.59692 0.50659 0.7080 -0.72754 -0.74585 
0.130249 0.60913 0.45288 0.5493 -0.72754 -0.63721 
0.129028 0.61523 0.40039 0.3662 -0.59937 -0.53833 
0.126831 0.61401 0.34790 0.1343 -0.46875 -0.44922 
0.124268 0.60791 0.30029 -0.2319 -0.33569 -0.44922 
0.120239 0.60181 0.25635 -0.7446 -0.20142 -0.36743 
0.115234 0.57739 0.23560 -0.12939 -0.6470 -0.29053 
0.112183 0.54810 0.23071 -0.18677 0.8179 -0.19775 
0.111206 0.52490 0.24292 -0.24658 0.23438 -0.7935 
0.111206 0.50293 0.26855 -0.30151 0.38086 0.5249 
0.111084 0.48706 0.30273 -0.34912 0.51270 0.18433 
0.112061 0.46509 0.33203 -0.39551 0.62378 0.30762 
0.113403 0.46509 0.36133 -0.44678 0.69946 0.41870 
0.115234 0.43213 0.39551 -0.50659 0.73242 0.51758 
0.116211 0.39429 0.41382 -0.57373 0.72510 0.60425 
0.116943 0.35156 0.41382 -0.63599 0.67505 0.69458 
0.118530 0.32104 0.43579 -0.68115 0.60669 0.79712 
0.121460 0.30151 0.45776 -0.71045 0.55786 0.91187 
0.127808 0.27954 0.46265 -0.72388 0.52612 0.105103 
0.135254 0.26245 0.45410 -0.72388 0.50537 0.120850 
0.152344 0.20996 0.48706 -0.75073 0.49683 0.142212 
0.158813 0.22461 0.50171 -0.78857 0.54077 0.150269 
0.172485 0.17822 0.51758 -0.82642 0.54077 0.154419 
0.183472 0.13184 0.56152 -0.88623 0.57739 0.156982 
0.190796 0.9766 0.59937 -0.95947 0.61279 0.186646 
0.200195 0.7324 0.67017 -0.104248 0.61890 0.153198 
0.210083 0.5981 0.76294 -0.110474 0.59204 0.153198 
0.220459 0.6104 0.86182 -0.113403 0.55298 0.151978 
0.231445 0.6348 0.96436 -0.112915 0.53345 0.151489 
0.243652 0.5493 0.105835 -0.109497 0.55298 0.152344 
0.243652 0.4639 0.114136 -0.103638 0.61523 0.154419 
0.255981 0.3174 0.120972 -0.95703 0.71167 0.156250 
0.267090 0.1465 0.126221 -0.87158 0.81787 0.156006 
0.277100 0.1465 0.131104 -0.79834 0.91187 0.152954 
0.285034 -0.732 0.135254 -0.72388 0.97900 0.146606 
0.291870 -0.2686 0.136353 -0.68726 0.109741 0.150879 
0.345337 -0.32715 0.160400 -0.91919 0.168457 0.192139 
0.328125 -0.24170 0.160400 -0.105835 0.224487 0.192139 
0.335449 -0.29785 0.168335 -0.112183 0.264282 0.179932 
0.336060 -0.33203 0.179443 -0.104858 0.274902 0.163330 
0.329346 -0.34302 0.185547 -0.104858 0.259155 0.143677 
0.325195 -0.36255 0.193726 -0.85571 0.231445 0.121826 
0.322266 -0.37842 0.201660 -0.65063 0.235474 0.96436 
0.318726 -0.41260 0.207153 -0.46509 0.204224 0.66406 
