0.195313 0.63599 0.42847 -0.3662 0.24780 -0.15991 
0.198975 0.65674 0.48584 -0.11108 0.27710 -0.15503 
0.200562 0.67993 0.55664 -0.16724 0.27100 -0.14526 
0.200684 0.68726 0.63721 -0.19287 0.20752 -0.14526 
0.202515 0.69458 0.64941 -0.15625 0.10742 -0.12817 
0.205811 0.66406 0.59570 -0.11230 -0.1953 -0.11108 
0.213013 0.65674 0.57617 -0.11353 -0.14404 -0.11475 
0.213013 0.69702 0.60059 -0.14404 -0.22339 -0.14038 
0.219971 0.78247 0.66650 -0.17456 -0.29663 -0.16846 
0.224365 0.84961 0.75439 -0.17334 -0.42236 -0.18555 
0.228760 0.88501 0.82886 -0.11719 -0.56641 -0.20264 
0.232788 0.88501 0.83374 -0.2563 -0.66406 -0.22827 
0.232300 0.87891 0.75684 0.5493 -0.71289 -0.25513 
0.229736 0.83496 0.66406 0.8057 -0.72266 -0.26855 
0.229858 0.78125 0.66406 0.4639 -0.68726 -0.26733 
0.233032 0.76294 0.58594 -0.4028 -0.62378 -0.26123 
0.236694 0.77148 0.53101 -0.15869 -0.54199 -0.26123 
0.240234 0.78003 0.49438 -0.29419 -0.44678 -0.26733 
0.241333 0.78247 0.48706 -0.29419 -0.36499 -0.27954 
0.240356 0.76904 0.49194 -0.43579 -0.61646 -0.28320 
0.239380 0.75195 0.51880 -0.53833 -0.27588 -0.27344 
0.237915 0.73608 0.53833 -0.58960 -0.27588 -0.25757 
0.236206 0.72632 0.52612 -0.58594 -0.27222 -0.23926 
0.234253 0.71899 0.49805 -0.56152 -0.27832 -0.23071 
0.230835 0.69458 0.44922 -0.53833 -0.27954 -0.23071 
0.226196 0.71533 0.42725 -0.51636 -0.26611 -0.24048 
0.220215 0.77026 0.42236 -0.48950 -0.25391 -0.24902 
0.243530 0.81909 0.42847 -0.47119 -0.25024 -0.23926 
0.202637 0.85938 0.44678 -0.46509 -0.25513 -0.20874 
0.202637 0.88745 0.47607 -0.45166 -0.26978 -0.15503 
0.193115 0.90576 0.50171 -0.40771 -0.29297 -0.8423 
0.183594 0.91309 0.50293 -0.32593 -0.31372 -0.244 
0.174438 0.91309 0.48096 -0.22339 -0.32349 0.8667 
0.164673 0.90942 0.43945 -0.12207 -0.30884 0.18921 
0.154907 0.88501 0.39185 -0.3296 -0.25513 0.31250 
0.145996 0.86914 0.39185 0.2563 -0.17334 0.45410 
0.138550 0.86426 0.34546 0.4517 -0.8545 0.61035 
0.131958 0.85571 0.30884 0.3418 -0.1099 0.77515 
0.125610 0.84351 0.28320 0.977 0.3662 0.94727 
0.118896 0.83252 0.27710 0.977 0.5859 0.112427 
0.112183 0.81421 0.28931 -0.1465 0.6348 0.130615 
0.105347 0.78003 0.31860 -0.2319 0.6104 0.149902 
0.97778 0.72510 0.37598 -0.488 0.6104 0.171265 
0.91919 0.66040 0.42969 0.5493 0.6836 0.194824 
0.87646 0.59204 0.45654 0.14893 0.9033 0.189575 
0.88379 0.49316 0.45898 0.23804 0.13306 0.220825 
0.94604 0.39551 0.47607 0.32715 0.17822 0.251343 
0.106812 0.30884 0.48584 0.41138 0.29541 0.281006 
0.94116 0.17700 0.51147 0.46265 0.48096 0.304443 
0.147827 0.1709 0.57495 0.46997 0.69336 0.327148 
0.147827 -0.13062 0.64209 0.45532 0.96558 0.347046 
0.169678 -0.25391 0.69580 0.43701 0.124268 0.357788 
0.189087 -0.4761 0.76904 0.44312 0.145142 0.359741 
0.205078 -0.36011 0.82764 0.45898 0.160034 0.356323 
0.215820 -0.43823 0.88379 0.44922 0.172974 0.349976 
0.221069 -0.49316 0.63965 0.40039 0.184448 0.342163 
0.223145 -0.54321 0.105225 0.34424 0.191162 0.335083 
0.226318 -0.61401 0.105225 0.31006 0.192871 0.329590 
0.234009 -0.70801 0.116577 0.29907 0.192627 0.323975 
0.246948 -0.81421 0.128296 0.30151 0.194214 0.315796 
0.262085 -0.91553 0.139526 0.30151 0.199219 0.303589 
0.276978 -0.98633 0.146851 0.30884 0.203247 0.286499 
0.287598 -0.100098 0.150757 0.31860 0.201294 0.264771 
0.292236 -0.96680 0.154053 0.31616 0.201294 0.240234 
0.291016 -0.95459 0.157227 0.27710 0.193481 0.217407 
0.291138 -0.96802 0.165039 0.22217 0.177002 0.201172 
0.295288 -0.97778 0.176025 0.18188 0.151245 0.190063 
0.302612 -0.100952 0.187256 0.18555 0.121094 0.190063 
0.314819 -0.105225 0.194946 0.24902 0.91309 0.180908 
0.331177 -0.112061 0.195679 0.34424 0.63232 0.170166 
0.319824 -0.120361 0.191406 0.43213 0.41260 0.155640 
0.351074 -0.132446 0.189453 0.47852 0.31250 0.137939 
0.379639 -0.132080 0.180298 0.43701 0.37964 0.118042 
0.392090 -0.134399 0.171021 0.38330 0.35278 0.82275 
0.401855 -0.134399 0.162720 0.38940 0.12451 0.44312 
0.409912 -0.138794 0.159180 0.43091 -0.9277 0.9766 
0.415894 -0.139282 0.159180 0.37598 -0.22705 -0.23804 
0.420044 -0.138672 0.187256 0.27222 -0.31616 -0.58472 
0.419922 -0.138184 0.156006 0.20508 -0.45288 -0.95459 
0.415649 -0.138306 0.151489 0.15259 -0.62378 -0.132935 
0.406616 -0.137817 0.144531 0.7202 -0.77881 -0.169678 
0.393433 -0.136719 0.136597 0.7202 -0.88623 -0.203980 
0.377075 -0.134399 0.129150 -0.3540 -0.95459 -0.234375 
0.358154 -0.130371 0.122925 -0.15015 -0.100952 -0.260254 
0.338379 -0.123779 0.118286 -0.24414 -0.106201 -0.281982 
0.318970 -0.115234 0.114502 -0.31372 -0.106201 -0.299927 
0.301392 -0.106323 0.111694 -0.36499 -0.110474 -0.283325 
0.285645 -0.97656 0.108032 -0.39185 -0.113281 -0.326782 
0.269775 -0.89355 0.102783 -0.39917 -0.115845 -0.326782 
0.253784 -0.81543 0.96436 -0.39917 -0.117554 -0.337647 
0.236084 -0.74097 0.90942 -0.40649 -0.117432 -0.346924 
0.248169 -0.67261 0.86426 -0.41870 -0.112549 -0.354248 
0.216919 -0.58472 0.83374 -0.42847 -0.102295 -0.358032 
0.196411 -0.48340 0.80566 -0.43213 -0.87402 -0.357300 
0.175049 -0.37476 0.78247 -0.43091 -0.69580 -0.350708 
0.153687 -0.57373 0.75439 -0.42969 -0.51514 -0.337402 
0.134155 -0.26123 0.71777 -0.44434 -0.35889 -0.317261 
0.118042 -0.15625 0.66528 -0.47485 -0.24536 -0.292114 
0.106079 -0.6470 0.90942 -0.52734 -0.17578 -0.264160 
0.98999 0.1831 0.59692 -0.61401 -0.14404 -0.236938 
0.95215 0.8667 0.53833 -0.72388 -0.13428 -0.213501 
0.88379 0.13428 0.51025 -0.82520 -0.6592 -0.195923 
0.83008 0.18921 0.55176 -0.82520 0.9033 -0.179077 
0.74585 0.25269 0.57251 -0.95947 0.22461 -0.160767 
0.63843 0.31860 0.61035 -0.107910 0.1465 -0.141357 
0.54443 0.38330 0.63965 -0.115479 0.39429 -0.119873 
0.47974 0.42969 0.66772 -0.121338 0.39429 -0.96191 
0.44556 0.45654 0.70801 -0.125488 0.42114 -0.102783 
0.44067 0.46021 0.73120 -0.127075 0.43579 -0.77881 
0.45532 0.47485 0.74219 -0.127197 0.44556 -0.46631 
0.46387 0.49561 0.75684 -0.128662 0.45532 -0.22461 
0.45776 0.53345 0.78857 -0.133057 0.46631 0.122 
0.43335 0.57251 0.84839 -0.140503 0.47363 0.21240 
0.43335 0.59326 0.94727 -0.148804 0.45898 0.44067 
0.42480 0.57739 0.107910 -0.154053 0.41382 0.72388 
0.45166 0.52368 0.122681 -0.151978 0.36133 0.108276 
0.54321 0.44922 0.136963 -0.141968 0.30884 0.150757 
0.71167 0.44922 0.149658 -0.125732 0.25879 0.195435 
0.94604 0.35645 0.158936 -0.106323 0.22095 0.236694 
0.123657 0.24048 0.164917 -0.86914 0.20996 0.269531 
0.156860 0.10742 0.164917 -0.71045 0.24536 0.293213 
0.189575 -0.2197 0.168091 -0.59937 0.30518 0.305298 
0.218506 -0.14160 0.169312 -0.51147 0.34912 0.305176 
0.244629 -0.25879 0.171021 -0.42969 0.36621 0.297363 
0.268555 -0.36987 0.174194 -0.42969 0.36987 0.284790 
0.288574 -0.45898 0.177612 -0.34180 0.36865 0.267944 
0.304443 -0.51880 0.179810 -0.24048 0.35400 0.247070 
0.315186 -0.55542 0.178711 -0.12939 0.35400 0.222900 
0.320801 -0.58228 0.174561 -0.2319 0.31616 0.197144 
0.321655 -0.60791 0.168945 0.6104 0.26123 0.203247 
0.320313 -0.62866 0.163574 0.11963 0.20020 0.171997 
0.327637 -0.72876 0.170532 0.14526 0.19043 0.153931 
0.320801 -0.66650 0.162964 0.6226 0.35645 0.148438 
0.314087 -0.66895 0.160034 0.4395 0.44312 0.132446 
0.340698 -0.67017 0.155273 0.11230 0.42480 0.116089 
0.309448 -0.66895 0.149902 0.19287 0.33569 0.101074 
0.305786 -0.66895 0.143799 0.24902 0.24658 0.85693 
0.301880 -0.65918 0.137207 0.27954 0.17212 0.68481 
0.296753 -0.65918 0.131348 0.27588 0.10742 0.49438 
0.289551 -0.63965 0.127441 0.24292 0.5249 0.29907 
0.280029 -0.62134 0.156006 0.19653 0.00 0.11841 
0.268799 -0.59326 0.124756 0.13916 -0.8057 -0.2563 
0.256714 -0.56396 0.124146 0.8667 -0.17090 -0.12573 
0.244141 -0.53589 0.124878 0.5981 -0.25024 -0.18188 
0.233276 -0.51270 0.125122 0.5737 -0.31372 -0.19653 
0.224609 -0.49072 0.124634 0.5737 -0.34302 -0.18555 
0.218628 -0.46997 0.123413 0.6958 -0.33325 -0.17090 
0.214722 -0.45654 0.121338 0.9399 -0.59570 -0.15259 
0.212769 -0.45166 0.118774 0.11475 -0.28320 -0.12573 
0.210693 -0.44922 0.115356 0.10986 -0.20996 -0.9521 
