0.195923 0.28687 0.63721 0.29175 -0.13428 -0.46631 
0.196411 0.35400 0.60791 0.25879 -0.11353 -0.42847 
0.195435 0.37109 0.57251 0.19409 -0.8423 -0.38086 
0.197266 0.38574 0.53467 0.19409 -0.5249 -0.33081 
0.200684 0.39307 0.51025 0.12695 -0.1831 -0.28076 
0.203613 0.40405 0.49561 0.5859 -0.29663 -0.22583 
0.205688 0.40405 0.48462 -0.610 0.1587 -0.16968 
0.207642 0.40039 0.48828 -0.7324 0.4639 -0.11597 
0.210083 0.42114 0.52124 -0.13184 0.6958 -0.6470 
0.212402 0.46509 0.58228 -0.17456 0.7324 -0.6470 
0.215576 0.51270 0.66406 -0.18433 0.5005 -0.854 
0.220093 0.54932 0.72876 -0.14526 -0.732 0.5493 
0.223633 0.53223 0.72510 -0.7324 -0.7568 0.11230 
0.224487 0.46631 0.65063 -0.2686 -0.12085 0.14648 
0.224487 0.40283 0.55664 -0.3174 -0.12573 0.15991 
0.224731 0.37598 0.51392 -0.8789 -0.9766 0.15503 
0.227051 0.38330 0.52490 -0.17944 -0.5981 0.14038 
0.230591 0.38330 0.53589 -0.27222 -0.3052 0.11963 
0.230835 0.40039 0.58960 -0.34546 -0.1465 0.9277 
0.232178 0.36865 0.32227 -0.35156 -0.1709 0.5981 
0.231689 0.34424 0.63477 -0.28687 -0.4150 0.4272 
0.230957 0.32593 0.66650 -0.18066 -0.8789 0.5249 
0.230957 0.32593 0.69214 -0.5615 -0.15259 0.7813 
0.231812 0.33203 0.69458 -0.25269 -0.22583 0.9521 
0.232910 0.32837 0.65918 0.5981 -0.28198 0.9033 
0.233643 0.32715 0.59937 0.12817 -0.30884 0.6104 
0.232178 0.33447 0.54321 0.13794 -0.244 0.1343 
0.229248 0.36255 0.51025 0.9644 -0.31494 -0.3052 
0.225830 0.40527 0.51025 0.3174 -0.31982 -0.5737 
0.220215 0.45044 0.53345 -0.2563 -0.33325 -0.5981 
0.210327 0.47974 0.56641 -0.5249 -0.35767 -0.5981 
0.197632 0.52002 0.60303 -0.4639 -0.38330 -0.3174 
0.181885 0.54810 0.62622 -0.977 -0.39429 0.2808 
0.164307 0.54565 0.62378 0.3906 -0.38696 0.12939 
0.175293 0.55054 0.60669 0.10132 -0.35400 0.29175 
0.144043 0.54443 0.53955 0.15991 -0.28076 0.46021 
0.128784 0.53589 0.46387 0.18188 -0.20386 0.65430 
0.118408 0.52856 0.40527 0.14648 -0.12817 0.87402 
0.111816 0.52856 0.36621 0.8911 -0.5127 0.108887 
0.107544 0.50903 0.35156 0.2930 0.732 0.128540 
0.105225 0.47363 0.37964 -0.3052 0.5737 0.146729 
0.102173 0.43579 0.42969 -0.9277 0.9888 0.164063 
0.101196 0.36133 0.42969 -0.12939 0.11963 0.184937 
0.101440 0.26855 0.50415 -0.12085 0.13550 0.209106 
0.102661 0.18311 0.59570 -0.9277 0.13916 0.234985 
0.105713 0.6226 0.64575 -0.9277 0.12939 0.259033 
0.114990 -0.9155 0.65063 0.1587 0.25757 0.282471 
0.125977 -0.21851 0.63721 0.16846 0.19653 0.306763 
0.137329 -0.32837 0.65674 0.25757 0.50903 0.330078 
0.152954 -0.47241 0.71655 0.30396 0.73486 0.347900 
0.175537 -0.62744 0.80688 0.37598 0.87769 0.357788 
0.201416 -0.76416 0.90942 0.44678 0.98145 0.360718 
0.224731 -0.88989 0.101929 0.50293 0.110352 0.360718 
0.242065 -0.98145 0.113281 0.55420 0.126831 0.358643 
0.221069 -0.103271 0.120239 0.61768 0.143677 0.352905 
0.257690 -0.108154 0.123413 0.68359 0.155884 0.343872 
0.257690 -0.112305 0.124023 0.71533 0.164917 0.332397 
0.259888 -0.117432 0.126099 0.70068 0.170044 0.319214 
0.263306 -0.122070 0.130737 0.65308 0.169800 0.307007 
0.269775 -0.122070 0.137329 0.59204 0.162354 0.295288 
0.277222 -0.126099 0.146118 0.53223 0.148682 0.282715 
0.284302 -0.129395 0.152954 0.49683 0.132324 0.268433 
0.289795 -0.132813 0.127808 0.50171 0.116211 0.254272 
0.291382 -0.135010 0.159058 0.51880 0.104614 0.239136 
0.291382 -0.138184 0.162720 0.52612 0.104248 0.230225 
0.308960 -0.152466 0.182617 0.35522 0.130371 0.235474 
0.307007 -0.148926 0.179321 0.35522 0.143433 0.223145 
0.313477 -0.157349 0.185059 0.29297 0.140259 0.206421 
0.324341 -0.165894 0.182739 0.32349 0.151489 0.182739 
0.336914 -0.173218 0.178101 0.41870 0.123047 0.151978 
0.348022 -0.176392 0.161865 0.49927 0.91797 0.111084 
0.363281 -0.183105 0.163940 0.54565 0.68726 0.102295 
0.371094 -0.189087 0.158569 0.42480 0.43091 0.62744 
0.370483 -0.188477 0.153198 0.36255 0.9644 0.31494 
0.370972 -0.186279 0.151489 0.30640 -0.15259 -0.14038 
0.367798 -0.184937 0.152466 0.19897 -0.29907 -0.57129 
0.357056 -0.182373 0.152466 0.7324 -0.39185 -0.91309 
0.357056 -0.177368 0.150391 -0.1587 -0.46997 -0.118774 
0.340698 -0.172485 0.145142 -0.5615 -0.54199 -0.143311 
0.323730 -0.167358 0.138184 -0.6958 -0.60181 -0.164429 
0.307495 -0.161621 0.130371 -0.8423 -0.62988 -0.181763 
0.292603 -0.161621 0.122681 -0.10742 -0.61890 -0.196045 
0.278076 -0.154907 0.115601 -0.12573 -0.58105 -0.208862 
0.263916 -0.146973 0.109863 -0.13306 -0.51758 -0.220947 
0.250244 -0.137817 0.109863 -0.13306 -0.42114 -0.232178 
0.236938 -0.132324 0.103516 -0.8301 -0.28931 -0.242676 
0.224365 -0.122559 0.101318 -0.7935 -0.19165 -0.252075 
0.215210 -0.113403 0.97412 -0.7935 -0.5737 -0.259766 
0.205688 -0.105225 0.94604 -0.11597 0.6470 -0.265259 
0.196045 -0.97046 0.93140 -0.17700 0.11719 -0.268677 
0.185913 -0.88745 0.92773 -0.21851 0.11475 -0.270142 
0.175659 -0.80200 0.91675 -0.23560 0.11475 -0.268799 
0.165527 -0.71777 0.89600 -0.25757 0.8179 -0.265259 
0.156616 -0.63599 0.87646 -0.28809 0.2563 -0.259277 
0.148193 -0.55054 0.85693 -0.32959 -0.4517 -0.259277 
0.139648 -0.46631 0.84106 -0.37476 -0.12939 -0.251587 
0.130981 -0.38574 0.83008 -0.42358 -0.21606 -0.241943 
0.154053 -0.31494 0.82520 -0.46997 -0.28931 -0.229614 
0.122803 -0.25146 0.83130 -0.51270 -0.33569 -0.214478 
0.114746 -0.19775 0.84229 -0.54565 -0.34058 -0.196899 
0.107056 -0.14771 0.85815 -0.56641 -0.29419 -0.177612 
0.98877 -0.9033 0.86670 -0.58716 -0.18921 -0.156738 
0.90454 -0.9033 0.85815 -0.61646 -0.4761 -0.134521 
0.81055 -0.3540 0.83618 -0.66772 0.9155 -0.110474 
0.72144 0.1587 0.83618 -0.74341 0.20508 -0.85327 
0.65430 0.6592 0.83618 -0.83130 0.28442 -0.60425 
0.61157 0.9766 0.88257 -0.90210 0.32837 -0.35156 
0.59204 0.10132 0.95215 -0.93262 0.34180 -0.8545 
0.58838 0.8423 0.103027 -0.93018 0.34668 0.19287 
0.61646 0.5249 0.111206 -0.93018 0.35889 0.47974 
0.67749 0.1831 0.119873 -0.90088 0.38452 0.77026 
0.75928 -0.1831 0.127808 -0.85815 0.40894 0.105835 
0.84717 -0.6226 0.133667 -0.80322 0.40894 0.133545 
0.94604 -0.12329 0.138672 -0.74219 0.41870 0.160645 
0.106201 -0.20020 0.143188 -0.68237 0.41626 0.187134 
0.120605 -0.28442 0.147583 -0.62866 0.39917 0.187134 
0.138062 -0.37720 0.152954 -0.57983 0.37231 0.211426 
0.158813 -0.47974 0.159058 -0.52734 0.35645 0.231323 
0.182373 -0.57373 0.164917 -0.46265 0.35400 0.245483 
0.174438 -0.65186 0.168091 -0.37598 0.36621 0.252441 
0.205688 -0.72754 0.168213 -0.28076 0.38940 0.251465 
0.227051 -0.80566 0.165649 -0.20142 0.42236 0.242310 
0.245361 -0.88013 0.162964 -0.15259 0.45532 0.227173 
0.260864 -0.88013 0.161133 -0.13306 0.46875 0.208252 
0.273926 -0.95947 0.162964 -0.11841 0.46997 0.188232 
0.291992 -0.100464 0.171021 -0.20630 0.63477 0.181152 
0.299072 -0.106934 0.171021 -0.33325 0.79712 0.166870 
0.304810 -0.117065 0.174438 -0.32715 0.83862 0.147705 
0.303467 -0.119629 0.173706 -0.56030 0.78247 0.126343 
0.301514 -0.121216 0.172607 -0.16846 0.68481 0.105835 
0.296021 -0.121216 0.169800 -0.16846 0.57007 0.85083 
0.288696 -0.119629 0.167358 -0.10742 0.46875 0.62622 
0.280518 -0.117676 0.163574 -0.4272 0.36865 0.39917 
0.271973 -0.118042 0.158936 0.2930 0.36865 0.20874 
0.263306 -0.115967 0.155762 0.10742 0.23560 0.4395 
0.253296 -0.113159 0.150757 0.18677 0.9521 0.20264 
0.244019 -0.109741 0.144897 0.25146 -0.3174 -0.23804 
0.234741 -0.105713 0.139282 0.28442 -0.15137 -0.23804 
0.225220 -0.100952 0.134888 0.28687 -0.25024 -0.33936 
0.246460 -0.96436 0.131348 0.26367 -0.31006 -0.41382 
0.205322 -0.92285 0.128784 0.22583 -0.33325 -0.46509 
0.205322 -0.88501 0.127075 0.18555 -0.33081 -0.48706 
0.195435 -0.85327 0.125732 0.14893 -0.31494 -0.47852 
0.187866 -0.83496 0.125122 0.10864 -0.30029 -0.43701 
0.182373 -0.83496 0.124512 0.7080 -0.29541 -0.36865 
0.178467 -0.81787 0.124023 0.5249 -0.29785 -0.29907 
0.177124 -0.80811 0.124268 0.4395 -0.29175 -0.24292 
0.177734 -0.80444 0.124634 0.3418 -0.26245 -0.20142 
0.178833 -0.80444 0.124634 0.1831 -0.21240 -0.16846 
0.179810 -0.80444 0.125488 0.244 -0.15869 -0.14160 
