0.226196 0.31250 0.85693 0.1099 0.366 -0.2075 
0.229492 0.31250 0.82764 0.1953 0.4883 -0.488 
0.230225 0.31982 0.80322 0.488 0.10254 -0.977 
0.232666 0.31006 0.79224 -0.3174 0.15625 -0.2563 
0.235352 0.30518 0.80078 -0.7690 0.20264 -0.4150 
0.237183 0.31860 0.80078 -0.12085 0.23071 -0.4761 
0.236694 0.33691 0.82520 -0.14648 0.22217 -0.3540 
0.235352 0.35522 0.84839 -0.15381 0.17212 -0.1587 
0.236328 0.36255 0.87158 -0.15381 0.11475 -0.122 
0.238037 0.37476 0.90210 -0.15259 0.5127 0.244 
0.240967 0.38086 0.94238 -0.14282 0.29785 -0.1465 
0.243408 0.37964 0.97412 -0.11597 -0.7446 -0.5127 
0.244385 0.36743 0.97534 -0.7935 -0.7446 -0.9766 
0.243896 0.33936 0.94727 -0.5249 -0.13306 -0.14526 
0.243774 0.31250 0.90820 -0.4395 -0.19043 -0.18921 
0.244263 0.29053 0.87769 -0.5493 -0.24414 -0.18921 
0.244385 0.27344 0.86548 -0.7935 -0.28809 -0.22827 
0.243408 0.25391 0.86792 -0.10254 -0.31494 -0.25879 
0.241577 0.24414 0.87646 -0.10620 -0.32959 -0.27832 
0.241577 0.24658 0.88257 -0.7935 -0.33081 -0.27954 
0.239014 0.26245 0.88135 -0.2808 -0.32227 -0.26611 
0.236206 0.27466 0.88257 0.3052 -0.30029 -0.23682 
0.235107 0.28564 0.86304 0.7324 -0.27588 -0.19897 
0.234497 0.28564 0.84839 0.12573 -0.23804 -0.16846 
0.234497 0.30151 0.82031 0.16846 -0.19653 -0.15137 
0.233765 0.32349 0.78735 0.19043 -0.15625 -0.15015 
0.232788 0.34424 0.78735 0.18555 -0.12207 -0.16235 
0.231445 0.36743 0.76172 0.15869 -0.10132 -0.18433 
0.228882 0.38330 0.75073 0.13306 -0.10132 -0.20508 
0.225952 0.38940 0.73608 0.13306 -0.11963 -0.21362 
0.222778 0.38818 0.72876 0.11963 -0.15503 -0.20020 
0.218384 0.38208 0.71289 0.11841 -0.20752 -0.16113 
0.214355 0.39429 0.68970 0.13062 -0.26123 -0.10620 
0.209717 0.41504 0.67749 0.13550 -0.26123 -0.4150 
0.201904 0.43945 0.67261 0.12817 -0.29663 -0.27588 
0.190552 0.46875 0.66406 0.11597 -0.30029 0.13672 
0.176392 0.48950 0.65063 0.10254 -0.27100 0.13672 
0.161865 0.49438 0.63354 0.8179 -0.21240 0.26489 
0.148804 0.48340 0.62012 0.6836 -0.13428 0.41870 
0.138062 0.46509 0.60547 0.7202 -0.3296 0.59570 
0.138062 0.44312 0.58838 0.7324 0.8789 0.78613 
0.128418 0.41992 0.57007 0.6470 0.22095 0.97778 
0.118774 0.40527 0.55786 0.5371 0.34546 0.116455 
0.108276 0.38818 0.57129 0.4517 0.45288 0.134766 
0.96558 0.38818 0.60669 0.4395 0.53711 0.153198 
0.84961 0.35156 0.64087 0.4150 0.61157 0.174438 
0.73120 0.32227 0.67871 0.1831 0.69214 0.197266 
0.64819 0.27100 0.67871 -0.1099 0.75562 0.221802 
0.62256 0.16602 0.73364 -0.2808 0.81299 0.250366 
0.65796 0.3662 0.79956 -0.2930 0.87769 0.281860 
0.78369 -0.10376 0.87036 -0.2075 0.96313 0.312866 
0.97412 -0.26611 0.94727 -0.2075 0.108398 0.338623 
0.122803 -0.42847 0.101318 0.1587 0.124146 0.357666 
0.150757 -0.58838 0.106445 0.7446 0.113525 0.369141 
0.174194 -0.71655 0.109253 0.11597 0.144775 0.370850 
0.192627 -0.82031 0.111206 0.11475 0.166504 0.365601 
0.207520 -0.92407 0.114502 0.7690 0.183228 0.357056 
0.223389 -0.103394 0.120605 0.2075 0.191650 0.357056 
0.242065 -0.115967 0.129150 -0.2197 0.192749 0.348511 
0.265137 -0.127563 0.139160 -0.3662 0.188599 0.340454 
0.260132 -0.137695 0.149902 -0.3418 0.181519 0.330933 
0.286255 -0.145752 0.159302 -0.1709 0.171753 0.317017 
0.317505 -0.154907 0.174438 0.488 0.160889 0.296387 
0.357544 -0.130737 0.186768 -0.19531 0.190674 0.296753 
0.377563 -0.176147 0.201294 -0.50537 0.227051 0.272949 
0.391846 -0.176147 0.208618 -0.50781 0.231445 0.233643 
0.400513 -0.180542 0.213501 -0.42236 0.205933 0.186768 
0.409912 -0.187622 0.215698 -0.29419 0.164673 0.138672 
0.415527 -0.191162 0.215698 -0.13062 0.113892 0.89233 
0.417358 -0.192993 0.213989 0.5005 0.60669 0.35400 
0.417236 -0.192993 0.209351 0.20630 0.11353 -0.21851 
0.413940 -0.190552 0.205566 0.29419 -0.26001 -0.76172 
0.408325 -0.186890 0.204956 0.29419 -0.39917 -0.118042 
0.395630 -0.181885 0.202148 0.26489 -0.37842 -0.149414 
0.375610 -0.174561 0.197998 0.17456 -0.34912 -0.176636 
0.351196 -0.167969 0.191528 0.11963 -0.34912 -0.201050 
0.328125 -0.161865 0.185303 0.13428 -0.38452 -0.219360 
0.308960 -0.155762 0.178589 0.19897 -0.46143 -0.231812 
0.292480 -0.149292 0.170532 0.26245 -0.54932 -0.242432 
0.278687 -0.142578 0.162231 0.29785 -0.62256 -0.242432 
0.265991 -0.135132 0.153687 0.31128 -0.67871 -0.254028 
0.253662 -0.126831 0.145264 0.31860 -0.74951 -0.266602 
0.271973 -0.117798 0.138184 0.31128 -0.85815 -0.279419 
0.240723 -0.108887 0.129517 0.27344 -0.97046 -0.291870 
0.227051 -0.100830 0.120239 0.20996 -0.112183 -0.302979 
0.215088 -0.124023 0.111328 0.12329 -0.131714 -0.312012 
0.204346 -0.92773 0.105103 0.2441 -0.150391 -0.319946 
0.192139 -0.86426 0.101318 -0.7202 -0.161987 -0.326904 
0.176758 -0.79346 0.98389 -0.14160 -0.162964 -0.330444 
0.159180 -0.69702 0.94849 -0.17212 -0.155396 -0.327881 
0.140747 -0.58716 0.94849 -0.17456 -0.140747 -0.317139 
0.123413 -0.46509 0.90820 -0.17578 -0.121094 -0.298828 
0.109497 -0.34790 0.85083 -0.20752 -0.98999 -0.274414 
0.97046 -0.22583 0.74585 -0.20752 -0.79834 -0.249268 
0.89111 -0.12939 0.67627 -0.25269 -0.54810 -0.224121 
0.83740 -0.5371 0.61523 -0.33936 -0.62012 -0.198730 
0.79102 0.610 0.58350 -0.45898 -0.30762 -0.174072 
0.75806 0.7935 0.56030 -0.56152 -0.7935 -0.151245 
0.72998 0.16235 0.55664 -0.64209 0.12939 -0.130493 
0.69336 0.24170 0.55298 -0.70190 0.32104 -0.142700 
0.63110 0.31372 0.54077 -0.75073 0.48462 -0.111450 
0.55420 0.36987 0.52002 -0.80322 0.60181 -0.93384 
0.45898 0.42358 0.52246 -0.88135 0.66040 -0.74585 
0.37231 0.46387 0.57739 -0.98511 0.66040 -0.55054 
0.37231 0.48218 0.67261 -0.109375 0.62256 -0.34546 
0.30396 0.48340 0.80200 -0.116333 0.56274 -0.11353 
0.27588 0.47485 0.93872 -0.117676 0.50659 0.15869 
0.29297 0.45288 0.106567 -0.113892 0.46631 0.47607 
0.34424 0.45288 0.117798 -0.106689 0.43823 0.83618 
0.41626 0.40161 0.95703 -0.97778 0.41992 0.121948 
0.52490 0.32959 0.134888 -0.89355 0.41748 0.161133 
0.66162 0.23804 0.134888 -0.83496 0.45776 0.196533 
0.80933 0.12573 0.141357 -0.80688 0.53833 0.226196 
0.98999 -0.1099 0.147705 -0.80200 0.62500 0.251343 
0.121338 -0.16968 0.155029 -0.80200 0.70435 0.272339 
0.148804 -0.32349 0.165161 -0.78369 0.78979 0.288208 
0.181763 -0.46509 0.174561 -0.72388 0.89233 0.295776 
0.216431 -0.59204 0.182007 -0.62500 0.70557 0.292236 
0.247070 -0.69214 0.186890 -0.50781 0.101807 0.278564 
0.270386 -0.77759 0.188721 -0.39673 0.114624 0.259644 
0.285889 -0.83374 0.190186 -0.31616 0.125732 0.265747 
0.296875 -0.88745 0.191772 -0.26001 0.132202 0.234497 
0.305542 -0.93994 0.193604 -0.19897 0.129883 0.207031 
0.313232 -0.97900 0.195679 -0.12817 0.118896 0.181763 
0.320190 -0.100586 0.197510 -0.5371 0.102783 0.158203 
0.320190 -0.101563 0.198730 0.1831 0.86304 0.135742 
0.325195 -0.101440 0.197876 0.8423 0.70557 0.113281 
0.328735 -0.102539 0.198730 0.11841 0.61646 0.97046 
0.327515 -0.100952 0.195923 0.8179 0.59814 0.82153 
0.319458 -0.100952 0.189331 0.10742 0.50781 0.59937 
0.307739 -0.98389 0.214233 0.16479 0.35645 0.36621 
0.294312 -0.95947 0.177856 0.20264 0.21729 0.15381 
0.280518 -0.91919 0.177856 0.20508 0.12573 -0.2563 
0.266602 -0.88135 0.173462 0.16968 0.5981 -0.15015 
0.251953 -0.84351 0.169189 0.13916 0.488 -0.23438 
0.238159 -0.80078 0.164917 0.13916 -0.5249 -0.28809 
0.225830 -0.75439 0.159912 0.12207 -0.11597 -0.32227 
0.215454 -0.71289 0.156128 0.11230 -0.17578 -0.34058 
0.206543 -0.67383 0.152710 0.10132 -0.22461 -0.34912 
0.198242 -0.64331 0.150024 0.7935 -0.22461 -0.35522 
0.190918 -0.61768 0.147827 0.5005 -0.26001 -0.35522 
0.184814 -0.59814 0.146973 0.1709 -0.27588 -0.34546 
0.179932 -0.58350 0.146606 -0.977 -0.27344 -0.34546 
0.176147 -0.56885 0.145752 -0.2930 -0.25513 -0.32471 
0.173828 -0.56030 0.145386 -0.4639 -0.22461 -0.29297 
0.172852 -0.55420 0.145142 -0.5371 -0.18188 -0.25513 
0.172363 -0.55176 0.144531 -0.5005 -0.12939 -0.21606 
0.172363 -0.54688 0.144043 -0.3662 -0.7568 -0.17822 
0.172852 -0.54443 0.143677 -0.1953 -0.2808 -0.14160 
0.174072 -0.54688 0.142822 -0.122 0.366 -0.10742 
