0.203491 0.51392 0.22583 0.28687 0.7080 -0.25635 
0.210815 0.51758 0.19043 0.21973 0.13672 -0.23682 
0.215210 0.51758 0.17822 0.11108 0.20630 -0.21484 
0.219727 0.50537 0.20874 -0.1587 0.25879 -0.19531 
0.223999 0.51025 0.26245 -0.12329 0.28076 -0.16968 
0.227173 0.53345 0.26245 -0.18921 0.26611 -0.13428 
0.229980 0.56519 0.32593 -0.21118 0.21973 -0.9155 
0.232300 0.60303 0.37231 -0.20264 0.15259 -0.4761 
0.233521 0.64575 0.42114 -0.20264 0.6958 -0.732 
0.233276 0.67261 0.46509 -0.17700 -0.2686 0.2563 
0.232666 0.67505 0.48706 -0.13062 -0.11597 0.3906 
0.230225 0.64209 0.46143 -0.7446 -0.17944 0.3418 
0.224976 0.58960 0.39063 -0.4272 -0.17944 0.2075 
0.218262 0.55054 0.30762 -0.5859 -0.21973 0.977 
0.212402 0.54321 0.25513 -0.12695 -0.24780 0.1221 
0.207520 0.55908 0.23926 -0.23315 -0.28198 0.1221 
0.201782 0.56763 0.25391 -0.34302 -0.31982 0.3052 
0.192505 0.53833 0.28320 -0.43091 -0.35645 0.7202 
0.215332 0.53467 0.31860 -0.42725 -0.37964 0.13916 
0.184082 0.55664 0.34912 -0.34058 -0.39673 0.23315 
0.175659 0.58228 0.38086 -0.22461 -0.41138 0.34912 
0.167236 0.59448 0.41382 -0.7813 -0.41260 0.48462 
0.158203 0.59692 0.41504 0.9888 -0.38940 0.63599 
0.149170 0.59692 0.36133 0.28442 -0.33447 0.80078 
0.140869 0.58838 0.57495 0.43213 -0.24780 0.96924 
0.134766 0.56519 0.16479 0.50537 -0.11475 0.113281 
0.130615 0.53711 0.16479 0.49438 0.4395 0.129028 
0.129761 0.51514 0.10254 0.43579 0.20142 0.142578 
0.129150 0.49927 0.8423 0.34790 0.33081 0.153320 
0.126709 0.49561 0.10742 0.34790 0.41260 0.162964 
0.122803 0.49927 0.17334 0.23926 0.44556 0.173096 
0.118408 0.49561 0.28809 0.13184 0.45654 0.185547 
0.114258 0.45898 0.42725 0.7080 0.43701 0.204468 
0.117676 0.33936 0.56152 0.9033 0.43701 0.243408 
0.117798 0.27100 0.71899 0.19287 0.42725 0.280396 
0.121460 0.21973 0.79224 0.36133 0.57373 0.273315 
0.126465 0.10376 0.81299 0.58594 0.77271 0.304565 
0.131714 -0.5005 0.74707 0.82642 0.88623 0.326782 
0.136963 -0.23315 0.66040 0.99121 0.92529 0.348022 
0.147095 -0.41626 0.58716 0.105835 0.94849 0.364624 
0.133423 -0.58594 0.61523 0.106323 0.96191 0.374146 
0.164673 -0.73120 0.65552 0.98145 0.105835 0.377441 
0.188355 -0.85693 0.73364 0.85205 0.121216 0.373413 
0.212158 -0.63721 0.83130 0.69824 0.140625 0.361694 
0.234375 -0.94971 0.94604 0.54688 0.159912 0.343140 
0.250732 -0.102417 0.106201 0.41870 0.177490 0.319702 
0.260498 -0.107666 0.117432 0.30518 0.192017 0.295288 
0.265137 -0.113159 0.117432 0.21729 0.206177 0.273804 
0.268188 -0.119873 0.128052 0.18311 0.215576 0.258301 
0.272095 -0.125732 0.138184 0.17212 0.213379 0.248657 
0.277222 -0.132568 0.145630 0.18311 0.198486 0.241943 
0.285889 -0.139648 0.150635 0.18311 0.178101 0.235962 
0.298340 -0.147583 0.155762 0.19043 0.159912 0.228882 
0.311646 -0.154663 0.157959 0.20508 0.177734 0.219238 
0.331543 -0.166504 0.177979 0.21240 0.146484 0.217773 
0.349609 -0.165405 0.168213 0.732 0.166748 0.205444 
0.365234 -0.176514 0.179443 -0.16357 0.167725 0.217285 
0.375244 -0.182007 0.179810 -0.15991 0.165771 0.186035 
0.395508 -0.191040 0.192139 -0.13916 0.159180 0.157471 
0.402100 -0.197021 0.187012 -0.15259 0.144531 0.133789 
0.405884 -0.203613 0.181152 -0.4395 0.104858 0.102295 
0.379272 -0.207520 0.172485 0.14893 0.55298 0.61401 
0.410522 -0.208496 0.168579 0.31616 0.4517 0.19043 
0.417603 -0.204712 0.158569 0.34180 -0.27588 -0.17334 
0.418335 -0.200928 0.150513 0.26733 -0.47852 -0.53467 
0.412598 -0.200928 0.143066 0.15503 -0.56274 -0.89844 
0.401855 -0.195435 0.137817 0.122 -0.54810 -0.123657 
0.384766 -0.188477 0.132690 -0.12451 -0.49438 -0.155029 
0.363403 -0.180542 0.129028 -0.17822 -0.47241 -0.184814 
0.341309 -0.171021 0.129028 -0.17822 -0.49805 -0.211060 
0.320068 -0.160522 0.126099 -0.15503 -0.55054 -0.232666 
0.300049 -0.151123 0.122803 -0.11841 -0.62012 -0.250122 
0.283691 -0.142700 0.117310 -0.11841 -0.69336 -0.265259 
0.270386 -0.135620 0.110229 -0.7080 -0.72632 -0.280396 
0.258545 -0.128296 0.101563 -0.3906 -0.70923 -0.296143 
0.246826 -0.121338 0.92285 -0.4028 -0.70923 -0.312134 
0.233765 -0.113037 0.84595 -0.6226 -0.65796 -0.327026 
0.220581 -0.104126 0.78369 -0.11353 -0.66040 -0.338135 
0.207153 -0.95093 0.76416 -0.16846 -0.65063 -0.312744 
0.193848 -0.84595 0.75684 -0.23926 -0.55664 -0.343994 
0.179443 -0.73730 0.76294 -0.32349 -0.43335 -0.344727 
0.163452 -0.63354 0.76660 -0.38818 -0.31494 -0.341553 
0.178345 -0.52734 0.76416 -0.41016 -0.20874 -0.334717 
0.147095 -0.41138 0.75073 -0.40649 -0.10986 -0.323242 
0.131714 -0.29419 0.72266 -0.40649 -0.1587 -0.306763 
0.118286 -0.18188 0.67139 -0.42969 0.5615 -0.285645 
0.107788 -0.18188 0.62378 -0.47974 0.8911 -0.261841 
0.100342 -0.8911 0.58838 -0.54443 0.9399 -0.237183 
0.95459 -0.1587 0.56396 -0.61401 0.8789 -0.212769 
0.91675 0.4883 0.56152 -0.69458 0.9033 -0.189941 
0.88135 0.10498 0.56152 -0.78979 0.12451 -0.169067 
0.82886 0.15259 0.58594 -0.89111 0.18188 -0.148926 
0.76660 0.19531 0.63721 -0.67383 0.24780 -0.126831 
0.69214 0.25513 0.69824 -0.98633 0.30029 -0.103394 
0.61157 0.30640 0.76294 -0.106079 0.33569 -0.79712 
0.54565 0.34668 0.82764 -0.109985 0.34790 -0.54810 
0.50049 0.36743 0.89233 -0.109985 0.34790 -0.29053 
0.48584 0.37476 0.94849 -0.107178 0.33936 -0.2563 
0.50415 0.35156 0.101807 -0.103271 0.32104 -0.5371 
0.57251 0.30151 0.109009 -0.99121 0.32349 0.26367 
0.66772 0.24048 0.115479 -0.96191 0.34424 0.57617 
0.79468 0.17578 0.121582 -0.93506 0.36743 0.90576 
0.95337 0.10498 0.128418 -0.91064 0.37964 0.122681 
0.113647 0.3296 0.134521 -0.88501 0.37598 0.152954 
0.113647 -0.4639 0.141235 -0.86060 0.36377 0.180054 
0.134888 -0.13306 0.147705 -0.82520 0.37109 0.202393 
0.158691 -0.20752 0.152832 -0.77271 0.40405 0.218384 
0.182251 -0.28076 0.156250 -0.71533 0.46387 0.227051 
0.203735 -0.28076 0.158203 -0.65308 0.52734 0.228882 
0.222046 -0.34668 0.158325 -0.58228 0.57495 0.224976 
0.236572 -0.41016 0.157715 -0.50903 0.58960 0.217041 
0.247925 -0.46997 0.157715 -0.44312 0.56641 0.207031 
0.257935 -0.53101 0.157837 -0.38940 0.50903 0.197021 
0.267578 -0.59570 0.159546 -0.33081 0.43945 0.187500 
0.277710 -0.66528 0.161621 -0.33081 0.37231 0.177979 
0.287354 -0.71411 0.162842 -0.25757 0.31738 0.166504 
0.295654 -0.75195 0.163086 -0.17212 0.59448 0.152832 
0.301758 -0.77881 0.161499 -0.8057 0.25757 0.136108 
0.304321 -0.79590 0.157837 0.366 0.25757 0.116333 
0.303467 -0.81055 0.153198 0.6714 0.25024 0.95825 
0.298584 -0.82275 0.149170 0.9399 0.24780 0.107910 
0.292236 -0.83252 0.146484 0.10254 0.23926 0.76660 
0.285522 -0.83008 0.144531 0.10742 0.21484 0.60547 
0.278931 -0.82764 0.143066 0.11719 0.17212 0.47241 
0.272827 -0.81787 0.141846 0.13062 0.12817 0.35889 
0.272827 -0.80566 0.140381 0.14160 0.9033 0.26367 
0.266602 -0.79346 0.138794 0.15137 0.6104 0.18311 
0.260132 -0.77271 0.137451 0.15991 0.4395 0.11597 
0.253418 -0.74463 0.135620 0.16357 0.3052 0.5615 
0.246216 -0.74463 0.134033 0.16602 0.1465 0.244 
0.239014 -0.72754 0.131592 0.17090 -0.854 -0.3174 
0.232056 -0.70679 0.128906 0.16602 -0.4150 -0.5615 
0.225098 -0.69214 0.128906 0.15015 -0.7446 -0.7080 
0.219360 -0.67993 0.126831 0.12695 -0.10620 -0.7568 
0.215088 -0.66772 0.125366 0.10010 -0.13306 -0.7324 
0.212036 -0.65796 0.124756 0.7324 -0.15381 -0.6470 
0.209595 -0.64697 0.124390 0.7324 -0.16479 -0.5615 
0.207886 -0.63965 0.124023 0.5371 -0.16357 -0.4883 
0.206299 -0.63354 0.123169 0.3906 -0.15137 -0.4150 
0.205200 -0.62988 0.122070 0.2563 -0.15137 -0.3662 
0.204346 -0.62866 0.121338 0.1465 -0.13184 -0.3296 
0.203735 -0.62622 0.121216 0.366 -0.10864 -0.2930 
0.203125 -0.62256 0.121216 -0.854 -0.8423 -0.2930 
0.202881 -0.61768 0.121704 -0.1709 -0.6592 -0.2686 
0.203003 -0.62012 0.122437 -0.1953 -0.5615 -0.2319 
0.203491 -0.62134 0.122681 -0.1831 -0.5005 -0.1831 
0.204102 -0.62622 0.122314 -0.1343 -0.4883 -0.1343 
0.204102 -0.62866 0.121338 -0.732 -0.5127 -0.854 
0.205078 -0.63110 0.120483 -0.366 -0.5249 -0.610 
0.206299 -0.63232 0.119263 -0.488 -0.4639 -0.854 
