0.232666 0.46631 0.21362 0.32227 0.12085 0.4395 
0.232666 0.49316 0.21729 0.26978 0.13672 0.3174 
0.231567 0.51636 0.22461 0.22461 0.12329 0.4272 
0.230713 0.53223 0.22461 0.19043 0.8057 0.6104 
0.228394 0.53223 0.23071 0.16113 0.1709 0.8911 
0.225220 0.52490 0.24902 0.14282 -0.4761 0.13672 
0.224121 0.51270 0.26367 0.14526 -0.8667 0.19165 
0.225464 0.49438 0.26367 0.15015 -0.7935 0.24414 
0.229126 0.48218 0.25757 0.13306 -0.6470 0.28198 
0.234131 0.47852 0.27588 0.10986 -0.5371 0.29785 
0.240723 0.48706 0.32959 0.9888 -0.6348 0.29907 
0.247070 0.49683 0.39673 0.9888 -0.10742 0.27954 
0.250855 0.49805 0.43335 0.11353 -0.21118 0.24170 
0.251465 0.48950 0.43335 0.13062 -0.3418 0.18188 
0.249268 0.46631 0.40405 0.14038 -0.34668 0.11719 
0.246216 0.45044 0.34790 0.15137 -0.48096 0.6226 
0.243164 0.45166 0.28931 0.15991 -0.59448 0.1587 
0.240601 0.46631 0.24170 0.14648 -0.67017 0.30029 
0.237549 0.47974 0.21851 0.11597 -0.69580 -0.1221 
0.234009 0.48584 0.21484 0.8667 -0.67749 -0.732 
0.231689 0.47974 0.23071 0.6958 -0.62378 0.2808 
0.229248 0.48950 0.23926 0.6470 -0.54443 0.8545 
0.229248 0.48340 0.25146 0.8545 -0.45044 0.15381 
0.227173 0.46387 0.23804 0.12451 -0.36621 0.21606 
0.224365 0.44067 0.19531 0.16602 -0.29785 0.26489 
0.219849 0.44067 0.13672 0.18677 -0.24536 0.28931 
0.214478 0.42358 0.5859 0.17944 -0.20142 0.29175 
0.208862 0.41260 0.30151 0.14648 -0.16113 0.28320 
0.203369 0.40894 -0.6470 0.9888 -0.12329 0.27222 
0.198730 0.41016 -0.6470 0.4272 -0.8667 0.27100 
0.195068 0.42358 -0.9766 0.29419 -0.3906 0.28442 
0.191772 0.44189 -0.10864 -0.7690 0.1465 0.31128 
0.188355 0.46143 -0.10254 -0.7690 0.6958 0.35156 
0.183228 0.46875 -0.8545 -0.12329 0.11841 0.40771 
0.176392 0.47485 -0.6592 -0.15381 0.15991 0.46753 
0.169067 0.46753 -0.6470 -0.17944 0.15991 0.52979 
0.163452 0.45044 -0.8911 -0.22095 0.18433 0.58594 
0.159546 0.41382 -0.11597 -0.28931 0.19897 0.32227 
0.158325 0.37354 -0.13916 -0.37598 0.22217 0.68726 
0.159668 0.34180 -0.14771 -0.46997 0.26245 0.68726 
0.163696 0.32104 -0.12207 -0.57251 0.31982 0.75317 
0.168823 0.30273 -0.6958 -0.67017 0.38818 0.83740 
0.174072 0.27344 0.488 -0.74463 0.46387 0.93628 
0.174072 0.24292 0.9033 -0.79224 0.52734 0.104370 
0.179199 0.19775 0.17456 -0.81421 0.58472 0.114990 
0.184570 0.14038 0.24292 -0.79956 0.65430 0.125854 
0.190552 0.9399 0.27954 -0.75562 0.74097 0.137207 
0.197998 0.9399 0.30273 -0.72388 0.82886 0.147949 
0.207153 0.4272 0.2808 -0.74585 0.91797 0.157227 
0.218872 -0.1709 0.40894 -0.81055 0.102295 0.164063 
0.232422 -0.9155 0.40894 -0.88501 0.113892 0.167969 
0.247559 -0.16479 0.50781 -0.95581 0.125488 0.169067 
0.262329 -0.21973 0.63721 -0.100098 0.137085 0.168213 
0.274902 -0.25146 0.78613 -0.100098 0.148193 0.166138 
0.285400 -0.27222 0.93262 -0.100586 0.157349 0.163452 
0.294800 -0.27466 0.106689 -0.97900 0.164063 0.159912 
0.303467 -0.27710 0.118652 -0.92529 0.170166 0.157349 
0.354004 -0.45898 0.148926 -0.86060 0.170166 0.197998 
0.345825 -0.36133 0.158569 -0.98389 0.217041 0.205566 
0.352417 -0.42358 0.167236 -0.104980 0.271973 0.217773 
0.360474 -0.44800 0.183716 -0.104858 0.292603 0.186523 
0.360474 -0.48096 0.193726 -0.97656 0.282959 0.160889 
0.360596 -0.46875 0.203369 -0.82520 0.242920 0.133911 
0.359863 -0.44067 0.210327 -0.64331 0.188232 0.104614 
0.359863 -0.41626 0.214478 -0.47119 0.132324 0.72632 
0.354736 -0.37842 0.213623 -0.28320 0.82275 0.38574 
0.346069 -0.62256 0.208008 -0.5981 0.38330 0.5005 
0.337402 -0.25391 0.199219 0.18311 -0.977 -0.26367 
0.332520 -0.25391 0.190918 0.38818 -0.32471 -0.54565 
0.335327 -0.20020 0.216431 0.46875 -0.51392 -0.74219 
0.347168 -0.22461 0.176636 0.45776 -0.52490 -0.77759 
0.354736 -0.25513 0.176636 0.42480 -0.44312 -0.73486 
0.357910 -0.27588 0.165894 0.39673 -0.33813 -0.71655 
0.359863 -0.29785 0.157471 0.36865 -0.24536 -0.75806 
0.359375 -0.31250 0.151367 0.36865 -0.18677 -0.83374 
0.357056 -0.31982 0.148438 0.35034 -0.17334 -0.91553 
0.351318 -0.31250 0.147461 0.34180 -0.19165 -0.100098 
0.341553 -0.29175 0.146240 0.34424 -0.24170 -0.109985 
0.328491 -0.26855 0.142822 0.36499 -0.24170 -0.121704 
0.314575 -0.24170 0.137573 0.40283 -0.33569 -0.134277 
0.300171 -0.21362 0.133179 0.44067 -0.45776 -0.146851 
0.285767 -0.18555 0.128784 0.47485 -0.57739 -0.146851 
0.271240 -0.16235 0.124390 0.50415 -0.67139 -0.157959 
0.256836 -0.12451 0.118408 0.52368 -0.72998 -0.166016 
0.274292 -0.9644 0.113159 0.51514 -0.74829 -0.170288 
0.231201 -0.6836 0.107056 0.47974 -0.73120 -0.169556 
0.231201 -0.4395 0.101563 0.44556 -0.68848 -0.165649 
0.219849 -0.1465 0.97046 0.40649 -0.64941 -0.161011 
0.208862 -0.30029 0.93384 0.37231 -0.63232 -0.156372 
0.197998 0.1221 0.88745 0.35522 -0.66162 -0.151123 
0.186523 0.4150 0.83496 0.36377 -0.72510 -0.146240 
0.177002 0.6226 0.76660 0.37354 -0.78735 -0.140015 
0.166992 0.7080 0.76660 0.38818 -0.81421 -0.132935 
0.157471 0.7568 0.67749 0.40771 -0.80688 -0.125732 
0.148560 0.8545 0.58472 0.40527 -0.78613 -0.118530 
0.140503 0.10620 0.47241 0.35767 -0.75806 -0.111816 
0.134521 0.11108 0.39551 0.35767 -0.70557 -0.105469 
0.130981 0.10620 0.32593 0.29053 -0.66162 -0.98267 
0.127563 0.13916 0.28564 0.22827 -0.93018 -0.93384 
0.126709 0.15503 0.28442 0.17944 -0.61768 -0.87646 
0.125122 0.16235 0.25146 0.12329 -0.54443 -0.81055 
0.121460 0.16846 0.21973 0.8789 -0.48828 -0.76050 
0.116211 0.15747 0.18188 0.6592 -0.43823 -0.76050 
0.108154 0.14282 0.13306 0.4272 -0.38452 -0.72021 
0.98755 0.14648 0.8667 0.1099 -0.31372 -0.67383 
0.120850 0.18066 0.5859 -0.3662 -0.21973 -0.60669 
0.82886 0.23682 0.5127 -0.10132 -0.10254 -0.50293 
0.82886 0.30396 0.6714 -0.18433 0.2930 -0.35400 
0.79834 0.5859 0.10620 -0.27100 0.15747 -0.16846 
0.80322 0.42236 0.16113 -0.34790 0.27710 0.3784 
0.84595 0.42236 0.22461 -0.40894 0.38696 0.24414 
0.91919 0.45166 0.26733 -0.46631 0.46997 0.45410 
0.101685 0.42603 0.29297 -0.50171 0.50293 0.67749 
0.108643 0.39551 0.122 -0.52002 0.52979 0.83618 
0.118164 0.34058 0.31372 -0.55786 0.58716 0.94116 
0.129028 0.26733 0.34180 -0.62256 0.66528 0.101318 
0.139038 0.21118 0.38330 -0.40161 0.73975 0.105957 
0.148071 0.17090 0.43945 -0.71411 0.78369 0.109863 
0.154297 0.16357 0.51392 -0.81177 0.80078 0.112427 
0.163208 0.13062 0.63232 -0.91431 0.80811 0.120117 
0.162842 0.16724 0.74463 -0.100708 0.80811 0.120239 
0.169922 0.12451 0.85571 -0.104004 0.81177 0.122192 
0.176147 0.10376 0.96558 -0.103638 0.81177 0.93750 
0.181885 0.7690 0.105225 -0.100220 0.82397 0.128418 
0.193237 0.5493 0.112183 -0.95337 0.85815 0.128418 
0.210205 0.3662 0.118042 -0.88257 0.90088 0.133301 
0.200073 0.2197 0.122192 -0.79468 0.95581 0.139648 
0.223022 0.732 0.125488 -0.71655 0.102661 0.144775 
0.254272 -0.3540 0.128906 -0.66772 0.110840 0.147461 
0.275757 -0.8545 0.133301 -0.64697 0.120239 0.147095 
0.294556 -0.12817 0.139038 -0.65063 0.128540 0.143311 
0.309692 -0.12817 0.147949 -0.67871 0.134033 0.135620 
0.320068 -0.16479 0.159546 -0.71411 0.136353 0.124634 
0.325928 -0.18066 0.163208 -0.74951 0.138062 0.115479 
0.361938 -0.43457 0.205200 -0.91797 0.178101 0.139526 
0.348389 -0.28687 0.205200 -0.93994 0.216797 0.134521 
0.341431 -0.26245 0.214966 -0.118286 0.223877 0.119141 
0.335449 -0.24902 0.225098 -0.72266 0.204102 0.104004 
0.325928 -0.24658 0.227173 -0.72266 0.164429 0.89355 
0.320923 -0.23315 0.226318 -0.50781 0.121826 0.72021 
0.319702 -0.22949 0.224243 -0.29541 0.118530 0.51514 
0.316406 -0.23438 0.219238 -0.11353 0.87280 0.29053 
0.311401 -0.22949 0.213135 0.5371 0.59570 0.8423 
0.309204 -0.21118 0.207397 0.19775 0.35034 0.22461 
0.309448 -0.17212 0.200928 0.31494 0.12939 -0.26367 
0.311523 -0.11719 0.195923 0.40771 -0.9766 -0.26367 
0.326294 -0.17822 0.199585 0.44678 -0.27710 -0.41626 
0.336426 -0.21851 0.197021 0.42480 -0.26611 -0.40649 
0.342529 -0.26855 0.192871 0.40527 -0.19165 -0.34302 
0.342529 -0.29907 0.188965 0.39185 -0.11963 -0.34790 
