0.211182 0.40894 0.39795 0.19287 -0.34424 -0.46143 
0.211304 0.45166 0.39185 0.15991 -0.34546 -0.45776 
0.210815 0.48218 0.39673 0.11353 -0.33691 -0.44678 
0.210815 0.51392 0.39795 0.6470 -0.32104 -0.42358 
0.210938 0.54688 0.40039 0.2441 -0.30029 -0.38452 
0.210938 0.57007 0.40527 -0.610 -0.26978 -0.33325 
0.210693 0.59692 0.41748 -0.1953 -0.22705 -0.26855 
0.211182 0.31616 0.43945 -0.977 -0.17456 -0.19775 
0.211426 0.62866 0.46753 0.1221 -0.11719 -0.12329 
0.211182 0.65674 0.50171 0.4395 -0.8057 -0.4272 
0.212158 0.67993 0.51270 0.9033 -0.8545 0.3174 
0.215820 0.67505 0.51270 0.13794 -0.12451 0.8057 
0.220825 0.63477 0.48340 0.16113 -0.16602 0.9888 
0.225342 0.59448 0.43701 0.14893 -0.19653 0.8911 
0.228882 0.56396 0.39185 0.10376 -0.22095 0.6714 
0.230957 0.54199 0.36621 0.10376 -0.25269 0.4639 
0.231201 0.53711 0.36621 0.3418 -0.31250 0.2808 
0.229126 0.54688 0.39063 -0.4028 -0.7324 0.2075 
0.225586 0.56152 0.42480 -0.10498 -0.38574 0.2930 
0.221069 0.56885 0.46143 -0.15259 -0.45410 0.4517 
0.217041 0.54932 0.46753 -0.15503 -0.50537 0.7690 
0.213867 0.52368 0.44678 -0.11353 -0.52124 0.7690 
0.211548 0.50293 0.41626 -0.6226 -0.50537 0.11963 
0.210083 0.50171 0.38818 -0.854 -0.46021 0.17334 
0.208252 0.52002 0.36133 0.3662 -0.39551 0.22583 
0.205566 0.53711 0.32959 0.6226 -0.32349 0.26611 
0.205566 0.55542 0.28809 0.6592 -0.25269 0.29297 
0.201294 0.57373 0.24536 0.4517 -0.18799 0.30396 
0.195435 0.59570 0.21118 0.488 -0.14160 0.30640 
0.187988 0.59570 0.18555 -0.5249 -0.11963 0.30640 
0.179810 0.62622 0.18066 -0.11353 -0.12329 0.31494 
0.170288 0.65552 0.18555 -0.16724 -0.13794 0.33569 
0.158203 0.68726 0.18555 -0.21362 -0.14404 0.36987 
0.142456 0.71167 0.20508 -0.25269 -0.11719 0.42603 
0.124146 0.72266 0.22705 -0.27954 -0.4639 0.51880 
0.106323 0.73608 0.26123 -0.31250 0.4883 0.66406 
0.92529 0.72754 0.29907 -0.31250 0.13916 0.86182 
0.86792 0.65674 0.35645 -0.34912 0.21240 0.116699 
0.89111 0.54810 0.43457 -0.38574 0.610 0.151489 
0.96680 0.46631 0.48462 -0.39185 0.31860 0.175781 
0.106201 0.36255 0.52734 -0.33325 0.43945 0.191772 
0.118774 0.22705 0.56519 -0.23315 0.55786 0.205322 
0.127808 0.10620 0.59448 -0.13306 0.69458 0.214966 
0.136841 -0.4517 0.62622 -0.5615 0.84595 0.214966 
0.151001 -0.17090 0.68115 0.732 0.99609 0.224731 
0.135254 -0.26245 0.72998 0.3052 0.119873 0.237061 
0.185913 -0.34424 0.78857 0.5981 0.136963 0.245728 
0.185913 -0.42847 0.82520 0.10864 0.151001 0.250122 
0.207764 -0.49316 0.86548 0.13428 0.159546 0.251465 
0.225464 -0.59692 0.93506 0.11230 0.165771 0.247559 
0.242798 -0.59692 0.98511 0.3174 0.171875 0.248535 
0.249268 -0.63721 0.105835 -0.4639 0.173096 0.246582 
0.253174 -0.67749 0.114014 -0.9766 0.170898 0.243164 
0.258057 -0.71167 0.121704 -0.12573 0.166016 0.240723 
0.264404 -0.73853 0.121704 -0.12695 0.158325 0.238159 
0.272217 -0.76782 0.127319 -0.10742 0.147095 0.234131 
0.281372 -0.79590 0.133911 -0.7813 0.136841 0.227661 
0.290772 -0.82275 0.137329 -0.7813 0.127930 0.218262 
0.299072 -0.85083 0.140381 -0.5615 0.122925 0.205811 
0.304932 -0.88257 0.142212 -0.4517 0.121460 0.191650 
0.310425 -0.91187 0.145264 -0.4639 0.121460 0.177124 
0.324341 -0.91675 0.165527 -0.5249 0.120239 0.176636 
0.330811 -0.97290 0.167847 -0.20020 0.142700 0.178223 
0.327148 -0.96191 0.173950 -0.37109 0.155884 0.164185 
0.333130 -0.102661 0.179077 -0.36255 0.151855 0.164185 
0.344116 -0.109009 0.192017 -0.24048 0.143677 0.155884 
0.353638 -0.111328 0.187378 -0.17822 0.138306 0.149170 
0.364868 -0.117432 0.183105 -0.6836 0.117798 0.134155 
0.364868 -0.125000 0.169678 0.7690 0.87891 0.112671 
0.375366 -0.130493 0.155396 0.20752 0.52490 0.83740 
0.385620 -0.134766 0.143677 0.27710 0.18555 0.47607 
0.389404 -0.137817 0.136475 0.29785 -0.10132 0.5859 
0.392334 -0.137817 0.136597 0.30029 -0.32104 -0.34424 
0.394897 -0.136230 0.135254 0.28076 -0.45410 -0.68970 
0.391724 -0.130859 0.135254 0.27954 -0.58350 -0.98755 
0.382080 -0.124756 0.135254 0.29663 -0.64453 -0.126343 
0.370483 -0.118286 0.137451 0.27100 -0.60913 -0.149536 
0.355103 -0.113525 0.136597 0.23438 -0.57007 -0.166626 
0.337402 -0.109863 0.131836 0.23438 -0.55786 -0.179688 
0.322388 -0.107300 0.126221 0.23438 -0.52734 -0.189209 
0.309937 -0.103638 0.120117 0.21606 -0.49194 -0.197510 
0.298706 -0.99365 0.114502 0.16113 -0.48096 -0.206787 
0.288940 -0.93262 0.110474 0.10742 -0.48096 -0.217896 
0.278198 -0.86548 0.108154 0.7324 -0.50415 -0.198853 
0.266235 -0.79590 0.106323 0.5249 -0.53711 -0.241821 
0.252930 -0.72998 0.103271 0.3906 -0.56763 -0.241821 
0.237793 -0.67017 0.98999 0.2686 -0.59937 -0.251831 
0.223145 -0.61768 0.94482 0.122 -0.63232 -0.258789 
0.240601 -0.56396 0.90698 -0.3296 -0.65796 -0.261963 
0.209351 -0.50171 0.88379 -0.6592 -0.67017 -0.261475 
0.195313 -0.43457 0.87646 -0.10132 -0.65063 -0.258057 
0.182007 -0.35767 0.86304 -0.13062 -0.59082 -0.251221 
0.169434 -0.60425 0.83740 -0.14893 -0.50781 -0.240967 
0.157715 -0.29175 0.79590 -0.16602 -0.41382 -0.226929 
0.146606 -0.21606 0.74707 -0.19531 -0.32715 -0.211792 
0.136475 -0.14160 0.69580 -0.24048 -0.26001 -0.195679 
0.127319 -0.7568 0.69580 -0.30396 -0.21729 -0.178711 
0.119141 -0.1587 0.64209 -0.38818 -0.19409 -0.161499 
0.112549 0.3906 0.60913 -0.48584 -0.17822 -0.144409 
0.106934 0.8789 0.59570 -0.48584 -0.15869 -0.126953 
0.102051 0.13550 0.59448 -0.57983 -0.12939 -0.109619 
0.97900 0.17944 0.62012 -0.66406 -0.9521 -0.91187 
0.92163 0.23071 0.66528 -0.73120 -0.3052 -0.73608 
0.88257 0.28076 0.71411 -0.78003 -0.3052 -0.55542 
0.83496 0.32471 0.76904 -0.81787 0.1831 -0.37476 
0.78613 0.36011 0.81299 -0.82642 0.3540 -0.50049 
0.73975 0.37354 0.84961 -0.82031 0.2441 -0.18799 
0.70801 0.38330 0.89111 -0.79834 0.2319 0.488 
0.70068 0.37109 0.93506 -0.76660 0.5493 0.18433 
0.73730 0.33447 0.99121 -0.73486 0.12085 0.36377 
0.81055 0.28076 0.103882 -0.72266 0.20996 0.57617 
0.81055 0.22949 0.108398 -0.72144 0.28809 0.81299 
0.92163 0.18555 0.113403 -0.72266 0.33569 0.104736 
0.106689 0.14648 0.118652 -0.72266 0.35156 0.126465 
0.122681 0.14648 0.124634 -0.71899 0.34424 0.145142 
0.139404 0.10864 0.130615 -0.70801 0.31982 0.160400 
0.155029 0.6836 0.135864 -0.68726 0.28564 0.171997 
0.168579 0.1587 0.135864 -0.65430 0.25024 0.180908 
0.181763 -0.5005 0.140503 -0.61035 0.22095 0.189331 
0.195679 -0.12207 0.145142 -0.55176 0.20996 0.197388 
0.211304 -0.19287 0.148315 -0.47485 0.21851 0.203613 
0.230347 -0.25757 0.150391 -0.47485 0.25146 0.205322 
0.249634 -0.31860 0.150513 -0.39429 0.244 0.200806 
0.266480 -0.37354 0.148560 -0.32349 0.38574 0.189697 
0.278198 -0.41748 0.144897 -0.26978 0.38574 0.173340 
0.284546 -0.45898 0.141113 -0.23193 0.44189 0.154419 
0.286743 -0.50171 0.138550 -0.21118 0.46509 0.135742 
0.287720 -0.55420 0.137451 -0.20020 0.45410 0.135742 
0.300293 -0.69702 0.156006 -0.23560 0.53101 0.128662 
0.300781 -0.66895 0.151733 -0.43945 0.88135 0.132935 
0.302734 -0.69458 0.159912 -0.52368 0.111816 0.120728 
0.304810 -0.75073 0.156738 -0.50659 0.124146 0.105713 
0.304810 -0.77026 0.154785 -0.39551 0.121216 0.89722 
0.306030 -0.76660 0.153931 -0.29907 0.104858 0.76050 
0.304199 -0.75317 0.151611 -0.22461 0.84351 0.60791 
0.298950 -0.75317 0.149658 -0.15259 0.66162 0.41748 
0.292725 -0.73730 0.146362 -0.9888 0.50293 0.21973 
0.283569 -0.71777 0.142456 -0.4639 0.33691 0.4272 
0.272949 -0.69092 0.138794 0.854 0.15137 -0.9521 
0.263550 -0.65552 0.138794 0.5371 -0.4028 -0.19287 
0.254150 -0.62134 0.135986 0.8911 -0.20508 -0.25879 
0.245239 -0.59448 0.133179 0.12817 -0.32715 -0.30273 
0.236694 -0.57007 0.130615 0.12817 -0.40161 -0.32593 
0.229004 -0.54688 0.128296 0.16602 -0.42603 -0.33569 
0.221924 -0.52368 0.125610 0.19409 -0.41260 -0.33203 
0.216309 -0.51270 0.123169 0.21118 -0.41260 -0.31494 
0.212524 -0.50171 0.120728 0.21606 -0.38696 -0.28564 
0.209595 -0.49072 0.118774 0.20996 -0.36621 -0.25024 
0.207275 -0.47974 0.116699 0.19409 -0.35034 -0.21118 
0.205566 -0.47241 0.114746 0.17456 -0.33325 -0.21118 
