0.214111 0.64697 0.59814 0.23071 0.5249 -0.14160 
0.214111 0.64331 0.55908 0.21484 0.10864 -0.11230 
0.215942 0.66406 0.55298 0.18311 0.17578 -0.7935 
0.220215 0.69336 0.57495 0.14526 0.23193 -0.5249 
0.222046 0.69336 0.61890 0.12695 0.28198 -0.2319 
0.223755 0.73608 0.64941 0.13428 0.31860 0.977 
0.224365 0.77148 0.65552 0.15259 0.32715 0.4639 
0.224121 0.79224 0.65552 0.16602 0.30884 0.8667 
0.223633 0.81055 0.66895 0.17456 0.27100 0.13306 
0.224609 0.83252 0.70557 0.18188 0.21606 0.18799 
0.226685 0.83862 0.72876 0.19165 0.15015 0.23193 
0.230225 0.84229 0.75195 0.19165 0.10376 0.24902 
0.233276 0.85693 0.78979 0.18799 0.8911 0.24780 
0.236084 0.87646 0.83130 0.17456 0.7446 0.23926 
0.239380 0.89233 0.85815 0.16602 0.7446 0.22583 
0.243042 0.87402 0.83984 0.15137 0.4639 0.19897 
0.246948 0.84229 0.80322 0.9521 0.610 0.17212 
0.255249 0.79224 0.80200 0.854 -0.2808 0.17212 
0.260132 0.74341 0.83862 -0.5493 -0.2563 0.13428 
0.263916 0.70679 0.86182 -0.5737 0.977 0.9766 
0.264893 0.67383 0.84717 -0.1831 0.4517 0.7690 
0.263428 0.64209 0.81787 0.1709 0.8301 0.5371 
0.263428 0.63721 0.78491 0.3296 0.12939 0.2441 
0.260132 0.64819 0.74463 0.1343 0.17578 -0.122 
0.255371 0.66895 0.71655 -0.4028 0.21973 -0.3052 
0.251709 0.66895 0.71045 -0.11963 0.25146 -0.6226 
0.248535 0.69946 0.73608 -0.21606 0.25391 -0.9521 
0.246094 0.73608 0.78613 -0.31250 0.22095 -0.12939 
0.243286 0.76172 0.78613 -0.36377 0.16357 -0.16602 
0.238403 0.77637 0.84106 -0.33569 0.8789 -0.19897 
0.231934 0.78735 0.88379 -0.54932 0.244 -0.21973 
0.225830 0.80444 0.89111 -0.10132 -0.9155 -0.23071 
0.219727 0.82886 0.86182 -0.10132 -0.18677 -0.23682 
0.212646 0.84839 0.80200 0.2197 -0.26367 -0.24170 
0.204224 0.85938 0.73853 0.10742 -0.30396 -0.24048 
0.193237 0.86914 0.65674 0.16235 -0.30396 -0.22461 
0.180908 0.86914 0.56763 0.17212 -0.30151 -0.18555 
0.168335 0.86670 0.51147 0.14893 -0.24414 -0.10986 
0.155762 0.85815 0.45654 0.12451 -0.13062 -0.30273 
0.144043 0.85083 0.39429 0.10864 0.2441 0.977 
0.133789 0.83618 0.32104 0.9888 0.21973 0.17212 
0.156128 0.82520 0.23560 0.6836 0.43701 0.36865 
0.117432 0.80444 0.14160 0.488 0.64453 0.57739 
0.117432 0.77271 0.7080 -0.7935 0.82520 0.78613 
0.112427 0.72388 0.1465 -0.17090 0.98145 0.98511 
0.109619 0.64209 -0.3662 -0.27100 0.111328 0.115845 
0.108887 0.64209 -0.5981 -0.39673 0.122803 0.129028 
0.107788 0.53711 -0.4517 -0.55176 0.132324 0.138062 
0.105469 0.41992 -0.29663 -0.71289 0.138916 0.145020 
0.101929 0.31738 0.11597 -0.87524 0.139038 0.151978 
0.97290 0.22949 0.11597 -0.103149 0.130981 0.160034 
0.94116 0.13794 0.23926 -0.117554 0.117065 0.171387 
0.93750 0.2808 0.35767 -0.99731 0.100586 0.187378 
0.98389 -0.8179 0.48706 -0.130981 0.85205 0.208374 
0.110229 -0.17822 0.65430 -0.144653 0.72388 0.231689 
0.129150 -0.25513 0.86426 -0.157715 0.63110 0.253418 
0.153687 -0.33569 0.108521 -0.166748 0.63110 0.270752 
0.179688 -0.41626 0.127441 -0.170166 0.59692 0.279907 
0.203857 -0.48340 0.142090 -0.168457 0.58716 0.250366 
0.228027 -0.54199 0.152344 -0.164551 0.60303 0.309448 
0.252930 -0.58960 0.159668 -0.160156 0.64209 0.278198 
0.278198 -0.63721 0.166504 -0.155396 0.68970 0.270630 
0.272461 -0.68115 0.174805 -0.149536 0.75684 0.258545 
0.293823 -0.72144 0.191162 -0.143188 0.84106 0.242920 
0.356323 -0.89111 0.232178 -0.154297 0.132324 0.255981 
0.384155 -0.78857 0.226196 -0.188355 0.218872 0.262817 
0.392578 -0.88013 0.240479 -0.188110 0.263794 0.216309 
0.397949 -0.66406 0.237427 -0.164063 0.258545 0.171387 
0.397705 -0.97656 0.232178 -0.121460 0.207520 0.136108 
0.395508 -0.100342 0.226196 -0.84717 0.141846 0.105103 
0.394653 -0.98755 0.223755 -0.59692 0.83740 0.67627 
0.392456 -0.93384 0.223755 -0.39673 0.32837 0.23315 
0.386230 -0.85938 0.223389 -0.17944 -0.15259 -0.22583 
0.380859 -0.81055 0.224487 -0.1953 -0.50903 -0.60791 
0.371704 -0.79956 0.225830 -0.1953 -0.62256 -0.86182 
0.360230 -0.80688 0.223633 -0.488 -0.57495 -0.101807 
0.347900 -0.78735 0.219849 -0.5737 -0.49805 -0.115234 
0.334106 -0.76172 0.212158 -0.7324 -0.46387 -0.129028 
0.322510 -0.76172 0.203735 0.854 -0.46387 -0.141113 
0.314453 -0.75684 0.195557 0.14404 -0.42969 -0.152100 
0.308716 -0.73853 0.187744 0.26123 -0.35034 -0.133301 
0.305542 -0.70313 0.181763 0.33569 -0.24170 -0.164551 
0.304077 -0.65430 0.179932 0.40039 -0.15991 -0.180786 
0.300293 -0.59326 0.177002 0.50293 -0.11597 -0.201904 
0.291748 -0.53955 0.170776 0.63721 -0.10498 -0.226196 
0.291748 -0.50415 0.161987 0.76660 -0.12939 -0.251343 
0.278076 -0.46753 0.149536 0.89233 -0.17700 -0.274780 
0.260376 -0.42358 0.135132 0.99243 -0.24658 -0.295288 
0.239746 -0.36255 0.121948 0.101929 -0.34302 -0.311523 
0.217773 -0.36255 0.110596 0.98755 -0.44922 -0.322022 
0.193970 -0.29541 0.104004 0.91553 -0.54565 -0.325928 
0.168579 -0.21729 0.103516 0.82520 -0.66162 -0.322022 
0.146851 -0.11475 0.103516 0.76050 -0.79224 -0.310303 
0.128540 0.732 0.107300 0.73242 -0.93018 -0.291138 
0.114990 0.12329 0.110718 0.72632 -0.105225 -0.267212 
0.105957 0.20752 0.111694 0.72632 -0.113892 -0.240967 
0.99609 0.27710 0.107910 0.74951 -0.119629 -0.213745 
0.95215 0.31738 0.97168 0.74951 -0.122681 -0.186890 
0.90576 0.34546 0.85449 0.69580 -0.120728 -0.162964 
0.87646 0.36255 0.77637 0.59204 -0.120728 -0.138550 
0.83374 0.39917 0.69946 0.45044 -0.115479 -0.114746 
0.80811 0.43579 0.63232 0.29663 -0.109009 -0.123535 
0.78979 0.47485 0.59082 0.14282 -0.103027 -0.92285 
0.77881 0.50415 0.54077 0.854 -0.95825 -0.73120 
0.77393 0.53345 0.47607 -0.11353 -0.88135 -0.57007 
0.76172 0.55054 0.39307 -0.24658 -0.79834 -0.43213 
0.73486 0.56519 0.34546 -0.38330 -0.72144 -0.30273 
0.73486 0.56885 0.31860 -0.49438 -0.54321 -0.20508 
0.73364 0.53467 0.29297 -0.60059 -0.34302 -0.10132 
0.71167 0.49927 0.25879 -0.69946 -0.17822 0.5737 
0.68481 0.49927 0.23560 -0.78735 -0.3906 0.25146 
0.69458 0.46753 0.22217 -0.88745 0.5981 0.47729 
0.74829 0.45044 0.23438 -0.103149 0.10010 0.71045 
0.82764 0.42480 0.23438 -0.122070 0.8423 0.94116 
0.94116 0.39185 0.30273 -0.139648 0.3418 0.114990 
0.106812 0.35522 0.40161 -0.153442 -0.1343 0.133789 
0.120972 0.29785 0.51758 -0.132324 -0.2808 0.150879 
0.136475 0.23438 0.61890 -0.163574 0.1221 0.166138 
0.153320 0.16602 0.71777 -0.168335 0.10498 0.180298 
0.171143 0.9766 0.81177 -0.168945 0.25146 0.193359 
0.187866 0.3784 0.89966 -0.167236 0.25146 0.204102 
0.203491 -0.2808 0.97778 -0.164429 0.43579 0.211548 
0.216553 -0.9888 0.101440 -0.163086 0.60425 0.213745 
0.228394 -0.16357 0.106079 -0.165283 0.70557 0.213745 
0.241333 -0.20996 0.119507 -0.174683 0.72266 0.211670 
0.253784 -0.24048 0.139038 -0.187134 0.64697 0.204956 
0.262695 -0.27100 0.159180 -0.192749 0.52124 0.193604 
0.267578 -0.31128 0.175903 -0.185547 0.39185 0.179688 
0.267578 -0.33936 0.189209 -0.165405 0.29785 0.167480 
0.268921 -0.35400 0.196167 -0.136475 0.27100 0.161011 
0.270508 -0.36987 0.198853 -0.105225 0.29297 0.159912 
0.274292 -0.36987 0.199829 -0.77148 0.35400 0.161011 
0.298340 -0.35645 0.205566 -0.63599 0.60913 0.179688 
0.305542 -0.52856 0.202393 -0.66406 0.108398 0.189941 
0.321655 -0.54199 0.200439 -0.66650 0.136719 0.178345 
0.334473 -0.59692 0.200439 -0.56396 0.131348 0.160278 
0.347900 -0.61401 0.201538 -0.38574 0.103271 0.137939 
0.360718 -0.61035 0.205078 -0.51147 0.70190 0.109741 
0.369629 -0.59937 0.206543 -0.19897 0.38330 0.73608 
0.376709 -0.57983 0.205078 0.2197 0.7446 0.38086 
0.380981 -0.59448 0.199829 0.25879 0.21362 0.12451 
0.383423 -0.64453 0.193237 0.38208 -0.9888 -0.5493 
0.382690 -0.67017 0.185303 0.35278 -0.7080 -0.25391 
0.378784 -0.67871 0.179077 0.26123 0.6104 -0.19531 
0.371338 -0.66284 0.174805 0.20142 0.16479 -0.48340 
0.361816 -0.66406 0.170776 0.19775 0.16846 -0.79590 
0.350464 -0.66650 0.165771 0.20386 0.11719 -0.108643 
0.368286 -0.65796 0.159790 0.18799 0.6348 -0.136475 
0.322510 -0.64575 0.152222 0.14648 -0.244 -0.163208 
0.322510 -0.62012 0.143921 0.10376 -0.9644 -0.189087 
