0.216675 0.39917 -0.3906 -0.49194 -0.45166 -0.56519 
0.217407 0.42847 -0.366 -0.59204 -0.30396 -0.55542 
0.217407 0.46875 0.4272 -0.66895 -0.17334 -0.53467 
0.218018 0.49805 0.6104 -0.70923 -0.7446 -0.49561 
0.218384 0.50903 0.6958 -0.74097 -0.1709 -0.44556 
0.220337 0.50903 0.9155 -0.78491 0.2075 -0.39307 
0.223389 0.53589 0.14160 -0.84106 0.4517 -0.35034 
0.227539 0.58105 0.20264 -0.88257 0.3906 -0.32715 
0.230103 0.62866 0.26855 -0.91553 -0.610 -0.31372 
0.229858 0.68481 0.26855 -0.94482 -0.9155 -0.29663 
0.230103 0.74097 0.36011 -0.94360 -0.19531 -0.27832 
0.232666 0.78735 0.46143 -0.120605 -0.25635 -0.26733 
0.231934 0.83496 0.54199 -0.89355 -0.27588 -0.24658 
0.228638 0.84839 0.58105 -0.80444 -0.27466 -0.19897 
0.226074 0.81299 0.53833 -0.69092 -0.24658 -0.14282 
0.227661 0.76050 0.44556 -0.59937 -0.18188 -0.10010 
0.235230 0.73608 0.37476 -0.58350 -0.18188 -0.7568 
0.245850 0.75684 0.36255 -0.63110 -0.9766 -0.7324 
0.256348 0.77881 0.38696 -0.69580 -0.1831 -0.9277 
0.262695 0.75195 0.41748 -0.76172 0.2930 -0.9277 
0.271851 0.75317 0.46509 -0.77148 0.4150 -0.14893 
0.280151 0.74341 0.49072 -0.71289 0.3052 -0.20874 
0.256226 0.72754 0.50415 -0.62378 0.2930 -0.25757 
0.287476 0.71411 0.50659 -0.50903 0.5981 -0.30273 
0.293335 0.71777 0.46875 -0.38330 0.11475 -0.34668 
0.298340 0.73120 0.41016 -0.29785 0.17822 -0.42358 
0.300049 0.75073 0.36011 -0.29297 0.23804 -0.53955 
0.298828 0.75073 0.35400 -0.37109 0.27588 -0.66406 
0.295654 0.78735 0.37476 -0.49683 0.26733 -0.79956 
0.291504 0.83740 0.40894 -0.62622 0.21118 -0.93750 
0.285767 0.88135 0.40894 -0.74341 0.10620 -0.105835 
0.277344 0.88989 0.43823 -0.82397 -0.3052 -0.115845 
0.268188 0.87646 0.45898 -0.84961 -0.16602 -0.122070 
0.259644 0.89600 0.48584 -0.84961 -0.27588 -0.124878 
0.251099 0.95215 0.50293 -0.85449 -0.34668 -0.125977 
0.242065 0.100952 0.50781 -0.87036 -0.37964 -0.125488 
0.232788 0.105103 0.49438 -0.89844 -0.38696 -0.123535 
0.224121 0.107422 0.46143 -0.92285 -0.38696 -0.121216 
0.216675 0.109131 0.42847 -0.95215 -0.38696 -0.118896 
0.209717 0.109741 0.40405 -0.98633 -0.38330 -0.115601 
0.202881 0.110352 0.40405 -0.100830 -0.38208 -0.115601 
0.196899 0.109985 0.42847 -0.101440 -0.38818 -0.111206 
0.190186 0.109009 0.46631 -0.97778 -0.38208 -0.105713 
0.213135 0.107178 0.46387 -0.87402 -0.35767 -0.98511 
0.181885 0.104858 0.41626 -0.74463 -0.32593 -0.90454 
0.172852 0.102173 0.32471 -0.63232 -0.28442 -0.82153 
0.163086 0.98389 0.20874 -0.56519 -0.23804 -0.73853 
0.152222 0.95093 0.14648 -0.55786 -0.19653 -0.66284 
0.142456 0.95093 0.14404 -0.57617 -0.15747 -0.59204 
0.132446 0.93506 0.17334 -0.58472 -0.12451 -0.51514 
0.119995 0.93018 0.22095 -0.56519 -0.9399 -0.42236 
0.104370 0.92407 0.22095 -0.51270 -0.5615 -0.29907 
0.86914 0.91675 0.27100 -0.42725 -0.122 -0.13428 
0.68970 0.90942 0.30396 -0.33081 0.6836 0.7446 
0.52124 0.90088 0.30640 -0.56396 0.14771 0.32104 
0.38818 0.87402 0.28198 -0.25146 0.23193 0.59326 
0.30273 0.83496 0.23315 -0.20020 0.488 0.88013 
0.26855 0.78735 0.19653 -0.18311 0.40527 0.116821 
0.27466 0.71899 0.15381 -0.18921 0.40527 0.145508 
0.31860 0.65552 0.14282 -0.19775 0.48706 0.174194 
0.39185 0.59448 0.16235 -0.21118 0.55786 0.170898 
0.48096 0.54077 0.20386 -0.21851 0.62622 0.202148 
0.57007 0.48096 0.26367 -0.20752 0.70923 0.228516 
0.65430 0.40894 0.32349 -0.17456 0.81787 0.253052 
0.72998 0.30884 0.37109 -0.11719 0.93262 0.275513 
0.82397 0.20386 0.44556 -0.7935 0.104614 0.296509 
0.82397 0.8301 0.54443 -0.5981 0.114746 0.318237 
0.97168 0.27100 0.65552 -0.2319 0.122314 0.340088 
0.117065 -0.15625 0.78491 0.4028 0.129150 0.360107 
0.141357 -0.15625 0.90210 0.11963 0.138428 0.377563 
0.167114 -0.27100 0.99854 0.19897 0.149170 0.391480 
0.190430 -0.38574 0.104980 0.27344 0.158691 0.405640 
0.207764 -0.52612 0.104980 0.32593 0.178589 0.416382 
0.223755 -0.64697 0.109863 0.28931 0.207275 0.418457 
0.237305 -0.76050 0.116821 0.21606 0.224243 0.417358 
0.250610 -0.87280 0.126953 0.14771 0.222534 0.416016 
0.265747 -0.95459 0.138428 0.14771 0.204590 0.411621 
0.284790 -0.101074 0.151855 0.9644 0.207642 0.402222 
0.306641 -0.105225 0.166016 0.6714 0.175659 0.386230 
0.327148 -0.108154 0.178345 0.8057 0.144409 0.364136 
0.344360 -0.112549 0.185059 0.14038 0.115723 0.338135 
0.356689 -0.118164 0.187622 0.20630 0.95825 0.339600 
0.379761 -0.122803 0.187744 0.25513 0.85205 0.295776 
0.394287 -0.136841 0.203369 0.20630 0.99243 0.295776 
0.403198 -0.142700 0.206421 -0.3174 0.142090 0.286621 
0.405762 -0.142944 0.208496 -0.11353 0.170044 0.256836 
0.380493 -0.144531 0.207764 -0.2319 0.162231 0.222534 
0.411743 -0.146362 0.206177 0.11475 0.126953 0.187866 
0.420898 -0.148438 0.199707 0.22095 0.80933 0.150269 
0.427734 -0.150391 0.189087 0.38452 0.32349 0.104370 
0.431763 -0.150391 0.178467 0.58838 -0.13184 0.52246 
0.432861 -0.151367 0.165527 0.72266 -0.50415 -0.732 
0.432617 -0.149658 0.157105 0.76294 -0.72754 -0.49805 
0.431885 -0.148315 0.182007 0.65674 -0.75073 -0.88867 
0.426636 -0.144775 0.150757 0.47363 -0.66772 -0.120850 
0.413940 -0.138306 0.144043 0.34058 -0.62256 -0.150391 
0.399048 -0.131592 0.139648 0.59082 -0.66162 -0.177124 
0.384033 -0.124390 0.135986 0.27832 -0.74341 -0.200684 
0.369263 -0.117065 0.132446 0.24780 -0.81909 -0.223145 
0.353394 -0.110718 0.128784 0.23438 -0.85693 -0.245361 
0.336060 -0.104370 0.123291 0.24170 -0.85693 -0.267822 
0.317261 -0.98145 0.115112 0.26245 -0.85571 -0.289429 
0.298340 -0.92163 0.106201 0.28320 -0.81543 -0.309082 
0.278442 -0.85815 0.98145 0.29297 -0.73730 -0.294067 
0.257324 -0.78979 0.91187 0.28198 -0.64209 -0.325317 
0.235474 -0.71167 0.83984 0.25146 -0.55054 -0.336914 
0.245117 -0.63354 0.77881 0.20752 -0.49194 -0.343140 
0.192749 -0.55054 0.71045 0.14648 -0.46509 -0.343750 
0.192749 -0.46631 0.65186 0.7324 -0.47729 -0.339966 
0.171509 -0.36377 0.57861 -0.1221 -0.52368 -0.332275 
0.149170 -0.59937 0.56519 -0.6592 -0.59570 -0.323364 
0.129517 -0.28687 0.53223 -0.13672 -0.59570 -0.309204 
0.111328 -0.18921 0.54443 -0.20996 -0.58472 -0.290894 
0.95337 -0.9033 0.56152 -0.23926 -0.55176 -0.270264 
0.79224 0.244 0.57373 -0.20996 -0.48462 -0.247070 
0.62866 0.9888 0.57373 -0.16479 -0.39063 -0.220215 
0.46387 0.20020 0.57129 -0.13550 -0.28809 -0.189453 
0.31006 0.29175 0.54932 -0.13184 -0.20264 -0.155762 
0.18433 0.36011 0.50903 -0.13184 -0.13062 -0.120605 
0.9399 0.40527 0.46265 -0.15869 -0.5127 -0.85327 
0.4883 0.42725 0.42114 -0.21851 -0.26611 -0.50659 
0.5737 0.44678 0.40405 -0.30884 0.15869 -0.17822 
0.10498 0.45532 0.42725 -0.43091 0.15869 0.12207 
0.17212 0.46509 0.49194 -0.57007 0.29419 0.8545 
0.24048 0.46265 0.58960 -0.70801 0.43945 0.35400 
0.31738 0.44189 0.70190 -0.82642 0.58350 0.66650 
0.42236 0.39795 0.82642 -0.91797 0.69824 0.93262 
0.55664 0.34790 0.96313 -0.98877 0.75806 0.119751 
0.40771 0.28320 0.109497 -0.103271 0.76904 0.145386 
0.72021 0.20020 0.123169 -0.104492 0.75317 0.170044 
0.92285 0.11353 0.136475 -0.104126 0.74097 0.193237 
0.116089 0.3662 0.148926 -0.102417 0.74707 0.213013 
0.141357 0.25879 0.161377 -0.100464 0.76660 0.230469 
0.169067 -0.5371 0.171875 -0.99121 0.82520 0.247070 
0.192627 -0.8789 0.180908 -0.95093 0.89478 0.251709 
0.215576 -0.13184 0.158203 -0.88501 0.90820 0.247314 
0.237183 -0.18677 0.189453 -0.79590 0.85815 0.239258 
0.255249 -0.23926 0.195801 -0.69214 0.76538 0.228149 
0.271362 -0.28442 0.198730 -0.89478 0.64697 0.213989 
0.285522 -0.32471 0.199707 -0.58228 0.52612 0.197754 
0.303955 -0.35400 0.199707 -0.46875 0.58716 0.197754 
0.323120 -0.49683 0.216553 -0.43335 0.35645 0.202393 
0.332153 -0.47729 0.212646 -0.57129 0.97778 0.182129 
0.332886 -0.50171 0.210571 -0.58105 0.129028 0.159790 
0.331787 -0.55420 0.204712 -0.48096 0.137207 0.171509 
0.329834 -0.56885 0.199585 -0.31616 0.122559 0.153320 
0.326904 -0.56641 0.193848 -0.17334 0.97046 0.122070 
0.319946 -0.56641 0.187256 -0.6226 0.69824 0.100342 
0.309692 -0.55908 0.181519 0.3662 0.47607 0.75439 
0.296265 -0.54810 0.174561 0.12329 0.31006 0.50293 
