0.203857 0.79346 0.82520 0.9766 0.5859 -0.4395 
0.205444 0.76538 0.85693 0.6470 0.11230 -0.854 
0.207764 0.78247 0.85693 0.4761 0.16602 0.977 
0.209961 0.81177 0.90088 0.4028 0.18311 0.2808 
0.210815 0.83984 0.94116 0.4517 0.15625 0.5127 
0.211548 0.85327 0.95093 0.4517 0.10620 0.7324 
0.211670 0.85327 0.96313 0.4395 0.5493 0.10010 
0.211792 0.85815 0.97900 0.3662 0.1099 0.12939 
0.212646 0.86914 0.100098 0.3906 0.1099 0.15381 
0.213867 0.87524 0.101929 0.4150 -0.2197 0.16968 
0.215576 0.88379 0.105225 0.3784 -0.4883 0.17700 
0.218140 0.89111 0.109131 0.4395 -0.8057 0.17700 
0.221680 0.88257 0.111084 0.6592 -0.12207 0.17700 
0.225586 0.87524 0.110474 0.9888 -0.16113 0.16479 
0.228271 0.86670 0.106201 0.11841 -0.20264 0.13428 
0.229370 0.85327 0.99731 0.10742 -0.26123 0.8911 
0.229370 0.84229 0.93140 0.5371 -0.33813 0.3418 
0.230591 0.83862 0.89233 -0.2686 -0.43091 -0.1953 
0.230835 0.82642 0.87280 -0.10376 -0.51025 -0.6836 
0.229858 0.82520 0.89355 -0.14648 -0.55298 -0.10254 
0.229004 0.82520 0.90942 -0.14282 -0.57007 -0.11963 
0.227173 0.82642 0.90820 -0.9888 -0.55298 -0.12207 
0.225830 0.84595 0.88867 -0.3174 -0.53833 -0.11719 
0.224487 0.86304 0.88867 0.3418 -0.53101 -0.10742 
0.222778 0.86914 0.86060 0.9033 -0.52490 -0.9644 
0.220825 0.86426 0.82886 0.14404 -0.51758 -0.8667 
0.219971 0.85693 0.79834 0.14404 -0.50415 -0.8057 
0.218872 0.85205 0.76416 0.18677 -0.48706 -0.7568 
0.217285 0.84717 0.72144 0.20996 -0.46509 -0.7935 
0.214844 0.83984 0.66895 0.20996 -0.43213 -0.9155 
0.211914 0.82642 0.61890 0.18555 -0.43213 -0.10986 
0.206543 0.82275 0.58960 0.14893 -0.39551 -0.12451 
0.201416 0.83008 0.59082 0.12329 -0.34302 -0.11108 
0.194092 0.84595 0.58716 0.10132 -0.28931 -0.11108 
0.185547 0.85815 0.57861 0.9399 -0.23804 -0.8057 
0.177124 0.86792 0.56030 0.10132 -0.18799 -0.2808 
0.170044 0.86914 0.52612 0.11353 -0.13306 0.5005 
0.170044 0.85205 0.46631 0.11230 -0.8179 0.14648 
0.163696 0.81421 0.39673 0.8301 -0.3296 0.25269 
0.157105 0.76050 0.33691 0.2930 0.1953 0.35645 
0.151367 0.69946 0.28809 -0.3906 0.7568 0.46265 
0.148315 0.69946 0.25146 -0.12207 0.12573 0.59204 
0.144897 0.65430 0.22949 -0.20874 0.17212 0.72510 
0.142212 0.62256 0.21729 -0.29053 0.22827 0.84473 
0.139893 0.60669 0.21729 -0.37354 0.30884 0.94849 
0.139282 0.59326 0.22583 -0.48096 0.40649 0.107544 
0.138794 0.56763 0.23438 -0.59814 0.52368 0.120972 
0.137817 0.54932 0.23682 -0.59814 0.62256 0.131958 
0.138428 0.50781 0.27710 -0.70068 0.70068 0.143188 
0.140991 0.43701 0.32471 -0.78857 0.75562 0.154785 
0.146118 0.36865 0.39795 -0.86914 0.79468 0.166260 
0.154053 0.30762 0.48218 -0.93994 0.79468 0.176514 
0.164307 0.26001 0.56274 -0.99243 0.81421 0.184937 
0.176025 0.22461 0.63721 -0.103149 0.80566 0.160522 
0.188721 0.18677 0.71045 -0.107300 0.78003 0.191772 
0.202148 0.14404 0.78247 -0.111572 0.75928 0.196533 
0.214355 0.8301 0.85571 -0.115723 0.75195 0.198486 
0.193848 -0.732 0.94482 -0.118896 0.77026 0.197510 
0.233521 -0.9888 0.103516 -0.120605 0.82275 0.193481 
0.233521 -0.17700 0.112427 -0.119873 0.90088 0.187500 
0.239258 -0.22583 0.119751 -0.117554 0.99121 0.180420 
0.243530 -0.23682 0.126099 -0.115112 0.107056 0.173218 
0.246826 -0.23682 0.133057 -0.112793 0.112305 0.166382 
0.250122 -0.22705 0.141113 -0.110718 0.114990 0.160278 
0.253906 -0.20630 0.137817 -0.109009 0.117188 0.158203 
0.300171 -0.39429 0.169067 -0.125366 0.158936 0.198608 
0.289795 -0.29541 0.179810 -0.142090 0.228638 0.201782 
0.298706 -0.32593 0.189331 -0.150879 0.275879 0.188965 
0.302490 -0.40771 0.196411 -0.143188 0.287720 0.173950 
0.306397 -0.45776 0.203369 -0.143188 0.270020 0.159546 
0.311523 -0.47485 0.209717 -0.119263 0.271118 0.140503 
0.317749 -0.47485 0.214722 -0.91797 0.240601 0.115356 
0.321899 -0.46021 0.217529 -0.69580 0.209351 0.83618 
0.322510 -0.45166 0.220093 -0.51880 0.180176 0.46753 
0.319946 -0.42236 0.223511 -0.34668 0.152588 0.38208 
0.317749 -0.36499 0.229492 -0.16602 0.124878 0.6958 
0.315552 -0.32104 0.235107 0.977 0.94971 -0.32959 
0.316895 -0.29785 0.239380 0.16602 0.61646 -0.68970 
0.321655 -0.26733 0.242432 0.26367 0.27954 -0.93384 
0.328369 -0.27588 0.242676 0.28198 -0.977 -0.103882 
0.328369 -0.25879 0.239624 0.24048 -0.23315 -0.101807 
0.331299 -0.22705 0.236572 0.19165 -0.38208 -0.101929 
0.330811 -0.21118 0.235230 0.16602 -0.47974 -0.109741 
0.328491 -0.21118 0.234009 0.17212 -0.54688 -0.122314 
0.322754 -0.19775 0.232422 0.19775 -0.60059 -0.137085 
0.314453 -0.19043 0.230713 0.22583 -0.67017 -0.152588 
0.305298 -0.18921 0.228760 0.27344 -0.78857 -0.168457 
0.295776 -0.19409 0.228760 0.36133 -0.95215 -0.184448 
0.286621 -0.20752 0.224487 0.46875 -0.114624 -0.199219 
0.275635 -0.20264 0.215576 0.57129 -0.135498 -0.214966 
0.264526 -0.19287 0.204712 0.57129 -0.154419 -0.231812 
0.253052 -0.16602 0.194336 0.63599 -0.167480 -0.246948 
0.240967 -0.13672 0.185059 0.65552 -0.174927 -0.257813 
0.227905 -0.10132 0.176758 0.64941 -0.174927 -0.264038 
0.214600 -0.4639 0.168579 0.64331 -0.178833 -0.265991 
0.203247 0.1465 0.159180 0.63354 -0.182495 -0.264526 
0.192871 0.6836 0.148926 0.61890 -0.187866 -0.261353 
0.182617 0.11841 0.140015 0.60791 -0.194092 -0.261353 
0.172363 0.17090 0.131714 0.60547 -0.199463 -0.256592 
0.162354 0.21851 0.124268 0.61401 -0.201782 -0.249878 
0.184204 0.27466 0.115723 0.62744 -0.200195 -0.241211 
0.152954 0.33325 0.109985 0.66162 -0.194702 -0.231934 
0.145142 0.36133 0.102051 0.69092 -0.179810 -0.222046 
0.140625 0.37476 0.92651 0.68848 -0.157715 -0.206299 
0.135498 0.37476 0.81299 0.66284 -0.131226 -0.184570 
0.130859 0.40649 0.69580 0.63110 -0.104248 -0.162842 
0.127075 0.43945 0.90088 0.60059 -0.78369 -0.145630 
0.123657 0.47729 0.48828 0.56763 -0.54810 -0.133789 
0.119507 0.52612 0.48828 0.52246 -0.34180 -0.126221 
0.113403 0.56152 0.38574 0.46265 -0.18066 -0.119995 
0.105713 0.59448 0.28687 0.38452 -0.7324 -0.113037 
0.97656 0.63110 0.19775 0.38452 -0.1099 -0.104492 
0.88867 0.67627 0.12329 0.28442 0.2563 -0.93994 
0.79224 0.71289 0.6958 0.16479 0.5493 -0.81421 
0.69702 0.73975 0.2441 0.4028 0.5493 -0.66284 
0.60669 0.76050 -0.1221 -0.8545 0.9155 -0.49194 
0.52490 0.76416 -0.2930 -0.22095 0.14893 -0.61646 
0.45288 0.75317 -0.2075 -0.36255 0.22461 -0.9644 
0.40771 0.73975 0.00 -0.49927 0.30762 -0.9644 
0.39673 0.72388 0.3418 -0.62378 0.38818 0.12939 
0.42114 0.69580 0.8667 -0.73853 0.46021 0.36377 
0.48218 0.65552 0.15259 -0.84351 0.52368 0.60059 
0.48218 0.60181 0.22095 -0.92651 0.58716 0.83740 
0.57861 0.54077 0.28564 -0.99731 0.66040 0.106567 
0.71411 0.46631 0.35767 -0.107666 0.75317 0.127197 
0.87524 0.38940 0.44556 -0.115723 0.87524 0.144897 
0.104370 0.38940 0.53223 -0.122925 0.101563 0.159302 
0.121094 0.31128 0.61646 -0.130127 0.115601 0.169922 
0.136353 0.24048 0.40405 -0.138672 0.127686 0.177002 
0.150635 0.17944 0.71655 -0.148682 0.134888 0.181152 
0.165283 0.14526 0.85571 -0.158325 0.136230 0.182495 
0.179321 0.13306 0.103638 -0.164917 0.133057 0.181274 
0.192261 0.13062 0.123657 -0.164917 0.128174 0.177490 
0.202026 0.7324 0.138428 -0.167114 0.118774 0.177368 
0.214478 0.5493 0.156738 -0.168579 0.107422 0.179688 
0.219238 0.6226 0.174194 -0.162354 0.110840 0.169922 
0.232422 0.1831 0.185425 -0.152954 0.110840 0.161255 
0.242432 0.977 0.193604 -0.144409 0.115356 0.183350 
0.252319 0.2075 0.200195 -0.133545 0.117676 0.142700 
0.263550 0.4761 0.207031 -0.123413 0.116821 0.142700 
0.274902 0.9399 0.213135 -0.114990 0.114014 0.133789 
0.285156 0.13794 0.219605 -0.107422 0.109253 0.124023 
0.294434 0.16968 0.226929 -0.100220 0.103638 0.113403 
0.294434 0.2808 0.246826 -0.93628 0.100464 0.104736 
0.331055 0.13306 0.249390 -0.98267 0.122803 0.121826 
0.321777 0.16113 0.248779 -0.97656 0.151733 0.108887 
0.321899 0.13916 0.243408 -0.80322 0.153320 0.82520 
0.320068 0.13916 0.239502 -0.53345 0.129517 0.56763 
0.319580 0.13428 0.236328 -0.34058 0.101196 0.33325 
0.319946 0.11353 0.232910 -0.24170 0.79224 0.11963 
