0.230469 0.26733 0.14526 -0.16235 -0.12085 -0.12451 
0.233887 0.30518 0.23438 -0.29297 -0.2808 -0.15747 
0.233398 0.2319 0.33447 -0.35889 0.4028 -0.16357 
0.232422 0.35522 0.38818 -0.36255 0.5859 -0.14648 
0.232178 0.35522 0.42358 -0.32837 0.3784 -0.10986 
0.232666 0.36621 0.44067 -0.27344 0.122 -0.5859 
0.232788 0.37598 0.43823 -0.21362 -0.4150 0.244 
0.233276 0.37720 0.43823 -0.16113 -0.8545 0.7202 
0.234985 0.38086 0.43945 -0.10254 -0.12695 0.14282 
0.238647 0.39185 0.45166 -0.4272 -0.15869 0.19775 
0.242554 0.40039 0.44678 -0.4272 -0.19165 0.22705 
0.246704 0.40771 0.42236 -0.488 -0.23438 0.23193 
0.250977 0.41382 0.42358 0.122 -0.28931 0.21484 
0.253540 0.41626 0.42114 0.366 -0.4272 0.18433 
0.253296 0.41748 0.41504 0.1587 -0.35522 0.14648 
0.250977 0.41260 0.40405 0.3540 -0.42725 0.10742 
0.248535 0.41626 0.38818 0.5615 -0.49683 0.6836 
0.244873 0.41504 0.36011 0.8667 -0.54565 0.6836 
0.240479 0.41870 0.31372 0.11230 -0.56885 0.4150 
0.237305 0.41504 0.26001 0.12817 -0.57983 0.3662 
0.233521 0.42114 0.20752 0.12207 -0.57007 0.4272 
0.229980 0.42603 0.17822 0.9277 -0.53467 0.5615 
0.229980 0.44067 0.16357 0.6104 -0.48340 0.7202 
0.226685 0.45288 0.14648 0.3784 -0.42236 0.9277 
0.222656 0.45898 0.11475 0.1465 -0.35645 0.11841 
0.218140 0.45898 0.7568 -0.1221 -0.28564 0.14038 
0.212524 0.45898 0.3296 -0.4272 -0.21118 0.15747 
0.206299 0.46265 0.29907 -0.7446 -0.13916 0.17700 
0.199219 0.46631 -0.1343 -0.10742 -0.6958 0.20874 
0.191162 0.46875 -0.6226 -0.15625 -0.977 0.25269 
0.182373 0.46143 -0.10864 -0.21851 0.3540 0.30273 
0.174927 0.44312 -0.14771 -0.29297 0.7080 0.35522 
0.168701 0.42603 -0.17090 -0.29297 0.10376 0.41504 
0.163086 0.40771 -0.18311 -0.37476 0.13306 0.48096 
0.157715 0.38696 -0.19165 -0.45776 0.15259 0.55298 
0.152832 0.36865 -0.19409 -0.54077 0.15259 0.62744 
0.148315 0.34424 -0.17822 -0.62256 0.16602 0.70435 
0.144165 0.30762 -0.15137 -0.70190 0.17700 0.79468 
0.143311 0.26855 -0.10376 -0.78125 0.18311 0.79468 
0.144409 0.23926 -0.3662 -0.85205 0.19287 0.90454 
0.147217 0.19409 0.3906 -0.90698 0.20874 0.100708 
0.152344 0.15381 0.10742 -0.94849 0.22217 0.110840 
0.129272 0.10498 0.16479 -0.97412 0.23071 0.121826 
0.160522 0.4883 0.20630 -0.98022 0.24170 0.133423 
0.171143 0.31006 0.23315 -0.97412 0.26855 0.144897 
0.183838 -0.5859 0.25513 -0.97168 0.31982 0.155762 
0.197876 -0.5859 0.28076 -0.98022 0.39429 0.164307 
0.211792 -0.12085 0.34302 -0.99854 0.48218 0.170532 
0.224243 -0.19165 0.41870 -0.100586 0.58105 0.174561 
0.235718 -0.26489 0.52002 -0.99976 0.67139 0.176392 
0.246338 -0.32593 0.52002 -0.98511 0.74829 0.176147 
0.256592 -0.37109 0.64453 -0.94727 0.81421 0.174805 
0.267456 -0.40649 0.77515 -0.119019 0.87891 0.173340 
0.277832 -0.43457 0.88135 -0.87769 0.95093 0.172363 
0.288330 -0.46509 0.94971 -0.78613 0.103149 0.171753 
0.300415 -0.50537 0.98999 -0.69336 0.111572 0.170410 
0.313721 -0.54688 0.101807 -0.61523 0.111572 0.166748 
0.326904 -0.58105 0.104370 -0.55786 0.119019 0.159912 
0.365112 -0.64209 0.118286 -0.52490 0.123779 0.176880 
0.368164 -0.68726 0.125488 -0.64575 0.145264 0.178345 
0.373779 -0.71289 0.135254 -0.78613 0.174438 0.178345 
0.377808 -0.67505 0.145996 -0.83862 0.189575 0.161133 
0.376709 -0.68970 0.149048 -0.73486 0.180054 0.137817 
0.376465 -0.66040 0.151489 -0.54443 0.145630 0.115479 
0.376465 -0.65186 0.149780 -0.35034 0.106323 0.92163 
0.374634 -0.64331 0.145142 -0.18066 0.73608 0.65674 
0.371094 -0.62744 0.139771 -0.3296 0.46997 0.35278 
0.367432 -0.62744 0.135376 0.10132 0.23071 0.3296 
0.366455 -0.60303 0.135620 0.21118 0.1709 -0.27466 
0.371704 -0.59326 0.136963 0.24536 -0.14526 -0.48584 
0.378662 -0.59692 0.136841 0.19531 -0.24780 -0.58228 
0.380981 -0.60547 0.136841 0.12329 -0.30029 -0.65430 
0.380127 -0.60059 0.134277 0.8423 -0.33081 -0.76904 
0.377197 -0.60547 0.131470 0.7690 -0.34912 -0.91309 
0.371582 -0.62256 0.129883 0.7690 -0.33936 -0.106201 
0.363403 -0.65063 0.128662 0.8179 -0.29907 -0.119995 
0.353882 -0.66162 0.127197 0.10254 -0.25391 -0.132324 
0.344238 -0.65796 0.125488 0.14526 -0.25391 -0.143799 
0.335693 -0.65308 0.121948 0.20874 -0.22339 -0.155151 
0.328125 -0.63721 0.116333 0.28442 -0.21362 -0.136230 
0.320801 -0.62256 0.110596 0.35645 -0.22217 -0.180664 
0.312012 -0.60425 0.105591 0.40039 -0.23804 -0.180664 
0.302124 -0.57251 0.101440 0.41870 -0.25391 -0.193604 
0.289429 -0.52734 0.97412 0.41992 -0.27466 -0.205322 
0.305786 -0.46997 0.92896 0.41626 -0.30396 -0.215698 
0.274536 -0.41016 0.87158 0.40527 -0.34180 -0.224365 
0.259277 -0.34424 0.81909 0.38940 -0.38940 -0.230469 
0.244507 -0.58838 0.75439 0.37231 -0.44678 -0.233643 
0.229736 -0.20874 0.69946 0.36743 -0.52734 -0.234863 
0.215210 -0.20874 0.64209 0.35645 -0.60181 -0.234253 
0.200439 -0.13794 0.89478 0.32593 -0.68604 -0.231445 
0.184570 -0.6226 0.52124 0.28931 -0.78125 -0.227051 
0.168579 0.1099 0.52124 0.25024 -0.87891 -0.221069 
0.153931 0.9033 0.47119 0.20386 -0.95581 -0.212891 
0.140137 0.18066 0.42114 0.15625 -0.100342 -0.202148 
0.126709 0.26245 0.38940 0.15625 -0.99365 -0.188355 
0.114258 0.34668 0.34912 0.11353 -0.94482 -0.171265 
0.103516 0.42114 0.30273 0.7690 -0.117920 -0.151611 
0.95459 0.48462 0.25391 0.3540 -0.77759 -0.130249 
0.90820 0.52734 0.21118 -0.1465 -0.77759 -0.108887 
0.89722 0.55420 0.18066 -0.6592 -0.68970 -0.119995 
0.89233 0.56519 0.15869 -0.11475 -0.60791 -0.70557 
0.88257 0.55664 0.14404 -0.16479 -0.52612 -0.70557 
0.87158 0.54077 0.14282 -0.21118 -0.44189 -0.53833 
0.85938 0.52002 0.15015 -0.25513 -0.35889 -0.37842 
0.85205 0.50171 0.16724 -0.29175 -0.26367 -0.21851 
0.85205 0.48950 0.19897 -0.32593 -0.15137 -0.5493 
0.86548 0.47974 0.23926 -0.35522 -0.3174 0.11597 
0.89111 0.46143 0.27954 -0.37476 0.7935 0.29541 
0.92407 0.43335 0.31250 -0.37842 0.17212 0.48340 
0.97656 0.43335 0.33569 -0.36621 0.24536 0.67749 
0.104492 0.38940 0.34912 -0.35278 0.30396 0.86548 
0.112549 0.33813 0.35156 -0.35156 0.36133 0.104004 
0.120605 0.28076 0.35156 -0.37476 0.41626 0.119507 
0.130981 0.22461 0.37842 -0.42480 0.42114 0.136841 
0.138916 0.17456 0.38574 -0.48462 0.37109 0.152466 
0.149292 0.10742 0.38696 -0.53711 0.31250 0.166992 
0.156860 0.5981 0.38818 -0.53711 0.31250 0.172485 
0.167236 0.1953 0.38452 -0.54688 0.33691 0.172119 
0.180908 -0.2563 0.38452 -0.56396 0.37109 0.175171 
0.189941 -0.4883 0.38940 -0.62134 0.37109 0.177368 
0.198242 -0.6226 0.41016 -0.67993 0.41016 0.178833 
0.206299 -0.7446 0.46631 -0.72632 0.44678 0.180786 
0.213013 -0.8545 0.52490 -0.75195 0.49316 0.180786 
0.221313 -0.10742 0.58350 -0.76782 0.53589 0.182373 
0.229980 -0.14282 0.65674 -0.78247 0.56274 0.184326 
0.238525 -0.19531 0.72266 -0.77881 0.60059 0.185791 
0.247437 -0.25635 0.78247 -0.76050 0.63965 0.186646 
0.247437 -0.30151 0.82886 -0.73730 0.67261 0.187134 
0.255493 -0.2686 0.88745 -0.71655 0.68970 0.186035 
0.263062 -0.37109 0.97412 -0.70557 0.70313 0.183105 
0.271118 -0.37109 0.108643 -0.69580 0.71655 0.178711 
0.278931 -0.39063 0.119263 -0.67139 0.72754 0.173584 
0.287964 -0.40894 0.97534 -0.62500 0.73120 0.168335 
0.301025 -0.44800 0.128784 -0.62012 0.83496 0.177490 
0.348145 -0.64209 0.151001 -0.76294 0.121094 0.206543 
0.358643 -0.72510 0.151733 -0.85449 0.154175 0.204346 
0.374390 -0.72998 0.154663 -0.83862 0.165771 0.185181 
0.385742 -0.79590 0.154785 -0.83862 0.147583 0.158447 
0.394043 -0.79346 0.156372 -0.70679 0.144653 0.127686 
0.395752 -0.77759 0.156738 -0.53711 0.112183 0.92773 
0.392212 -0.75806 0.154541 -0.37598 0.80933 0.56152 
0.384155 -0.70923 0.151245 -0.23438 0.54321 0.19653 
0.374268 -0.65186 0.146851 -0.8911 0.30884 0.17212 
0.365479 -0.60059 0.142334 0.5737 0.10132 -0.14038 
0.357666 -0.55908 0.135742 0.18677 -0.6714 -0.43091 
0.352417 -0.52734 0.128540 0.28076 -0.22461 -0.68359 
0.354248 -0.53101 0.122314 0.32349 -0.36255 -0.86426 
0.351318 -0.54443 0.114624 0.28931 -0.43823 -0.91309 
0.351318 -0.52612 0.106323 0.21484 -0.43579 -0.90332 
