0.237061 0.61157 0.58594 0.70190 -0.13184 -0.26001 
0.236206 0.60547 0.58838 0.70923 0.3784 -0.26489 
0.231689 0.61768 0.59448 0.70435 0.20142 -0.23071 
0.232178 0.61890 0.61523 0.69824 0.28931 -0.22095 
0.232178 0.63110 0.65063 0.68237 0.30884 -0.18066 
0.231812 0.64697 0.70679 0.66406 0.27222 -0.13306 
0.232544 0.65430 0.78125 0.64331 0.19287 -0.7080 
0.233276 0.66772 0.84961 0.64087 0.8545 -0.122 
0.233887 0.66772 0.91187 0.64697 -0.2686 0.6470 
0.233765 0.68237 0.64453 0.64575 -0.14771 0.13550 
0.235230 0.68970 0.97412 0.64941 -0.28198 0.20996 
0.239868 0.68237 0.97412 0.65674 -0.40527 0.26855 
0.245850 0.65186 0.96069 0.65308 -0.49683 0.30396 
0.251221 0.61035 0.93384 0.63721 -0.55908 0.31372 
0.255981 0.57007 0.89478 0.63721 -0.60059 0.30884 
0.259644 0.54565 0.86670 0.61157 -0.64941 0.29053 
0.263062 0.52612 0.82153 0.57983 -0.71777 0.25146 
0.267700 0.52002 0.78003 0.53223 -0.81787 0.20508 
0.270264 0.51880 0.72388 0.46387 -0.81787 0.14893 
0.270630 0.50293 0.68970 0.41504 -0.91431 0.8423 
0.270264 0.49072 0.63721 0.38574 -0.100708 0.1343 
0.269043 0.47241 0.57007 0.37476 -0.107300 0.1343 
0.268921 0.47363 0.48340 0.37109 -0.111084 -0.5981 
0.264893 0.46265 0.41016 0.36133 -0.110596 -0.12939 
0.261841 0.46875 0.34424 0.34180 -0.106689 -0.19531 
0.261841 0.47363 0.27344 0.32104 -0.99609 -0.25391 
0.257324 0.48950 0.21484 0.29785 -0.91675 -0.30396 
0.251587 0.50781 0.15137 0.26123 -0.83252 -0.34058 
0.245605 0.52490 0.10742 0.22705 -0.73364 -0.36255 
0.239746 0.52490 0.7324 0.20996 -0.62744 -0.36499 
0.234497 0.54199 0.5371 0.22339 -0.52979 -0.34668 
0.229980 0.55054 0.3174 0.25391 -0.46143 -0.31006 
0.226929 0.54321 0.3174 0.29297 -0.43457 -0.25635 
0.222168 0.54443 0.2563 0.30640 -0.45166 -0.20020 
0.218140 0.53955 0.610 0.27588 -0.50415 -0.15747 
0.215088 0.51758 -0.3174 0.23071 -0.55664 -0.12207 
0.212402 0.51270 -0.7080 0.23071 -0.60059 -0.9399 
0.209717 0.49561 -0.10986 0.17334 -0.31494 -0.7446 
0.206787 0.47852 -0.15625 0.10620 -0.93750 -0.5859 
0.202881 0.46143 -0.18677 0.3540 -0.62500 -0.4028 
0.198608 0.44434 -0.20264 -0.1587 -0.58838 -0.366 
0.193481 0.44312 -0.22217 -0.3052 -0.52612 -0.26245 
0.186890 0.45410 -0.24658 -0.3418 -0.45654 0.5005 
0.180054 0.46265 -0.28320 -0.6104 -0.38940 0.11963 
0.173828 0.46509 -0.32837 -0.10254 -0.32104 0.20264 
0.166748 0.47729 -0.35400 -0.13428 -0.24780 0.30151 
0.160278 0.50415 -0.37842 -0.16724 -0.17212 0.40894 
0.160278 0.52979 -0.39429 -0.20508 -0.10010 0.52124 
0.155640 0.55908 -0.41382 -0.24902 -0.3174 0.63721 
0.151611 0.57007 -0.44434 -0.31128 0.1587 0.76050 
0.147827 0.57007 -0.48096 -0.40649 0.4395 0.87769 
0.143799 0.55420 -0.49194 -0.53101 0.6226 0.97900 
0.138672 0.51880 -0.47241 -0.65430 0.7446 0.106079 
0.133911 0.47363 -0.47241 -0.74951 0.8911 0.112061 
0.131226 0.43823 -0.41504 -0.80811 0.9888 0.116943 
0.131226 0.40161 -0.33813 -0.83740 0.9521 0.122681 
0.134766 0.37354 -0.25513 -0.85693 0.8179 0.130005 
0.141357 0.33447 -0.15991 -0.85693 0.5981 0.138550 
0.151245 0.27588 -0.6836 -0.88257 0.3174 0.147461 
0.161499 0.23193 0.244 -0.91797 0.122 0.154175 
0.170410 0.17090 0.3540 -0.95215 0.122 0.157471 
0.179810 0.10498 0.6226 -0.96436 -0.3784 0.160278 
0.188477 0.3174 0.9644 -0.98145 -0.7568 0.163818 
0.198608 -0.5371 0.13916 -0.101074 -0.9277 0.163818 
0.211060 -0.14160 0.21362 -0.102661 -0.7568 0.168579 
0.226685 -0.22583 0.29297 -0.100708 -0.1221 0.175049 
0.246338 -0.29541 0.35645 -0.95703 0.8057 0.182861 
0.236328 -0.35400 0.40771 -0.89111 0.19653 0.189819 
0.267578 -0.41382 0.45044 -0.81909 0.33813 0.193237 
0.288452 -0.46631 0.47119 -0.75439 0.48584 0.192749 
0.307983 -0.52734 0.49072 -0.70679 0.66650 0.188965 
0.326294 -0.52734 0.51758 -0.68481 0.86060 0.181396 
0.343506 -0.60547 0.56519 -0.67383 0.105347 0.171021 
0.359863 -0.66406 0.31860 -0.65308 0.123657 0.159180 
0.375122 -0.69946 0.70190 -0.62012 0.139160 0.145874 
0.386719 -0.70557 0.70190 -0.57373 0.151733 0.131226 
0.395874 -0.69336 0.77026 -0.54443 0.170288 0.124268 
0.418213 -0.73364 0.94971 -0.57861 0.197144 0.126221 
0.410645 -0.68481 0.93140 -0.57861 0.200928 0.104858 
0.405396 -0.63354 0.98511 -0.51758 0.187378 0.75439 
0.398071 -0.62256 0.93872 -0.40405 0.180542 0.49683 
0.390747 -0.60913 0.94116 -0.25269 0.149292 0.26489 
0.384399 -0.58472 0.93506 -0.13184 0.109009 0.3174 
0.384888 -0.56885 0.96069 -0.6470 0.77637 0.16846 
0.383545 -0.55176 0.97168 -0.6958 0.62378 -0.29175 
0.378662 -0.52612 0.97656 -0.12085 0.55054 -0.29175 
0.371216 -0.49927 0.98145 -0.18188 0.45898 -0.43823 
0.364624 -0.48462 0.98267 -0.20264 0.33569 -0.57251 
0.359741 -0.47485 0.98022 -0.18799 0.21851 -0.67505 
0.359741 -0.46753 0.96436 -0.16235 0.13916 -0.76050 
0.355713 -0.46265 0.93262 -0.12573 0.10620 -0.84106 
0.351563 -0.46387 0.90210 -0.8545 0.10132 -0.92529 
0.347656 -0.46387 0.88135 -0.5005 0.10254 -0.101685 
0.344238 -0.45898 0.87402 -0.2319 0.8423 -0.112183 
0.340942 -0.44189 0.86670 0.244 0.3784 -0.123779 
0.336670 -0.43213 0.85693 0.2563 -0.3418 -0.136597 
0.329590 -0.41992 0.85693 0.4639 -0.12207 -0.149780 
0.320557 -0.41260 0.84595 0.6592 -0.20386 -0.161743 
0.308838 -0.40161 0.84106 0.10376 -0.26367 -0.172363 
0.295776 -0.36011 0.83008 0.10376 -0.31616 -0.181152 
0.281860 -0.31128 0.84351 0.14160 -0.35400 -0.188110 
0.268433 -0.25635 0.85327 0.17090 -0.38452 -0.192627 
0.256958 -0.20996 0.86426 0.19287 -0.42603 -0.195313 
0.247437 -0.17090 0.87769 0.20386 -0.42603 -0.196411 
0.238037 -0.13794 0.88623 0.20142 -0.47974 -0.196899 
0.227051 -0.10132 0.90088 0.19287 -0.54077 -0.198486 
0.216919 -0.7690 0.86304 0.19409 -0.60059 -0.198486 
0.207642 -0.4028 0.83496 0.21240 -0.70068 -0.199097 
0.195313 0.977 0.80200 0.23315 -0.85205 -0.197021 
0.215454 0.6592 0.75562 0.24902 -0.99365 -0.194458 
0.184204 0.13184 0.68970 0.23804 -0.111206 -0.189575 
0.173096 0.19165 0.62012 0.21606 -0.122314 -0.182373 
0.163086 0.24780 0.53833 0.19653 -0.131958 -0.173706 
0.153809 0.30273 0.45410 0.17822 -0.139771 -0.164185 
0.144653 0.30273 0.36255 0.15381 -0.143799 -0.154419 
0.135620 0.35278 0.57373 0.12207 -0.144409 -0.144287 
0.126465 0.39551 0.16602 0.7935 -0.142212 -0.133911 
0.116699 0.43091 0.16602 0.2930 -0.136597 -0.122925 
0.106812 0.46143 0.7813 -0.2197 -0.127808 -0.111084 
0.97290 0.49072 0.122 -0.7324 -0.115967 -0.98145 
0.87402 0.52246 -0.6104 -0.7324 -0.100830 -0.83984 
0.77515 0.55664 -0.10864 -0.11841 -0.82642 -0.68604 
0.67505 0.59326 -0.14038 -0.16235 -0.93384 -0.52002 
0.57983 0.62622 -0.16113 -0.20508 -0.39551 -0.33569 
0.50415 0.62622 -0.16724 -0.24902 -0.39551 -0.13062 
0.46997 0.60547 -0.15625 -0.28442 -0.14160 -0.21118 
0.47607 0.57617 -0.12939 -0.30396 0.12817 0.3540 
0.53223 0.54321 -0.9888 -0.30151 0.40649 0.34790 
0.62622 0.50659 -0.6592 -0.29297 0.68848 0.59692 
0.75562 0.47241 -0.2808 -0.29175 0.96558 0.83374 
0.87158 0.40283 0.1953 -0.30884 0.123291 0.104736 
0.87158 0.27344 0.5981 -0.36865 0.146484 0.125366 
0.102539 0.16235 0.12451 -0.44067 0.159302 0.151367 
0.115967 0.2686 0.20264 -0.51514 0.165771 0.173340 
0.135254 0.29663 0.28320 -0.60791 0.174072 0.192383 
0.147949 -0.1587 0.36865 -0.67993 0.182861 0.195313 
0.163330 -0.5127 0.48950 -0.75195 0.189819 0.187256 
0.183716 -0.9766 0.59814 -0.83618 0.195679 0.184692 
0.197876 -0.8423 0.59814 -0.91553 0.197632 0.181763 
0.209961 -0.6714 0.71411 -0.96924 0.197144 0.177856 
0.222046 -0.6836 0.82520 -0.98022 0.195679 0.176392 
0.230957 -0.7080 0.93750 -0.96436 0.194824 0.173706 
0.239624 -0.9155 0.103516 -0.96436 0.194214 0.170288 
0.249390 -0.11597 0.112915 -0.93262 0.191895 0.167480 
0.258667 -0.12085 0.121216 -0.89233 0.218628 0.163940 
0.268188 -0.12207 0.128296 -0.84839 0.187378 0.160278 
0.279907 -0.11353 0.134644 -0.79712 0.181152 0.156860 
0.293335 -0.10742 0.140137 -0.74219 0.174194 0.184692 
0.307617 -0.12329 0.145630 -0.68115 0.167969 0.153442 
0.321167 -0.14648 0.150146 -0.61890 0.163818 0.149414 
