0.224976 0.56885 0.7446 0.71289 0.11353 0.19043 
0.229492 0.55176 0.5615 0.55664 0.17334 0.22217 
0.230835 0.56030 0.5615 0.35645 0.23193 0.22461 
0.234619 0.56030 0.8057 0.16846 0.26367 0.21973 
0.236816 0.58594 0.13550 0.1709 0.27466 0.22095 
0.238892 0.61646 0.21118 -0.8179 0.27222 0.21851 
0.241333 0.66040 0.21118 -0.10986 0.26245 0.21484 
0.241699 0.70068 0.28687 -0.8423 0.24536 0.21240 
0.241333 0.72510 0.33936 -0.3784 0.20996 0.20996 
0.241455 0.73242 0.36743 -0.3784 0.14771 0.20386 
0.242310 0.72510 0.37476 0.00 0.6226 0.18555 
0.243652 0.70557 0.36743 0.977 0.29907 0.15259 
0.244751 0.68604 0.35156 -0.1465 -0.6958 0.11475 
0.245972 0.68115 0.34546 -0.7202 -0.6958 0.7813 
0.247437 0.68115 0.33691 -0.13794 -0.11230 0.4150 
0.248535 0.66650 0.31860 -0.21484 -0.14893 0.488 
0.249023 0.64697 0.30640 -0.31006 -0.19165 0.488 
0.248047 0.61646 0.29419 -0.40161 -0.23926 -0.2686 
0.246582 0.58594 0.29663 -0.46875 -0.29175 -0.5005 
0.243164 0.58228 0.32471 -0.47729 -0.33936 -0.4883 
0.238159 0.58105 0.31128 -0.43457 -0.39307 -0.3662 
0.238159 0.57373 0.26978 -0.34302 -0.43091 -0.1465 
0.232422 0.57373 0.20874 -0.24902 -0.46387 0.1221 
0.225952 0.57251 0.15381 -0.19287 -0.48340 0.2930 
0.218262 0.57251 0.10376 -0.16357 -0.46997 0.4272 
0.208618 0.56274 0.6226 -0.14282 -0.42480 0.6714 
0.197876 0.55176 0.2197 -0.12329 -0.34912 0.10864 
0.186035 0.53345 0.2197 -0.11475 -0.25757 0.17822 
0.173706 0.50293 -0.2930 -0.11475 -0.14893 0.27466 
0.161011 0.47363 -0.8545 -0.13428 -0.2686 0.39673 
0.148682 0.45166 -0.14648 -0.17944 0.10742 0.54077 
0.138428 0.44312 -0.19287 -0.17944 0.24048 0.70068 
0.130615 0.44067 -0.21851 -0.25635 0.5005 0.87158 
0.125000 0.44067 -0.21362 -0.36011 0.46997 0.105103 
0.120850 0.44067 -0.18066 -0.47241 0.46997 0.123779 
0.118042 0.41992 -0.13672 -0.58228 0.56885 0.142700 
0.115967 0.37720 -0.9644 -0.68481 0.67871 0.129761 
0.114258 0.30884 -0.6104 -0.77393 0.80566 0.161011 
0.112793 0.22583 -0.2930 -0.85449 0.93750 0.178589 
0.112305 0.15747 0.244 -0.93506 0.106079 0.194946 
0.114258 0.11353 0.6104 -0.103149 0.113037 0.209961 
0.117920 0.6348 0.15991 -0.114502 0.111572 0.223022 
0.117920 0.610 0.29541 -0.124512 0.104370 0.234619 
0.124634 0.24292 0.47119 -0.130981 0.93506 0.246460 
0.135254 -0.17090 0.64209 -0.131836 0.84229 0.259766 
0.150757 -0.17090 0.79468 -0.125732 0.81177 0.274292 
0.171143 -0.28931 0.90942 -0.114380 0.86548 0.287842 
0.194458 -0.41504 0.66284 -0.99731 0.98389 0.298584 
0.220093 -0.52246 0.100830 -0.84473 0.115967 0.304688 
0.244751 -0.60059 0.100830 -0.72632 0.135986 0.304199 
0.268311 -0.65063 0.103149 -0.66772 0.154785 0.298340 
0.291382 -0.69946 0.105591 -0.65430 0.167725 0.287476 
0.314331 -0.75195 0.109863 -0.65430 0.173584 0.271729 
0.336426 -0.80566 0.118042 -0.67017 0.175171 0.251709 
0.356079 -0.87402 0.129639 -0.70313 0.174683 0.229858 
0.375610 -0.92285 0.143799 -0.74219 0.174683 0.208618 
0.393799 -0.95215 0.156860 -0.76660 0.171631 0.187012 
0.412476 -0.96680 0.166016 -0.74707 0.165527 0.173218 
0.442871 -0.104004 0.197754 -0.73853 0.165527 0.165405 
0.450439 -0.100342 0.189941 -0.94116 0.184814 0.165405 
0.454468 -0.104980 0.189697 -0.94238 0.177612 0.130859 
0.452515 -0.113281 0.187622 -0.69702 0.139893 0.83374 
0.454224 -0.116577 0.187866 -0.32715 0.81787 0.34912 
0.454224 -0.117920 0.190430 -0.8789 0.28809 -0.5371 
0.455933 -0.119019 0.191772 -0.5127 0.610 -0.37354 
0.451416 -0.115479 0.189941 -0.10986 -0.9888 -0.66040 
0.442383 -0.115479 0.188355 -0.13062 -0.18799 -0.94360 
0.430542 -0.110718 0.186035 -0.9399 -0.28687 -0.121460 
0.417236 -0.105469 0.180298 -0.4272 -0.40161 -0.146484 
0.402100 -0.100952 0.171631 0.854 -0.54321 -0.171021 
0.385254 -0.98022 0.171631 0.4883 -0.68848 -0.195435 
0.367188 -0.95581 0.161499 0.7568 -0.80811 -0.219238 
0.348145 -0.93140 0.148682 0.10132 -0.90942 -0.241821 
0.329590 -0.90454 0.136475 0.10132 -0.98267 -0.263306 
0.311401 -0.86670 0.125366 0.12817 -0.103271 -0.283081 
0.292847 -0.80566 0.117065 0.15015 -0.108398 -0.301025 
0.275147 -0.73608 0.108154 0.16479 -0.108398 -0.315186 
0.256592 -0.66650 0.100464 0.17700 -0.116333 -0.326050 
0.238037 -0.59204 0.93262 0.17822 -0.123047 -0.333496 
0.218628 -0.51758 0.85693 0.16968 -0.128540 -0.337891 
0.198730 -0.45410 0.78369 0.15747 -0.133179 -0.337891 
0.177856 -0.38696 0.71533 0.14526 -0.135254 -0.338989 
0.157837 -0.30029 0.64941 0.13062 -0.133545 -0.336060 
0.171021 -0.20264 0.58716 0.10864 -0.129150 -0.328491 
0.139771 -0.9888 0.51758 0.7813 -0.123291 -0.316162 
0.124878 0.244 0.44434 0.3662 -0.116699 -0.300049 
0.113159 0.9766 0.37231 -0.2075 -0.110352 -0.280396 
0.105469 0.18188 0.29663 -0.8301 -0.105591 -0.257202 
0.101196 0.18188 0.22095 -0.13794 -0.104004 -0.232422 
0.99609 0.25757 0.15747 -0.18555 -0.104248 -0.207764 
0.97290 0.31738 0.10498 -0.23315 -0.103516 -0.183594 
0.92285 0.33936 0.10498 -0.26245 -0.98389 -0.158936 
0.81665 0.36743 0.8545 -0.27222 -0.83252 -0.135498 
0.67993 0.39551 0.6836 -0.26001 -0.61523 -0.110229 
0.53467 0.43945 0.5859 -0.26001 -0.36377 -0.81909 
0.42725 0.47729 0.2808 -0.22949 -0.10498 -0.50903 
0.38086 0.49683 -0.2075 -0.20630 -0.15869 -0.21240 
0.39063 0.50049 -0.7202 -0.22217 0.8057 0.5615 
0.41626 0.48462 -0.10376 -0.29419 0.39307 0.28809 
0.44312 0.45410 -0.9033 -0.40405 0.60547 0.18066 
0.46265 0.43579 -0.4517 -0.52612 0.78979 0.37231 
0.46997 0.44067 0.3174 -0.64209 0.93140 0.68481 
0.47363 0.44556 0.10986 -0.74219 0.102661 0.87280 
0.49438 0.42969 0.20020 -0.82153 0.107544 0.106567 
0.54199 0.37842 0.30518 -0.88989 0.109131 0.127563 
0.54199 0.30151 0.40405 -0.97412 0.111694 0.152954 
0.62012 0.20020 0.47729 -0.108154 0.115356 0.182129 
0.74829 0.8911 0.58105 -0.117188 0.114746 0.211060 
0.94360 0.28931 0.71655 -0.123169 0.110840 0.239014 
0.120850 -0.2319 0.87280 -0.127686 0.109375 0.265137 
0.151978 -0.11597 0.71777 -0.132202 0.115112 0.285645 
0.184570 -0.20142 0.118530 -0.137695 0.129150 0.297485 
0.215332 -0.28564 0.118530 -0.142944 0.149292 0.301636 
0.242188 -0.37109 0.133911 -0.145386 0.170166 0.300537 
0.264526 -0.45776 0.145874 -0.143066 0.185303 0.293701 
0.281494 -0.55054 0.152466 -0.137695 0.192993 0.281494 
0.294678 -0.64331 0.158691 -0.137695 0.193970 0.266357 
0.307373 -0.70313 0.166138 -0.133545 0.188965 0.249512 
0.326294 -0.73486 0.177979 -0.131104 0.193237 0.244263 
0.348755 -0.78857 0.201660 -0.137695 0.193237 0.254272 
0.359619 -0.83984 0.229980 -0.158447 0.222168 0.246216 
0.362427 -0.76050 0.234009 -0.175049 0.270142 0.246704 
0.366333 -0.82764 0.239868 -0.167480 0.293457 0.215454 
0.372192 -0.89355 0.246704 -0.140625 0.279297 0.188110 
0.380127 -0.96069 0.243042 -0.104736 0.239136 0.167969 
0.391602 -0.103271 0.233765 -0.69580 0.191406 0.143188 
0.400147 -0.107056 0.220459 -0.39307 0.148193 0.105591 
0.400147 -0.107178 0.210571 -0.9155 0.101318 0.53467 
0.406006 -0.104858 0.200317 0.14648 0.51392 -0.4517 
0.406738 -0.104858 0.188721 0.23560 0.1831 -0.60547 
0.403564 -0.104858 0.180176 0.19043 -0.38330 -0.104492 
0.398315 -0.105225 0.168457 -0.3296 -0.55542 -0.133057 
0.389526 -0.105957 0.160400 -0.37231 -0.53589 -0.154907 
0.376709 -0.104004 0.160400 -0.65552 -0.43213 -0.179199 
0.361450 -0.98999 0.156738 -0.80444 -0.36743 -0.207520 
0.344482 -0.93872 0.157349 -0.85083 -0.34302 -0.230713 
0.325684 -0.90332 0.155884 -0.82642 -0.34180 -0.247314 
0.309448 -0.87646 0.152954 -0.82642 -0.33569 -0.261719 
0.296021 -0.86792 0.149902 -0.75806 -0.31616 -0.276978 
0.283813 -0.85571 0.143921 -0.65796 -0.59082 -0.294922 
0.271240 -0.84351 0.137939 -0.53223 -0.27832 -0.315674 
0.257080 -0.83252 0.132690 -0.41260 -0.20264 -0.337158 
0.237183 -0.83862 0.130371 -0.30273 -0.10376 -0.326172 
0.212280 -0.83374 0.132690 -0.15137 0.00 -0.357422 
0.185181 -0.81055 0.133789 0.4883 0.7935 -0.373657 
0.156616 -0.74219 0.135986 0.22705 0.11353 -0.385498 
0.160400 -0.64453 0.143433 0.33691 0.6958 -0.393799 
0.136963 -0.49194 0.150879 0.39063 -0.366 -0.395630 
0.105713 -0.31128 0.153320 0.41260 -0.8423 -0.388916 
0.89233 -0.14282 0.156738 0.43701 -0.19287 -0.376709 
