0.245361 0.37720 0.24658 0.2808 -0.11597 -0.19653 
0.243530 0.34912 0.13916 0.16724 -0.7568 -0.24902 
0.246704 0.32104 0.1221 0.20020 0.14038 -0.34302 
0.250977 0.32104 -0.3174 0.10864 0.45776 -0.47485 
0.255127 0.36011 0.1099 -0.1465 0.71167 -0.57251 
0.256958 0.49072 0.10132 -0.8911 0.79224 -0.59448 
0.256592 0.63110 0.10132 -0.12329 0.74219 -0.56152 
0.251343 0.69336 0.19897 -0.12817 0.63110 -0.49805 
0.244507 0.71899 0.26245 -0.9399 0.48950 -0.41382 
0.239258 0.73975 0.29663 -0.3296 0.32959 -0.31860 
0.236328 0.74707 0.28564 -0.3296 0.15991 -0.23071 
0.234863 0.74463 0.23193 0.1587 0.27466 -0.15259 
0.235230 0.73364 0.16968 0.2930 -0.27954 -0.8545 
0.236328 0.70923 0.11963 0.1953 -0.27954 -0.3540 
0.235962 0.65796 0.12817 0.122 -0.50171 -0.1465 
0.233276 0.57983 0.10620 -0.2930 -0.57495 -0.30396 
0.235718 0.52734 0.11597 -0.3906 -0.59326 0.854 
0.237305 0.48218 0.10254 0.977 -0.58594 0.3296 
0.239990 0.45776 0.7813 0.8789 -0.54199 0.6592 
0.242065 0.44922 0.4883 0.17700 -0.47119 0.10010 
0.241943 0.45166 0.2197 0.25146 -0.38208 0.11108 
0.241943 0.45898 0.854 0.28442 -0.29053 0.10010 
0.240112 0.46265 0.122 0.30640 -0.18921 0.8789 
0.235352 0.46021 -0.2441 0.32715 -0.7446 0.7935 
0.227539 0.46021 -0.7202 0.33569 0.4150 0.7568 
0.218018 0.45532 -0.10620 0.31860 0.14648 0.7935 
0.208252 0.44189 -0.6836 0.29175 0.23804 0.9277 
0.197266 0.42236 -0.6836 0.31860 0.32959 0.14282 
0.186646 0.43579 -0.4883 0.38940 0.40649 0.22583 
0.172852 0.45288 -0.2930 0.43579 0.46753 0.30273 
0.156372 0.42847 -0.3296 0.44678 0.54321 0.39063 
0.138062 0.39917 -0.3906 0.44678 0.64575 0.49805 
0.119751 0.35156 -0.6958 0.42236 0.75317 0.61890 
0.102051 0.29541 -0.5981 0.33203 0.88013 0.77271 
0.88257 0.26245 -0.2808 0.22461 0.88013 0.97656 
0.78003 0.26245 -0.2686 0.12207 0.103760 0.120361 
0.74951 0.27588 -0.3418 0.2075 0.120239 0.111572 
0.78857 0.29053 -0.2197 -0.10742 0.134399 0.132690 
0.89355 0.26978 0.3052 -0.25391 0.142090 0.163940 
0.105103 0.19775 0.10864 -0.36987 0.145508 0.184326 
0.124512 0.9644 0.17700 -0.42847 0.148315 0.203857 
0.114380 -0.1831 0.22827 -0.44189 0.150146 0.220825 
0.145630 -0.13428 0.26489 -0.44067 0.150269 0.233521 
0.166992 -0.23804 0.31006 -0.46265 0.148193 0.241699 
0.186890 -0.30884 0.38086 -0.52612 0.143555 0.245972 
0.203247 -0.30884 0.46021 -0.60669 0.136108 0.247070 
0.214233 -0.35767 0.56641 -0.67505 0.125366 0.246216 
0.225464 -0.40405 0.37109 -0.70557 0.113647 0.245483 
0.240356 -0.49316 0.81055 -0.67383 0.105591 0.245117 
0.260498 -0.59937 0.81055 -0.57861 0.103760 0.244019 
0.282349 -0.68359 0.91187 -0.44189 0.104980 0.238525 
0.302246 -0.73364 0.97046 -0.62256 0.105225 0.224365 
0.319702 -0.77026 0.100708 -0.31006 0.105225 0.201782 
0.335571 -0.80322 0.105469 -0.20752 0.107666 0.177124 
0.350342 -0.82031 0.111816 -0.16235 0.110107 0.157837 
0.360474 -0.81177 0.115112 -0.17944 0.110107 0.141724 
0.369385 -0.79712 0.118286 -0.21484 0.109985 0.127563 
0.376587 -0.78979 0.121826 -0.24658 0.106812 0.146484 
0.385132 -0.80811 0.124756 -0.23438 0.101929 0.106201 
0.409790 -0.81665 0.132935 -0.16602 0.98633 0.106201 
0.421143 -0.87402 0.134766 -0.18677 0.111816 0.112793 
0.434082 -0.85693 0.129028 -0.26611 0.122681 0.112427 
0.412109 -0.83862 0.125244 -0.21606 0.115723 0.92529 
0.443359 -0.86670 0.123901 -0.12573 0.91553 0.62256 
0.456909 -0.90698 0.126831 -0.3174 0.62134 0.34790 
0.471802 -0.64697 0.131470 -0.2319 0.42847 0.10986 
0.481567 -0.100464 0.133301 -0.10986 0.36133 -0.16235 
0.482788 -0.100464 0.134277 -0.20020 0.29541 -0.47241 
0.476074 -0.102783 0.134766 -0.24048 0.15991 -0.79590 
0.462647 -0.102539 0.133911 -0.22461 -0.3784 -0.110840 
0.445557 -0.100708 0.133911 -0.19287 -0.24536 -0.139648 
0.425903 -0.97290 0.131470 -0.17090 -0.42725 -0.166016 
0.406738 -0.94238 0.126953 -0.15381 -0.58105 -0.190063 
0.389893 -0.92407 0.122437 -0.15381 -0.69824 -0.213623 
0.374390 -0.91797 0.118530 -0.13428 -0.76904 -0.237793 
0.358887 -0.90210 0.115967 -0.12085 -0.82153 -0.262695 
0.342285 -0.87769 0.115601 -0.10376 -0.86792 -0.286499 
0.323730 -0.84229 0.115601 -0.6592 -0.86792 -0.307373 
0.301758 -0.78491 0.116089 -0.488 -0.92407 -0.293823 
0.276001 -0.70923 0.115845 0.5127 -0.100342 -0.339233 
0.248657 -0.62134 0.113892 0.9521 -0.110718 -0.339233 
0.221069 -0.52856 0.110352 0.14282 -0.124512 -0.348877 
0.194702 -0.41992 0.103271 0.19775 -0.142090 -0.353516 
0.201416 -0.32227 0.93872 0.25146 -0.162231 -0.351685 
0.170166 -0.21362 0.82520 0.30396 -0.184937 -0.344238 
0.148071 -0.12085 0.69824 0.35522 -0.204712 -0.331299 
0.125610 -0.6348 0.54810 0.38208 -0.218994 -0.312134 
0.103882 -0.31128 0.45410 0.38086 -0.226074 -0.287720 
0.82031 0.122 0.37354 0.34180 -0.221558 -0.260254 
0.60669 0.6714 0.60059 0.28809 -0.207642 -0.228760 
0.37598 0.14038 0.23560 0.25513 -0.190918 -0.193115 
0.21973 0.18921 0.23560 0.22827 -0.175171 -0.147583 
0.10620 0.33447 0.23071 0.16602 -0.156616 -0.100342 
0.1831 0.44434 0.19897 0.5371 -0.140259 -0.52979 
-0.4517 0.51514 0.13794 0.5371 -0.124634 -0.7568 
-0.8179 0.52979 0.3906 -0.8301 -0.106323 0.35400 
-0.9399 0.55298 -0.2930 -0.19531 -0.110962 0.70923 
-0.7568 0.54688 -0.9766 -0.31128 -0.81299 0.98633 
-0.4883 0.49927 -0.15869 -0.42114 -0.50049 0.121460 
-0.2075 0.45898 -0.18311 -0.50171 -0.19775 0.138916 
0.977 0.41870 -0.20752 -0.57495 0.12695 0.151855 
0.5615 0.36987 -0.20020 -0.63477 0.44434 0.151855 
0.13306 0.30273 -0.15747 -0.67017 0.74341 0.162354 
0.24658 0.20630 -0.8301 -0.66772 0.103271 0.171021 
0.7324 0.11841 0.1709 -0.64209 0.129028 0.180908 
0.54810 0.4272 0.13550 -0.60303 0.152832 0.193237 
0.54810 -0.7690 0.23438 -0.60425 0.169678 0.208130 
0.70923 -0.24658 0.36621 -0.60913 0.178833 0.225830 
0.96680 -0.4517 0.49072 -0.62134 0.188355 0.253296 
0.123413 -0.35767 0.60303 -0.62134 0.195557 0.278442 
0.152100 -0.46021 0.71533 -0.57129 0.197144 0.296021 
0.182129 -0.57007 0.81177 -0.52856 0.194824 0.311523 
0.211182 -0.66040 0.81177 -0.52490 0.190918 0.327271 
0.242554 -0.75195 0.90942 -0.54932 0.184082 0.341431 
0.278809 -0.82886 0.104858 -0.53589 0.176636 0.350098 
0.318237 -0.89233 0.119385 -0.44800 0.171021 0.348145 
0.356079 -0.94849 0.130249 -0.44800 0.168579 0.333252 
0.387573 -0.102905 0.135132 -0.33203 0.172730 0.307495 
0.412109 -0.108521 0.137695 -0.24414 0.184326 0.276855 
0.452026 -0.114746 0.146851 -0.24292 0.184326 0.278809 
0.459229 -0.123047 0.172363 -0.45166 0.239868 0.264526 
0.462280 -0.125000 0.172974 -0.75195 0.299683 0.257568 
0.466064 -0.125366 0.173950 -0.76294 0.305054 0.226318 
0.471069 -0.135010 0.176636 -0.51514 0.259277 0.184082 
0.476807 -0.137817 0.168579 -0.16602 0.197388 0.142334 
0.481445 -0.136108 0.157227 0.12451 0.134399 0.95093 
0.484741 -0.134766 0.148438 0.28198 0.80688 0.39551 
0.484741 -0.135498 0.146973 0.28809 0.45288 -0.12085 
0.480957 -0.134399 0.147583 0.15991 0.35034 -0.54810 
0.468750 -0.129272 0.150391 -0.1343 0.37598 -0.91187 
0.451050 -0.129272 0.153320 -0.14404 0.40283 -0.124756 
0.430908 -0.123169 0.154785 -0.20508 0.37720 -0.157715 
0.410767 -0.116821 0.155762 -0.20386 0.28076 -0.188965 
0.392090 -0.110596 0.155273 -0.17700 0.14160 -0.216797 
0.373413 -0.104370 0.155273 -0.14160 -0.2197 -0.243042 
0.352539 -0.98511 0.152588 -0.10986 -0.20630 -0.268188 
0.329468 -0.92163 0.148804 -0.7690 -0.40649 -0.291748 
0.305298 -0.85449 0.144775 -0.7690 -0.60913 -0.313110 
0.281006 -0.78613 0.140015 -0.4028 -0.79102 -0.332031 
0.255127 -0.71777 0.136230 0.122 -0.92529 -0.346069 
0.228394 -0.65430 0.132813 0.4150 -0.92529 -0.352661 
0.201660 -0.57861 0.130371 0.6470 -0.100952 -0.350830 
0.172852 -0.47119 0.125366 0.7813 -0.106323 -0.343872 
0.149292 -0.37109 0.125244 0.12085 -0.113525 -0.359741 
0.126587 -0.25024 0.122925 0.15381 -0.116943 -0.328491 
0.106567 -0.12939 0.118652 0.17090 -0.119751 -0.305420 
0.122559 0.122 0.114868 0.18555 -0.122437 -0.278198 
0.79712 0.12207 0.111694 0.19409 -0.124512 -0.248535 
0.79712 0.20996 0.108643 0.21118 -0.125244 -0.217529 
0.73120 0.28198 0.104614 0.24414 -0.122925 -0.185059 
