0.219971 0.43579 0.25146 -0.6836 -0.12817 -0.23071 
0.221558 0.46143 0.29541 -0.11475 -0.7324 -0.21484 
0.221558 0.50049 0.33813 -0.14648 -0.4517 -0.19897 
0.221558 0.54443 0.37476 -0.14648 -0.5615 -0.16968 
0.220825 0.57739 0.41626 -0.12573 -0.10620 -0.10986 
0.219971 0.58960 0.44800 -0.7690 -0.17090 -0.2686 
0.221191 0.58960 0.44922 -0.366 -0.22217 0.7324 
0.225586 0.59204 0.42236 0.5493 -0.24048 0.15015 
0.233276 0.57861 0.37842 0.6958 -0.20996 0.18188 
0.240967 0.55542 0.32715 0.2930 -0.14404 0.16235 
0.246826 0.52490 0.32715 -0.5737 -0.8057 0.10498 
0.251343 0.50171 0.29541 -0.16724 -0.5249 0.2197 
0.254761 0.49316 0.29053 -0.26978 -0.7324 -0.6592 
0.256714 0.49438 0.30396 -0.26978 -0.12573 -0.14526 
0.256470 0.50293 0.32349 -0.35278 -0.18799 -0.20386 
0.253418 0.51147 0.34546 -0.41016 -0.25513 -0.23804 
0.247437 0.50171 0.37720 -0.44312 -0.25513 -0.25146 
0.241089 0.47974 0.39673 -0.42236 -0.31616 -0.23193 
0.234741 0.47363 0.39063 -0.36865 -0.37354 -0.19531 
0.229858 0.47119 0.38696 -0.30273 -0.41748 -0.15869 
0.226685 0.47485 0.36499 -0.24414 -0.44189 -0.15869 
0.223633 0.47974 0.33936 -0.20996 -0.43945 -0.12817 
0.220703 0.49805 0.31616 -0.20020 -0.41016 -0.10742 
0.248779 0.52002 0.30273 -0.20630 -0.36499 -0.9644 
0.217529 0.54810 0.30029 -0.21851 -0.31860 -0.8789 
0.214233 0.57251 0.30273 -0.22339 -0.27954 -0.7813 
0.210449 0.58838 0.31738 -0.20752 -0.25024 -0.5981 
0.205811 0.58838 0.32104 -0.16968 -0.22095 -0.2930 
0.200928 0.59448 0.32349 -0.11963 -0.17944 0.1099 
0.194946 0.60547 0.62378 -0.6836 -0.11841 0.5737 
0.188965 0.61035 0.28809 -0.2441 -0.3418 0.10986 
0.182739 0.60669 0.28809 -0.732 0.6348 0.15991 
0.175781 0.60669 0.26733 -0.2319 0.15869 0.20142 
0.167358 0.61401 0.25879 -0.6470 0.23560 0.23193 
0.157715 0.61279 0.26855 -0.6470 0.28442 0.25513 
0.147095 0.61401 0.28320 -0.11108 0.30396 0.28809 
0.138062 0.62256 0.30273 -0.15137 0.29785 0.34668 
0.133301 0.62988 0.31372 -0.16724 0.28809 0.42480 
0.130737 0.60425 0.31372 -0.16968 0.28809 0.55054 
0.130371 0.54810 0.31128 -0.18188 0.28320 0.40894 
0.127075 0.52368 0.28687 -0.19897 0.32837 0.83252 
0.123535 0.46021 0.28687 -0.20752 0.41016 0.83252 
0.121216 0.39429 0.29907 -0.20996 0.53589 0.91553 
0.117554 0.34912 0.31860 -0.22949 0.68604 0.100586 
0.117920 0.29663 0.36133 -0.25146 0.83252 0.107666 
0.117920 0.20386 0.44678 -0.25757 0.93628 0.118652 
0.127197 0.15747 0.50781 -0.24414 0.104248 0.138184 
0.141968 0.9888 0.56396 -0.21973 0.113647 0.157105 
0.161011 0.1343 0.61401 -0.16235 0.122925 0.171265 
0.180908 0.1343 0.66650 -0.11963 0.135986 0.182495 
0.200562 -0.9277 0.72876 -0.13672 0.150513 0.194824 
0.211548 -0.17578 0.79834 -0.17822 0.164063 0.204468 
0.216431 -0.24292 0.79834 -0.21851 0.173584 0.212158 
0.220703 -0.29785 0.88501 -0.24048 0.179688 0.220337 
0.230591 -0.34424 0.98511 -0.23926 0.181152 0.229858 
0.243774 -0.38696 0.106323 -0.23926 0.177124 0.238037 
0.262085 -0.43457 0.115967 -0.21851 0.172730 0.243042 
0.281982 -0.49072 0.123657 -0.18555 0.168701 0.243530 
0.300171 -0.53955 0.129883 -0.14648 0.164063 0.237183 
0.313965 -0.59814 0.133545 -0.12939 0.164063 0.223877 
0.320801 -0.64331 0.135620 -0.12451 0.160278 0.237305 
0.323364 -0.65430 0.139160 -0.14038 0.156372 0.188721 
0.335083 -0.64331 0.146606 -0.17090 0.149536 0.188721 
0.355225 -0.71899 0.181152 -0.24902 0.162354 0.189331 
0.361328 -0.63721 0.184326 -0.56030 0.206909 0.195679 
0.370605 -0.72388 0.190796 -0.66772 0.232056 0.176758 
0.370605 -0.81787 0.193970 -0.55786 0.222778 0.157959 
0.384522 -0.86914 0.195923 -0.31616 0.184326 0.139526 
0.397827 -0.90210 0.193115 -0.11230 0.137451 0.119629 
0.406372 -0.90698 0.188599 0.4517 0.93384 0.93628 
0.409912 -0.90698 0.183594 0.18188 0.52856 0.60425 
0.409058 -0.90088 0.177612 0.31006 0.14404 0.22583 
0.404663 -0.88745 0.171509 0.42603 -0.21484 -0.15259 
0.396973 -0.88135 0.171509 0.51025 -0.51758 -0.48584 
0.388062 -0.87646 0.163940 0.55664 -0.69702 -0.75073 
0.379395 -0.85571 0.156982 0.52490 -0.68481 -0.97168 
0.370972 -0.84351 0.151123 0.42480 -0.55542 -0.115845 
0.359741 -0.82642 0.144897 0.42480 -0.45166 -0.132813 
0.347900 -0.80200 0.139893 0.34668 -0.42603 -0.149048 
0.337158 -0.76416 0.135620 0.32104 -0.43823 -0.164307 
0.325439 -0.71289 0.131836 0.30029 -0.43823 -0.178955 
0.312378 -0.65918 0.128174 0.27466 -0.47363 -0.192871 
0.297241 -0.60791 0.123535 0.26123 -0.54321 -0.205811 
0.281616 -0.57373 0.117554 0.25635 -0.64819 -0.205811 
0.265625 -0.53101 0.111816 0.27832 -0.76294 -0.216919 
0.251465 -0.48218 0.105957 0.29907 -0.92407 -0.225830 
0.270752 -0.43701 0.100586 0.27710 -0.109253 -0.231079 
0.228760 -0.38696 0.96802 0.22949 -0.119385 -0.233398 
0.228760 -0.33447 0.91553 0.17700 -0.124268 -0.233276 
0.218384 -0.59204 0.86060 0.12939 -0.125854 -0.232178 
0.207520 -0.21851 0.78857 0.8667 -0.125610 -0.231079 
0.196411 -0.21851 0.72388 0.4272 -0.124268 -0.229614 
0.183228 -0.14526 0.66650 -0.1587 -0.120850 -0.227173 
0.167725 -0.8179 0.92896 -0.8545 -0.113892 -0.222412 
0.152832 -0.1221 0.61646 -0.15869 -0.105347 -0.214111 
0.140381 0.6104 0.57617 -0.22461 -0.96924 -0.202271 
0.131348 0.13428 0.54565 -0.28320 -0.88989 -0.187378 
0.125244 0.20264 0.53345 -0.2686 -0.80566 -0.170654 
0.121582 0.24170 0.51758 -0.33936 -0.73608 -0.150757 
0.115479 0.26001 0.50293 -0.39063 -0.92285 -0.131592 
0.111572 0.28687 0.51147 -0.40894 -0.41016 -0.114136 
0.106445 0.30029 0.52246 -0.45898 -0.41016 -0.96313 
0.101074 0.33813 0.55054 -0.52490 -0.20386 -0.78613 
0.94482 0.36987 0.57739 -0.58960 -0.2441 -0.92041 
0.88013 0.40649 0.62256 -0.65186 0.10742 -0.43457 
0.82031 0.44312 0.69092 -0.71655 0.20142 -0.43457 
0.77759 0.45654 0.77881 -0.76172 0.25146 -0.26367 
0.75195 0.45532 0.88379 -0.78125 0.26367 -0.7813 
0.74829 0.44312 0.97412 -0.78125 0.27710 0.12451 
0.74829 0.42480 0.105591 -0.77148 0.30151 0.35034 
0.79102 0.40894 0.110718 -0.76538 0.34668 0.60425 
0.86670 0.38818 0.114502 -0.76538 0.39795 0.85693 
0.97412 0.38818 0.117920 -0.77026 0.44922 0.109741 
0.110718 0.36743 0.120605 -0.77759 0.48462 0.131958 
0.125488 0.32959 0.124268 -0.78003 0.51025 0.152710 
0.141113 0.28931 0.98755 -0.78003 0.55176 0.170654 
0.159546 0.22583 0.130005 -0.76904 0.61523 0.187256 
0.179688 0.17090 0.134766 -0.73608 0.67627 0.199707 
0.199951 0.11841 0.138672 -0.68726 0.72021 0.206909 
0.218994 0.7568 0.141113 -0.68726 0.74219 0.209106 
0.235474 0.4517 0.142822 -0.62622 0.73975 0.207031 
0.248901 0.854 0.143799 -0.55542 0.71289 0.201050 
0.259644 -0.3174 0.143188 -0.47974 0.71289 0.191162 
0.267944 -0.7690 0.142090 -0.40771 0.66040 0.178223 
0.274902 -0.12817 0.140991 -0.35156 0.59448 0.163940 
0.281250 -0.17334 0.140747 -0.31250 0.52002 0.180664 
0.288086 -0.22461 0.140625 -0.27954 0.44922 0.149414 
0.294434 -0.25757 0.140137 -0.23926 0.38940 0.134888 
0.298950 -0.27832 0.139282 -0.20020 0.34180 0.119873 
0.300903 -0.29053 0.137939 -0.16602 0.29663 0.104614 
0.300903 -0.30029 0.135986 -0.12817 0.23926 0.89600 
0.299438 -0.31128 0.133545 -0.9033 0.17456 0.75439 
0.294312 -0.1099 0.131592 -0.6348 0.11475 0.63110 
0.287598 -0.32349 0.130249 -0.4517 0.7202 0.53223 
0.281372 -0.33081 0.129272 -0.2930 0.4883 0.45654 
0.276367 -0.33447 0.127930 -0.1221 0.3662 0.39429 
0.273193 -0.34302 0.126221 0.732 0.3296 0.33936 
0.270752 -0.35400 0.126221 0.2808 0.3296 0.28564 
0.267944 -0.36499 0.123657 0.3784 0.3540 0.22705 
0.263916 -0.37598 0.120728 0.3540 0.3784 0.17212 
0.259155 -0.38086 0.118652 0.3540 0.3052 0.12085 
0.253296 -0.37720 0.117310 0.2686 0.1343 0.7568 
0.246948 -0.36743 0.116699 0.1709 0.30273 0.3906 
0.240723 -0.35767 0.116089 0.977 -0.3174 0.1099 
0.235230 -0.35278 0.115967 0.610 -0.3174 -0.854 
0.230469 -0.34790 0.116089 0.732 -0.4517 -0.1953 
0.226685 -0.34424 0.115967 0.1099 -0.4517 -0.2197 
0.223755 -0.34058 0.115845 0.1587 -0.3418 -0.2197 
0.221924 -0.33691 0.115601 0.1831 -0.1953 -0.1953 
0.221313 -0.33325 0.115601 0.2197 -0.488 -0.854 
