0.184570 0.81177 0.66772 0.48706 -0.11719 0.10376 
0.158081 0.80811 0.62500 0.43457 -0.5371 0.13062 
0.189331 0.82275 0.59570 0.36865 0.3296 0.12451 
0.193359 0.82764 0.57861 0.28809 0.9766 0.10254 
0.194702 0.84473 0.59082 0.20874 0.11108 0.8667 
0.195313 0.87280 0.64453 0.13794 0.9277 0.9033 
0.197144 0.87280 0.69458 0.10254 0.6714 0.9644 
0.197876 0.88745 0.70923 0.10620 0.4883 0.10864 
0.197510 0.88623 0.70313 0.11597 0.3418 0.12695 
0.197754 0.87158 0.70313 0.10864 0.1221 0.14160 
0.199951 0.86548 0.71289 0.8545 -0.1709 0.13672 
0.202026 0.86304 0.72876 0.5981 -0.5371 0.11230 
0.203003 0.86060 0.74097 0.5981 -0.10986 0.8057 
0.203735 0.85083 0.73853 0.4272 -0.17700 0.4395 
0.203247 0.84106 0.72510 0.2808 -0.24414 0.1465 
0.201782 0.84229 0.71411 0.1099 -0.30273 -0.122 
0.199829 0.85693 0.70190 -0.488 -0.30273 -0.732 
0.197510 0.88623 0.67871 -0.2441 -0.34912 -0.610 
0.196411 0.89233 0.61890 -0.5493 -0.39063 -0.244 
0.196289 0.85815 0.56396 -0.10620 -0.44189 -0.244 
0.197144 0.84595 0.54077 -0.15991 -0.46753 -0.122 
0.197632 0.86182 0.54565 -0.20874 -0.46265 -0.854 
0.197021 0.88379 0.56763 -0.24048 -0.43091 -0.1099 
0.197021 0.90698 0.59937 -0.25391 -0.39063 -0.610 
0.193604 0.91675 0.62378 -0.22827 -0.35156 0.1465 
0.187988 0.91919 0.58960 -0.16357 -0.31372 0.5859 
0.180664 0.90088 0.52490 -0.11230 -0.27466 0.11963 
0.172241 0.90088 0.45288 -0.9033 -0.23071 0.18921 
0.164795 0.87769 0.39795 -0.11230 -0.19043 0.26123 
0.159058 0.86060 0.39185 -0.19043 -0.15747 0.32349 
0.153687 0.85327 0.39185 -0.30762 -0.13550 0.38208 
0.146606 0.85083 0.44800 -0.39185 -0.12451 0.46021 
0.137451 0.86304 0.53955 -0.40894 -0.13184 0.56152 
0.126221 0.88013 0.64697 -0.33936 -0.15259 0.68848 
0.110840 0.88501 0.74585 -0.33936 -0.15381 0.85815 
0.92285 0.88501 0.78247 -0.16479 -0.10742 0.108887 
0.73364 0.86182 0.72021 0.4272 -0.2808 0.136963 
0.59570 0.80688 0.59082 0.22217 -0.2808 0.167847 
0.52612 0.71411 0.44434 0.33081 0.5615 0.201294 
0.51025 0.59448 0.36743 0.34424 0.12939 0.204956 
0.63110 0.47729 0.34302 0.32715 0.21240 0.236206 
0.81665 0.35645 0.38208 0.30151 0.32349 0.269775 
0.102661 0.22949 0.45898 0.27710 0.47363 0.301392 
0.122803 0.10620 0.56519 0.28564 0.68115 0.328125 
0.106079 -0.2075 0.65430 0.33447 0.91919 0.349121 
0.137329 -0.16235 0.72510 0.40161 0.116333 0.364624 
0.144409 -0.1221 0.80688 0.43701 0.140869 0.379150 
0.150146 -0.49072 0.86182 0.41626 0.166260 0.398560 
0.156372 -0.49072 0.87891 0.34180 0.187500 0.414551 
0.169189 -0.67871 0.94727 0.20752 0.197876 0.424316 
0.193481 -0.86548 0.108765 0.1953 0.197144 0.428345 
0.227173 -0.99731 0.108765 -0.16113 0.188355 0.421509 
0.260864 -0.105103 0.125977 -0.27710 0.175293 0.404053 
0.287842 -0.107422 0.142212 -0.122 0.163086 0.380127 
0.304443 -0.109253 0.157227 -0.57373 0.154175 0.351074 
0.309814 -0.109375 0.169800 -0.26123 0.146729 0.323120 
0.307617 -0.109985 0.184570 -0.18677 0.141113 0.299194 
0.304199 -0.113281 0.197388 -0.7690 0.132690 0.282105 
0.305908 -0.119385 0.204834 0.9155 0.132690 0.269897 
0.316528 -0.127197 0.210693 0.25146 0.124268 0.258179 
0.336670 -0.133789 0.214722 0.40283 0.120483 0.274170 
0.362305 -0.137329 0.217163 0.52368 0.119385 0.220093 
0.388428 -0.139404 0.216431 0.62134 0.118652 0.220093 
0.410645 -0.140625 0.213257 0.68848 0.116577 0.187256 
0.424438 -0.141235 0.211060 0.71167 0.110840 0.146729 
0.431274 -0.141357 0.210449 0.69824 0.100098 0.101929 
0.431274 -0.140625 0.211182 0.68115 0.82642 0.56641 
0.430542 -0.138550 0.210083 0.67505 0.57617 0.14282 
0.424683 -0.136475 0.201904 0.68359 0.24658 -0.25024 
0.415161 -0.136475 0.190186 0.67871 -0.14526 -0.62744 
0.405396 -0.135498 0.176514 0.62988 -0.51392 -0.99609 
0.397583 -0.134644 0.163574 0.52246 -0.79956 -0.137085 
0.390503 -0.134033 0.185547 0.37598 -0.98267 -0.177124 
0.384155 -0.132202 0.154297 0.23804 -0.103760 -0.219727 
0.373291 -0.128906 0.148438 0.14038 -0.100586 -0.262329 
0.355957 -0.124146 0.145508 0.8789 -0.94971 -0.300049 
0.333862 -0.117920 0.144287 0.8789 -0.90576 -0.329956 
0.309814 -0.109985 0.143799 0.9644 -0.88745 -0.351563 
0.285645 -0.100342 0.143311 0.14526 -0.88623 -0.364746 
0.260620 -0.89722 0.140747 0.21484 -0.88623 -0.371094 
0.235718 -0.80200 0.135132 0.28931 -0.87646 -0.371704 
0.212524 -0.70923 0.126831 0.35400 -0.83496 -0.367310 
0.191528 -0.61768 0.117432 0.39917 -0.74707 -0.358643 
0.174927 -0.52612 0.106934 0.41504 -0.62500 -0.358643 
0.161987 -0.43701 0.95581 0.39185 -0.48950 -0.347412 
0.182129 -0.34546 0.85327 0.30273 -0.34790 -0.335083 
0.140747 -0.24292 0.77881 0.15625 -0.21851 -0.321899 
0.140747 -0.12573 0.75562 -0.488 -0.15137 -0.307373 
0.131226 -0.1831 0.74219 -0.14404 -0.16113 -0.290772 
0.120728 -0.23193 0.75195 -0.22827 -0.24414 -0.273926 
0.110107 0.8057 0.74585 -0.29663 -0.28687 -0.257202 
0.101196 0.14282 0.70313 -0.39551 -0.28564 -0.237671 
0.89478 0.18677 0.67749 -0.50171 -0.26367 -0.217285 
0.77759 0.23071 0.67261 -0.62134 -0.18799 -0.196045 
0.67993 0.29541 0.67261 -0.74951 -0.8667 -0.173950 
0.58960 0.36499 0.68115 -0.86426 0.1587 -0.151367 
0.52368 0.42603 0.67749 -0.66772 0.8667 -0.129272 
0.47485 0.46753 0.67505 -0.98022 0.12451 -0.107666 
0.43457 0.48096 0.66284 -0.109009 0.11963 -0.85571 
0.41626 0.49072 0.65308 -0.118652 0.7935 -0.62866 
0.40771 0.50659 0.68359 -0.127563 0.4150 -0.39429 
0.38208 0.52002 0.75317 -0.136230 0.4150 -0.13916 
0.35889 0.53223 0.84595 -0.144043 0.3662 -0.16846 
0.36255 0.54077 0.96191 -0.151245 0.4272 0.14404 
0.39185 0.53467 0.110596 -0.156860 0.1221 0.45654 
0.44189 0.50903 0.127075 -0.157715 -0.6958 0.79224 
0.50171 0.47363 0.144409 -0.150146 -0.20020 0.115234 
0.59448 0.41870 0.158569 -0.133423 -0.35278 0.154053 
0.59448 0.32837 0.165527 -0.109741 -0.49194 0.195923 
0.72266 0.21729 0.165405 -0.83008 -0.59448 0.239990 
0.89722 0.9888 0.162720 -0.58228 -0.65308 0.282837 
0.112305 0.28564 0.160767 -0.38696 -0.66040 0.320435 
0.137817 -0.2686 0.158447 -0.22095 -0.62622 0.349365 
0.166870 -0.14282 0.156616 -0.9277 -0.55054 0.368652 
0.195801 -0.25146 0.187134 -0.3296 -0.42725 0.378296 
0.224609 -0.35400 0.155884 0.854 -0.27588 0.375855 
0.252808 -0.45532 0.155151 0.5127 -0.12329 0.362915 
0.278564 -0.54688 0.153687 0.7813 0.2319 0.342163 
0.299561 -0.62134 0.152466 0.7813 0.14893 0.315674 
0.315063 -0.67139 0.151001 0.9644 0.22705 0.285400 
0.325439 -0.71411 0.149658 0.11353 0.25879 0.253906 
0.342407 -0.72388 0.147095 0.13062 0.13794 0.238403 
0.341431 -0.82520 0.158203 0.5127 0.45044 0.217896 
0.340942 -0.88989 0.160034 -0.10742 0.75928 0.189941 
0.333618 -0.88013 0.159302 -0.15137 0.95215 0.192505 
0.326172 -0.88745 0.160767 -0.12695 0.94727 0.161255 
0.319092 -0.87524 0.162842 -0.10010 0.83008 0.137085 
0.312256 -0.86060 0.164185 -0.5005 0.67261 0.115356 
0.306030 -0.85205 0.163696 0.2808 0.51147 0.93140 
0.298828 -0.84961 0.161011 0.12085 0.36133 0.70801 
0.298828 -0.83740 0.156738 0.21851 0.21851 0.49072 
0.290772 -0.82153 0.150146 0.30518 0.8179 0.28198 
0.281982 -0.80200 0.143555 0.36377 -0.5371 0.8911 
0.272583 -0.80200 0.136597 0.38330 -0.16724 -0.8301 
0.262085 -0.77637 0.130005 0.37109 -0.25635 -0.23071 
0.250488 -0.74585 0.154419 0.33936 -0.32959 -0.34668 
0.238281 -0.70435 0.123169 0.30273 -0.38818 -0.43701 
0.227295 -0.66284 0.118164 0.25879 -0.40894 -0.49561 
0.218994 -0.62866 0.116455 0.19897 -0.38330 -0.50781 
0.211060 -0.60059 0.114990 0.14038 -0.36011 -0.48584 
0.203369 -0.57617 0.114014 0.14038 -0.35645 -0.44434 
0.197266 -0.55664 0.113281 0.10376 -0.35278 -0.39307 
0.193115 -0.53833 0.113159 0.7813 -0.32837 -0.34058 
0.190063 -0.52612 0.113892 0.5127 -0.32837 -0.28931 
0.187622 -0.51880 0.114624 0.2808 -0.27954 -0.24048 
0.186035 -0.51880 0.115234 0.854 -0.21729 -0.19043 
0.185425 -0.51514 0.116577 0.00 -0.14893 -0.19043 
0.186157 -0.50659 0.118774 -0.244 -0.8911 -0.13794 
0.187622 -0.49805 0.120850 -0.732 -0.4639 -0.8789 
0.189575 -0.48706 0.122925 -0.610 -0.2319 -0.4150 
