0.238525 0.46875 0.38330 -0.20386 -0.2930 -0.10498 
0.241821 0.50049 0.40771 -0.20386 -0.1343 -0.10986 
0.243286 0.52124 0.43091 -0.21118 -0.610 -0.12207 
0.244263 0.54565 0.44312 -0.21240 -0.488 -0.13062 
0.243652 0.56885 0.45898 -0.20874 -0.1587 -0.13062 
0.241821 0.59570 0.48096 -0.20386 -0.1587 -0.11597 
0.239868 0.61035 0.49438 -0.19165 -0.4639 -0.9155 
0.239502 0.60791 0.49316 -0.17456 -0.8911 -0.7935 
0.239380 0.62012 0.49805 -0.16602 -0.12207 -0.7935 
0.237915 0.66162 0.52734 -0.17212 -0.14526 -0.7935 
0.235596 0.70435 0.58838 -0.17578 -0.19775 -0.7935 
0.231201 0.72876 0.62012 -0.15259 -0.27710 -0.7813 
0.224243 0.70923 0.60669 -0.11719 -0.38452 -0.7690 
0.224243 0.67017 0.56274 -0.9277 -0.48462 -0.6714 
0.217041 0.63965 0.50659 -0.9644 -0.54199 -0.4639 
0.210815 0.93506 0.46265 -0.14404 -0.54565 -0.2197 
0.206055 0.62256 0.42969 -0.20386 -0.50781 0.2075 
0.202148 0.61890 0.41626 -0.26733 -0.44434 0.8667 
0.197754 0.60547 0.39429 -0.29785 -0.37476 0.15381 
0.192505 0.57617 0.39429 -0.28442 -0.30518 0.24048 
0.187378 0.56030 0.37354 -0.25024 -0.24292 0.32959 
0.183594 0.55176 0.35767 -0.20020 -0.18188 0.41138 
0.179688 0.53345 0.33569 -0.14038 -0.11719 0.47485 
0.174683 0.48706 0.30273 -0.14038 -0.5005 0.51880 
0.169800 0.45288 0.26367 -0.8057 -0.29175 0.55786 
0.165527 0.43091 0.22827 -0.2808 0.10254 0.59570 
0.162231 0.42358 0.20264 0.366 0.10254 0.63354 
0.158691 0.43579 0.19897 0.1709 0.20020 0.66895 
0.153442 0.45166 0.22583 0.977 0.32104 0.70313 
0.144775 0.46387 0.27588 -0.1099 0.45654 0.70313 
0.133179 0.48706 0.34912 -0.2686 0.59814 0.74463 
0.119995 0.49927 0.41382 -0.3418 0.72266 0.80811 
0.108765 0.48462 0.44922 -0.3418 0.82031 0.90942 
0.106689 0.44189 0.48218 -0.3784 0.88867 0.104858 
0.106689 0.36743 0.53833 -0.6836 0.90576 0.129517 
0.108154 0.34790 0.58350 -0.10254 0.98022 0.161255 
0.110474 0.59937 0.62988 -0.14404 0.112427 0.182617 
0.111816 0.28687 0.66895 -0.14404 0.127563 0.196777 
0.114380 0.19043 0.72388 -0.12695 0.139282 0.211792 
0.122314 0.8057 0.80322 -0.10864 0.148438 0.229370 
0.136108 -0.3784 0.80322 -0.7813 0.158203 0.244995 
0.153687 -0.16113 0.88257 -0.2686 0.165161 0.256836 
0.175171 -0.27588 0.96191 -0.25513 0.172119 0.264648 
0.197754 -0.36987 0.102783 0.13550 0.181030 0.267212 
0.219605 -0.44067 0.106079 0.13550 0.190186 0.264404 
0.233276 -0.49194 0.107056 0.17578 0.198242 0.256226 
0.243774 -0.58228 0.107422 0.14648 0.200317 0.251343 
0.244629 -0.63965 0.107056 0.3052 0.200317 0.244019 
0.246704 -0.71533 0.112305 -0.8545 0.190186 0.237671 
0.254639 -0.79346 0.123901 -0.16724 0.173828 0.234497 
0.264893 -0.85815 0.137329 -0.22095 0.158325 0.232056 
0.277832 -0.90332 0.150024 -0.23193 0.147827 0.232056 
0.290894 -0.92529 0.159790 -0.21240 0.142334 0.228760 
0.302368 -0.94482 0.166016 -0.17334 0.136230 0.222778 
0.311890 -0.96558 0.168701 -0.11230 0.129395 0.213379 
0.311890 -0.99487 0.169189 -0.5249 0.123535 0.200684 
0.321411 -0.122192 0.201172 -0.4517 0.125366 0.189575 
0.351563 -0.109741 0.191772 -0.37231 0.174194 0.201294 
0.356323 -0.109741 0.199097 -0.59448 0.205078 0.182007 
0.364502 -0.117188 0.201904 -0.56519 0.206543 0.150024 
0.374512 -0.124512 0.212524 -0.36377 0.178711 0.118042 
0.391480 -0.133789 0.210938 -0.24902 0.137695 0.98511 
0.398315 -0.135010 0.210938 -0.11230 0.90088 0.76416 
0.398926 -0.134155 0.206177 -0.25269 0.48828 0.42114 
0.397949 -0.133179 0.200073 0.21362 0.15137 0.732 
0.393921 -0.132813 0.193848 0.21362 -0.16479 -0.39063 
0.386475 -0.133179 0.186279 0.32837 -0.44312 -0.70435 
0.377075 -0.130981 0.179443 0.38452 -0.58716 -0.93994 
0.365356 -0.126343 0.172363 0.34790 -0.58716 -0.113525 
0.349731 -0.121826 0.166870 0.24170 -0.60059 -0.130005 
0.331543 -0.117310 0.161011 0.14526 -0.57007 -0.143555 
0.313477 -0.112183 0.155518 0.10986 -0.57373 -0.155151 
0.298218 -0.107544 0.150391 0.12085 -0.60547 -0.155151 
0.286011 -0.103516 0.145630 0.14160 -0.61768 -0.165771 
0.305786 -0.98633 0.140259 0.15015 -0.59326 -0.176636 
0.263306 -0.93384 0.134888 0.14771 -0.56030 -0.188599 
0.263306 -0.88257 0.130371 0.14038 -0.54565 -0.200928 
0.252930 -0.84229 0.125854 0.12207 -0.56519 -0.212402 
0.243530 -0.78857 0.121460 0.10864 -0.63354 -0.222412 
0.233765 -0.72998 0.117310 0.9155 -0.79956 -0.230835 
0.224487 -0.72998 0.114746 0.6958 -0.97656 -0.237427 
0.214478 -0.66528 0.110962 0.2441 -0.105347 -0.241821 
0.203735 -0.60181 0.107422 -0.4150 -0.104614 -0.243286 
0.192261 -0.53345 0.107422 -0.9277 -0.100708 -0.241821 
0.179443 -0.45776 0.103271 -0.11597 -0.97046 -0.236938 
0.166992 -0.38330 0.99731 -0.12817 -0.92773 -0.227905 
0.155884 -0.30273 0.96313 -0.12817 -0.87769 -0.215576 
0.146851 -0.22949 0.92285 -0.14282 -0.81787 -0.201172 
0.140503 -0.17334 0.87646 -0.16479 -0.74951 -0.185913 
0.136353 -0.12573 0.82397 -0.19409 -0.66895 -0.171143 
0.133423 -0.7935 0.77393 -0.23560 -0.66895 -0.157471 
0.131348 -0.2563 0.72876 -0.28687 -0.58105 -0.176270 
0.129272 0.4028 0.69336 -0.34546 -0.49072 -0.133423 
0.126831 0.9888 0.67139 -0.41382 -0.40161 -0.133423 
0.122681 0.15747 0.66406 -0.48950 -0.31860 -0.122192 
0.116211 0.20752 0.66528 -0.55542 -0.25024 -0.111328 
0.107910 0.23804 0.68604 -0.61157 -0.19287 -0.101318 
0.107910 0.25879 0.71655 -0.66284 -0.13184 -0.91187 
0.98145 0.28198 0.74585 -0.70068 -0.5737 -0.79712 
0.89478 0.29663 0.78979 -0.73364 0.854 -0.65674 
0.83740 0.30029 0.84717 -0.75195 0.6592 -0.49805 
0.81787 0.30029 0.90942 -0.76172 0.12451 -0.31250 
0.83740 0.30151 0.65552 -0.76538 0.18066 -0.10864 
0.87402 0.29785 0.102783 -0.76172 0.23926 0.9277 
0.92896 0.27588 0.102783 -0.76660 0.30029 0.29663 
0.98511 0.25269 0.108398 -0.77393 0.34058 0.49561 
0.104126 0.22217 0.114136 -0.77637 0.35156 0.68604 
0.110352 0.18921 0.119751 -0.77637 0.33447 0.86670 
0.117065 0.14771 0.125366 -0.77271 0.30640 0.104004 
0.125244 0.10498 0.130249 -0.75684 0.28198 0.121216 
0.135498 0.6104 0.134155 -0.72998 0.27100 0.138062 
0.148193 0.2075 0.137451 -0.69580 0.27100 0.153931 
0.163574 -0.2197 0.140869 -0.66040 0.27832 0.167603 
0.180664 -0.7080 0.143433 -0.62256 0.30640 0.177734 
0.197876 -0.13062 0.145874 -0.58228 0.34912 0.177734 
0.213989 -0.19531 0.147705 -0.54077 0.41260 0.182739 
0.228027 -0.24902 0.149170 -0.50293 0.48950 0.182495 
0.239136 -0.29419 0.150513 -0.46997 0.55420 0.178467 
0.248413 -0.33691 0.152832 -0.43823 0.58594 0.171753 
0.248413 -0.37842 0.155762 -0.40283 0.58350 0.164429 
0.256958 -0.41748 0.159180 -0.35645 0.55176 0.157593 
0.266113 -0.45410 0.162109 -0.29785 0.51025 0.150879 
0.276123 -0.45410 0.163696 -0.23315 0.47852 0.142822 
0.285889 -0.48828 0.163696 -0.16846 0.46143 0.131836 
0.293701 -0.51880 0.173828 -0.12329 0.49927 0.121338 
0.309448 -0.65063 0.173828 -0.20874 0.73364 0.119751 
0.306030 -0.58228 0.167603 -0.25146 0.87158 0.103516 
0.300903 -0.62988 0.168579 -0.23438 0.87646 0.90454 
0.293091 -0.66528 0.164185 -0.16602 0.76294 0.80200 
0.285767 -0.65308 0.160889 -0.16602 0.59570 0.69946 
0.277710 -0.64209 0.158691 -0.12939 0.45166 0.57739 
0.270508 -0.63354 0.157227 -0.9521 0.34912 0.45288 
0.264526 -0.62744 0.155396 -0.5127 0.34912 0.34302 
0.258057 -0.61890 0.152344 0.00 0.26001 0.24414 
0.252075 -0.61401 0.147583 0.5493 0.16357 0.15625 
0.245850 -0.61157 0.142212 0.10376 0.4517 0.15625 
0.239014 -0.60791 0.136719 0.13916 -0.7568 0.8301 
0.232056 -0.59570 0.132935 0.15869 -0.17822 0.2441 
0.225586 -0.57495 0.130493 0.15869 -0.25146 -0.2197 
0.218994 -0.55786 0.128784 0.14404 -0.28809 -0.5615 
0.218994 -0.54688 0.127441 0.12695 -0.29053 -0.7690 
0.212646 -0.53345 0.126343 0.11353 -0.26978 -0.8301 
0.207153 -0.52246 0.125610 0.10498 -0.23804 -0.7202 
0.202759 -0.52246 0.124512 0.9888 -0.20386 -0.4761 
0.200684 -0.51880 0.123657 0.9033 -0.17090 -0.1709 
0.200562 -0.52124 0.123657 0.7690 -0.14282 0.1465 
0.201782 -0.52246 0.124146 0.5737 -0.11841 0.3662 
0.203369 -0.52368 0.124146 0.3540 -0.9521 0.5005 
0.204590 -0.53101 0.124512 0.1587 -0.7446 0.5493 
0.205566 -0.54199 0.125000 0.31006 -0.5493 0.5615 
