0.172974 0.57983 0.62744 -0.21606 -0.14893 -0.28198 
0.172974 0.58472 0.61890 -0.21118 -0.14038 -0.23193 
0.175659 0.60059 0.61523 -0.22217 -0.14282 -0.17578 
0.179077 0.31250 0.63110 -0.24292 -0.16724 -0.12329 
0.181763 0.66406 0.66650 -0.26245 -0.21484 -0.6958 
0.183350 0.66406 0.70801 -0.25513 -0.28442 -0.122 
0.185791 0.70068 0.74341 -0.20020 -0.34790 0.8301 
0.189575 0.73242 0.73975 -0.10986 -0.37354 0.16968 
0.193481 0.75195 0.73975 -0.1343 -0.37109 0.24536 
0.199463 0.75195 0.69824 0.6104 -0.33447 0.29663 
0.208984 0.73242 0.63843 0.9399 -0.26855 0.30273 
0.220703 0.71655 0.59082 0.9399 -0.19897 0.25879 
0.230713 0.70679 0.55664 0.8057 -0.15625 0.17334 
0.238525 0.69946 0.52979 0.4028 -0.14526 0.6104 
0.243652 0.70068 0.51514 -0.2197 -0.16602 -0.5737 
0.245361 0.71899 0.52612 -0.9888 -0.16602 -0.16479 
0.242188 0.74341 0.54810 -0.16357 -0.21606 -0.25146 
0.241699 0.77271 0.61401 -0.19897 -0.27710 -0.30518 
0.236084 0.78613 0.66650 -0.18799 -0.33813 -0.30518 
0.229004 0.79468 0.66895 -0.12939 -0.39551 -0.32349 
0.222168 0.78857 0.62988 -0.5981 -0.44678 -0.30762 
0.247070 0.76904 0.54810 -0.854 -0.48462 -0.25879 
0.210938 0.74951 0.46265 0.488 -0.50171 -0.19409 
0.210938 0.73853 0.40405 -0.1465 -0.49438 -0.12207 
0.208130 0.74463 0.37231 -0.5127 -0.46509 -0.4639 
0.206421 0.75317 0.36133 -0.9033 -0.41504 0.2197 
0.204468 0.75317 0.36011 -0.12451 -0.34546 0.8545 
0.201416 0.75684 0.36621 -0.14404 -0.25757 0.14526 
0.196533 0.76660 0.38452 -0.14404 -0.16724 0.20752 
0.189941 0.77881 0.38452 -0.12207 -0.8911 0.27344 
0.182251 0.78735 0.40649 -0.7324 -0.3296 0.33936 
0.173584 0.78369 0.41016 -0.977 0.488 0.39917 
0.162109 0.77026 0.37720 -0.27832 0.2686 0.45044 
0.148560 0.74097 0.30762 0.3418 0.3784 0.49927 
0.134521 0.71167 0.24414 0.3540 0.3906 0.55664 
0.121704 0.69458 0.20630 -0.610 0.2930 0.63721 
0.111084 0.69946 0.20630 -0.8057 0.2930 0.75439 
0.103882 0.69824 0.25269 -0.16357 0.854 0.91553 
0.100952 0.68604 0.31616 -0.21606 -0.1099 0.79468 
0.101440 0.66650 0.38330 -0.22461 -0.1587 0.110718 
0.103149 0.62866 0.44678 -0.19653 0.854 0.131226 
0.105225 0.56641 0.50171 -0.13306 0.6958 0.151489 
0.109497 0.49927 0.59814 -0.5005 0.15381 0.169678 
0.110107 0.36987 0.65918 0.2197 0.22339 0.192749 
0.110107 0.26855 0.64941 0.9155 0.27588 0.219971 
0.110474 0.14893 0.59937 0.17456 0.33447 0.238281 
0.114258 0.30029 0.59937 0.23438 0.39429 0.249878 
0.125488 -0.1221 0.62622 0.24170 0.48950 0.262451 
0.140503 -0.13184 0.67993 0.22827 0.63110 0.273560 
0.153442 -0.21484 0.78857 0.21484 0.84717 0.280518 
0.168945 -0.32471 0.78857 0.19775 0.116455 0.290527 
0.179443 -0.40405 0.91797 0.21484 0.154175 0.297241 
0.189697 -0.48584 0.102661 0.28564 0.187500 0.300537 
0.204712 -0.57129 0.110718 0.4028 0.208252 0.304199 
0.223633 -0.63477 0.114746 0.35278 0.212036 0.306763 
0.244629 -0.67383 0.115112 0.37231 0.198608 0.305176 
0.268188 -0.71289 0.119385 0.32593 0.212402 0.302612 
0.283691 -0.73853 0.123047 0.19409 0.181152 0.295532 
0.292847 -0.79956 0.130493 0.4517 0.156128 0.284180 
0.302124 -0.87158 0.143066 -0.3662 0.131348 0.305908 
0.312500 -0.92163 0.154907 -0.7690 0.117065 0.265381 
0.324707 -0.94727 0.165649 -0.7202 0.113037 0.265381 
0.338379 -0.93506 0.173950 -0.977 0.113647 0.254761 
0.326538 -0.90820 0.174683 0.10376 0.113281 0.242554 
0.348145 -0.95459 0.186523 0.17456 0.124390 0.236328 
0.379395 -0.101196 0.180054 0.12939 0.130981 0.233887 
0.384888 -0.109619 0.172852 0.20386 0.117554 0.215454 
0.399414 -0.117920 0.169189 0.27222 0.98877 0.189819 
0.417114 -0.117920 0.163940 0.25024 0.80811 0.159302 
0.430664 -0.123779 0.158569 0.22827 0.56152 0.123535 
0.438477 -0.126709 0.184448 0.21606 0.25269 0.84595 
0.439697 -0.126099 0.148438 0.18921 -0.4761 0.43823 
0.439209 -0.126343 0.148438 0.17212 -0.25635 0.6714 
0.433838 -0.126709 0.143066 0.22095 -0.38574 -0.25146 
0.424561 -0.126831 0.137695 0.29419 -0.44312 -0.56152 
0.414795 -0.127319 0.138184 0.29419 -0.41992 -0.86792 
0.405640 -0.131470 0.139771 0.27100 -0.33569 -0.113037 
0.394653 -0.133179 0.141846 0.18433 -0.60303 -0.137207 
0.382813 -0.132446 0.145020 0.9888 -0.29053 -0.160522 
0.370117 -0.128784 0.148438 0.4150 -0.29907 -0.182617 
0.358154 -0.123779 0.151611 0.1587 -0.36743 -0.170776 
0.345581 -0.118042 0.151001 0.1343 -0.46509 -0.189453 
0.332886 -0.112183 0.146606 0.2563 -0.59204 -0.220703 
0.321045 -0.106323 0.138184 0.5859 -0.72754 -0.239868 
0.342041 -0.100708 0.128174 0.8423 -0.83252 -0.260986 
0.297974 -0.93140 0.118286 0.8911 -0.88013 -0.284912 
0.297974 -0.85083 0.109985 0.7690 -0.88501 -0.310425 
0.280762 -0.76904 0.103271 0.6836 -0.87036 -0.334473 
0.260254 -0.68359 0.97412 0.7813 -0.86426 -0.353394 
0.237061 -0.91064 0.91309 0.11353 -0.87891 -0.365601 
0.212158 -0.59814 0.83252 0.16968 -0.89600 -0.370728 
0.186523 -0.50171 0.74219 0.21851 -0.89600 -0.368774 
0.161865 -0.38818 0.65308 0.23926 -0.86060 -0.359985 
0.139160 -0.27222 0.65308 0.23682 -0.78247 -0.344482 
0.118896 -0.15503 0.57007 0.20996 -0.66650 -0.323120 
0.102417 -0.4150 0.48828 0.14648 -0.52856 -0.297119 
0.89478 0.6348 0.40649 0.14648 -0.41382 -0.267090 
0.76782 0.15625 0.33813 0.5493 -0.30762 -0.236816 
0.70313 0.22095 0.29053 -0.4639 -0.20386 -0.204834 
0.66040 0.28076 0.25391 -0.18066 -0.10864 -0.173340 
0.63843 0.33081 0.23682 -0.32959 -0.10864 -0.144043 
0.61279 0.38452 0.22583 -0.46997 -0.1343 -0.149170 
0.59204 0.43335 0.22583 -0.59204 0.7324 -0.93994 
0.55908 0.47607 0.24780 -0.69702 0.14526 -0.93994 
0.51270 0.50415 0.27588 -0.78613 0.22339 -0.72754 
0.44434 0.51758 0.28687 -0.86792 0.29297 -0.54199 
0.36377 0.53345 0.34912 -0.93872 0.34668 -0.37109 
0.36377 0.52368 0.41260 -0.101685 0.47363 -0.23315 
0.31372 0.48096 0.50537 -0.110474 0.56396 -0.8789 
0.27588 0.44434 0.62866 -0.115356 0.59082 0.11963 
0.25757 0.40649 0.73975 -0.116333 0.58838 0.37109 
0.28687 0.40649 0.85938 -0.115479 0.56641 0.67261 
0.35400 0.35034 0.64087 -0.114502 0.54077 0.102051 
0.45288 0.30151 0.105591 -0.111938 0.48584 0.136597 
0.58105 0.23804 0.105591 -0.108276 0.41138 0.169189 
0.72266 0.15869 0.115234 -0.103394 0.31250 0.197388 
0.88013 0.6836 0.125610 -0.97168 0.19531 0.222412 
0.107788 -0.6104 0.138428 -0.97168 0.11230 0.252563 
0.128418 -0.14893 0.151489 -0.90088 0.7324 0.281616 
0.151245 -0.21973 0.161133 -0.79224 0.6470 0.303589 
0.179443 -0.28198 0.169800 -0.62012 0.10986 0.320068 
0.211304 -0.33936 0.175415 -0.41870 0.10986 0.328003 
0.243530 -0.38818 0.175781 -0.21240 0.23315 0.323975 
0.271851 -0.42358 0.171021 -0.2563 0.42603 0.339111 
0.295532 -0.47119 0.163452 0.10254 0.67261 0.307861 
0.314819 -0.51270 0.157227 0.15991 0.93750 0.283081 
0.329346 -0.53711 0.153809 0.17212 0.117920 0.254028 
0.338989 -0.53833 0.152954 0.16357 0.136108 0.223877 
0.343384 -0.52002 0.152832 0.15015 0.146729 0.194824 
0.343384 -0.65186 0.176025 0.13306 0.150146 0.169678 
0.362793 -0.83252 0.170776 -0.4028 0.177490 0.167725 
0.352173 -0.53833 0.176270 -0.19165 0.195313 0.153320 
0.344238 -0.53833 0.180542 -0.22949 0.198364 0.136230 
0.333374 -0.48218 0.178955 -0.20996 0.186401 0.115356 
0.320313 -0.52979 0.184082 -0.16479 0.164063 0.98877 
0.310791 -0.53833 0.184082 -0.13062 0.140381 0.85815 
0.298584 -0.55542 0.186768 -0.5737 0.118164 0.72144 
0.287109 -0.57129 0.187378 -0.26978 0.98511 0.57007 
0.277100 -0.59570 0.185791 0.13916 0.79346 0.42969 
0.267212 -0.61035 0.181519 0.13916 0.58960 0.30396 
0.257324 -0.61157 0.175659 0.22583 0.37964 0.18433 
0.247437 -0.59692 0.169434 0.29663 0.49927 0.7446 
0.237671 -0.57373 0.164185 0.33325 0.18677 -0.2441 
0.228149 -0.54565 0.159790 0.33325 0.2441 -0.11108 
0.218262 -0.51758 0.156250 0.31128 -0.10742 -0.18555 
0.208008 -0.49438 0.153442 0.27466 -0.20264 -0.18555 
0.198364 -0.47485 0.150635 0.23071 -0.24902 -0.24414 
0.189697 -0.45044 0.148682 0.19043 -0.25513 -0.27588 
0.214600 -0.43091 0.147217 0.15869 -0.23071 -0.27588 
0.178955 -0.41138 0.146240 0.13306 -0.18433 -0.25269 
