0.223511 0.36255 -0.12207 0.13428 -0.17334 -0.15137 
0.225220 0.37354 -0.10498 0.3906 -0.16357 -0.11353 
0.226074 0.38452 -0.7446 -0.4395 -0.16357 -0.7690 
0.226807 0.40649 -0.4150 -0.12207 -0.15137 -0.3052 
0.226685 0.41992 0.00 -0.19531 -0.14160 -0.29663 
0.226685 0.43213 0.5127 -0.25269 -0.13916 0.1587 
0.227295 0.45532 0.10010 -0.28564 -0.14526 0.6348 
0.228027 0.47974 0.14038 -0.29053 -0.15869 0.10864 
0.230591 0.51147 0.18433 -0.27710 -0.18311 0.15259 
0.230591 0.53589 0.21729 -0.23560 -0.21973 0.18921 
0.233521 0.54688 0.21973 -0.17578 -0.26489 0.21362 
0.236694 0.53223 0.19409 -0.12329 -0.31372 0.22095 
0.239868 0.50049 0.14771 -0.9521 -0.35767 0.20386 
0.242065 0.50049 0.9399 -0.10498 -0.39429 0.16602 
0.244507 0.47485 0.7324 -0.15869 -0.42847 0.11108 
0.246094 0.45288 0.8301 -0.23193 -0.43335 0.4395 
0.247925 0.45776 0.8301 -0.28076 -0.42725 -0.1831 
0.245605 0.45532 0.9766 -0.28442 -0.42114 -0.6226 
0.247314 0.47485 0.15015 -0.23438 -0.41626 -0.8545 
0.246216 0.50171 0.17822 -0.15259 -0.39185 -0.9277 
0.244873 0.53711 0.19043 -0.15259 -0.35889 -0.8789 
0.244019 0.56274 0.17822 -0.7324 -0.32349 -0.5859 
0.239990 0.57373 0.12085 -0.1953 -0.57617 -0.5493 
0.236450 0.57129 0.5005 0.610 -0.26367 -0.8057 
0.231323 0.55786 -0.1465 -0.244 -0.19897 -0.10376 
0.224976 0.54321 -0.6104 -0.3662 -0.14526 -0.10620 
0.217407 0.52979 -0.9033 -0.8667 -0.10254 -0.10620 
0.207031 0.52612 -0.11597 -0.13428 -0.6592 -0.8301 
0.194946 0.52979 -0.13184 -0.16113 -0.3296 -0.5493 
0.211914 0.54565 -0.15015 -0.18555 0.244 -0.1099 
0.164673 0.56152 -0.15503 -0.22339 0.4150 0.5737 
0.164673 0.57495 -0.14526 -0.27100 0.8179 0.15381 
0.146973 0.57495 -0.13184 -0.31494 0.11841 0.27466 
0.129028 0.55908 -0.10986 -0.35889 0.15503 0.42847 
0.112671 0.55908 -0.9277 -0.40649 0.19775 0.61890 
0.99976 0.52246 -0.8789 -0.44800 0.24536 0.83862 
0.91919 0.46509 -0.8667 -0.47607 0.30151 0.106934 
0.89844 0.41260 -0.8667 -0.49805 0.36865 0.129639 
0.92529 0.35034 -0.8667 -0.52002 0.45532 0.150635 
0.98877 0.28809 -0.7568 -0.55298 0.56885 0.169800 
0.107422 0.23682 -0.4517 -0.59692 0.69946 0.187622 
0.116211 0.19043 0.244 -0.59692 0.84229 0.203003 
0.124146 0.12451 0.6958 -0.62866 0.69824 0.215820 
0.134766 0.3418 0.16357 -0.63477 0.119629 0.229736 
0.147827 -0.7324 0.25513 -0.63232 0.119629 0.244873 
0.165283 -0.18066 0.33569 -0.62744 0.137817 0.258423 
0.187500 -0.28687 0.41504 -0.61401 0.152100 0.268433 
0.212280 -0.36255 0.50537 -0.58838 0.161499 0.268433 
0.235962 -0.40527 0.61157 -0.56152 0.166504 0.275147 
0.255737 -0.43457 0.73120 -0.55176 0.168457 0.277344 
0.269043 -0.46265 0.84595 -0.54199 0.168213 0.274536 
0.277832 -0.50537 0.96069 -0.52246 0.165649 0.267700 
0.277832 -0.55786 0.105591 -0.48462 0.162964 0.259277 
0.284546 -0.61646 0.115112 -0.42847 0.161987 0.250732 
0.292480 -0.35400 0.122681 -0.37109 0.163086 0.242798 
0.303223 -0.66650 0.127563 -0.31006 0.165527 0.235596 
0.318604 -0.68970 0.130859 -0.26489 0.166626 0.227051 
0.335571 -0.69336 0.133789 -0.25391 0.164063 0.214844 
0.351196 -0.69702 0.137695 -0.26733 0.156982 0.197998 
0.362305 -0.70313 0.137695 -0.28931 0.145386 0.177856 
0.369629 -0.72632 0.142822 -0.30273 0.131348 0.157227 
0.386841 -0.75439 0.153687 -0.8179 0.131348 0.152710 
0.391480 -0.83252 0.164917 -0.39429 0.147339 0.145264 
0.394043 -0.81787 0.158447 -0.55664 0.148315 0.117798 
0.398193 -0.83008 0.159424 -0.57861 0.129272 0.90454 
0.404175 -0.89966 0.158447 -0.46997 0.129272 0.68848 
0.409546 -0.92529 0.154541 -0.26978 0.96924 0.44312 
0.415527 -0.95825 0.151611 -0.7690 0.59082 0.46143 
0.424072 -0.98511 0.151001 0.5615 0.23560 0.16602 
0.430786 -0.99854 0.152344 0.10010 -0.5737 -0.14648 
0.433350 -0.99976 0.154663 0.5737 -0.22461 -0.41626 
0.430176 -0.98145 0.153809 -0.5005 -0.27100 -0.67627 
0.423218 -0.95947 0.151855 -0.16357 -0.29297 -0.93140 
0.423218 -0.95581 0.147949 -0.23926 -0.33203 -0.117554 
0.414185 -0.95581 0.143677 -0.25269 -0.40771 -0.140991 
0.404541 -0.94482 0.139038 -0.21606 -0.50293 -0.163330 
0.395142 -0.94482 0.133423 -0.16113 -0.58472 -0.184326 
0.384033 -0.91553 0.127319 -0.11353 -0.65674 -0.204834 
0.370239 -0.88745 0.153687 -0.6226 -0.74829 -0.224976 
0.354614 -0.84595 0.118286 -0.610 -0.86792 -0.244141 
0.337647 -0.79590 0.118286 0.4028 -0.101074 -0.261963 
0.318481 -0.74219 0.114502 0.8911 -0.114258 -0.278564 
0.297607 -0.67993 0.110962 0.12939 -0.125488 -0.292725 
0.276489 -0.61279 0.105347 0.12939 -0.136230 -0.303345 
0.255005 -0.53955 0.99365 0.16357 -0.144775 -0.310059 
0.233887 -0.46021 0.93628 0.19043 -0.151001 -0.312378 
0.214111 -0.37231 0.87769 0.20996 -0.155029 -0.310059 
0.194458 -0.27954 0.82275 0.21973 -0.155029 -0.303711 
0.175415 -0.19043 0.76538 0.22217 -0.157227 -0.293335 
0.157105 -0.10620 0.70557 0.21851 -0.157593 -0.310669 
0.139526 -0.3418 0.63721 0.21118 -0.156250 -0.279419 
0.123657 0.3662 0.56030 0.19409 -0.153442 -0.262695 
0.110962 0.9766 0.46875 0.15869 -0.148560 -0.243042 
0.100464 0.15381 0.37354 0.10010 -0.143921 -0.220947 
0.100464 0.20264 0.30029 0.3052 -0.137939 -0.198730 
0.95093 0.26001 0.23926 -0.6470 -0.130249 -0.175293 
0.91797 0.732 0.19165 -0.15381 -0.122559 -0.151978 
0.88989 0.37598 0.13916 -0.21973 -0.115112 -0.130371 
0.84717 0.37598 0.8911 -0.26489 -0.106812 -0.110107 
0.78369 0.41382 0.3784 -0.30151 -0.97046 -0.89966 
0.69702 0.45288 0.29785 -0.32104 -0.85205 -0.70923 
0.58594 0.47607 -0.1465 -0.32593 -0.70068 -0.52490 
0.47363 0.49194 -0.5859 -0.34058 -0.51514 -0.34302 
0.36255 0.48462 -0.12451 -0.36255 -0.27100 -0.15747 
0.27832 0.49927 -0.15381 -0.36255 0.3662 0.732 
0.23682 0.48218 -0.17090 -0.41870 0.31982 0.20386 
0.23315 0.46143 -0.14282 -0.48584 0.55664 0.45044 
0.26611 0.45410 -0.9521 -0.53711 0.43945 0.71533 
0.33447 0.43823 -0.4761 -0.56519 0.75195 0.97656 
0.45410 0.37476 0.122 -0.57495 0.89233 0.94604 
0.57861 0.30518 0.4639 -0.59448 0.99854 0.151489 
0.71777 0.22339 0.9155 -0.63110 0.109131 0.151489 
0.86914 0.13916 0.16968 -0.67749 0.117188 0.172607 
0.102905 0.4272 0.26733 -0.71899 0.126831 0.190552 
0.119629 -0.2563 0.36011 -0.75073 0.137573 0.205566 
0.119629 -0.11108 0.50049 -0.76416 0.146118 0.215942 
0.141968 -0.19897 0.64209 -0.79712 0.155396 0.229492 
0.164795 -0.24414 0.75439 -0.84351 0.167236 0.242310 
0.186035 -0.28687 0.88257 -0.87280 0.175049 0.247192 
0.207520 -0.28687 0.102417 -0.87646 0.176514 0.247070 
0.226318 -0.34180 0.117676 -0.86914 0.175903 0.245972 
0.241211 -0.39307 0.101440 -0.85571 0.175171 0.243652 
0.254395 -0.44556 0.132690 -0.81177 0.174927 0.241089 
0.267456 -0.50049 0.146118 -0.72388 0.175781 0.238647 
0.280518 -0.53467 0.155762 -0.92285 0.175781 0.234253 
0.293945 -0.56152 0.161743 -0.50781 0.174194 0.228149 
0.307983 -0.58350 0.165649 -0.50781 0.170776 0.220215 
0.321045 -0.59570 0.167480 -0.42847 0.164429 0.209473 
0.331665 -0.61279 0.167603 -0.37231 0.185303 0.197510 
0.364014 -0.70068 0.178833 -0.33447 0.154053 0.213745 
0.366089 -0.71655 0.188110 -0.46387 0.173828 0.207275 
0.372681 -0.76782 0.189087 -0.66528 0.209961 0.217285 
0.373169 -0.80566 0.190430 -0.73853 0.224976 0.186035 
0.372559 -0.86914 0.190552 -0.65430 0.212524 0.163574 
0.374756 -0.89966 0.190308 -0.46021 0.181030 0.145020 
0.345581 -0.91064 0.188232 -0.25146 0.139648 0.128418 
0.378906 -0.91431 0.183594 -0.4395 0.96313 0.107788 
0.378906 -0.93994 0.176636 0.17212 0.52246 0.80078 
0.381836 -0.94971 0.170410 0.37964 0.6714 0.48462 
0.387817 -0.97290 0.163452 0.53467 -0.36133 0.14526 
0.395386 -0.97290 0.160034 0.58594 -0.68359 -0.17212 
0.404175 -0.101440 0.157593 0.47485 -0.76660 -0.41016 
0.407959 -0.104370 0.187012 0.25635 -0.64087 -0.60425 
0.404297 -0.102417 0.155762 0.5371 -0.45654 -0.82520 
0.394531 -0.98022 0.153809 -0.4028 -0.35034 -0.109009 
0.382080 -0.94238 0.150024 -0.3784 -0.35645 -0.135986 
0.369385 -0.91187 0.146606 -0.1709 -0.41382 -0.160522 
0.355225 -0.88257 0.142822 -0.1709 -0.47363 -0.182983 
0.337647 -0.85205 0.138306 -0.2686 -0.54321 -0.204224 
0.317627 -0.80933 0.133057 -0.5981 -0.33569 -0.225220 
