0.204956 0.47363 0.94116 0.45044 -0.29663 0.12939 
0.203369 0.46631 0.99731 0.36133 -0.27100 0.9033 
0.203369 0.46997 0.106201 0.30273 -0.22949 0.7446 
0.198853 0.50903 0.112427 0.29541 -0.17944 0.10498 
0.195801 0.52979 0.110840 0.32593 -0.15381 0.17700 
0.193604 0.51392 0.103516 0.34180 -0.17944 0.26001 
0.195557 0.51392 0.94971 0.31250 -0.21973 0.32349 
0.204102 0.48584 0.121948 0.23438 -0.22583 0.32959 
0.215454 0.47729 0.92407 0.13062 -0.19653 0.27832 
0.223145 0.50293 0.92407 0.3052 -0.20020 0.19653 
0.225952 0.54565 0.99487 -0.3174 -0.28809 0.10742 
0.224121 0.56885 0.109863 -0.4150 -0.44678 0.3906 
0.220093 0.57861 0.120972 -0.4150 -0.59814 -0.244 
0.216187 0.55786 0.124268 0.00 -0.70923 -0.2808 
0.213135 0.52124 0.119751 0.5249 -0.77393 -0.4639 
0.212280 0.49072 0.111328 0.6470 -0.80200 -0.6226 
0.213257 0.48828 0.105103 0.366 -0.80200 -0.8179 
0.213379 0.49927 0.102783 -0.11719 -0.81665 -0.10376 
0.213989 0.50049 0.101074 -0.24170 -0.84717 -0.12939 
0.216187 0.51025 0.99121 -0.33447 -0.88379 -0.12939 
0.216797 0.52490 0.95581 -0.41992 -0.92651 -0.16724 
0.217773 0.53833 0.90332 -0.46387 -0.94360 -0.22217 
0.217773 0.56030 0.82764 -0.50659 -0.91431 -0.29297 
0.217773 0.55420 0.74463 -0.57739 -0.84717 -0.37720 
0.214478 0.51636 0.66528 -0.67261 -0.77881 -0.46997 
0.208862 0.49683 0.60669 -0.73975 -0.70190 -0.54810 
0.203003 0.49072 0.59937 -0.80322 -0.60425 -0.57739 
0.196899 0.49072 0.60669 -0.85449 -0.47241 -0.55908 
0.187378 0.46265 0.57129 -0.84473 -0.30884 -0.48340 
0.176758 0.45532 0.52246 -0.82520 -0.13672 -0.36011 
0.165283 0.46753 0.52246 -0.85693 0.977 -0.21729 
0.154297 0.48096 0.50049 -0.90942 0.10620 -0.7324 
0.145386 0.48584 0.46509 -0.65063 0.14648 0.5249 
0.138672 0.47485 0.43701 -0.96313 0.14526 0.14648 
0.131836 0.45898 0.43335 -0.102417 0.11353 0.20874 
0.124634 0.44189 0.43579 -0.108398 0.5981 0.26245 
0.117920 0.42725 0.45044 -0.114014 0.30396 0.31860 
0.113892 0.41626 0.50415 -0.120605 -0.854 0.38452 
0.110474 0.40161 0.56152 -0.124878 -0.8301 0.46631 
0.107666 0.38208 0.56519 -0.125732 -0.15259 0.56885 
0.106812 0.35400 0.54321 -0.128540 -0.19897 0.56885 
0.110596 0.33203 0.56519 -0.137085 -0.20020 0.70068 
0.119629 0.31128 0.64697 -0.148315 -0.14404 0.87036 
0.102295 0.28564 0.76050 -0.156738 -0.3540 0.107666 
0.150757 0.23682 0.87402 -0.159668 0.10864 0.130371 
0.150757 0.16968 0.97900 -0.157715 0.26733 0.153076 
0.171143 0.9888 0.106079 -0.151733 0.41626 0.172974 
0.191650 0.2686 0.112061 -0.144043 0.56030 0.186646 
0.211304 0.2686 0.116943 -0.138306 0.69092 0.193115 
0.229492 -0.4761 0.123413 -0.135010 0.78491 0.193848 
0.244019 -0.11841 0.102417 -0.133545 0.87280 0.190430 
0.253174 -0.16968 0.133667 -0.132324 0.97046 0.182617 
0.258545 -0.19897 0.147095 -0.127930 0.104370 0.173950 
0.272827 -0.18311 0.163208 -0.129639 0.116577 0.185425 
0.285889 -0.39551 0.190918 -0.137207 0.157105 0.209106 
0.292969 -0.39429 0.199341 -0.137207 0.197754 0.208740 
0.298340 -0.42725 0.204468 -0.128540 0.211914 0.198608 
0.311890 -0.45166 0.212769 -0.108276 0.202515 0.184692 
0.327271 -0.46265 0.220947 -0.84595 0.202515 0.163818 
0.342896 -0.46265 0.226807 -0.62622 0.186523 0.135376 
0.354980 -0.44067 0.231812 -0.45654 0.169434 0.131104 
0.359375 -0.41504 0.237793 -0.32104 0.149048 0.99854 
0.357544 -0.37964 0.245605 -0.18921 0.124023 0.57983 
0.352783 -0.35645 0.255981 -0.4395 0.95947 0.12695 
0.347900 -0.34668 0.264771 0.11475 0.65552 -0.30884 
0.345703 -0.38452 0.268311 0.24170 0.36377 -0.65186 
0.345703 -0.41016 0.271118 0.23438 0.11841 -0.78125 
0.342896 -0.38696 0.271118 0.19775 -0.3784 -0.80811 
0.338013 -0.34790 0.267090 0.21606 -0.13428 -0.86670 
0.332031 -0.34790 0.261719 0.29785 -0.21118 -0.97534 
0.324219 -0.31616 0.255371 0.40771 -0.28687 -0.111450 
0.315308 -0.31006 0.278687 0.53467 -0.36499 -0.125977 
0.305664 -0.29541 0.236938 0.67505 -0.44556 -0.139893 
0.295044 -0.26978 0.236938 0.82397 -0.52734 -0.154175 
0.285767 -0.24658 0.226318 0.66040 -0.61157 -0.167969 
0.275024 -0.21362 0.211914 0.112671 -0.66895 -0.184570 
0.265503 -0.17944 0.197876 0.112671 -0.71533 -0.200806 
0.255249 -0.15747 0.186523 0.124512 -0.77393 -0.211792 
0.242432 -0.11353 0.174927 0.132324 -0.83984 -0.218750 
0.227417 -0.7080 0.161865 0.136963 -0.83984 -0.223999 
0.211914 -0.977 0.152222 0.138184 -0.88867 -0.226440 
0.197021 0.6470 0.145386 0.135986 -0.94604 -0.225708 
0.182373 0.13916 0.137085 0.134399 -0.103638 -0.221680 
0.168823 0.19165 0.125854 0.133911 -0.116455 -0.221680 
0.156860 0.22217 0.114136 0.132324 -0.130981 -0.214233 
0.178589 0.26733 0.104370 0.129395 -0.144531 -0.203857 
0.138794 0.30396 0.95093 0.124390 -0.154419 -0.191528 
0.138794 0.34424 0.88257 0.116943 -0.158325 -0.179077 
0.132935 0.38330 0.82642 0.107666 -0.155884 -0.167603 
0.127563 0.42236 0.77759 0.97900 -0.149048 -0.156982 
0.120483 0.42236 0.72998 0.89600 -0.143311 -0.146973 
0.115356 0.46265 0.68848 0.79956 -0.137451 -0.138428 
0.111450 0.49805 0.62988 0.68970 -0.130249 -0.131348 
0.106567 0.52246 0.86182 0.58838 -0.122559 -0.124268 
0.102417 0.54199 0.54932 0.49194 -0.113770 -0.116577 
0.99609 0.55908 0.47363 0.38818 -0.103394 -0.107788 
0.96802 0.57739 0.39429 0.58716 -0.91553 -0.97412 
0.92651 0.58472 0.30029 0.27466 -0.78003 -0.85205 
0.88745 0.59082 0.21973 0.14771 -0.62866 -0.70923 
0.84961 0.60059 0.15503 0.1221 -0.79346 -0.55176 
0.81543 0.60669 0.9277 -0.12329 -0.34912 -0.38696 
0.79834 0.60791 0.4639 -0.26245 -0.34912 -0.22461 
0.78857 0.60303 0.2441 -0.41382 -0.23438 -0.6348 
0.78003 0.58838 0.2686 -0.55176 -0.14404 -0.20630 
0.77515 0.56519 0.4028 -0.66528 -0.7568 0.10620 
0.80078 0.55786 0.8057 -0.76050 -0.1343 0.29541 
0.85449 0.55298 0.12695 -0.84351 0.6104 0.50537 
0.62866 0.53833 0.16479 -0.92041 0.16479 0.72510 
0.94116 0.51636 0.20264 -0.99731 0.30029 0.94727 
0.104858 0.46875 0.24536 -0.107422 0.46387 0.115967 
0.116333 0.40527 0.29175 -0.115356 0.63721 0.135254 
0.129150 0.32593 0.37231 -0.124268 0.79346 0.151855 
0.143555 0.32593 0.50049 -0.133911 0.90820 0.164307 
0.158936 0.25391 0.34302 -0.142944 0.96802 0.171875 
0.173096 0.19409 0.82764 -0.150146 0.97656 0.174072 
0.183716 0.14038 0.82764 -0.155151 0.95825 0.172607 
0.190063 0.8667 0.100464 -0.158447 0.93262 0.170410 
0.193115 0.4150 0.117065 -0.159546 0.86060 0.173950 
0.191406 -0.2075 0.129028 -0.159546 0.89844 0.176880 
0.195313 -0.6226 0.140991 -0.154541 0.102783 0.179565 
0.201538 -0.13428 0.148560 -0.152100 0.113892 0.185791 
0.211548 -0.16357 0.158325 -0.147583 0.124634 0.189575 
0.226318 -0.18555 0.170532 -0.142944 0.124634 0.190552 
0.241089 -0.19775 0.183594 -0.139404 0.133057 0.187744 
0.254883 -0.21240 0.198853 -0.134521 0.138916 0.198120 
0.287720 -0.40039 0.230225 -0.134033 0.149902 0.198120 
0.297363 -0.38940 0.241699 -0.142456 0.193237 0.222046 
0.299316 -0.35400 0.245361 -0.128418 0.241455 0.208862 
0.304443 -0.32959 0.247070 -0.98022 0.255005 0.181641 
0.304443 -0.29663 0.251709 -0.68726 0.235962 0.151978 
0.312866 -0.30029 0.253784 -0.48340 0.211426 0.119507 
0.317993 -0.29663 0.253662 -0.36865 0.189575 0.87769 
0.317749 -0.30273 0.255981 -0.31494 0.166870 0.57739 
0.310547 -0.30273 0.260376 -0.27466 0.142334 0.27588 
0.298218 -0.26611 0.266357 -0.19531 0.115234 -0.3296 
0.286987 -0.20874 0.270508 -0.10498 0.88013 -0.27466 
0.280151 -0.20630 0.270508 -0.7080 0.66162 -0.33447 
0.273804 -0.21118 0.270020 -0.6714 0.52002 -0.30151 
0.269653 -0.17212 0.266480 -0.3906 0.39185 -0.28809 
0.268433 -0.14404 0.261963 -0.29053 0.23926 -0.30273 
0.271606 -0.12451 0.256958 0.2197 0.7690 -0.33569 
0.275024 -0.11841 0.250610 0.9277 0.25024 -0.41504 
0.277222 -0.11353 0.242920 0.16113 -0.18188 -0.55420 
0.276611 -0.12085 0.234619 0.22827 -0.18188 -0.72998 
0.273071 -0.14282 0.229370 0.29053 -0.28198 -0.90942 
0.268555 -0.15381 0.227783 0.34912 -0.36255 -0.76538 
0.262817 -0.16113 0.226685 0.43457 -0.43091 -0.107788 
0.255615 -0.16113 0.221436 0.55176 -0.49805 -0.122925 
0.247681 -0.15747 0.214600 0.66772 -0.56885 -0.137207 
0.239624 -0.14282 0.208496 0.75684 -0.64087 -0.151245 
