0.203491 0.45166 0.18066 0.18311 0.13794 0.5371 
0.208374 0.48462 0.20386 0.13062 0.13794 0.5371 
0.213379 0.50903 0.22949 0.7202 0.13062 0.7324 
0.218872 0.52002 0.26367 0.00 0.11719 0.8057 
0.224487 0.54199 0.30273 -0.6836 0.10742 0.8667 
0.224487 0.57373 0.34546 -0.11597 0.10498 0.9155 
0.230835 0.60791 0.38818 -0.15869 0.10742 0.9155 
0.235474 0.34058 0.45288 -0.19165 0.10254 0.9155 
0.238647 0.70801 0.54565 -0.19897 0.6470 0.10254 
0.239624 0.70801 0.63110 -0.16113 -0.2319 0.13184 
0.238525 0.74097 0.66284 -0.7568 -0.15015 0.17944 
0.234741 0.71411 0.63232 0.2319 -0.27100 0.24292 
0.232788 0.65430 0.63232 0.8789 -0.36011 0.30518 
0.235230 0.58960 0.57739 0.9888 -0.38940 0.35156 
0.241089 0.55664 0.53467 0.5493 -0.35522 0.37109 
0.248169 0.54443 0.49927 0.5493 -0.28442 0.35278 
0.253662 0.53345 0.48340 -0.3540 -0.20386 0.30273 
0.255371 0.50903 0.50293 -0.15015 -0.13550 0.23926 
0.252197 0.49072 0.52856 -0.24536 -0.10254 0.19287 
0.253906 0.49683 0.59692 -0.28687 -0.10254 0.13672 
0.252319 0.50049 0.62744 -0.26611 -0.12207 0.9277 
0.251221 0.50659 0.62622 -0.20264 -0.16357 0.5493 
0.250000 0.51270 0.58472 -0.11841 -0.20508 0.5493 
0.248657 0.51880 0.51758 -0.4272 -0.23804 0.1099 
0.245972 0.52734 0.43945 0.366 -0.26123 -0.3784 
0.242188 0.53955 0.36499 0.1953 -0.27466 -0.9399 
0.236572 0.56274 0.32104 0.366 -0.27954 -0.15747 
0.236572 0.59082 0.30151 -0.3418 -0.28198 -0.21851 
0.228516 0.31494 0.31006 -0.6836 -0.28442 -0.26367 
0.218018 0.68115 0.33569 -0.8911 -0.28442 -0.28320 
0.206299 0.68115 0.36865 -0.9888 -0.28442 -0.27222 
0.192627 0.72754 0.39673 -0.8789 -0.27588 -0.22827 
0.177124 0.78125 0.41626 -0.6348 -0.27100 -0.14404 
0.160645 0.83740 0.41626 -0.2441 -0.28442 -0.2075 
0.145508 0.86304 0.42847 0.3296 -0.31372 0.13550 
0.130981 0.85449 0.41504 0.8789 -0.35156 0.31250 
0.116699 0.81421 0.36743 0.12329 -0.38208 0.49438 
0.102173 0.75684 0.29541 0.12329 -0.39673 0.67627 
0.87769 0.69946 0.22461 0.12695 -0.39673 0.86304 
0.74707 0.64331 0.16846 0.9033 -0.39063 0.106812 
0.64941 0.58350 0.13550 0.2930 -0.39063 0.130371 
0.60059 0.51392 0.14038 -0.3174 -0.38208 0.157105 
0.62012 0.44312 0.17822 -0.7324 -0.36499 0.184814 
0.67139 0.36987 0.23193 -0.7935 -0.31738 0.184814 
0.78369 0.26489 0.29541 -0.6348 -0.24048 0.210327 
0.88013 0.14893 0.38330 -0.5005 -0.16479 0.241577 
0.65552 0.8423 0.38574 -0.3052 -0.4883 0.273315 
0.109619 -0.3418 0.39795 0.3784 0.5249 0.292480 
0.109619 -0.19287 0.38452 0.13916 0.18188 0.307617 
0.131226 -0.2686 0.38696 0.20752 0.34302 0.324341 
0.157349 -0.49683 0.41870 0.21484 0.56641 0.337402 
0.188477 -0.49683 0.47607 0.19897 0.83740 0.344116 
0.221313 -0.64453 0.57983 0.20020 0.110962 0.342407 
0.251221 -0.76294 0.38696 0.22949 0.137085 0.331421 
0.274536 -0.83008 0.69946 0.27222 0.158203 0.313355 
0.289307 -0.84717 0.83252 0.31250 0.171509 0.291504 
0.295044 -0.83984 0.98022 0.35400 0.178223 0.271484 
0.294922 -0.84839 0.112183 0.40894 0.179321 0.257935 
0.296509 -0.88257 0.123779 0.40894 0.174683 0.251465 
0.303467 -0.94849 0.131348 0.46753 0.166748 0.248413 
0.318481 -0.103027 0.138062 0.51147 0.164063 0.243530 
0.340332 -0.111328 0.145508 0.53345 0.164063 0.232788 
0.361328 -0.118042 0.144531 0.56641 0.168091 0.213867 
0.377563 -0.119385 0.144897 0.62012 0.166382 0.187866 
0.384033 -0.118164 0.142944 0.63843 0.164795 0.188599 
0.380615 -0.116455 0.140747 0.61279 0.163818 0.157349 
0.375977 -0.114136 0.145874 0.55298 0.162354 0.127930 
0.403809 -0.115479 0.151489 0.42480 0.159424 0.108643 
0.368652 -0.114624 0.151978 0.29907 0.140747 0.100708 
0.368652 -0.116211 0.150513 0.30884 0.106445 0.90454 
0.373047 -0.119507 0.147095 0.36621 0.69214 0.76050 
0.381836 -0.123413 0.139526 0.37964 0.39307 0.57007 
0.388428 -0.123413 0.130371 0.36743 0.18311 0.31494 
0.393921 -0.128296 0.121704 0.34302 0.6104 0.1709 
0.396973 -0.133545 0.116089 0.30396 0.1831 -0.28931 
0.395996 -0.135498 0.115967 0.25391 0.2441 -0.60669 
0.393066 -0.135254 0.115967 0.18555 0.3662 -0.88623 
0.386963 -0.131104 0.120728 0.11841 0.3052 -0.111572 
0.377808 -0.125977 0.124268 0.9277 -0.2197 -0.131836 
0.367554 -0.121216 0.127075 0.9277 -0.10376 -0.150391 
0.356934 -0.117065 0.127319 0.9888 -0.19653 -0.168457 
0.347168 -0.114624 0.125122 0.11475 -0.28931 -0.187134 
0.337524 -0.113159 0.120850 0.13916 -0.28931 -0.206665 
0.327026 -0.111694 0.115723 0.16357 -0.36987 -0.225952 
0.314575 -0.109131 0.109863 0.17212 -0.42114 -0.244507 
0.300293 -0.105713 0.103638 0.17212 -0.44434 -0.229736 
0.285156 -0.100220 0.99121 0.16602 -0.45898 -0.260986 
0.270264 -0.95215 0.94116 0.15503 -0.45410 -0.274536 
0.254883 -0.88867 0.88867 0.16724 -0.42236 -0.284668 
0.272217 -0.80322 0.84351 0.18921 -0.38940 -0.291626 
0.240967 -0.72021 0.80933 0.18921 -0.36011 -0.296631 
0.227295 -0.63110 0.77759 0.18311 -0.31982 -0.299927 
0.213135 -0.86670 0.75439 0.17700 -0.28320 -0.302124 
0.199341 -0.47485 0.73853 0.15625 -0.26245 -0.300903 
0.183716 -0.47485 0.71777 0.12817 -0.23804 -0.296509 
0.167114 -0.38208 0.69214 0.9888 -0.21118 -0.289429 
0.150146 -0.27588 0.66040 0.6592 -0.18799 -0.279297 
0.133911 -0.16846 0.66040 0.1587 -0.18433 -0.265625 
0.119385 -0.6104 0.62988 -0.5737 -0.21362 -0.247192 
0.108765 0.4150 0.60059 -0.14648 -0.27954 -0.223999 
0.102661 0.12695 0.57861 -0.14648 -0.37109 -0.197632 
0.101563 0.20752 0.55420 -0.23926 -0.47363 -0.171631 
0.101807 0.28564 0.52856 -0.32837 -0.55908 -0.149048 
0.98267 0.33936 0.51147 -0.41504 -0.58105 -0.129761 
0.88501 0.39429 0.50415 -0.50049 -0.58105 -0.114014 
0.74341 0.45532 0.51392 -0.60059 -0.51147 -0.99731 
0.58716 0.51758 0.53589 -0.70679 -0.34668 -0.114380 
0.42847 0.61157 0.54565 -0.78003 -0.14038 -0.83130 
0.29297 0.69214 0.56396 -0.84351 0.3052 -0.62866 
0.21362 0.73242 0.61890 -0.90088 0.15259 -0.39063 
0.21118 0.72754 0.69702 -0.93018 0.22461 -0.10254 
0.21118 0.69824 0.77881 -0.91797 0.24902 0.22949 
0.25269 0.64941 0.84839 -0.88989 0.26001 0.59448 
0.34058 0.89966 0.90332 -0.86670 0.26733 0.97656 
0.44800 0.52002 0.96191 -0.84961 0.26611 0.134521 
0.56641 0.52002 0.102051 -0.84351 0.26611 0.168701 
0.69580 0.44556 0.108032 -0.84351 0.26611 0.200562 
0.83252 0.36255 0.114380 -0.84839 0.25513 0.231201 
0.99365 0.25879 0.114380 -0.85205 0.23315 0.260620 
0.122925 0.10620 0.123047 -0.83008 0.24292 0.287964 
0.155518 -0.6592 0.133545 -0.77637 0.31128 0.310547 
0.193970 -0.20996 0.142944 -0.77637 0.44312 0.324341 
0.233643 -0.31250 0.149902 -0.69458 0.60791 0.325684 
0.269897 -0.37354 0.153564 -0.59204 0.46265 0.312378 
0.299194 -0.40283 0.153931 -0.48340 0.91187 0.286377 
0.317993 -0.42358 0.153076 -0.39429 0.91187 0.251953 
0.325806 -0.44556 0.152222 -0.34546 0.99854 0.214844 
0.325928 -0.47974 0.153442 -0.32104 0.101196 0.212524 
0.323242 -0.52734 0.155762 -0.29297 0.93872 0.181274 
0.321289 -0.57251 0.158203 -0.24414 0.78613 0.154663 
0.321045 -0.60425 0.159790 -0.17090 0.59570 0.134521 
0.321411 -0.61768 0.159424 -0.8545 0.42725 0.119141 
0.320190 -0.62012 0.155884 -0.488 0.30762 0.106201 
0.320190 -0.65063 0.155640 0.6836 0.23926 0.93384 
0.325806 -0.92285 0.151367 0.8789 0.34546 0.87891 
0.316040 -0.61646 0.147705 0.5859 0.46265 0.74951 
0.306152 -0.61646 0.143799 0.5981 0.48950 0.61401 
0.295776 -0.61523 0.141235 0.7568 0.42847 0.50659 
0.286743 -0.61890 0.140503 0.8179 0.33569 0.42358 
0.279541 -0.61890 0.140503 0.9521 0.23926 0.34058 
0.273926 -0.62378 0.139648 0.12573 0.14893 0.24902 
0.268921 -0.62500 0.137817 0.15991 0.6592 0.15259 
0.263062 -0.62256 0.134644 0.18921 -0.1343 0.5859 
0.256592 -0.61279 0.130005 0.18921 -0.9399 -0.2319 
0.249512 -0.59692 0.124878 0.19775 -0.16357 -0.8667 
0.242065 -0.58228 0.120850 0.18677 -0.20630 -0.13794 
0.234619 -0.55542 0.117310 0.16724 -0.20630 -0.18677 
0.228149 -0.52979 0.116333 0.14648 -0.20874 -0.22583 
0.222046 -0.51392 0.116455 0.11353 -0.15991 -0.23560 
0.214966 -0.50049 0.116089 0.7568 -0.9644 -0.23560 
