0.206909 0.53955 0.17578 0.41870 0.15381 -0.8179 
0.214111 0.56885 0.19043 0.44678 0.20142 -0.12695 
0.216919 0.56885 0.22583 0.43213 0.23193 -0.14404 
0.219727 0.61157 0.26001 0.39551 0.23804 -0.15747 
0.222290 0.64941 0.28931 0.35034 0.22949 -0.15747 
0.223633 0.66772 0.28931 0.31006 0.21606 -0.13916 
0.224609 0.67261 0.29785 0.28320 0.19775 -0.10620 
0.225830 0.68726 0.31128 0.26367 0.18188 -0.6714 
0.226440 0.70923 0.32715 0.24048 0.15869 -0.2808 
0.226440 0.73853 0.34302 0.24048 0.12085 0.488 
0.225098 0.74341 0.34302 0.20996 0.7202 0.2563 
0.223022 0.72021 0.31494 0.16602 0.1831 0.4272 
0.222534 0.69214 0.28564 0.11353 0.1831 0.5249 
0.224121 0.67871 0.27344 0.5127 -0.3296 0.5493 
0.227295 0.67627 0.26978 -0.1343 -0.7813 0.5493 
0.229614 0.67749 0.26978 -0.7324 -0.10986 0.5493 
0.230957 0.65674 0.26978 -0.13184 -0.12939 0.5371 
0.230835 0.61401 0.26855 -0.17700 -0.14404 0.5859 
0.227417 0.59082 0.24170 -0.19165 -0.15503 0.7202 
0.230347 0.55054 0.25391 -0.19043 -0.16479 0.9521 
0.230347 0.53223 0.23804 -0.16724 -0.17822 0.11108 
0.231079 0.52856 0.20508 -0.12817 -0.18188 0.12207 
0.233276 0.53101 0.16724 -0.10498 -0.17334 0.11719 
0.235107 0.53101 0.13916 -0.10986 -0.15503 0.9888 
0.235352 0.54199 0.10986 -0.13428 -0.13184 0.7324 
0.233887 0.55542 0.8057 -0.17456 -0.10864 0.4517 
0.231201 0.57251 0.8057 -0.23071 -0.8667 0.1709 
0.227783 0.59814 0.4639 -0.30273 -0.5981 -0.854 
0.223999 0.63354 0.1709 -0.8667 -0.1953 -0.2319 
0.217285 0.67627 0.2930 -0.52368 0.732 -0.2441 
0.208862 0.69946 0.6958 -0.52368 0.854 -0.1587 
0.198608 0.70557 0.13428 -0.63354 0.30029 0.1099 
0.186401 0.70801 0.19165 -0.69580 -0.4761 0.5859 
0.172730 0.70557 0.23804 -0.71289 -0.4761 0.13184 
0.159546 0.70313 0.25757 -0.68481 -0.8057 0.23438 
0.148315 0.70923 0.25879 -0.62988 -0.10498 0.5127 
0.140503 0.71655 0.24902 -0.57495 -0.11719 0.52246 
0.136108 0.71167 0.24048 -0.53955 -0.12207 0.52246 
0.134521 0.69946 0.20996 -0.52124 -0.8789 0.68604 
0.134521 0.67993 0.18677 -0.51880 -0.3906 0.83862 
0.134033 0.65552 0.18799 -0.54443 0.854 0.98145 
0.134033 0.62378 0.20508 -0.57251 0.5615 0.111450 
0.132324 0.57251 0.24414 -0.58472 0.8301 0.124023 
0.129028 0.51147 0.29297 -0.56885 0.9644 0.136353 
0.126465 0.51147 0.34668 -0.52490 0.10254 0.149170 
0.125854 0.44556 0.38452 -0.46387 0.11475 0.162842 
0.126953 0.37354 0.40771 -0.40161 0.13916 0.177124 
0.131104 0.30029 0.43457 -0.35645 0.17944 0.191284 
0.137207 0.20752 0.43457 -0.31372 0.23193 0.204468 
0.146240 0.13306 0.48340 -0.57739 0.30029 0.216431 
0.157227 0.5371 0.54932 -0.22217 0.37354 0.229248 
0.168213 -0.3052 0.62378 -0.22217 0.46875 0.242310 
0.178711 -0.12085 0.66772 -0.17090 0.56763 0.251953 
0.191650 -0.21973 0.69702 -0.9155 0.36133 0.259521 
0.207031 -0.30762 0.73242 -0.122 0.67383 0.266357 
0.225220 -0.38452 0.76172 0.8423 0.80078 0.272827 
0.245361 -0.46631 0.78735 0.15869 0.93628 0.276611 
0.265015 -0.54688 0.79956 0.21606 0.106567 0.276001 
0.283447 -0.61890 0.81543 0.24170 0.118774 0.276001 
0.298340 -0.67871 0.86548 0.22705 0.129150 0.270630 
0.308594 -0.72266 0.94116 0.18066 0.136230 0.261475 
0.284790 -0.74829 0.104248 0.12695 0.139282 0.250855 
0.316040 -0.77515 0.114990 0.9399 0.138062 0.240479 
0.322388 -0.79590 0.134888 0.9033 0.133545 0.231201 
0.354248 -0.88501 0.163696 -0.11597 0.171509 0.256958 
0.365112 -0.88501 0.168945 -0.49194 0.228394 0.268921 
0.376343 -0.95215 0.171997 -0.60425 0.256348 0.252808 
0.381470 -0.103760 0.178955 -0.47119 0.243530 0.230591 
0.390381 -0.114136 0.179565 -0.25757 0.208496 0.209717 
0.398315 -0.121460 0.179565 -0.4150 0.162720 0.184692 
0.407715 -0.126831 0.174072 0.16846 0.112671 0.149780 
0.416382 -0.131470 0.164917 0.6470 0.63477 0.103882 
0.423950 -0.134033 0.152588 0.37720 0.14648 0.49805 
0.430176 -0.133179 0.142578 0.59692 -0.32837 -0.7813 
0.433228 -0.130127 0.138062 0.81665 -0.42358 -0.63110 
0.432495 -0.126953 0.133545 0.98877 -0.65430 -0.109253 
0.426270 -0.121826 0.128784 0.109985 -0.96680 -0.143188 
0.416504 -0.117554 0.121704 0.106689 -0.93140 -0.135254 
0.398682 -0.111450 0.115601 0.88501 -0.73730 -0.186157 
0.376465 -0.105469 0.108887 0.70313 -0.52490 -0.186157 
0.356812 -0.99854 0.104248 0.62866 -0.40039 -0.202637 
0.340698 -0.93750 0.98999 0.61035 -0.34668 -0.214111 
0.326660 -0.88501 0.92529 0.58228 -0.31128 -0.222900 
0.326660 -0.82520 0.86060 0.55054 -0.26123 -0.232178 
0.313599 -0.76538 0.78735 0.52734 -0.21362 -0.243652 
0.300049 -0.71045 0.72632 0.49561 -0.17944 -0.256226 
0.286499 -0.66528 0.68726 0.45776 -0.16968 -0.268555 
0.274170 -0.66528 0.67261 0.42114 -0.18799 -0.279541 
0.261475 -0.61646 0.66895 0.38818 -0.22705 -0.288330 
0.248535 -0.55786 0.65796 0.36255 -0.27710 -0.294678 
0.234253 -0.49561 0.65796 0.33813 -0.31372 -0.298706 
0.218140 -0.43213 0.64087 0.29907 -0.31128 -0.300171 
0.200195 -0.35400 0.62134 0.23926 -0.26611 -0.298096 
0.181519 -0.26855 0.59937 0.23926 -0.19043 -0.291870 
0.163452 -0.17578 0.58594 0.15381 -0.10864 -0.281860 
0.147339 -0.7813 0.58716 0.4639 -0.5981 -0.267822 
0.129883 0.3174 0.56519 -0.6836 -0.2686 -0.252930 
0.117188 0.10742 0.59082 -0.15503 -0.2686 -0.233765 
0.105835 0.17578 0.58472 -0.26855 0.3052 -0.212158 
0.95825 0.24536 0.57617 -0.37476 0.3296 -0.189941 
0.88745 0.30884 0.55664 -0.46143 -0.610 -0.189941 
0.83618 0.36011 0.54077 -0.55664 -0.6348 -0.166992 
0.78735 0.41016 0.53833 -0.65063 -0.12695 -0.144043 
0.72754 0.45654 0.54199 -0.73120 -0.18555 -0.122070 
0.65063 0.49072 0.56030 -0.80078 -0.22583 -0.101196 
0.65063 0.52002 0.59082 -0.86182 -0.23682 -0.80444 
0.56519 0.54688 0.62866 -0.90942 -0.21606 -0.58472 
0.49194 0.56274 0.67139 -0.94604 -0.17700 -0.34302 
0.43457 0.56274 0.71045 -0.96680 -0.12695 -0.7324 
0.40039 0.57007 0.76050 -0.97656 -0.8057 0.23315 
0.40527 0.56519 0.81665 -0.97534 -0.4639 0.57251 
0.45166 0.54565 0.81665 -0.95215 -0.2075 0.92163 
0.53833 0.51392 0.87158 -0.91187 0.122 0.125854 
0.65674 0.46997 0.93262 -0.86670 0.3052 0.156860 
0.80322 0.41382 0.98999 -0.82520 0.7446 0.184692 
0.97534 0.34302 0.103760 -0.82520 0.13428 0.207886 
0.117554 0.26123 0.109131 -0.79468 0.21606 0.226196 
0.140503 0.17700 0.114258 -0.76782 0.30029 0.240356 
0.165527 0.9521 0.120361 -0.73364 0.30029 0.249756 
0.193115 0.1221 0.125000 -0.68481 0.38330 0.254639 
0.220337 -0.6470 0.130005 -0.63110 0.44434 0.254883 
0.245728 -0.12939 0.133057 -0.58350 0.50171 0.254883 
0.267090 -0.18555 0.135254 -0.53467 0.55176 0.248169 
0.284058 -0.22827 0.136475 -0.48462 0.58716 0.234741 
0.297363 -0.26611 0.138306 -0.43335 0.58960 0.217773 
0.309204 -0.29175 0.139893 -0.36499 0.55420 0.199951 
0.309204 -0.31860 0.141235 -0.28931 0.49438 0.182739 
0.319214 -0.34180 0.141846 -0.21606 0.42847 0.165527 
0.328491 -0.36743 0.140991 -0.14404 0.37598 0.147949 
0.336182 -0.36743 0.138428 -0.8301 0.34424 0.129517 
0.346436 -0.37964 0.146729 -0.9155 0.45898 0.120605 
0.348022 -0.43701 0.142456 -0.21118 0.71167 0.110840 
0.345215 -0.43823 0.139526 -0.23193 0.81177 0.89966 
0.335327 -0.44189 0.139526 -0.16357 0.71899 0.70190 
0.326172 -0.43457 0.139038 -0.9277 0.54443 0.53101 
0.316895 -0.41504 0.137939 -0.4272 0.37476 0.36377 
0.307373 -0.40283 0.137573 -0.4272 0.24170 0.21240 
0.297119 -0.40039 0.136108 -0.366 0.14160 0.8545 
0.285522 -0.39307 0.133301 0.3540 0.6714 -0.2197 
0.274536 -0.38330 0.129883 0.7813 0.6714 -0.10864 
0.264282 -0.37231 0.125854 0.11963 0.244 -0.17334 
0.254517 -0.35767 0.121582 0.15015 -0.6226 -0.21729 
0.244995 -0.34302 0.118408 0.16357 -0.12695 -0.24292 
0.236084 -0.32349 0.115967 0.16357 -0.18311 -0.24292 
0.228516 -0.31006 0.114990 0.14893 -0.21851 -0.24902 
0.222412 -0.30029 0.114258 0.12085 -0.22705 -0.23315 
0.248169 -0.28931 0.112549 0.8667 -0.21729 -0.20264 
0.216919 -0.28564 0.111450 0.6348 -0.21240 -0.17578 
0.213379 -0.28687 0.110718 0.5005 -0.21118 -0.14893 
0.211670 -0.28564 0.109985 0.3784 -0.20508 -0.11963 
