0.239624 0.57495 0.27466 0.9766 0.7690 -0.8545 
0.242065 0.57373 0.24902 0.9644 0.12573 -0.10742 
0.242798 0.58960 0.23560 0.8057 0.18555 -0.11353 
0.244507 0.60791 0.23560 0.6714 0.24536 -0.12207 
0.245728 0.62256 0.22461 0.5005 0.27344 -0.12695 
0.246338 0.62988 0.21362 0.2686 0.26855 -0.13062 
0.247681 0.64453 0.22095 0.2686 0.24048 -0.12817 
0.246826 0.65674 0.24048 0.00 0.18188 -0.11841 
0.246216 0.67627 0.27710 -0.2563 0.8301 -0.10132 
0.244995 0.69336 0.32593 -0.4272 0.8301 -0.8423 
0.245117 0.69458 0.35645 -0.3906 -0.4883 -0.7202 
0.248047 0.68481 0.35889 -0.1831 -0.18921 -0.7324 
0.252808 0.66284 0.34546 0.488 -0.29907 -0.9888 
0.257568 0.64209 0.32593 0.1953 -0.35522 -0.9888 
0.262085 0.59814 0.29907 0.1953 -0.34668 -0.15015 
0.265503 0.51758 0.28198 0.732 -0.29053 -0.23560 
0.266846 0.46997 0.27466 -0.732 -0.20508 -0.35400 
0.266846 0.49805 0.28442 -0.3418 -0.11719 -0.47241 
0.265015 0.49438 0.31982 -0.7690 -0.5493 -0.56396 
0.263794 0.52856 0.34790 -0.9399 -0.1221 -0.62744 
0.260254 0.58105 0.37720 -0.8301 0.122 -0.66284 
0.256714 0.58105 0.38940 -0.5493 -0.1221 -0.68481 
0.253052 0.63721 0.39429 -0.1831 -0.3784 -0.69458 
0.248535 0.69458 0.39185 0.1831 -0.6104 -0.68359 
0.242432 0.75073 0.39185 0.4639 -0.7935 -0.65063 
0.235596 0.69946 0.39917 0.9033 -0.9521 -0.63599 
0.227295 0.75562 0.40894 0.17700 -0.9277 -0.58472 
0.218506 0.78979 0.41626 0.17700 -0.9277 -0.48218 
0.209839 0.88379 0.39673 0.25146 -0.9033 -0.34546 
0.205078 0.86670 0.38574 0.32959 -0.8301 -0.20752 
0.198975 0.85693 0.38818 0.39795 -0.6348 -0.7568 
0.194214 0.86914 0.38452 0.47974 -0.6348 0.6104 
0.190796 0.86670 0.38086 0.58594 -0.2441 0.19897 
0.187500 0.85205 0.35278 0.69824 0.3296 0.1831 
0.183350 0.83862 0.26855 0.79712 0.10864 0.33081 
0.178467 0.81055 0.15747 0.84717 0.19531 0.45654 
0.173096 0.78857 0.6470 0.81787 0.28931 0.55542 
0.168457 0.76050 0.2563 0.71777 0.39429 0.64087 
0.168457 0.74707 0.1709 0.56519 0.52246 0.72388 
0.162598 0.72144 0.3052 0.41382 0.63965 0.78979 
0.153809 0.70313 0.7080 0.29663 0.73120 0.85693 
0.142822 0.63965 0.10254 0.22461 0.82397 0.94971 
0.132935 0.63965 0.12817 0.18555 0.92407 0.106812 
0.122314 0.56763 0.13428 0.15747 0.101318 0.122681 
0.110352 0.50415 0.14893 0.12085 0.107910 0.143066 
0.100586 0.42603 0.14893 0.11230 0.111328 0.167847 
0.99365 0.31494 0.20874 0.9399 0.111206 0.196655 
0.108887 0.25269 0.25269 0.4272 0.107300 0.222168 
0.121704 0.18433 0.31860 0.1465 0.102295 0.242188 
0.133789 0.11597 0.38208 0.1465 0.97412 0.259766 
0.144897 0.3906 0.41382 0.1221 0.124512 0.275147 
0.156372 -0.2808 0.46509 0.1587 0.62622 0.288452 
0.168579 -0.14282 0.50903 0.977 0.93872 0.305664 
0.177979 -0.24292 0.52124 -0.244 0.99976 0.322144 
0.191772 -0.33936 0.53589 0.1831 0.107056 0.335815 
0.208374 -0.42114 0.54199 0.5493 0.113525 0.335815 
0.226074 -0.50659 0.52856 0.7813 0.118286 0.346436 
0.243896 -0.61157 0.51880 0.9155 0.119873 0.353394 
0.231201 -0.73486 0.52002 0.9399 0.120239 0.355347 
0.254028 -0.85815 0.55054 0.7202 0.121216 0.352539 
0.285278 -0.97778 0.59937 0.5005 0.124390 0.346313 
0.311035 -0.109375 0.64697 0.1221 0.132202 0.335938 
0.335815 -0.117798 0.67383 -0.8423 0.144165 0.320801 
0.357544 -0.117798 0.70557 -0.21484 0.155762 0.300659 
0.375732 -0.123779 0.72510 -0.34790 0.162476 0.276245 
0.390137 -0.128296 0.72510 -0.47363 0.160767 0.248779 
0.401245 -0.132813 0.72510 -0.59937 0.151489 0.218872 
0.411133 -0.135864 0.74097 -0.72876 0.136841 0.186035 
0.424072 -0.136841 0.82642 -0.84595 0.121460 0.149170 
0.437988 -0.136597 0.95825 -0.63477 0.108032 0.106934 
0.446777 -0.137085 0.108765 -0.94727 0.96191 0.62256 
0.448120 -0.137207 0.119507 -0.103149 0.115112 0.18311 
0.443604 -0.136963 0.127686 -0.109009 0.68481 -0.22827 
0.436279 -0.135742 0.134766 -0.111694 0.68481 -0.60913 
0.427368 -0.132935 0.142334 -0.112671 0.49683 -0.95825 
0.417969 -0.128052 0.152832 -0.112915 0.28809 -0.97290 
0.406494 -0.122803 0.164063 -0.113159 0.8789 -0.128540 
0.392456 -0.116699 0.174805 -0.112671 -0.7568 -0.159546 
0.377441 -0.110107 0.183960 -0.109375 -0.19409 -0.189087 
0.393799 -0.103394 0.191162 -0.101807 -0.25757 -0.217773 
0.344849 -0.96436 0.194946 -0.91431 -0.27588 -0.245850 
0.344849 -0.87524 0.195679 -0.78857 -0.28442 -0.272461 
0.326050 -0.76782 0.195557 -0.63354 -0.32593 -0.297241 
0.306641 -0.69824 0.190186 -0.44312 -0.41992 -0.319702 
0.284302 -0.69824 0.179565 -0.23926 -0.55786 -0.335815 
0.261719 -0.68359 0.164429 -0.6104 -0.72021 -0.338989 
0.240601 -0.63354 0.177979 0.7935 -0.89966 -0.333374 
0.226196 -0.56152 0.129150 0.17944 -0.108154 -0.325928 
0.216431 -0.48218 0.129150 0.23071 -0.124878 -0.320679 
0.208618 -0.40649 0.112793 0.24414 -0.139038 -0.319702 
0.198242 -0.33813 0.100464 0.23682 -0.148193 -0.322998 
0.184692 -0.27954 0.92285 0.23682 -0.150635 -0.327515 
0.167236 -0.22095 0.86304 0.21729 -0.146851 -0.328491 
0.144531 -0.16113 0.79956 0.20020 -0.140991 -0.320923 
0.120117 -0.11108 0.66650 0.18799 -0.140991 -0.301880 
0.97412 -0.4761 0.56396 0.19165 -0.134521 -0.274780 
0.80322 0.2075 0.45410 0.14648 -0.123657 -0.271973 
0.68848 0.10620 0.37598 0.6470 -0.114014 -0.235352 
0.61157 0.19287 0.35034 -0.1465 -0.106201 -0.204102 
0.51514 0.27100 0.35522 -0.7324 -0.98633 -0.168457 
0.38330 0.35522 0.36621 -0.12329 -0.88989 -0.136108 
0.52856 0.43335 0.37598 -0.17822 -0.76538 -0.106689 
0.21606 0.50293 0.37598 -0.23682 -0.62744 -0.76782 
0.4150 0.55786 0.35522 -0.28564 -0.49316 -0.42358 
-0.10254 0.59082 0.32104 -0.28687 -0.41016 -0.1343 
-0.18677 0.59082 0.29297 -0.22705 -0.38086 0.44678 
-0.17456 0.57495 0.27954 -0.12573 -0.37598 0.96436 
-0.9644 0.52734 0.24780 0.366 -0.34302 0.149780 
0.5371 0.43091 0.22339 0.15991 -0.25269 0.200928 
0.27710 0.29419 0.22339 0.32593 -0.8911 0.244629 
0.54932 0.14648 0.18188 0.49683 0.17700 0.275757 
0.85083 -0.122 0.15259 0.60303 0.48218 0.296387 
0.115234 -0.15015 0.11841 0.60303 0.81177 0.310059 
0.151855 -0.31494 0.16602 0.65186 0.124390 0.324219 
0.184448 -0.44556 0.18433 0.60303 0.98389 0.332886 
0.211182 -0.55176 0.16724 0.52368 0.180542 0.332886 
0.234985 -0.65796 0.18066 0.48218 0.180542 0.327515 
0.255371 -0.75562 0.22827 0.43945 0.185303 0.318481 
0.269165 -0.82886 0.31250 0.35645 0.180786 0.340088 
0.276367 -0.86670 0.42480 0.24536 0.171143 0.308838 
0.278687 -0.88989 0.54932 0.13672 0.159546 0.301025 
0.280151 -0.91553 0.67505 0.6348 0.146973 0.295288 
0.256226 -0.95947 0.80078 0.4028 0.134766 0.291504 
0.287476 -0.103271 0.89722 0.6104 0.125488 0.288330 
0.299438 -0.112671 0.95337 0.10498 0.119629 0.282471 
0.312500 -0.120850 0.97900 0.13306 0.116333 0.272827 
0.325562 -0.94849 0.98999 0.13062 0.113770 0.260620 
0.336914 -0.126099 0.99976 0.10132 0.109253 0.245972 
0.344971 -0.128418 0.101807 0.5127 0.102783 0.228149 
0.349243 -0.130127 0.106323 -0.488 0.94727 0.208740 
0.351807 -0.132080 0.106323 -0.5615 0.87158 0.189087 
0.354980 -0.135376 0.112427 -0.8789 0.78369 0.170166 
0.363525 -0.139038 0.119995 -0.10498 0.69702 0.151245 
0.377197 -0.143555 0.126465 -0.10498 0.66040 0.129761 
0.391235 -0.147339 0.129761 -0.11353 0.67139 0.103760 
0.401001 -0.149658 0.129150 -0.14648 0.71533 0.73364 
0.406616 -0.150146 0.126587 -0.22461 0.76416 0.39063 
0.407715 -0.148682 0.124268 -0.33447 0.76416 0.977 
0.402344 -0.146362 0.124146 -0.47485 0.78125 0.22949 
0.391846 -0.143066 0.126099 -0.62134 0.74219 -0.47974 
0.379883 -0.138916 0.130981 -0.73608 0.63232 -0.79224 
0.368164 -0.134033 0.137207 -0.80566 0.48096 -0.116333 
0.355713 -0.129150 0.142334 -0.83740 0.32104 -0.151489 
0.371948 -0.123779 0.144043 -0.84595 0.19531 -0.185791 
0.340698 -0.117676 0.144409 -0.84229 0.11719 -0.218628 
0.324341 -0.110474 0.143311 -0.83984 0.7324 -0.248657 
0.306519 -0.103149 0.142578 -0.83862 0.4272 -0.275391 
0.286377 -0.93994 0.140503 -0.82886 -0.122 -0.297363 
0.264771 -0.93994 0.143677 -0.78979 -0.8301 -0.314697 
0.246826 -0.86182 0.145508 -0.75073 -0.15747 -0.325317 
