0.224609 0.55298 0.24414 0.4639 0.2197 -0.20264 
0.224365 0.57129 0.24902 0.10864 0.2319 -0.17456 
0.227295 0.59082 0.24902 0.15137 0.6104 -0.14160 
0.231567 0.60913 0.25757 0.13306 0.6104 -0.11719 
0.235352 0.62378 0.27222 0.7080 0.13306 -0.9888 
0.237549 0.63354 0.29053 0.610 0.21118 -0.7446 
0.238403 0.64941 0.30518 -0.4272 0.26611 -0.7446 
0.239258 0.67505 0.32715 -0.7202 0.27954 -0.4150 
0.239136 0.70679 0.37231 -0.8301 0.25757 0.00 
0.239258 0.73242 0.42969 -0.7324 0.19653 0.5493 
0.239258 0.74341 0.46265 -0.3418 0.11963 0.10986 
0.239990 0.73853 0.45166 0.732 0.4639 0.14893 
0.239624 0.71411 0.41382 0.2808 -0.2441 0.17090 
0.240479 0.68359 0.37109 0.2686 -0.7935 0.17822 
0.243530 0.68359 0.34302 0.00 -0.10132 0.17212 
0.246948 0.67139 0.32837 -0.3296 -0.11230 0.15015 
0.250366 0.67261 0.31738 -0.6348 -0.14160 0.12329 
0.252563 0.66895 0.31738 -0.9766 -0.18799 0.9155 
0.253296 0.65063 0.30640 -0.12085 -0.24292 0.5493 
0.252686 0.62256 0.29663 -0.12573 -0.28809 0.2197 
0.249512 0.58716 0.29053 -0.12573 -0.29175 -0.488 
0.246582 0.57373 0.27588 -0.9644 -0.27466 -0.2319 
0.243408 0.57617 0.24658 -0.4639 -0.25269 -0.3418 
0.239380 0.57983 0.19897 -0.1709 -0.21240 -0.4150 
0.235474 0.58472 0.15137 -0.488 -0.21240 -0.4395 
0.231812 0.59937 0.11108 -0.1099 -0.16479 -0.4639 
0.228027 0.62012 0.7813 -0.2930 -0.11963 -0.5005 
0.223267 0.63721 0.5493 -0.5737 -0.8301 -0.5005 
0.216675 0.64941 0.3662 -0.8789 -0.5127 -0.5371 
0.208862 0.65308 0.854 -0.11475 -0.2075 -0.5493 
0.199707 0.63721 -0.2930 -0.13428 0.610 -0.4883 
0.189209 0.60669 -0.7935 -0.15015 0.3540 -0.3418 
0.189209 0.57861 -0.11963 -0.16846 0.7324 -0.488 
0.177734 0.55542 -0.13916 -0.19897 0.11719 0.4639 
0.166504 0.53345 -0.14893 -0.24170 0.16235 0.12451 
0.156616 0.53345 -0.14648 -0.29053 0.20996 0.23315 
0.147705 0.51270 -0.13794 -0.34668 0.26367 0.36621 
0.139893 0.50171 -0.12207 -0.40771 0.31616 0.51514 
0.133179 0.48950 -0.12207 -0.46875 0.36377 0.67261 
0.127441 0.46753 -0.10132 -0.52979 0.41138 0.83374 
0.123535 0.43091 -0.7568 -0.58838 0.45898 0.99243 
0.123169 0.38696 -0.4150 -0.32959 0.51025 0.114502 
0.127075 0.34546 0.122 -0.64209 0.57861 0.129150 
0.135376 0.30884 0.6226 -0.69336 0.35767 0.142700 
0.146484 0.27466 0.12451 -0.73730 0.77393 0.154663 
0.158813 0.23438 0.18066 -0.77515 0.77393 0.164917 
0.171631 0.18311 0.24658 -0.81543 0.86914 0.172852 
0.185669 0.11719 0.33691 -0.86792 0.93628 0.178223 
0.199707 0.5371 0.45654 -0.91675 0.96802 0.178223 
0.213135 0.732 0.60303 -0.94238 0.96558 0.181152 
0.225952 -0.1831 0.75195 -0.93506 0.94116 0.182251 
0.238770 -0.2075 0.88135 -0.89478 0.91187 0.182495 
0.220947 -0.1831 0.98022 -0.82520 0.89111 0.182861 
0.252197 -0.2075 0.104858 -0.73608 0.88623 0.182617 
0.265259 -0.4150 0.106934 -0.64087 0.91797 0.181763 
0.276978 -0.8911 0.104370 -0.55298 0.97778 0.180176 
0.286499 -0.8911 0.98755 -0.49072 0.104004 0.178589 
0.293945 -0.14038 0.94482 -0.46387 0.106445 0.176880 
0.300537 -0.17334 0.98755 -0.47485 0.104126 0.173950 
0.338989 -0.18677 0.94116 -0.65430 0.122437 0.205322 
0.339111 -0.31738 0.125366 -0.100952 0.175781 0.224731 
0.347046 -0.33447 0.135620 -0.94360 0.223633 0.216064 
0.348022 -0.36133 0.138916 -0.155396 0.238525 0.198853 
0.353272 -0.44067 0.149170 -0.124146 0.223511 0.185669 
0.358521 -0.45776 0.157959 -0.106567 0.194458 0.169556 
0.367065 -0.48950 0.164185 -0.81787 0.195435 0.145142 
0.377808 -0.52124 0.168701 -0.56763 0.164185 0.112549 
0.386108 -0.54077 0.168945 -0.33936 0.134521 0.72510 
0.391480 -0.53223 0.166016 -0.10498 0.101318 0.89966 
0.396973 -0.50171 0.164795 0.13916 0.63843 0.12207 
0.397827 -0.46265 0.161499 0.34302 0.24536 -0.19043 
0.401611 -0.43213 0.160889 0.50537 -0.14526 -0.66528 
0.402832 -0.45654 0.158569 0.55786 -0.45166 -0.102417 
0.396729 -0.46875 0.149658 0.47729 -0.58838 -0.114746 
0.396729 -0.44556 0.140381 0.33447 -0.60303 -0.117432 
0.385986 -0.41626 0.132202 0.19775 -0.56641 -0.123291 
0.373413 -0.39185 0.127319 0.11475 -0.53833 -0.133423 
0.362427 -0.39185 0.124756 0.7446 -0.51514 -0.143188 
0.350952 -0.36133 0.123291 0.4761 -0.47607 -0.152710 
0.338867 -0.32837 0.122437 0.3174 -0.42725 -0.162354 
0.326294 -0.29053 0.121338 0.3174 -0.40527 -0.172119 
0.313843 -0.24536 0.121338 0.5249 -0.42480 -0.182617 
0.302002 -0.20508 0.119263 0.9399 -0.47485 -0.193970 
0.291382 -0.16113 0.115723 0.14526 -0.54443 -0.204956 
0.281494 -0.12085 0.111694 0.14526 -0.61890 -0.214478 
0.271606 -0.8057 0.107788 0.18433 -0.68237 -0.222290 
0.260254 -0.4150 0.103882 0.19775 -0.74097 -0.228394 
0.247437 -0.122 0.99121 0.18799 -0.74097 -0.232422 
0.232056 0.2197 0.94604 0.16968 -0.80322 -0.232910 
0.214844 0.5005 0.87769 0.14893 -0.88623 -0.229980 
0.200928 0.5493 0.84595 0.13550 -0.98145 -0.221436 
0.188965 0.6592 0.83252 0.11108 -0.104370 -0.221436 
0.178711 0.9155 0.82153 0.9521 -0.106445 -0.210327 
0.170654 0.12817 0.80811 0.10010 -0.106323 -0.197876 
0.163940 0.16724 0.77026 0.12085 -0.104980 -0.184326 
0.163940 0.19897 0.74097 0.15015 -0.102051 -0.171143 
0.160278 0.22827 0.68115 0.15625 -0.97656 -0.157715 
0.154907 0.25024 0.63965 0.15747 -0.95459 -0.146729 
0.151978 0.27100 0.58472 0.14893 -0.93628 -0.137207 
0.148438 0.27100 0.53101 0.13916 -0.92773 -0.129150 
0.145142 0.30151 0.46753 0.12573 -0.92651 -0.122314 
0.141846 0.32959 0.41260 0.10986 -0.92041 -0.116333 
0.137939 0.35400 0.41260 0.8667 -0.89600 -0.110229 
0.132935 0.38330 0.35645 0.5981 -0.85205 -0.103516 
0.126587 0.40649 0.29663 0.2686 -0.78613 -0.95825 
0.118652 0.42969 0.23682 0.2686 -0.69336 -0.86792 
0.109497 0.45166 0.18311 -0.1831 -0.57495 -0.75928 
0.100220 0.48096 0.14771 -0.7568 -0.43945 -0.62866 
0.91797 0.52002 0.12573 -0.13794 -0.61035 -0.47363 
0.85083 0.55420 0.11353 -0.19653 -0.29785 -0.29175 
0.81055 0.56763 0.10132 -0.24292 -0.15015 -0.9033 
0.79834 0.55054 0.7935 -0.27832 -0.122 -0.19165 
0.82031 0.52246 0.5859 -0.31860 0.14282 0.12085 
0.86914 0.48340 0.4028 -0.37720 0.27588 0.32593 
0.93872 0.45044 0.3906 -0.46021 0.40405 0.52002 
0.101807 0.43823 0.5371 -0.56396 0.53589 0.70557 
0.101807 0.41626 0.7690 -0.66772 0.66406 0.87769 
0.109619 0.38696 0.11963 -0.76538 0.78369 0.104858 
0.116577 0.34790 0.18555 -0.84351 0.88501 0.122437 
0.122192 0.59937 0.27100 -0.90332 0.95581 0.139893 
0.127930 0.28687 0.40283 -0.96802 0.99121 0.156982 
0.135498 0.21973 0.47729 -0.104980 0.93140 0.179443 
0.145020 0.12817 0.53955 -0.108398 0.83740 0.202271 
0.152832 0.10010 0.53955 -0.107422 0.79346 0.210571 
0.167969 0.5127 0.60913 -0.108032 0.76172 0.217651 
0.184692 -0.1587 0.68359 -0.108765 0.76538 0.226074 
0.201660 -0.5127 0.73975 -0.107056 0.80933 0.231812 
0.223145 -0.8911 0.80688 -0.107056 0.89233 0.235230 
0.245850 -0.13550 0.89844 -0.104126 0.70435 0.235230 
0.266724 -0.16602 0.98145 -0.99976 0.115356 0.230835 
0.284668 -0.18677 0.107056 -0.95337 0.115356 0.221802 
0.298340 -0.20264 0.117188 -0.91187 0.126587 0.208130 
0.307373 -0.20630 0.127808 -0.88135 0.133179 0.191284 
0.312500 -0.20752 0.137451 -0.85449 0.134033 0.191284 
0.314575 -0.21362 0.145996 -0.81909 0.128540 0.172974 
0.314453 -0.21606 0.152466 -0.76782 0.117798 0.155151 
0.312622 -0.21606 0.156616 -0.70313 0.104248 0.139282 
0.342896 -0.21973 0.158936 -0.63232 0.90576 0.125854 
0.311646 -0.30762 0.169922 -0.56030 0.81055 0.117188 
0.332153 -0.4639 0.167480 -0.61279 0.92041 0.130127 
0.324097 -0.35034 0.164307 -0.62500 0.115723 0.131714 
0.326172 -0.35034 0.159668 -0.59326 0.127930 0.123291 
0.326904 -0.35034 0.158325 -0.47729 0.122803 0.111450 
0.332397 -0.35156 0.159058 -0.36377 0.107544 0.97900 
0.342041 -0.36133 0.159058 -0.27466 0.91309 0.80078 
0.351440 -0.38696 0.159058 -0.17700 0.76782 0.55542 
0.357422 -0.40649 0.156616 -0.6592 0.62256 0.23804 
0.360230 -0.42480 0.153687 -0.28687 0.46997 -0.10742 
0.360596 -0.43823 0.151978 0.2563 0.31250 -0.43091 
0.360107 -0.47485 0.153076 0.6958 0.52734 -0.62378 
