0.223022 0.52734 0.84106 0.29541 -0.15381 -0.12573 
0.222290 0.56274 0.83740 0.23926 -0.13428 -0.9155 
0.221313 0.59326 0.83984 0.18433 -0.9766 -0.5737 
0.221558 0.61401 0.84106 0.12817 -0.5005 -0.3418 
0.221558 0.62378 0.82520 0.7568 -0.366 -0.1587 
0.221436 0.63354 0.81177 0.3418 0.2441 0.00 
0.222534 0.63965 0.80078 -0.488 0.3906 0.244 
0.223511 0.64575 0.80444 -0.5249 0.5371 -0.977 
0.224365 0.64575 0.83618 -0.10986 0.6226 -0.2930 
0.224365 0.66284 0.90088 -0.16235 0.5615 -0.3906 
0.223022 0.70068 0.65796 -0.20020 0.1343 -0.3052 
0.221802 0.74341 0.97046 -0.21362 -0.5005 -0.1587 
0.221191 0.74829 0.103638 -0.20508 -0.9155 0.488 
0.220337 0.72754 0.107544 -0.18677 -0.9644 0.3296 
0.220215 0.70190 0.109009 -0.18677 -0.7202 0.6836 
0.220947 0.68481 0.109497 -0.16846 -0.4028 0.10254 
0.221802 0.66772 0.107056 -0.16357 -0.2319 0.13184 
0.222290 0.66162 0.103882 -0.18799 -0.3540 0.15015 
0.222046 0.65918 0.102051 -0.22461 -0.3540 0.16357 
0.221191 0.64453 0.103027 -0.25513 -0.7324 0.18188 
0.219727 0.64453 0.103149 -0.25391 -0.11353 0.20020 
0.218018 0.63477 0.100586 -0.22095 -0.15137 0.20020 
0.216553 0.62012 0.96313 -0.17090 -0.17212 0.20630 
0.215576 0.61646 0.92651 -0.12451 -0.15259 0.20142 
0.213989 0.61890 0.89355 -0.10498 -0.12451 0.18921 
0.211426 0.62256 0.86060 -0.8667 -0.7935 0.17578 
0.211426 0.61768 0.80200 -0.7813 -0.2930 0.16357 
0.207153 0.60913 0.73853 -0.9277 0.2075 0.15015 
0.201782 0.60791 0.68359 -0.13184 0.6714 0.13672 
0.196045 0.60791 0.63843 -0.18677 0.10132 0.13062 
0.190186 0.60547 0.60181 -0.24048 0.11841 0.13428 
0.185059 0.60425 0.57861 -0.28809 0.12207 0.15381 
0.180542 0.60059 0.57861 -0.33081 0.12695 0.18677 
0.176270 0.59448 0.54932 -0.37720 0.13916 0.23071 
0.171753 0.58716 0.50415 -0.44067 0.16479 0.28320 
0.167480 0.57861 0.46631 -0.52002 0.21484 0.34302 
0.163696 0.56885 0.44678 -0.52002 0.29053 0.41626 
0.159912 0.55664 0.42847 -0.60059 0.6104 0.49927 
0.156372 0.53833 0.40039 -0.67993 0.44556 0.58228 
0.152466 0.50415 0.37476 -0.77271 0.44556 0.65918 
0.147827 0.46265 0.37109 -0.88501 0.50537 0.72388 
0.143188 0.41748 0.39795 -0.100464 0.55542 0.77637 
0.139160 0.36743 0.46021 -0.110962 0.57861 0.77637 
0.135132 0.32593 0.53955 -0.118408 0.57495 0.83130 
0.133179 0.27588 0.63232 -0.123169 0.54810 0.89722 
0.134033 0.22705 0.72998 -0.126709 0.50659 0.98145 
0.138672 0.16968 0.82275 -0.129272 0.47119 0.107788 
0.138672 0.9766 0.92163 -0.130859 0.45654 0.118164 
0.147949 0.3174 0.100464 -0.131226 0.47485 0.128662 
0.161377 0.28442 0.107666 -0.131104 0.51758 0.137817 
0.177002 -0.2808 0.116211 -0.131592 0.57129 0.144043 
0.193604 -0.7813 0.124634 -0.132324 0.62988 0.147461 
0.209717 -0.10986 0.100830 -0.132690 0.68115 0.148315 
0.222412 -0.12939 0.139282 -0.132446 0.71655 0.146484 
0.232544 -0.14404 0.139282 -0.131104 0.72632 0.142578 
0.240845 -0.16113 0.146729 -0.127563 0.70923 0.136719 
0.247925 -0.19653 0.154175 -0.153442 0.66650 0.130127 
0.254761 -0.22827 0.162354 -0.122192 0.61646 0.124146 
0.298584 -0.30884 0.184448 -0.115112 0.86914 0.157471 
0.289917 -0.37842 0.202148 -0.125732 0.87769 0.165894 
0.295898 -0.42236 0.209595 -0.143921 0.150269 0.151245 
0.302246 -0.50659 0.220337 -0.154053 0.197632 0.140137 
0.307495 -0.53711 0.229980 -0.145630 0.206055 0.128906 
0.312866 -0.52734 0.236084 -0.120728 0.183960 0.141724 
0.318115 -0.52856 0.240356 -0.93506 0.150024 0.110474 
0.319458 -0.53223 0.241211 -0.70068 0.117554 0.84839 
0.315674 -0.52490 0.238892 -0.47363 0.88379 0.54932 
0.342773 -0.49683 0.237183 -0.24170 0.61279 0.23071 
0.311523 -0.43701 0.237183 -0.1343 0.36743 -0.7568 
0.308350 -0.35522 0.236572 0.20630 0.13794 -0.36255 
0.306641 -0.34790 0.236572 0.38452 -0.8179 -0.62256 
0.314575 -0.34790 0.234497 0.45532 -0.24414 -0.73242 
0.323730 -0.35889 0.228394 0.44800 -0.33325 -0.69092 
0.328735 -0.38086 0.223999 0.42725 -0.36499 -0.68115 
0.332886 -0.38452 0.220215 0.42114 -0.36499 -0.76782 
0.334717 -0.40283 0.220215 0.43091 -0.36377 -0.90820 
0.331055 -0.41870 0.215698 0.44434 -0.37354 -0.108032 
0.324341 -0.42847 0.212402 0.46265 -0.40527 -0.126465 
0.316406 -0.42847 0.210327 0.46265 -0.46997 -0.145508 
0.306274 -0.41260 0.208130 0.50415 -0.56763 -0.164551 
0.294434 -0.39063 0.204712 0.56396 -0.38086 -0.183105 
0.281372 -0.37476 0.198853 0.63843 -0.69336 -0.201050 
0.270142 -0.34546 0.193115 0.72876 -0.83862 -0.217285 
0.259399 -0.30640 0.186646 0.81177 -0.99243 -0.199829 
0.247925 -0.26367 0.177734 0.87158 -0.113403 -0.242432 
0.234497 -0.22461 0.165894 0.89844 -0.125488 -0.242432 
0.220093 -0.17822 0.155884 0.89111 -0.135620 -0.251221 
0.233032 -0.11230 0.144409 0.86792 -0.144775 -0.256836 
0.217773 -0.4395 0.134888 0.84717 -0.150757 -0.260010 
0.186523 0.3174 0.125366 0.79590 -0.151611 -0.256470 
0.169800 0.11719 0.113770 0.75317 -0.149902 -0.248291 
0.153320 0.19409 0.102905 0.73242 -0.146973 -0.237671 
0.139282 0.26611 0.91309 0.70313 -0.143433 -0.224365 
0.127075 0.26611 0.78857 0.67749 -0.140869 -0.209839 
0.115845 0.33691 0.70190 0.64941 -0.140015 -0.195190 
0.105835 0.40894 0.91919 0.60303 -0.137085 -0.179810 
0.96313 0.46509 0.60669 0.55176 -0.132080 -0.164307 
0.87646 0.52246 0.51758 0.48828 -0.125244 -0.148071 
0.78979 0.56885 0.43213 0.41260 -0.115479 -0.130737 
0.71289 0.60791 0.35156 0.41260 -0.102661 -0.112061 
0.63843 0.63354 0.28198 0.33691 -0.86670 -0.92163 
0.57251 0.64941 0.20752 0.26733 -0.68726 -0.71777 
0.52368 0.64453 0.14404 0.18066 -0.80322 -0.51270 
0.50781 0.63477 0.11108 0.6958 -0.49072 -0.30151 
0.51758 0.62622 0.11108 -0.5981 -0.28320 -0.9399 
0.54077 0.61646 0.12695 -0.20142 -0.7935 -0.20874 
0.56885 0.60303 0.15137 -0.33447 0.9644 0.10376 
0.60669 0.57495 0.17944 -0.44800 0.23071 0.27954 
0.65186 0.54321 0.21606 -0.53955 0.32715 0.43945 
0.70313 0.50537 0.25513 -0.61768 0.39795 0.59326 
0.70313 0.44922 0.29663 -0.69946 0.45166 0.75317 
0.76904 0.38696 0.34668 -0.78247 0.50049 0.92163 
0.85938 0.32104 0.41992 -0.87036 0.54688 0.108887 
0.96802 0.57617 0.52124 -0.95459 0.59448 0.125366 
0.108887 0.26367 0.65186 -0.103516 0.63110 0.140991 
0.120728 0.20386 0.74341 -0.112305 0.62988 0.158325 
0.139526 0.13794 0.84351 -0.118164 0.60059 0.177246 
0.152222 0.11719 0.84351 -0.121338 0.60303 0.182983 
0.173584 0.5737 0.97656 -0.124146 0.56885 0.189209 
0.188355 0.2930 0.109497 -0.123901 0.53345 0.189819 
0.202026 0.244 0.120483 -0.123901 0.48096 0.187378 
0.213867 -0.1099 0.130737 -0.122314 0.42969 0.183838 
0.222412 -0.1831 0.139404 -0.119873 0.39307 0.180054 
0.230347 -0.3174 0.146606 -0.116699 0.39063 0.177490 
0.240479 -0.5005 0.153198 -0.112915 0.39063 0.176147 
0.253052 -0.6226 0.160522 -0.108887 0.43091 0.174316 
0.268188 -0.6836 0.168823 -0.105103 0.51758 0.170898 
0.283813 -0.7324 0.176514 -0.100708 0.63599 0.170898 
0.306519 -0.6714 0.183716 -0.96436 0.75562 0.165039 
0.330200 -0.17334 0.206665 -0.100220 0.94971 0.175049 
0.340942 -0.21973 0.212158 -0.115845 0.136719 0.185181 
0.314941 -0.24780 0.215454 -0.120605 0.163330 0.168457 
0.346191 -0.25757 0.221191 -0.107544 0.159668 0.143311 
0.351318 -0.26001 0.226563 -0.82397 0.133911 0.115845 
0.356445 -0.25391 0.226807 -0.57373 0.105713 0.86426 
0.358276 -0.25391 0.221069 -0.35645 0.82397 0.54810 
0.353638 -0.23804 0.215454 -0.15381 0.60791 0.22705 
0.345459 -0.20996 0.211548 0.3906 0.41504 -0.7446 
0.338379 -0.17334 0.211548 0.19409 0.26855 -0.31616 
0.336914 -0.15747 0.209595 0.25757 0.22705 -0.41992 
0.335571 -0.17944 0.206543 0.22949 0.31616 -0.38574 
0.331543 -0.18921 0.200439 0.18677 0.44434 -0.35156 
0.330322 -0.18799 0.193237 0.18677 0.50903 -0.38208 
0.330811 -0.20020 0.187378 0.15625 0.48584 -0.48096 
0.331177 -0.21973 0.183716 0.14160 0.39429 -0.64331 
0.327881 -0.24048 0.181030 0.13672 0.39429 -0.85693 
0.318359 -0.25635 0.179443 0.14160 0.23926 -0.108643 
0.304199 -0.27100 0.177856 0.16968 0.4272 -0.99487 
0.287964 -0.26611 0.176514 0.22339 -0.16235 -0.130737 
0.271240 -0.25391 0.174561 0.30029 -0.35156 -0.151001 
