0.211060 0.72388 0.15625 -0.7080 0.14526 -0.16235 
0.217163 0.74707 0.19531 -0.14771 0.11108 -0.16479 
0.219238 0.77148 0.26123 -0.21484 0.4150 -0.16235 
0.220093 0.79346 0.31372 -0.25391 0.4150 -0.14648 
0.221313 0.80322 0.30884 -0.26245 -0.5737 -0.13916 
0.221558 0.77148 0.28809 -0.27222 -0.17212 -0.13062 
0.223999 0.76050 0.28320 -0.28076 -0.26978 -0.11719 
0.228271 0.77148 0.29663 -0.28198 -0.34058 -0.11719 
0.231812 0.78247 0.30518 -0.27710 -0.38696 -0.12451 
0.233765 0.79712 0.32959 -0.26367 -0.43457 -0.15015 
0.233643 0.81543 0.37354 -0.23193 -0.49683 -0.18555 
0.233643 0.82642 0.42969 -0.17456 -0.57617 -0.22461 
0.231201 0.83496 0.47119 -0.8423 -0.66406 -0.25269 
0.229370 0.83374 0.46387 0.2319 -0.73364 -0.27466 
0.228394 0.83374 0.40405 0.12451 -0.74707 -0.30273 
0.226196 0.81909 0.32471 0.18677 -0.69946 -0.32837 
0.223511 0.81177 0.57251 0.19897 -0.61768 -0.34790 
0.221313 0.81665 0.21240 0.17578 -0.52979 -0.35400 
0.219482 0.81787 0.21240 0.13794 -0.45288 -0.33691 
0.217407 0.82520 0.20020 0.9888 -0.38574 -0.30273 
0.215820 0.83252 0.19531 0.6470 -0.32471 -0.26123 
0.214478 0.84961 0.19775 0.6470 -0.25879 -0.21729 
0.212646 0.85571 0.19775 0.4028 -0.17578 -0.16113 
0.211914 0.86426 0.18799 0.4150 -0.8545 -0.9155 
0.211060 0.87524 0.16113 0.3784 -0.8545 -0.2319 
0.207642 0.89355 0.13062 0.4150 0.244 0.4395 
0.202759 0.90698 0.8911 0.3296 0.6836 0.10132 
0.197388 0.90942 0.3052 0.1343 0.11597 0.14404 
0.191895 0.90454 -0.3174 -0.3418 0.15259 0.14404 
0.186890 0.90210 -0.4272 -0.12085 0.17700 0.16968 
0.182129 0.90576 0.122 -0.22461 0.19653 0.18677 
0.175781 0.91064 0.7202 -0.30762 0.20630 0.21240 
0.175781 0.90698 0.14648 -0.35522 0.19531 0.25146 
0.166504 0.91064 0.20996 -0.36499 0.15625 0.30884 
0.155151 0.92163 0.26245 -0.35156 0.8423 0.38696 
0.142090 0.93628 0.29785 -0.33203 -0.1587 0.48218 
0.126953 0.93628 0.31738 -0.32837 -0.12817 0.59937 
0.112061 0.93384 0.36499 -0.34912 -0.23804 0.73730 
0.99609 0.93018 0.41992 -0.36743 -0.32471 0.89722 
0.90698 0.90820 0.41992 -0.35522 -0.37842 0.107910 
0.84229 0.84961 0.46631 -0.31372 -0.39551 0.128296 
0.82153 0.76416 0.50049 -0.55298 -0.37476 0.150024 
0.84717 0.66528 0.50903 -0.24048 -0.31372 0.171753 
0.90820 0.55298 0.48218 -0.14648 -0.21118 0.191528 
0.98877 0.45166 0.44067 -0.5615 -0.9399 0.208496 
0.109253 0.37109 0.38086 -0.1221 -0.28442 0.226318 
0.122803 0.33081 0.37231 0.244 0.2808 0.239014 
0.139404 0.30151 0.35767 -0.1221 0.23071 0.248657 
0.161621 0.20752 0.39551 -0.4761 0.40283 0.236572 
0.184448 0.13306 0.41870 -0.5005 0.53345 0.267822 
0.204712 0.2686 0.41382 0.366 0.64575 0.281006 
0.225342 -0.14038 0.42725 0.16235 0.73120 0.282471 
0.242188 -0.26978 0.40405 0.27222 0.84839 0.286133 
0.242188 -0.35645 0.37964 0.32715 0.97290 0.288574 
0.255371 -0.45166 0.38330 0.36133 0.108276 0.285034 
0.269653 -0.50537 0.41992 0.35889 0.120972 0.279907 
0.285645 -0.54077 0.49072 0.32227 0.135864 0.276978 
0.304199 -0.54077 0.59082 0.27710 0.150879 0.274536 
0.324097 -0.57251 0.38086 0.24170 0.165771 0.269897 
0.341919 -0.60425 0.79224 0.23682 0.178833 0.262817 
0.355103 -0.65063 0.79224 0.23438 0.186279 0.253662 
0.365601 -0.69580 0.89844 0.22949 0.185425 0.242920 
0.372559 -0.72876 0.99609 0.22705 0.175659 0.230469 
0.379028 -0.75195 0.106689 0.22705 0.159302 0.214600 
0.385742 -0.78369 0.112061 0.21118 0.143188 0.195557 
0.403564 -0.79224 0.121826 0.18799 0.143677 0.190918 
0.407959 -0.87036 0.128784 0.6714 0.149292 0.179443 
0.410278 -0.89233 0.128052 -0.6714 0.149292 0.147949 
0.408691 -0.90820 0.124390 -0.10132 0.149048 0.111938 
0.410278 -0.99854 0.118896 -0.6592 0.131592 0.114258 
0.410767 -0.100830 0.120483 0.2808 0.95581 0.83008 
0.407837 -0.100098 0.122803 0.15015 0.56641 0.54565 
0.409302 -0.98999 0.127686 0.28198 0.28809 0.20508 
0.410522 -0.97900 0.130371 0.34790 0.20874 -0.9888 
0.406860 -0.96191 0.131104 0.33447 0.30518 -0.33813 
0.406860 -0.93628 0.130493 0.29663 0.44312 -0.56152 
0.400513 -0.91309 0.129761 0.27832 0.51514 -0.77148 
0.393799 -0.90454 0.126709 0.26733 0.50415 -0.95947 
0.384155 -0.90454 0.120483 0.28076 0.39551 -0.113892 
0.373047 -0.90088 0.111694 0.30762 0.21606 -0.130981 
0.362671 -0.88501 0.100464 0.31616 0.2319 -0.148315 
0.351074 -0.85327 0.100464 0.29297 -0.17334 -0.166626 
0.339600 -0.79712 0.89355 0.24170 -0.37842 -0.186157 
0.327393 -0.72876 0.81787 0.18311 -0.57373 -0.205444 
0.313477 -0.65063 0.77515 0.13062 -0.74707 -0.223511 
0.297730 -0.57251 0.74585 0.13062 -0.87524 -0.240234 
0.282227 -0.50903 0.71899 0.9033 -0.93750 -0.254150 
0.266357 -0.45776 0.69946 0.4272 -0.93628 -0.264526 
0.248901 -0.40649 0.68237 -0.1465 -0.93628 -0.271362 
0.231567 -0.35034 0.66650 -0.6836 -0.89355 -0.274048 
0.215332 -0.28809 0.65552 -0.11597 -0.83008 -0.273193 
0.199707 -0.22339 0.63965 -0.14771 -0.77515 -0.273193 
0.184204 -0.15015 0.61768 -0.16968 -0.74097 -0.269775 
0.169800 -0.8057 0.58594 -0.18677 -0.73120 -0.264526 
0.183838 -0.1343 0.54810 -0.20142 -0.75562 -0.256714 
0.137451 0.5249 0.51636 -0.19775 -0.75195 -0.248535 
0.137451 0.11230 0.45288 -0.23560 -0.69580 -0.238281 
0.121094 0.17578 0.39673 -0.26489 -0.62134 -0.225098 
0.105591 0.23560 0.32104 -0.29541 -0.52979 -0.208862 
0.91797 0.23560 0.23560 -0.32959 -0.45654 -0.189453 
0.79102 0.29541 0.19165 -0.36499 -0.36011 -0.169556 
0.69214 0.34302 0.13794 -0.43579 -0.20264 -0.148560 
0.61279 0.37842 0.11597 -0.50903 -0.5371 -0.125610 
0.53833 0.41260 0.11597 -0.57983 0.9033 -0.101440 
0.49194 0.45288 0.10864 -0.35767 0.20996 -0.76050 
0.49072 0.47852 0.13794 -0.76416 0.31372 -0.48828 
0.51270 0.51147 0.20508 -0.76416 0.40527 -0.21729 
0.54199 0.53711 0.28564 -0.85571 0.49805 0.4517 
0.56519 0.54810 0.36865 -0.93384 0.59204 0.29663 
0.58228 0.53467 0.45654 -0.99609 0.59204 0.55542 
0.61035 0.46753 0.54321 -0.103760 0.68359 0.84229 
0.66650 0.39551 0.63843 -0.105591 0.77515 0.83984 
0.77148 0.33325 0.74463 -0.107300 0.84229 0.114990 
0.93262 0.27344 0.86914 -0.109375 0.87646 0.146240 
0.114868 0.21484 0.100586 -0.111084 0.86792 0.175171 
0.108154 0.14526 0.115356 -0.111816 0.81177 0.199341 
0.135620 0.6714 0.129150 -0.109253 0.73608 0.217651 
0.166870 -0.1343 0.140503 -0.103760 0.66895 0.229370 
0.193237 -0.9399 0.149658 -0.96191 0.63354 0.233154 
0.215942 -0.15503 0.158203 -0.87402 0.63843 0.231445 
0.235718 -0.15503 0.163574 -0.79468 0.68848 0.228027 
0.250244 -0.16724 0.168457 -0.70801 0.72144 0.218750 
0.262329 -0.17334 0.172730 -0.60425 0.70923 0.207397 
0.274902 -0.18799 0.175781 -0.48584 0.66895 0.197266 
0.287720 -0.21118 0.175781 -0.35278 0.62012 0.187256 
0.300293 -0.23682 0.176636 -0.52734 0.56763 0.176025 
0.311035 -0.26611 0.174072 -0.9766 0.52124 0.162354 
0.319702 -0.29907 0.168945 -0.9766 0.50903 0.147583 
0.343262 -0.42603 0.177246 -0.1709 0.76294 0.152344 
0.338989 -0.35400 0.167725 -0.10498 0.69580 0.139404 
0.336182 -0.37598 0.166504 -0.19653 0.100830 0.121338 
0.330322 -0.37231 0.162720 -0.19043 0.109009 0.104614 
0.325684 -0.37354 0.159424 -0.9644 0.101074 0.121582 
0.319946 -0.36011 0.156494 -0.244 0.81787 0.75439 
0.313843 -0.35645 0.153320 0.8545 0.60181 0.75439 
0.306763 -0.36011 0.149170 0.16357 0.41748 0.58960 
0.297607 -0.36377 0.142700 0.22095 0.26855 0.42114 
0.287842 -0.37231 0.135498 0.26733 0.13550 0.25391 
0.287842 -0.37720 0.128540 0.30151 0.2197 0.9766 
0.278320 -0.36987 0.122437 0.31372 -0.7813 -0.3662 
0.268677 -0.35156 0.118164 0.30762 -0.17212 -0.14404 
0.258789 -0.32837 0.115479 0.29175 -0.26123 -0.22217 
0.249146 -0.32837 0.113159 0.27100 -0.33447 -0.27222 
0.239746 -0.30640 0.110718 0.25146 -0.38818 -0.30151 
0.230713 -0.27832 0.108398 0.24170 -0.42358 -0.32837 
0.223267 -0.26611 0.108398 0.23926 -0.44556 -0.35034 
0.218140 -0.26733 0.105591 0.23315 -0.46265 -0.35645 
0.214722 -0.28198 0.102783 0.20874 -0.46875 -0.33813 
0.213257 -0.29785 0.100464 0.20874 -0.46143 -0.29907 
0.212402 -0.30396 0.99243 0.16602 -0.43335 -0.25879 
