0.214600 0.59692 0.90820 0.16724 0.24292 -0.17334 
0.211914 0.61157 0.90576 0.12207 0.23315 -0.15015 
0.210083 0.65796 0.94116 0.12207 0.23193 -0.14404 
0.207275 0.68726 0.93506 0.7202 0.19653 -0.13916 
0.205688 0.70435 0.93872 0.1465 0.14404 -0.13306 
0.205688 0.71777 0.95337 -0.4028 0.8911 -0.11353 
0.206299 0.73853 0.97046 -0.8667 0.8911 -0.7935 
0.207520 0.75684 0.98511 -0.12207 0.2563 -0.4150 
0.208496 0.76538 0.100098 -0.15015 -0.4639 -0.31006 
0.208374 0.78125 0.103271 -0.17090 -0.11719 0.244 
0.207520 0.79346 0.108521 -0.17334 -0.19287 0.5249 
0.206787 0.80933 0.113281 -0.14526 -0.26611 0.10986 
0.206665 0.81177 0.114990 -0.9644 -0.33569 0.16846 
0.206665 0.79224 0.112793 -0.5005 -0.40649 0.21484 
0.206543 0.76294 0.108887 -0.2930 -0.46997 0.23926 
0.207520 0.73975 0.105225 -0.4272 -0.52124 0.25024 
0.209595 0.72998 0.102295 -0.7813 -0.56152 0.25269 
0.212036 0.72998 0.100098 -0.12695 -0.57983 0.24292 
0.214722 0.72144 0.98389 -0.17700 -0.58594 0.22461 
0.217163 0.71899 0.96313 -0.22095 -0.58594 0.20508 
0.218994 0.71777 0.96313 -0.25146 -0.58472 0.18921 
0.218750 0.70313 0.95215 -0.25513 -0.55664 0.18066 
0.217529 0.69824 0.93262 -0.23926 -0.51514 0.16846 
0.216675 0.69702 0.92896 -0.19287 -0.47119 0.15381 
0.213379 0.68359 0.89111 -0.19287 -0.41504 0.14160 
0.208740 0.68115 0.82275 -0.13184 -0.36743 0.13306 
0.203857 0.67749 0.73975 -0.9644 -0.32104 0.12695 
0.200317 0.67383 0.67017 -0.9277 -0.32104 0.12573 
0.197876 0.67993 0.62622 -0.12085 -0.26367 0.12817 
0.195068 0.68359 0.59570 -0.17090 -0.19653 0.13672 
0.191650 0.67505 0.57007 -0.22583 -0.12695 0.13672 
0.188599 0.66162 0.54199 -0.27588 -0.5371 0.15747 
0.184814 0.63843 0.51147 -0.32471 0.977 0.18799 
0.179321 0.60669 0.47729 -0.37109 0.5615 0.22217 
0.172241 0.57251 0.44434 -0.41870 0.8057 0.26123 
0.172241 0.54688 0.42969 -0.46997 0.8789 0.30396 
0.164307 0.52368 0.41870 -0.52734 0.8911 0.35400 
0.156128 0.49683 0.41382 -0.59082 0.8911 0.41138 
0.148071 0.49683 0.42236 -0.65796 0.9155 0.47607 
0.140259 0.46631 0.44189 -0.72754 0.9399 0.54932 
0.132935 0.41992 0.47607 -0.79834 0.9766 0.63477 
0.126953 0.36499 0.47607 -0.86792 0.10620 0.73242 
0.123413 0.31128 0.51880 -0.92896 0.12451 0.84473 
0.124268 0.26489 0.57007 -0.66528 0.15991 0.96558 
0.128906 0.23926 0.62500 -0.102783 0.21729 0.108887 
0.137207 0.22217 0.68481 -0.102783 0.29175 0.120728 
0.147705 0.20752 0.75195 -0.108276 0.5859 0.131592 
0.158813 0.18188 0.81909 -0.113281 0.43579 0.141235 
0.170410 0.13550 0.87158 -0.116943 0.43579 0.148926 
0.182617 0.6836 0.91553 -0.119629 0.46997 0.153809 
0.194946 -0.366 0.98511 -0.122192 0.48950 0.125000 
0.208130 -0.5615 0.107300 -0.124512 0.51636 0.156250 
0.221924 -0.7446 0.117188 -0.125244 0.56763 0.157471 
0.235352 -0.6958 0.128052 -0.124878 0.64453 0.157349 
0.247559 -0.5981 0.138916 -0.123535 0.72510 0.155762 
0.226196 -0.5981 0.149048 -0.120605 0.79102 0.152588 
0.257446 -0.9399 0.158203 -0.116333 0.83130 0.148071 
0.265625 -0.5615 0.171387 -0.111450 0.83984 0.142700 
0.305298 -0.25757 0.203125 -0.121948 0.104736 0.171997 
0.306152 -0.25757 0.205688 -0.145630 0.165161 0.188110 
0.312988 -0.33813 0.214478 -0.158081 0.216064 0.171265 
0.318237 -0.41138 0.192383 -0.153198 0.231934 0.154419 
0.323730 -0.46509 0.233154 -0.128784 0.213745 0.142700 
0.329224 -0.43701 0.233154 -0.97534 0.181030 0.126587 
0.336426 -0.39429 0.239624 -0.101318 0.145874 0.101929 
0.341309 -0.38818 0.242676 -0.75562 0.113037 0.70801 
0.341919 -0.38818 0.238159 -0.44312 0.77271 0.34668 
0.342651 -0.36743 0.232788 -0.14771 0.40283 -0.3540 
0.343018 -0.32349 0.228149 0.11963 0.37354 -0.42969 
0.340942 -0.29053 0.224121 0.32104 0.6104 -0.81055 
0.341431 -0.26367 0.223145 0.49072 -0.24048 -0.105591 
0.346069 -0.26123 0.221313 0.57983 -0.48828 -0.109253 
0.344727 -0.27222 0.214355 0.54077 -0.63232 -0.107178 
0.340942 -0.26123 0.205322 0.45654 -0.67871 -0.107178 
0.335571 -0.25879 0.197388 0.38940 -0.69336 -0.111084 
0.329224 -0.26245 0.192139 0.36255 -0.70679 -0.119263 
0.321045 -0.26123 0.188232 0.35400 -0.70435 -0.128418 
0.321045 -0.24780 0.184814 0.35034 -0.70679 -0.139160 
0.310303 -0.24292 0.181396 0.33691 -0.72021 -0.150635 
0.298828 -0.23804 0.177979 0.34302 -0.73853 -0.161865 
0.287109 -0.23804 0.175659 0.39917 -0.78003 -0.173218 
0.276367 -0.20752 0.172852 0.47729 -0.85815 -0.185303 
0.265503 -0.17944 0.168823 0.54199 -0.94849 -0.196899 
0.253662 -0.15747 0.163574 0.57861 -0.103882 -0.207153 
0.240601 -0.13184 0.163574 0.59204 -0.113403 -0.215332 
0.225830 -0.10132 0.157471 0.58838 -0.123413 -0.220947 
0.209961 -0.6226 0.151367 0.57007 -0.133789 -0.223389 
0.195068 -0.977 0.143188 0.57007 -0.145996 -0.222290 
0.180420 0.5005 0.135620 0.55298 -0.153320 -0.217896 
0.168945 0.10498 0.128174 0.54443 -0.125488 -0.208862 
0.158203 0.17090 0.118774 0.52368 -0.156738 -0.197632 
0.149170 0.22583 0.108521 0.50903 -0.157837 -0.186157 
0.140137 0.27344 0.95703 0.50659 -0.158203 -0.174927 
0.134644 0.31616 0.83862 0.49561 -0.153687 -0.162476 
0.128174 0.35522 0.72144 0.45654 -0.146118 -0.162476 
0.121704 0.39307 0.61279 0.41504 -0.137085 -0.150879 
0.116821 0.43579 0.52856 0.38086 -0.126709 -0.139404 
0.110962 0.47241 0.45654 0.35522 -0.113525 -0.127075 
0.110962 0.49805 0.38208 0.33691 -0.96069 -0.113037 
0.105591 0.53101 0.30151 0.31616 -0.73608 -0.96924 
0.103027 0.55786 0.23193 0.27466 -0.47974 -0.79102 
0.102905 0.58105 0.18188 0.20508 -0.21729 -0.60913 
0.104370 0.58105 0.15259 0.11719 0.1831 -0.43701 
0.106567 0.59692 0.12817 0.2808 0.19897 -0.28809 
0.107788 0.59448 0.13306 -0.5249 0.32227 -0.17578 
0.109131 0.58716 0.13306 -0.14771 0.40771 -0.8911 
0.110107 0.58350 0.16968 -0.25635 0.45410 -0.2075 
0.108398 0.58472 0.21973 -0.4761 0.46143 0.3296 
0.105103 0.58838 0.29053 -0.36011 0.44312 0.9766 
0.101563 0.59448 0.37231 -0.44922 0.41504 0.18555 
0.99487 0.59082 0.44922 -0.52124 0.39185 0.30273 
0.100708 0.57129 0.52124 -0.57739 0.38452 0.44556 
0.104248 0.54810 0.57983 -0.62256 0.38452 0.60913 
0.110840 0.51514 0.63232 -0.66650 0.40161 0.46509 
0.119995 0.47241 0.67871 -0.71045 0.43701 0.62744 
0.131104 0.41870 0.70313 -0.75806 0.47729 0.93994 
0.137939 0.36865 0.73364 -0.81787 0.48462 0.113037 
0.147217 0.33203 0.75562 -0.85815 0.52002 0.125854 
0.129028 0.28564 0.80200 -0.90332 0.55786 0.131714 
0.160278 0.28320 0.84717 -0.95947 0.57983 0.138794 
0.168579 0.26489 0.92285 -0.101440 0.59692 0.140015 
0.177734 0.24170 0.102295 -0.106445 0.59570 0.140015 
0.185181 0.20996 0.113770 -0.109131 0.59204 0.140381 
0.191406 0.20996 0.124634 -0.108643 0.60303 0.141724 
0.198730 0.17456 0.102051 -0.105103 0.64209 0.144287 
0.207764 0.14038 0.140259 -0.100464 0.71167 0.146973 
0.219238 0.11230 0.140259 -0.96558 0.80688 0.149170 
0.232910 0.8545 0.147095 -0.93018 0.91309 0.150513 
0.246582 0.7446 0.153687 -0.90454 0.100464 0.149902 
0.258789 0.6958 0.160645 -0.88501 0.106445 0.145752 
0.268555 0.6348 0.168335 -0.88501 0.108276 0.138428 
0.275635 0.5615 0.175415 -0.86060 0.105347 0.129272 
0.280518 0.4150 0.182129 -0.82642 0.99365 0.119873 
0.313843 -0.366 0.197998 -0.77637 0.99365 0.136108 
0.308594 -0.5737 0.206299 -0.83130 0.111450 0.134888 
0.314819 -0.7080 0.206421 -0.90454 0.139038 0.148438 
0.320190 -0.8789 0.204834 -0.86670 0.148682 0.117188 
0.325439 -0.8423 0.206055 -0.71167 0.133789 0.95215 
0.329590 -0.6714 0.206787 -0.53223 0.107178 0.71655 
0.329712 -0.4639 0.206421 -0.36987 0.80078 0.45776 
0.325562 -0.2563 0.204956 -0.23682 0.56152 0.19897 
0.325562 0.366 0.202881 -0.11597 0.34302 -0.3662 
0.319336 0.1465 0.200806 0.1099 0.15381 -0.26001 
0.315430 0.30762 0.199341 0.11353 0.1221 -0.42847 
0.315918 -0.488 0.196411 0.13916 -0.4639 -0.46387 
0.314697 -0.3296 0.190552 0.11230 -0.2808 -0.42603 
0.312256 -0.2563 0.215698 0.9766 -0.732 -0.42236 
0.309814 -0.1953 0.184448 0.11475 -0.3418 -0.47485 
0.308350 -0.2563 0.179932 0.13672 -0.9155 -0.55908 
0.305176 -0.3540 0.176636 0.15259 -0.16357 -0.66895 
