0.198608 0.74097 0.45044 0.36743 -0.7446 0.2319 
0.204346 0.76660 0.44800 0.33691 0.1465 0.7324 
0.208374 0.78125 0.44800 0.27100 0.7935 0.11353 
0.211670 0.78613 0.45898 0.19287 0.10376 0.15869 
0.214478 0.80933 0.48584 0.12451 0.7813 0.19897 
0.216064 0.82764 0.51514 0.6958 0.2563 0.23315 
0.217529 0.82642 0.54321 0.6958 -0.2808 0.26489 
0.221191 0.83130 0.56396 0.2686 -0.8057 0.28198 
0.227539 0.84351 0.60669 0.366 -0.12329 0.27588 
0.232910 0.84229 0.63843 0.1221 -0.12329 0.25757 
0.235596 0.82764 0.64453 0.4150 -0.15991 0.23315 
0.236572 0.78857 0.62256 0.6958 -0.19409 0.20996 
0.237915 0.74829 0.58960 0.7690 -0.22095 0.20996 
0.239746 0.72144 0.56274 0.5615 -0.23926 0.18677 
0.241455 0.69702 0.52856 0.732 -0.25269 0.15991 
0.242554 0.67017 0.49927 -0.7080 -0.26489 0.12573 
0.242554 0.63843 0.49194 -0.16113 -0.27832 0.9033 
0.242554 0.62622 0.50293 -0.23315 -0.30029 0.7080 
0.243774 0.62988 0.51270 -0.28442 -0.33936 0.6836 
0.244141 0.63232 0.53101 -0.29663 -0.37231 0.6714 
0.245361 0.63232 0.54077 -0.28442 -0.40283 0.6592 
0.246704 0.64941 0.54077 -0.24780 -0.42847 0.5493 
0.247192 0.68115 0.53833 -0.20508 -0.45044 0.2930 
0.246826 0.71045 0.52124 -0.15869 -0.46875 -0.1221 
0.244629 0.72998 0.52124 -0.11353 -0.48828 -0.5981 
0.239990 0.74585 0.48584 -0.7568 -0.51147 -0.10620 
0.234741 0.75806 0.43945 -0.5737 -0.52979 -0.14526 
0.229126 0.77148 0.40161 -0.5737 -0.54199 -0.17212 
0.223755 0.79102 0.36011 -0.5249 -0.55054 -0.18799 
0.218384 0.81421 0.31494 -0.6104 -0.55420 -0.19653 
0.212402 0.83008 0.28931 -0.9521 -0.55420 -0.18799 
0.206055 0.84229 0.28076 -0.14404 -0.56274 -0.16235 
0.198975 0.85449 0.27466 -0.17700 -0.58960 -0.11841 
0.190552 0.86182 0.27222 -0.19409 -0.63599 -0.5615 
0.181152 0.86792 0.27588 -0.19531 -0.68726 -0.5615 
0.170166 0.88257 0.26123 -0.17334 -0.72998 0.1953 
0.158936 0.89111 0.22705 -0.14526 -0.75439 0.10864 
0.179810 0.88623 0.18433 -0.12939 -0.74951 0.21240 
0.148560 0.86792 0.14648 -0.11963 -0.71411 0.33203 
0.138916 0.84229 0.10986 -0.10742 -0.65674 0.46509 
0.129517 0.80200 0.7935 -0.10498 -0.57617 0.60303 
0.119263 0.80200 0.5859 -0.11597 -0.46631 0.74585 
0.109863 0.75439 0.5371 -0.13428 -0.33813 0.89111 
0.102417 0.70923 0.7202 -0.15625 -0.20630 0.103271 
0.96924 0.67383 0.10498 -0.17456 -0.8423 0.117188 
0.93140 0.64575 0.10498 -0.17578 0.1587 0.131836 
0.89844 0.60425 0.13794 -0.15381 0.10132 0.147949 
0.88257 0.54688 0.15503 -0.13184 0.18311 0.164795 
0.87402 0.46509 0.17212 -0.13184 0.25024 0.183594 
0.89111 0.33691 0.19165 -0.12695 0.33813 0.207153 
0.89355 0.25269 0.24048 -0.10986 0.44678 0.226807 
0.97412 0.14526 0.28564 -0.8789 0.44678 0.249268 
0.110352 0.4639 0.37598 -0.8423 0.50903 0.277832 
0.123169 -0.2441 0.47607 -0.8911 0.55176 0.272583 
0.138184 -0.9766 0.56763 -0.5737 0.55542 0.295166 
0.154907 -0.19775 0.65063 0.3418 0.46387 0.326416 
0.174316 -0.34912 0.72388 0.15137 0.31616 0.347290 
0.198730 -0.52734 0.77393 0.25879 0.23682 0.364380 
0.196167 -0.69946 0.81421 0.32959 0.28442 0.375732 
0.227417 -0.83740 0.85205 0.36011 0.45044 0.379517 
0.257568 -0.93994 0.89355 0.37354 0.69458 0.374390 
0.286011 -0.99365 0.93140 0.39063 0.96924 0.361694 
0.309692 -0.100464 0.97412 0.40894 0.119507 0.345093 
0.329224 -0.100464 0.103516 0.41626 0.131104 0.326904 
0.343994 -0.99609 0.110107 0.41016 0.129028 0.307251 
0.355835 -0.101440 0.114624 0.40771 0.116577 0.285767 
0.367798 -0.107666 0.114624 0.40405 0.101074 0.261841 
0.400269 -0.115967 0.117676 0.28076 0.120239 0.258789 
0.414429 -0.129517 0.148804 0.20874 0.173950 0.252197 
0.417603 -0.124023 0.145874 -0.10376 0.201538 0.211670 
0.426880 -0.133423 0.148193 -0.23926 0.194580 0.171509 
0.437988 -0.141480 0.147705 -0.13550 0.191895 0.139648 
0.448242 -0.142944 0.144653 0.6714 0.176270 0.110107 
0.450928 -0.140991 0.131714 0.24414 0.113770 0.71289 
0.451050 -0.139404 0.120728 0.41382 0.61279 0.86914 
0.449219 -0.138306 0.111084 0.56396 0.13794 0.8301 
0.444824 -0.137939 0.103760 0.65674 -0.29175 -0.22949 
0.436157 -0.134521 0.96924 0.68359 -0.59326 -0.63477 
0.425903 -0.130737 0.94116 0.64453 -0.66650 -0.98877 
0.410645 -0.125854 0.94971 0.51636 -0.55542 -0.129150 
0.410645 -0.120850 0.96069 0.37964 -0.37476 -0.154907 
0.390869 -0.115112 0.96191 0.32715 -0.24048 -0.175537 
0.370850 -0.109497 0.92651 0.34058 -0.15991 -0.190430 
0.353638 -0.103394 0.87280 0.37354 -0.11108 -0.201294 
0.338623 -0.103394 0.79712 0.39063 -0.8179 -0.211060 
0.324219 -0.97656 0.69458 0.38452 -0.7813 -0.221558 
0.310059 -0.92529 0.90942 0.34424 -0.9766 -0.233521 
0.297730 -0.88257 0.59692 0.25513 -0.13550 -0.246094 
0.286011 -0.83130 0.53711 0.14038 -0.17334 -0.257690 
0.273071 -0.76172 0.51392 0.3052 -0.22339 -0.267334 
0.259155 -0.68726 0.52368 0.27710 -0.28931 -0.273560 
0.244873 -0.62012 0.55298 -0.3540 -0.36255 -0.276001 
0.231201 -0.52612 0.58472 -0.3662 -0.41504 -0.275147 
0.217285 -0.44312 0.58105 -0.2563 -0.40894 -0.272583 
0.203491 -0.36743 0.56396 -0.2075 -0.40894 -0.268677 
0.191284 -0.29297 0.54199 -0.2808 -0.33569 -0.263428 
0.178955 -0.21606 0.50781 -0.4395 -0.20752 -0.256958 
0.167480 -0.13672 0.46143 -0.7935 -0.5005 -0.256958 
0.156494 -0.5493 0.42358 -0.15015 0.10132 -0.249023 
0.145996 0.2441 0.39917 -0.26489 0.20264 -0.238770 
0.136108 0.9766 0.38574 -0.39673 0.21973 -0.226196 
0.127197 0.15869 0.39307 -0.52124 0.16113 -0.212036 
0.127197 0.20264 0.42114 -0.63232 0.6470 -0.196045 
0.119263 0.25391 0.46753 -0.71655 -0.3540 -0.177246 
0.110962 0.30029 0.51758 -0.76416 -0.10498 -0.157349 
0.102905 0.30029 0.53223 -0.78125 -0.11841 -0.136108 
0.94849 0.35400 0.55786 -0.77515 -0.8179 -0.114502 
0.88135 0.40894 0.54321 -0.78979 0.2441 -0.93018 
0.81909 0.45166 0.54321 -0.82153 0.13062 -0.71533 
0.77026 0.47119 0.54077 -0.86060 0.22583 -0.49805 
0.73120 0.47729 0.53101 -0.91919 0.29785 -0.27832 
0.70679 0.47363 0.52979 -0.68970 0.34668 -0.4761 
0.67627 0.45166 0.53589 -0.100220 0.37720 0.20508 
0.66162 0.42114 0.57251 -0.109497 0.40161 0.49194 
0.66650 0.39795 0.64453 -0.119385 0.42603 0.80200 
0.71167 0.38818 0.76050 -0.128052 0.42603 0.113281 
0.79712 0.39063 0.90698 -0.132813 0.44556 0.147461 
0.92773 0.37720 0.106445 -0.131958 0.44678 0.150513 
0.108643 0.33447 0.122437 -0.125244 0.42480 0.181763 
0.129761 0.25757 0.134155 -0.112305 0.40405 0.214600 
0.156250 0.15381 0.140991 -0.93262 0.38574 0.242188 
0.186035 0.2808 0.143311 -0.73242 0.36865 0.261597 
0.187256 -0.9888 0.141724 -0.55908 0.38330 0.271240 
0.218506 -0.19897 0.138306 -0.42725 0.43823 0.270630 
0.249512 -0.26611 0.133545 -0.34912 0.51025 0.259399 
0.274780 -0.244 0.130737 -0.33081 0.56641 0.238770 
0.292480 -0.31494 0.130981 -0.35156 0.58716 0.213135 
0.303833 -0.35278 0.134155 -0.37109 0.54688 0.186768 
0.310059 -0.38696 0.138306 -0.36011 0.45044 0.162354 
0.312622 -0.42847 0.142456 -0.31982 0.33936 0.141846 
0.313965 -0.46875 0.142456 -0.25757 0.25635 0.125854 
0.314209 -0.49194 0.145020 -0.17700 0.20874 0.112305 
0.313721 -0.50049 0.145264 -0.8057 0.19165 0.99731 
0.311768 -0.49683 0.143066 -0.8057 0.19531 0.87646 
0.308228 -0.49316 0.138550 0.1465 0.21484 0.75439 
0.303101 -0.48584 0.132935 0.9399 0.25391 0.63232 
0.297485 -0.48462 0.127563 0.14160 0.25391 0.51270 
0.290649 -0.48462 0.122803 0.14648 0.29053 0.40161 
0.283813 -0.48462 0.119629 0.12695 0.29541 0.62134 
0.277344 -0.47607 0.118286 0.9644 0.25879 0.23315 
0.270874 -0.46875 0.118164 0.6958 0.18921 0.23315 
0.265015 -0.46143 0.118408 0.5493 0.10864 0.16968 
0.259644 -0.44800 0.118530 0.5493 0.4150 0.12085 
0.254883 -0.43335 0.117920 0.6714 -0.244 0.8423 
0.254883 -0.42114 0.116577 0.8545 -0.2075 0.5737 
0.250366 -0.41626 0.114990 0.10376 -0.1709 0.3906 
0.246338 -0.41260 0.113159 0.12085 -0.244 0.2563 
0.242188 -0.41260 0.111328 0.12695 0.854 0.1221 
0.237915 -0.41138 0.109863 0.12207 0.1587 0.244 
0.234497 -0.40894 0.109375 0.11108 0.1221 -0.244 
