0.202515 0.58594 0.30273 0.61035 0.5737 0.6836 
0.208740 0.61646 0.28442 0.58716 0.11597 0.9644 
0.214233 0.61646 0.29053 0.58716 0.15869 0.11841 
0.220337 0.61523 0.27954 0.54688 0.18799 0.13794 
0.226196 0.60303 0.26489 0.48828 0.20752 0.14648 
0.232056 0.61035 0.26855 0.40649 0.20752 0.14526 
0.237671 0.62988 0.31128 0.32104 0.20752 0.13550 
0.241943 0.65186 0.37720 0.26001 0.18311 0.12451 
0.245483 0.66650 0.43335 0.24414 0.14038 0.12451 
0.247803 0.68359 0.46265 0.26123 0.8423 0.10498 
0.248901 0.68237 0.46387 0.27954 0.2075 0.7813 
0.248779 0.67139 0.46387 0.28687 -0.4883 0.5249 
0.248657 0.66162 0.46631 0.28687 -0.12329 0.4150 
0.248657 0.64209 0.46021 0.26611 -0.19897 0.4395 
0.248047 0.93140 0.41504 0.22217 -0.26733 0.4883 
0.246704 0.59692 0.33203 0.13184 -0.31006 0.3784 
0.245850 0.59692 0.26733 -0.1587 -0.33569 0.3540 
0.246582 0.55664 0.25879 -0.17334 -0.35156 0.3174 
0.245728 0.49316 0.28198 -0.29175 -0.37354 0.1587 
0.242065 0.43701 0.31006 -0.33447 -0.40649 0.122 
0.240967 0.42969 0.31006 -0.30518 -0.45532 0.00 
0.241333 0.45410 0.33936 -0.24536 -0.52124 0.366 
0.242065 0.47607 0.36987 -0.15747 -0.59326 0.366 
0.240967 0.50415 0.37720 -0.15747 -0.65186 -0.122 
0.238037 0.52979 0.33447 -0.4395 -0.68481 -0.977 
0.234497 0.54688 0.26978 0.3296 -0.68481 -0.2808 
0.230713 0.57373 0.22339 0.4639 -0.68481 -0.5371 
0.226685 0.61035 0.20386 0.3296 -0.65552 -0.7080 
0.220337 0.64941 0.20996 0.1465 -0.60547 -0.5981 
0.212891 0.68726 0.23315 0.2075 -0.54321 -0.2197 
0.205933 0.71655 0.23682 0.6470 -0.47485 -0.2197 
0.198486 0.73975 0.23926 0.10864 -0.40283 0.3052 
0.189087 0.75195 0.24780 0.16113 -0.33203 0.9644 
0.209839 0.75439 0.23071 0.23804 -0.25879 0.17456 
0.178589 0.73608 0.18188 0.31372 -0.18921 0.26489 
0.167725 0.70923 0.11719 0.36621 -0.11963 0.36499 
0.157349 0.68115 0.5737 0.38574 -0.5493 0.46753 
0.147095 0.68115 0.854 0.37354 0.366 0.57373 
0.137207 0.65186 -0.3418 0.33203 0.5737 0.68604 
0.127930 0.61890 -0.5371 0.26245 0.10620 0.80444 
0.121338 0.58594 -0.5249 0.18311 0.15137 0.92896 
0.117432 0.55908 -0.5249 0.11353 0.19287 0.105957 
0.117554 0.52002 -0.3052 0.5371 0.22583 0.121094 
0.119507 0.47729 0.366 0.977 0.28320 0.135010 
0.123413 0.44556 0.3052 0.977 0.33691 0.146362 
0.127197 0.38696 0.5737 -0.2441 0.38818 0.157715 
0.131104 0.32715 0.8301 -0.5859 0.43823 0.169067 
0.136108 0.26123 0.12207 -0.8911 0.43823 0.180420 
0.143799 0.19287 0.17456 -0.8667 0.46265 0.191895 
0.155396 0.10864 0.23926 -0.5493 0.47363 0.206909 
0.166382 0.4150 0.28931 -0.4272 0.51880 0.187866 
0.176392 -0.3174 0.30273 -0.3906 0.58228 0.219116 
0.188965 -0.12085 0.32593 -0.732 0.62622 0.223389 
0.202881 -0.19409 0.37231 0.1709 0.64819 0.225220 
0.216797 -0.26855 0.44312 0.2441 0.69946 0.228027 
0.216797 -0.32959 0.51025 0.4272 0.80200 0.231689 
0.230225 -0.38208 0.56030 0.8057 0.93140 0.234863 
0.242554 -0.43335 0.59692 0.12329 0.108398 0.236328 
0.253662 -0.47852 0.62988 0.14282 0.124390 0.236328 
0.261353 -0.47852 0.67017 0.13550 0.140137 0.234741 
0.265259 -0.52368 0.72998 0.10010 0.155151 0.232544 
0.265869 -0.56763 0.79346 0.5371 0.166748 0.230713 
0.268066 -0.61157 0.79346 0.1221 0.170410 0.230957 
0.274780 -0.67383 0.89355 -0.854 0.169556 0.232300 
0.286621 -0.73120 0.102783 -0.1709 0.166504 0.232788 
0.300415 -0.76904 0.117920 -0.1709 0.162231 0.229980 
0.313721 -0.79346 0.131958 -0.244 0.159790 0.227539 
0.359131 -0.104248 0.181274 0.4761 0.157715 0.259521 
0.354858 -0.83130 0.186035 -0.18311 0.248779 0.252319 
0.357544 -0.93140 0.188965 -0.44434 0.280029 0.231567 
0.358398 -0.98755 0.192749 -0.47852 0.298950 0.241821 
0.362915 -0.107666 0.202515 -0.30273 0.272949 0.196167 
0.366455 -0.111816 0.200317 -0.10376 0.221680 0.196167 
0.371094 -0.117432 0.192505 0.7935 0.156250 0.179077 
0.380493 -0.125732 0.179810 0.25024 0.92285 0.152710 
0.393188 -0.133179 0.163940 0.44312 0.32349 0.116333 
0.393188 -0.137085 0.150146 0.67749 -0.27466 0.72632 
0.405396 -0.136597 0.140747 0.90454 -0.83862 0.25024 
0.415405 -0.136597 0.140747 0.106934 -0.132202 -0.23071 
0.420288 -0.132080 0.136353 0.110596 -0.160645 -0.62500 
0.423218 -0.132080 0.128174 0.105347 -0.159912 -0.91675 
0.420532 -0.127197 0.155518 0.92407 -0.140625 -0.116089 
0.411011 -0.119751 0.117554 0.75806 -0.114014 -0.140015 
0.393188 -0.113647 0.117554 0.66772 -0.96558 -0.163208 
0.375977 -0.111572 0.109619 0.65430 -0.88379 -0.181641 
0.361328 -0.109253 0.100098 0.62744 -0.82275 -0.196167 
0.347900 -0.106201 0.89722 0.86792 -0.74097 -0.210571 
0.336670 -0.103149 0.77881 0.55542 -0.70557 -0.226807 
0.326416 -0.99487 0.68115 0.46143 -0.73120 -0.245361 
0.315186 -0.95093 0.61890 0.36865 -0.78735 -0.264038 
0.303467 -0.90576 0.59204 0.27832 -0.78735 -0.280396 
0.291016 -0.85571 0.60059 0.20996 -0.86182 -0.293457 
0.278320 -0.76782 0.62378 0.18921 -0.96436 -0.305054 
0.262451 -0.68726 0.60913 0.19043 -0.107422 -0.305054 
0.244629 -0.60913 0.57617 0.19409 -0.115845 -0.315186 
0.225342 -0.54321 0.52124 0.18433 -0.117920 -0.322876 
0.236938 -0.47119 0.45044 0.14893 -0.112549 -0.327515 
0.218506 -0.38818 0.37964 0.7813 -0.100464 -0.328125 
0.187256 -0.29297 0.32104 -0.2563 -0.84595 -0.324219 
0.169434 -0.19165 0.28198 -0.14404 -0.68359 -0.315918 
0.152954 -0.8423 0.25391 -0.26978 -0.55176 -0.303589 
0.137207 -0.8423 0.23438 -0.39673 -0.46875 -0.288086 
0.121948 0.2319 0.22705 -0.51514 -0.43457 -0.270508 
0.107300 0.12451 0.23315 -0.62500 -0.43213 -0.250977 
0.93628 0.21240 0.23315 -0.72754 -0.43823 -0.227417 
0.82031 0.26733 0.24902 -0.82153 -0.45776 -0.197632 
0.72021 0.33081 0.26001 -0.90454 -0.46143 -0.165771 
0.65308 0.38330 0.26245 -0.64209 -0.46509 -0.133423 
0.61157 0.43823 0.30396 -0.95459 -0.36743 -0.103027 
0.60547 0.49683 0.33325 -0.99976 -0.54199 -0.74585 
0.57983 0.52856 0.33691 -0.107300 -0.10010 -0.48706 
0.55908 0.55908 0.36377 -0.111938 -0.10010 -0.24658 
0.54321 0.56885 0.37476 -0.115234 0.3296 -0.732 
0.54321 0.56152 0.40649 -0.119141 0.15015 -0.7080 
0.55420 0.54443 0.46875 -0.123657 0.25024 0.24170 
0.58838 0.52612 0.55908 -0.128540 0.33081 0.52002 
0.64331 0.50537 0.66406 -0.131470 0.38452 0.82642 
0.71533 0.48096 0.78247 -0.130127 0.41626 0.115356 
0.80322 0.43701 0.90210 -0.124878 0.43823 0.150146 
0.80322 0.37842 0.102173 -0.114746 0.47485 0.186157 
0.92529 0.30518 0.111450 -0.100586 0.53833 0.222778 
0.109619 0.22583 0.117676 -0.83984 0.60913 0.257080 
0.133057 0.22583 0.123535 -0.67749 0.68481 0.285400 
0.163208 0.9277 0.123901 -0.56030 0.81055 0.305786 
0.197021 -0.5005 0.121460 -0.50049 0.95215 0.313599 
0.229370 -0.18066 0.119385 -0.48096 0.107544 0.307617 
0.257568 -0.28320 0.119385 -0.49683 0.115723 0.290283 
0.280029 -0.35400 0.119263 -0.53589 0.118164 0.266724 
0.295166 -0.38574 0.121948 -0.56885 0.114868 0.239624 
0.302734 -0.40405 0.126709 -0.56885 0.106079 0.212646 
0.305786 -0.41138 0.133545 -0.57373 0.92163 0.188721 
0.307251 -0.42114 0.139893 -0.53589 0.75439 0.169678 
0.307251 -0.43091 0.144287 -0.45044 0.75439 0.153809 
0.308105 -0.45410 0.145630 -0.33447 0.58716 0.140747 
0.309448 -0.48462 0.143188 -0.21118 0.44434 0.129395 
0.311157 -0.52002 0.138062 -0.9521 0.34180 0.149292 
0.313477 -0.54321 0.131714 -0.488 0.28809 0.118042 
0.314941 -0.55542 0.125366 0.5371 0.27466 0.104370 
0.314209 -0.56519 0.120117 0.8057 0.28564 0.88745 
0.341675 -0.56152 0.116455 0.7813 0.31494 0.72510 
0.310425 -0.55298 0.114868 0.5859 0.34180 0.56885 
0.304321 -0.54077 0.115356 0.3784 0.35156 0.43213 
0.297730 -0.52002 0.116455 0.2563 0.33569 0.32349 
0.291016 -0.52002 0.117798 0.2563 0.29785 0.23560 
0.284912 -0.50293 0.118042 0.3052 0.24780 0.16846 
0.278320 -0.49316 0.117920 0.3540 0.19653 0.11841 
0.272095 -0.48950 0.118164 0.3784 0.15503 0.7324 
0.266235 -0.47852 0.118164 0.4395 0.12085 0.3174 
0.260498 -0.46631 0.118896 0.5493 0.9155 -0.244 
0.254517 -0.45532 0.119507 0.6958 0.5981 -0.2808 
