0.230225 0.41992 0.34546 0.27954 -0.3174 -0.38940 
0.230225 0.49194 0.35645 0.22705 -0.3174 -0.32593 
0.230835 0.54077 0.41016 0.16357 0.10132 -0.56274 
0.230469 0.55420 0.45898 0.12451 0.16357 -0.17700 
0.230103 0.55176 0.47363 0.12695 0.17700 -0.17700 
0.229370 0.54443 0.47241 0.13184 0.15137 -0.11230 
0.229736 0.52612 0.48096 0.11719 0.10254 -0.6348 
0.233765 0.54321 0.51514 0.10986 0.5005 -0.3052 
0.233765 0.57983 0.56885 0.12329 0.854 -0.366 
0.238770 0.60913 0.62866 0.15137 -0.3174 0.1587 
0.244141 0.32471 0.68237 0.21118 -0.7690 0.2686 
0.248413 0.65186 0.69336 0.29053 -0.13794 0.2808 
0.249878 0.65186 0.65430 0.36499 -0.21118 0.2319 
0.249756 0.63477 0.86670 0.40894 -0.26733 0.122 
0.248779 0.58960 0.45166 0.38086 -0.28809 -0.4517 
0.248779 0.56396 0.45166 0.27954 -0.29175 -0.11230 
0.250732 0.57983 0.40527 0.13184 -0.30273 -0.19409 
0.253174 0.61890 0.40771 0.27832 -0.32349 -0.28198 
0.254639 0.65552 0.43335 -0.3418 -0.33691 -0.36743 
0.254639 0.68115 0.43823 -0.19165 -0.34546 -0.43579 
0.249390 0.66528 0.40894 -0.31250 -0.62256 -0.45532 
0.247192 0.67383 0.35645 -0.42480 -0.25757 -0.43091 
0.246460 0.66040 0.34790 -0.53467 -0.25757 -0.40771 
0.239380 0.64819 0.31494 -0.53711 -0.18188 -0.36255 
0.228760 0.64819 0.21729 -0.48584 -0.11108 -0.59082 
0.221069 0.66040 0.14038 -0.42480 -0.5981 -0.27832 
0.215820 0.65430 0.11963 -0.40039 -0.2441 -0.18921 
0.211670 0.65430 0.14526 -0.43213 -0.122 -0.12939 
0.204468 0.66040 0.18799 -0.45654 0.2075 -0.8911 
0.193970 0.65186 0.24414 -0.43335 0.3906 -0.5737 
0.193970 0.64209 0.29175 -0.36743 0.4761 -0.2930 
0.180908 0.64819 0.28931 -0.26978 0.4639 0.1587 
0.164429 0.64087 0.25146 -0.17822 0.4028 0.9644 
0.147461 0.64087 0.18921 -0.11230 0.3906 0.21484 
0.132202 0.62500 0.9888 -0.7690 0.4761 0.36865 
0.120972 0.60059 0.977 -0.10620 0.7080 0.53833 
0.112915 0.55054 0.977 -0.19287 0.11475 0.70923 
0.107178 0.50415 -0.3662 -0.30029 0.17822 0.88379 
0.102173 0.46753 -0.3418 -0.7813 0.24902 0.107056 
0.98145 0.43457 -0.854 -0.43945 0.31250 0.127319 
0.93750 0.39673 0.854 -0.43945 0.35522 0.149170 
0.89355 0.35278 -0.610 -0.44189 0.38696 0.173218 
0.90576 0.29175 -0.1465 -0.45166 0.43091 0.199097 
0.97168 0.22949 -0.244 -0.52734 0.43091 0.223511 
0.110474 0.15015 0.4639 -0.62988 0.47974 0.245239 
0.130127 0.4761 0.11841 -0.71899 0.55176 0.231689 
0.152344 -0.8545 0.21118 -0.77759 0.64819 0.262939 
0.178833 -0.21973 0.33691 -0.79346 0.77393 0.276001 
0.207764 -0.29663 0.48584 -0.75806 0.91187 0.284790 
0.201050 -0.36133 0.63477 -0.71289 0.102905 0.290527 
0.223755 -0.43091 0.79468 -0.67383 0.110962 0.291626 
0.255005 -0.51025 0.91553 -0.62134 0.114380 0.288452 
0.275757 -0.59082 0.99365 -0.57617 0.114014 0.282837 
0.293457 -0.34668 0.108032 -0.57129 0.112183 0.273682 
0.309326 -0.65918 0.154907 -0.57495 0.113403 0.264160 
0.387451 -0.73730 0.153564 -0.101196 0.197876 0.317139 
0.368286 -0.89355 0.148926 -0.147583 0.286499 0.324341 
0.369751 -0.95703 0.148926 -0.156616 0.326416 0.297607 
0.368530 -0.100098 0.160156 -0.142944 0.317261 0.277100 
0.368897 -0.100952 0.171631 -0.143555 0.272705 0.254517 
0.372803 -0.98267 0.186523 -0.115112 0.219360 0.223633 
0.377441 -0.99609 0.197266 -0.83862 0.171631 0.183350 
0.381714 -0.104614 0.202271 -0.56641 0.129272 0.137939 
0.381714 -0.109497 0.201904 -0.31738 0.150879 0.88989 
0.378174 -0.107300 0.200562 -0.10132 0.88379 0.37598 
0.374268 -0.102661 0.200684 0.10742 0.47729 -0.13916 
0.370972 -0.96680 0.198242 0.34302 0.10132 -0.977 
0.368408 -0.90088 0.189819 0.58350 -0.27344 -0.77637 
0.370605 -0.87036 0.179688 0.81665 -0.67505 -0.108887 
0.378662 -0.89355 0.168457 0.95337 -0.97046 -0.141113 
0.384522 -0.92041 0.156616 0.90820 -0.104370 -0.154297 
0.383789 -0.94116 0.144043 0.78247 -0.96558 -0.158081 
0.383789 -0.96191 0.133057 0.66895 -0.83984 -0.164307 
0.380493 -0.94971 0.128418 0.58594 -0.74341 -0.177856 
0.373657 -0.123779 0.126343 0.53223 -0.68115 -0.196411 
0.362427 -0.92529 0.126587 0.49194 -0.62622 -0.215820 
0.347412 -0.88135 0.126343 0.47241 -0.57373 -0.234497 
0.329590 -0.81787 0.154663 0.49927 -0.54688 -0.252197 
0.309937 -0.74097 0.117798 0.57129 -0.55908 -0.269409 
0.289429 -0.66528 0.117798 0.66895 -0.60913 -0.286011 
0.269653 -0.58838 0.110474 0.76782 -0.68604 -0.300659 
0.249023 -0.51025 0.99854 0.83252 -0.77759 -0.312500 
0.227173 -0.42603 0.87769 0.83252 -0.88013 -0.320679 
0.206177 -0.33203 0.78369 0.83862 -0.98022 -0.323853 
0.183594 -0.23560 0.72266 0.80688 -0.104492 -0.319458 
0.160767 -0.12695 0.67017 0.77148 -0.104492 -0.305908 
0.139648 -0.244 0.62378 0.72998 -0.109009 -0.285645 
0.121460 0.12573 0.59082 0.65430 -0.112915 -0.292236 
0.108398 0.23071 0.56274 0.56519 -0.117065 -0.265381 
0.98389 0.31616 0.51880 0.47363 -0.120728 -0.234131 
0.88013 0.41138 0.47119 0.38086 -0.124878 -0.205200 
0.83008 0.48706 0.38940 0.27954 -0.125977 -0.176758 
0.79468 0.57617 0.34302 0.13062 -0.126953 -0.148560 
0.79468 0.64087 0.30151 -0.1343 -0.125977 -0.124634 
0.71777 0.67017 0.27466 -0.9766 -0.123047 -0.104248 
0.64087 0.68604 0.24536 -0.12939 -0.114746 -0.84717 
0.55420 0.67505 0.17212 -0.13306 -0.103027 -0.64819 
0.44556 0.67505 0.20020 -0.10742 -0.82642 -0.43701 
0.39185 0.64819 0.15991 -0.19165 -0.47852 -0.21973 
0.38208 0.62134 0.14282 -0.30273 -0.15625 0.1099 
0.39795 0.57861 0.14282 -0.40405 0.12207 0.24780 
0.47974 0.54321 0.18555 -0.53467 0.35400 0.49561 
0.58594 0.50903 0.23560 -0.33203 0.52368 0.73608 
0.67749 0.46265 0.29297 -0.64453 0.62988 0.95825 
0.78369 0.38940 0.34668 -0.70557 0.70068 0.116333 
0.89355 0.30762 0.41870 -0.74463 0.75317 0.137817 
0.101440 0.22095 0.50293 -0.76904 0.80566 0.161987 
0.114624 0.13794 0.55542 -0.77515 0.80566 0.184570 
0.130859 0.5737 0.57007 -0.77026 0.86670 0.172974 
0.151855 -0.3906 0.58472 -0.77148 0.91431 0.188721 
0.175903 -0.13672 0.63232 -0.77148 0.93994 0.219971 
0.199219 -0.21973 0.70679 -0.76660 0.95825 0.230835 
0.216919 -0.28076 0.79590 -0.76538 0.99609 0.236816 
0.197754 -0.31738 0.93140 -0.78125 0.104858 0.237793 
0.229004 -0.33081 0.109863 -0.79712 0.109497 0.235596 
0.237061 -0.34790 0.126831 -0.77881 0.112793 0.233887 
0.246094 -0.36987 0.141968 -0.72876 0.112549 0.233765 
0.257080 -0.40527 0.151978 -0.63843 0.106934 0.231689 
0.271729 -0.40527 0.158813 -0.52246 0.98511 0.226685 
0.318359 -0.45044 0.159180 -0.58350 0.122070 0.253784 
0.337891 -0.67871 0.215942 -0.86548 0.188965 0.270386 
0.360230 -0.63843 0.184692 -0.101807 0.230225 0.247192 
0.374390 -0.65186 0.188721 -0.101685 0.233276 0.218506 
0.383179 -0.64453 0.190186 -0.113525 0.202881 0.187744 
0.391968 -0.60791 0.195068 -0.82275 0.162231 0.154785 
0.398560 -0.57861 0.197632 -0.61035 0.125366 0.115967 
0.400024 -0.55908 0.198608 -0.42114 0.151855 0.72266 
0.396851 -0.54321 0.197754 -0.21729 0.80566 0.28198 
0.393066 -0.51880 0.195557 0.2075 0.49316 -0.14648 
0.387695 -0.50171 0.190308 0.26367 0.7690 -0.56885 
0.381958 -0.49194 0.181152 0.47241 -0.31250 -0.59326 
0.378784 -0.52124 0.172119 0.58594 -0.59814 -0.90576 
0.372559 -0.54443 0.161133 0.50659 -0.67627 -0.105225 
0.363281 -0.53223 0.154297 0.34058 -0.58716 -0.112549 
0.351440 -0.51636 0.147705 0.20386 -0.41626 -0.121704 
0.369751 -0.51147 0.142212 0.13916 -0.26245 -0.134155 
0.338501 -0.50659 0.140015 0.10986 -0.15381 -0.146606 
0.326538 -0.49805 0.140381 0.7935 -0.7935 -0.158325 
0.316040 -0.48584 0.140503 0.5981 -0.5249 -0.169678 
0.305542 -0.48584 0.138428 0.7935 -0.10620 -0.182983 
0.294922 -0.47729 0.133911 0.13062 -0.23315 -0.199097 
0.282471 -0.46265 0.129150 0.19165 -0.39551 -0.216431 
0.268555 -0.43701 0.129150 0.24048 -0.55542 -0.232666 
0.253662 -0.40161 0.124390 0.27466 -0.69580 -0.246094 
0.236938 -0.35400 0.118042 0.27466 -0.81787 -0.255127 
0.220703 -0.29175 0.113770 0.24048 -0.92896 -0.258301 
0.205200 -0.20020 0.109863 0.24048 -0.105591 -0.258301 
0.192993 -0.11353 0.108154 0.22095 -0.118896 -0.254761 
0.182495 -0.2686 0.106934 0.17578 -0.103882 -0.249756 
0.170776 0.5249 0.107666 0.13062 -0.135132 -0.244385 
