0.247437 0.8423 0.40771 0.17578 -0.244 -0.16724 
0.246216 0.11475 0.40283 0.15381 0.732 -0.17822 
0.243774 0.11597 0.41138 0.13428 0.1343 -0.19043 
0.243774 0.13672 0.41870 0.11719 0.2930 -0.20752 
0.243408 0.16724 0.41626 0.10742 0.5493 -0.22583 
0.243652 0.18921 0.41260 0.9033 0.7324 -0.24292 
0.244019 0.21484 0.41992 0.6836 0.8545 -0.25635 
0.245728 0.21484 0.43457 0.4028 0.8179 -0.26489 
0.246704 0.23193 0.45898 0.1709 0.5981 -0.26489 
0.246826 0.24780 0.49927 0.244 0.1587 -0.25513 
0.245850 0.26123 0.49927 0.977 -0.5005 -0.23560 
0.244751 0.27344 0.54810 0.4272 -0.12085 -0.20264 
0.242676 0.27344 0.59082 0.9033 -0.19653 -0.15747 
0.240601 0.27710 0.61279 0.9033 -0.27100 -0.10498 
0.239624 0.27588 0.61768 0.13916 -0.32349 -0.5371 
0.239014 0.27344 0.60913 0.17456 -0.35400 -0.122 
0.239136 0.27466 0.58960 0.19409 -0.37109 0.6104 
0.240112 0.29053 0.56885 0.20630 -0.37109 0.12817 
0.241577 0.30884 0.54810 0.19531 -0.37720 0.18799 
0.243530 0.30762 0.51270 0.13428 -0.37354 0.22949 
0.242798 0.30884 0.48706 0.2319 -0.35767 0.22949 
0.249023 0.27100 0.48340 -0.8301 -0.32104 0.25391 
0.248535 0.23438 0.47485 -0.18555 -0.25024 0.24536 
0.247070 0.20996 0.47119 -0.26489 -0.17334 0.20874 
0.247070 0.19653 0.46753 -0.30640 -0.10254 0.15381 
0.244385 0.20630 0.47119 -0.31738 -0.5127 0.9277 
0.241821 0.22339 0.48340 -0.30762 -0.2686 0.3784 
0.238892 0.24414 0.49805 -0.28320 -0.2686 -0.366 
0.235596 0.24414 0.50171 -0.24902 -0.4395 -0.2563 
0.231323 0.26123 0.48340 -0.22095 -0.7202 -0.3052 
0.226074 0.27344 0.46021 -0.20508 -0.9644 -0.1953 
0.220947 0.28198 0.46021 -0.19165 -0.10132 0.732 
0.216309 0.29175 0.44189 -0.17578 -0.8179 0.4883 
0.211182 0.29907 0.41992 -0.15991 -0.4639 0.10498 
0.205078 0.30273 0.38330 -0.15503 -0.122 0.17090 
0.198242 0.29419 0.33447 -0.15503 0.4517 0.23926 
0.190552 0.28076 0.27832 -0.16113 0.8057 0.30640 
0.182129 0.27466 0.22339 -0.17456 0.9399 0.37476 
0.174438 0.27344 0.17578 -0.19775 0.9399 0.44556 
0.167847 0.26733 0.13306 -0.23682 0.8911 0.51514 
0.161865 0.26123 0.10742 -0.28809 0.7446 0.58594 
0.156982 0.25757 0.10498 -0.34912 0.6226 0.58594 
0.152344 0.24414 0.12939 -0.41870 0.5737 0.66040 
0.148438 0.21484 0.17578 -0.48462 0.6104 0.74463 
0.147095 0.16479 0.22705 -0.53101 0.7080 0.84595 
0.149170 0.10132 0.28076 -0.55420 0.9033 0.96558 
0.149170 0.3662 0.33325 -0.56030 0.13306 0.109619 
0.153931 0.28442 0.38452 -0.55786 0.19165 0.123047 
0.161499 -0.9888 0.43335 -0.55054 0.25757 0.136475 
0.172974 -0.9888 0.48340 -0.54077 0.32715 0.148926 
0.185913 -0.16968 0.53101 -0.53833 0.40161 0.159058 
0.199585 -0.23438 0.58594 -0.54199 0.47363 0.166992 
0.214111 -0.29785 0.58594 -0.54688 0.53955 0.172607 
0.228394 -0.35645 0.64209 -0.55176 0.59448 0.175293 
0.242065 -0.41626 0.70313 -0.55664 0.63599 0.175293 
0.254395 -0.46631 0.75684 -0.55786 0.65308 0.172485 
0.264526 -0.51270 0.79346 -0.55786 0.65186 0.166992 
0.273804 -0.54810 0.82275 -0.55908 0.64209 0.160889 
0.324951 -0.66040 0.103394 -0.56030 0.87524 0.193848 
0.319580 -0.70923 0.108887 -0.68848 0.87524 0.214111 
0.331055 -0.75684 0.118774 -0.86182 0.141235 0.214355 
0.334595 -0.78735 0.124023 -0.94604 0.191040 0.206909 
0.342041 -0.82031 0.131592 -0.89600 0.208008 0.206909 
0.351807 -0.83740 0.140747 -0.74707 0.194336 0.193237 
0.363892 -0.85693 0.149414 -0.56519 0.167725 0.171265 
0.374268 -0.88257 0.155518 -0.40527 0.141235 0.139282 
0.348022 -0.88379 0.157959 -0.26123 0.115601 0.98999 
0.379272 -0.85449 0.158691 -0.10620 0.86914 0.52124 
0.382935 -0.80811 0.158325 0.5981 0.55420 0.3296 
0.384644 -0.74341 0.155396 0.19409 0.21362 -0.44067 
0.384766 -0.74341 0.152222 0.26978 -0.12329 -0.86304 
0.391480 -0.71533 0.149292 0.27588 -0.38330 -0.112061 
0.398926 -0.75195 0.143311 0.21362 -0.49927 -0.118164 
0.397583 -0.77637 0.134521 0.15015 -0.48096 -0.119141 
0.386841 -0.75317 0.134521 0.12939 -0.39917 -0.126465 
0.374146 -0.73730 0.125366 0.13428 -0.32349 -0.137085 
0.361328 -0.72510 0.118652 0.13184 -0.26611 -0.146973 
0.348267 -0.72266 0.115234 0.13184 -0.21362 -0.157349 
0.334717 -0.71777 0.114136 0.11841 -0.19043 -0.168823 
0.319946 -0.69336 0.113770 0.11597 -0.22217 -0.182129 
0.305054 -0.66284 0.113159 0.14038 -0.22217 -0.197266 
0.291626 -0.63599 0.111328 0.18433 -0.29053 -0.212158 
0.278687 -0.60669 0.109009 0.22705 -0.36499 -0.193237 
0.264648 -0.57373 0.106323 0.25391 -0.42480 -0.232910 
0.249634 -0.53223 0.102661 0.26123 -0.46997 -0.232910 
0.234619 -0.47729 0.98022 0.26001 -0.50903 -0.237549 
0.219360 -0.41748 0.91919 0.25513 -0.55054 -0.238892 
0.237671 -0.34790 0.84717 0.24048 -0.59814 -0.237671 
0.206421 -0.27832 0.78491 0.21484 -0.63599 -0.234497 
0.196167 -0.20386 0.73486 0.18066 -0.64575 -0.229736 
0.186768 -0.12817 0.69702 0.14038 -0.62622 -0.223755 
0.176880 -0.12817 0.65796 0.9888 -0.61401 -0.216675 
0.166504 -0.5737 0.61157 0.7813 -0.62012 -0.209229 
0.154297 0.1221 0.56885 0.7446 -0.64819 -0.201416 
0.141480 0.9521 0.51880 0.7690 -0.64087 -0.193848 
0.131836 0.15503 0.51880 0.6348 -0.61035 -0.181641 
0.121826 0.20630 0.46997 0.4395 -0.57007 -0.163940 
0.111450 0.26245 0.42480 0.4395 -0.51025 -0.144165 
0.101074 0.33813 0.38940 0.4395 -0.41992 -0.125366 
0.92651 0.41870 0.34668 0.5981 -0.29541 -0.107544 
0.85938 0.48828 0.31128 0.6714 -0.14648 -0.88989 
0.80811 0.54321 0.26978 0.5493 -0.29785 -0.68726 
0.75928 0.58716 0.21851 0.1465 0.1465 -0.47119 
0.71411 0.62378 0.16113 -0.5981 0.16968 -0.56152 
0.68359 0.65552 0.11841 -0.16235 0.30640 -0.2563 
0.66406 0.67505 0.10742 -0.27954 0.41504 -0.2563 
0.65796 0.67993 0.11719 -0.39307 0.50049 0.19165 
0.66895 0.67383 0.13550 -0.49072 0.56641 0.40283 
0.69214 0.64453 0.15747 -0.57495 0.62256 0.61157 
0.69214 0.59326 0.16724 -0.66040 0.66895 0.82031 
0.74585 0.52124 0.18188 -0.75684 0.70557 0.102295 
0.82642 0.43091 0.21973 -0.85449 0.74219 0.120728 
0.91797 0.32227 0.28076 -0.94849 0.78369 0.137329 
0.102051 0.32227 0.36743 -0.104004 0.81665 0.152710 
0.114502 0.20752 0.49805 -0.112671 0.83252 0.167480 
0.130127 0.8789 0.35400 -0.119873 0.83252 0.180786 
0.148315 -0.4028 0.66650 -0.123047 0.81787 0.191528 
0.165894 -0.19043 0.80566 -0.124756 0.72510 0.201416 
0.188477 -0.32593 0.96680 -0.121460 0.59692 0.213989 
0.199707 -0.39673 0.109375 -0.121460 0.54199 0.214233 
0.223999 -0.47974 0.116089 -0.115234 0.47852 0.210327 
0.244507 -0.55298 0.121460 -0.110107 0.44922 0.202759 
0.264160 -0.60181 0.124878 -0.106323 0.44189 0.191040 
0.281982 -0.63232 0.131104 -0.102783 0.44189 0.177734 
0.296875 -0.64941 0.139526 -0.99487 0.43823 0.164063 
0.308350 -0.65552 0.148315 -0.95215 0.42847 0.181030 
0.316895 -0.65186 0.155273 -0.89966 0.41138 0.149780 
0.365601 -0.76294 0.171143 -0.83862 0.40039 0.137085 
0.348755 -0.76782 0.176758 -0.87158 0.59570 0.161499 
0.350830 -0.75562 0.175903 -0.93750 0.99731 0.169434 
0.350830 -0.70190 0.171143 -0.90942 0.130127 0.160156 
0.345825 -0.65796 0.169556 -0.79834 0.131836 0.141602 
0.344727 -0.93018 0.170898 -0.67017 0.115601 0.120239 
0.343140 -0.59814 0.171021 -0.56641 0.99731 0.96191 
0.340942 -0.59814 0.169312 -0.47485 0.89966 0.70679 
0.335449 -0.57861 0.166382 -0.37598 0.84473 0.44189 
0.327393 -0.56152 0.163696 -0.26733 0.79346 0.16724 
0.320557 -0.54077 0.163696 -0.16479 0.72388 -0.9521 
0.314697 -0.51392 0.162598 -0.8179 0.62744 -0.33691 
0.309937 -0.49438 0.160889 -0.1953 0.48218 -0.55908 
0.308472 -0.48096 0.159668 -0.122 0.28687 -0.73242 
0.316040 -0.52490 0.160034 -0.122 0.8057 -0.77637 
0.320190 -0.59204 0.159424 -0.3418 0.23315 -0.75073 
0.319336 -0.63477 0.156738 -0.8057 -0.15015 -0.75562 
0.317749 -0.65552 0.153687 -0.9766 -0.15015 -0.79346 
0.314819 -0.67139 0.151001 -0.8667 -0.15503 -0.84106 
0.309937 -0.67017 0.148926 -0.6470 -0.12329 -0.89478 
0.305054 -0.65186 0.147583 -0.4150 -0.8667 -0.89478 
0.299194 -0.63721 0.147217 -0.854 -0.6714 -0.95215 
0.293701 -0.62988 0.146606 0.4028 -0.6104 -0.101807 
