0.197632 0.34790 0.38086 -0.23804 -0.27466 -0.78979 
0.193726 0.37598 0.39795 -0.26733 -0.23438 -0.77515 
0.193726 0.41138 0.43579 -0.29053 -0.16846 -0.76904 
0.191895 0.44678 0.50903 -0.32227 -0.9521 -0.74829 
0.192383 0.47974 0.55664 -0.33813 -0.2075 -0.70068 
0.192383 0.47974 0.58594 -0.36011 -0.244 -0.63110 
0.192261 0.50049 0.60669 -0.35156 -0.4150 -0.55664 
0.195801 0.52002 0.61646 -0.30762 -0.9644 -0.47974 
0.201904 0.55176 0.61157 -0.26001 -0.14160 -0.41382 
0.208374 0.59448 0.61157 -0.22217 -0.18799 -0.36377 
0.215332 0.62866 0.59937 -0.19287 -0.23560 -0.32837 
0.222412 0.65552 0.58105 -0.18311 -0.29297 -0.30396 
0.227905 0.65552 0.56030 -0.18311 -0.35400 -0.30151 
0.229126 0.63965 0.54688 -0.19043 -0.41748 -0.33447 
0.228760 0.65918 0.55420 -0.21484 -0.50659 -0.36621 
0.228149 0.66284 0.52124 -0.21484 -0.59448 -0.39307 
0.225464 0.66772 0.49072 -0.18066 -0.59448 -0.42969 
0.219238 0.62866 0.46265 -0.13916 -0.61523 -0.48340 
0.210449 0.57983 0.37231 -0.7690 -0.54077 -0.54688 
0.202515 0.65674 0.41504 -0.4761 -0.40283 -0.54688 
0.199829 0.69214 0.40649 -0.5371 -0.32837 -0.56274 
0.194946 0.70679 0.38818 -0.4883 -0.25391 -0.55542 
0.188721 0.69580 0.35156 -0.5127 -0.19653 -0.53345 
0.188721 0.70068 0.33203 -0.3662 -0.15381 -0.51758 
0.180786 0.72144 0.28687 -0.1709 -0.13916 -0.50781 
0.171021 0.71899 0.26855 -0.1709 -0.14404 -0.48828 
0.161255 0.71899 0.30640 -0.2319 -0.16479 -0.45410 
0.147461 0.71899 0.36011 -0.610 -0.19897 -0.40283 
0.131226 0.72998 0.39551 0.4150 -0.24536 -0.30762 
0.112427 0.74585 0.41748 0.10376 -0.30151 -0.15381 
0.92773 0.71777 0.41748 0.19897 -0.35645 0.5859 
0.74829 0.68481 0.40161 0.25635 -0.39551 0.33081 
0.63477 0.66284 0.33936 0.25635 -0.40771 0.64331 
0.58350 0.62012 0.29907 0.25635 -0.38452 0.96313 
0.58716 0.56763 0.26367 0.23315 -0.32471 0.126587 
0.63232 0.53711 0.22095 0.20874 -0.54565 0.153809 
0.69214 0.52002 0.17578 0.17822 -0.12451 0.176514 
0.73975 0.48584 0.15503 0.13794 -0.12451 0.195435 
0.75439 0.41992 0.16357 0.7813 -0.732 0.213013 
0.77148 0.32471 0.22583 0.854 0.11353 0.201050 
0.80688 0.23560 0.32349 -0.3784 0.24048 0.232300 
0.89233 0.12695 0.40894 -0.5493 0.37354 0.256104 
0.103760 0.1099 0.48950 -0.4761 0.50415 0.283936 
0.103760 -0.16479 0.55908 -0.2686 0.60059 0.315796 
0.154663 -0.19897 0.65552 -0.1099 0.87524 0.362671 
0.154663 -0.29419 0.66040 -0.3052 0.119141 0.394897 
0.170532 -0.7813 0.59204 -0.4517 0.137085 0.411865 
0.180786 -0.49927 0.52246 -0.5371 0.136963 0.415772 
0.190552 -0.49927 0.55420 -0.9521 0.129761 0.413086 
0.206665 -0.60059 0.60181 -0.20142 0.123047 0.406982 
0.224487 -0.77026 0.37476 -0.31616 0.111938 0.400635 
0.249390 -0.94482 0.68726 -0.39917 0.98389 0.394287 
0.285156 -0.106323 0.78979 -0.43579 0.84106 0.383911 
0.320435 -0.110352 0.90088 -0.46509 0.71533 0.366577 
0.349487 -0.108276 0.98267 -0.48706 0.61523 0.343262 
0.371094 -0.105225 0.103760 -0.48706 0.52734 0.314453 
0.381226 -0.106201 0.104248 -0.46753 0.43579 0.281128 
0.387451 -0.109497 0.105591 -0.42603 0.33813 0.245483 
0.393799 -0.110718 0.110718 -0.37476 0.33813 0.211060 
0.398926 -0.110840 0.113403 -0.32959 0.21606 0.180908 
0.403687 -0.110107 0.115234 -0.29175 0.9521 0.187256 
0.408569 -0.106934 0.117065 -0.24658 -0.1099 0.156006 
0.415039 -0.105469 0.118530 -0.20874 -0.9521 0.136597 
0.425293 -0.105713 0.120239 -0.16846 -0.15747 0.122314 
0.409546 -0.107178 0.121216 -0.11230 -0.18555 0.111694 
0.458984 -0.107666 0.120605 -0.5249 -0.17334 0.101196 
0.458984 -0.107056 0.118286 -0.1099 -0.12207 0.86426 
0.475952 -0.107178 0.114014 0.488 -0.3906 0.64941 
0.488647 -0.108521 0.107422 0.1831 0.6958 0.37231 
0.495239 -0.108521 0.100708 0.5859 0.20142 0.4150 
0.493897 -0.112549 0.94360 0.15259 0.32593 -0.33813 
0.486816 -0.116821 0.120605 0.24170 0.38940 -0.74707 
0.476196 -0.118286 0.89355 0.31250 0.38940 -0.116089 
0.461182 -0.117798 0.87402 0.37720 0.34912 -0.156128 
0.443359 -0.116089 0.87402 0.43579 0.30762 -0.193726 
0.424316 -0.113770 0.85815 0.52124 0.25513 -0.228271 
0.404663 -0.111328 0.81543 0.52124 0.18188 -0.260010 
0.382324 -0.109619 0.74585 0.63354 0.12451 -0.289307 
0.359863 -0.107178 0.67139 0.75195 0.9155 -0.312988 
0.336548 -0.104858 0.59570 0.86670 0.9155 -0.327637 
0.309814 -0.101074 0.49438 0.96924 0.8423 -0.334717 
0.282959 -0.95947 0.35522 0.104614 0.9644 -0.336304 
0.256592 -0.88745 0.19531 0.106445 0.13062 -0.335327 
0.232666 -0.82886 0.6836 0.100586 0.17334 -0.335327 
0.209229 -0.76416 -0.1953 0.91919 0.21240 -0.333252 
0.217285 -0.70068 -0.9521 0.83740 0.25024 -0.330322 
0.164795 -0.63721 -0.9888 0.77148 0.29663 -0.326172 
0.164795 -0.57251 -0.6714 0.70679 0.34058 -0.320313 
0.146606 -0.49805 -0.1465 0.65918 0.40894 -0.312256 
0.132568 -0.41626 0.6226 0.62134 0.48340 -0.301514 
0.118896 -0.41626 0.9888 0.58105 0.52368 -0.287964 
0.105103 -0.32715 0.13550 0.50537 0.54810 -0.270874 
0.93628 -0.23682 0.18188 0.35522 0.56030 -0.250000 
0.83862 -0.15137 0.23560 0.15015 0.56763 -0.225830 
0.74463 -0.8057 0.23560 -0.6714 0.57739 -0.198242 
0.67261 0.488 0.28931 -0.27222 0.58594 -0.168213 
0.62012 0.11230 0.35278 -0.14160 0.59570 -0.137451 
0.58350 0.21484 0.40649 -0.45410 0.61890 -0.108032 
0.56030 0.30640 0.45898 -0.60913 0.65796 -0.81909 
0.52246 0.39429 0.50049 -0.74463 0.69458 -0.60425 
0.46387 0.45898 0.52246 -0.87036 0.69458 -0.44312 
0.37964 0.49561 0.54932 -0.99609 0.71899 -0.32104 
0.26978 0.49072 0.60425 -0.111206 0.73242 -0.51025 
0.14038 0.46631 0.69214 -0.120605 0.73486 -0.3418 
0.4883 0.41992 0.77515 -0.128174 0.73730 -0.3418 
-0.3418 0.42480 0.90820 -0.134033 0.71655 0.21973 
-0.5493 0.41748 0.104614 -0.139404 0.65674 0.51880 
-0.2075 0.36621 0.117554 -0.140381 0.52002 0.83252 
-0.2075 0.27466 0.125488 -0.134399 0.31372 0.115356 
0.5981 0.14648 0.130127 -0.124878 0.5615 0.147705 
0.19531 0.854 0.133057 -0.116211 -0.19653 0.180298 
0.39551 0.18066 0.134888 -0.110962 -0.36499 0.213745 
0.65674 -0.13184 0.140137 -0.111572 -0.44312 0.247070 
0.97656 -0.23804 0.148926 -0.114502 -0.47119 0.277588 
0.133301 -0.29907 0.128418 -0.113892 -0.46509 0.298828 
0.170288 -0.33203 0.159668 -0.107300 -0.44800 0.309204 
0.206055 -0.37964 0.170044 -0.96069 -0.40161 0.311890 
0.238037 -0.44800 0.177246 -0.114380 -0.32349 0.307617 
0.269165 -0.52490 0.179932 -0.83130 -0.22339 0.299194 
0.298950 -0.57983 0.182007 -0.70068 -0.9766 0.288452 
0.325684 -0.61157 0.183105 -0.56641 -0.26123 0.274658 
0.348022 -0.60303 0.182373 -0.43579 0.20630 0.257568 
0.363770 -0.57495 0.180298 -0.32593 0.20630 0.236694 
0.371948 -0.52979 0.177002 -0.23315 0.36011 0.243652 
0.379028 -0.49438 0.173462 -0.16479 0.49194 0.195313 
0.393188 -0.57739 0.186279 -0.17212 0.72021 0.195313 
0.379150 -0.49194 0.193237 -0.38086 0.114380 0.191528 
0.362061 -0.53711 0.177490 -0.44922 0.138184 0.165039 
0.372559 -0.56030 0.188965 -0.20508 0.129761 0.131958 
0.372559 -0.58838 0.176147 -0.9399 0.113281 0.118164 
0.358765 -0.56396 0.168457 -0.610 0.91919 0.98022 
0.346924 -0.56396 0.161987 0.8057 0.70801 0.67993 
0.335205 -0.56641 0.154419 0.16479 0.45288 0.37964 
0.319702 -0.56641 0.147095 0.25879 0.20630 0.10132 
0.301758 -0.55664 0.140259 0.33325 0.244 -0.14893 
0.284912 -0.54810 0.136841 0.35034 -0.14648 -0.34180 
0.267334 -0.55176 0.136841 0.31982 -0.20752 -0.47607 
0.251465 -0.53955 0.134521 0.29175 -0.23438 -0.55298 
0.238403 -0.53589 0.134644 0.25391 -0.23193 -0.56885 
0.226318 -0.53345 0.132324 0.25391 -0.21729 -0.55054 
0.215332 -0.52979 0.130127 0.21973 -0.19165 -0.52368 
0.206909 -0.53223 0.126953 0.20142 -0.16479 -0.49072 
0.200806 -0.52368 0.122559 0.19165 -0.13306 -0.45532 
0.197754 -0.51270 0.118408 0.17944 -0.13306 -0.41870 
0.196167 -0.48950 0.114990 0.14771 -0.9155 -0.37964 
0.194946 -0.46997 0.113525 0.8545 -0.5859 -0.34668 
0.194580 -0.44922 0.114136 0.2441 -0.4028 -0.34668 
0.194458 -0.43335 0.115967 -0.2808 -0.4028 -0.31738 
0.194580 -0.42725 0.118652 -0.6348 -0.6226 -0.29419 
0.195313 -0.42480 0.121582 -0.7690 -0.10742 -0.27466 
