0.224854 0.56641 0.50781 0.366 -0.9399 -0.5615 
0.226929 0.56763 0.51147 -0.4028 -0.7446 -0.2563 
0.225098 0.56763 0.53223 -0.7324 -0.5737 -0.366 
0.224976 0.58228 0.53833 -0.7935 -0.4272 0.2075 
0.223755 0.58960 0.54688 -0.7446 -0.1831 0.5371 
0.223389 0.59570 0.54688 -0.6348 0.1343 0.8911 
0.223633 0.58716 0.56274 -0.3540 0.6104 0.11353 
0.226440 0.57983 0.56763 -0.610 0.11230 0.12573 
0.230469 0.57129 0.55054 -0.610 0.14160 0.10986 
0.233154 0.55908 0.54565 -0.244 0.15137 0.7813 
0.234375 0.56152 0.55664 -0.1343 0.11719 0.4272 
0.234009 0.57861 0.58838 -0.2930 0.3418 0.610 
0.231934 0.58716 0.63110 -0.4517 0.3418 -0.2930 
0.229370 0.58472 0.65674 -0.5127 -0.7813 -0.5981 
0.227661 0.57373 0.65796 -0.5127 -0.19409 -0.8667 
0.227051 0.56763 0.64819 -0.5493 -0.28564 -0.8667 
0.227417 0.57495 0.63477 -0.6836 -0.34424 -0.10986 
0.227783 0.57983 0.61768 -0.8301 -0.38086 -0.12573 
0.227417 0.57495 0.58838 -0.8667 -0.40283 -0.12085 
0.227417 0.57495 0.56274 -0.8179 -0.41138 -0.9521 
0.226074 0.56519 0.51392 -0.8423 -0.40283 -0.5615 
0.222046 0.57617 0.52124 -0.7813 -0.37476 0.732 
0.222900 0.57739 0.51270 -0.5371 -0.33936 0.6958 
0.221558 0.57739 0.51880 -0.1465 -0.29541 0.13428 
0.218994 0.57861 0.51636 0.4150 -0.26123 0.19287 
0.216187 0.58594 0.48706 0.11719 -0.23682 0.23804 
0.212280 0.59326 0.48706 0.17944 -0.21973 0.27100 
0.208130 0.58716 0.43091 0.20874 -0.19653 0.28564 
0.203613 0.57861 0.37842 0.20630 -0.15747 0.28564 
0.198730 0.56396 0.32349 0.20630 -0.10132 0.27832 
0.192261 0.55420 0.27344 0.17700 -0.3662 0.26367 
0.183472 0.54199 0.23560 0.11841 -0.28198 0.25146 
0.172607 0.53589 0.22217 0.4150 0.9399 0.25757 
0.159424 0.53711 0.22339 -0.3784 0.9399 0.29297 
0.145508 0.53833 0.24048 -0.10376 0.14771 0.36499 
0.132935 0.55542 0.27466 -0.16113 0.19653 0.48096 
0.123169 0.57495 0.32715 -0.21851 0.23926 0.48096 
0.118042 0.57495 0.38330 -0.26245 0.28564 0.63965 
0.116699 0.54688 0.43335 -0.29175 0.32715 0.82886 
0.116577 0.46875 0.47363 -0.32959 0.33569 0.107910 
0.120117 0.41382 0.51025 -0.34302 0.37842 0.136230 
0.120117 0.34302 0.54810 -0.38818 0.48462 0.159546 
0.122192 0.57007 0.57861 -0.42114 0.63477 0.176636 
0.124146 0.17456 0.61768 -0.42358 0.77148 0.190552 
0.128662 0.17456 0.67139 -0.41992 0.88013 0.205444 
0.135742 0.9033 0.73730 -0.41016 0.97290 0.221069 
0.146484 0.610 0.81299 -0.38818 0.105591 0.235840 
0.158691 -0.10620 0.81299 -0.31860 0.109131 0.247803 
0.174072 -0.21484 0.89111 -0.21973 0.116211 0.255859 
0.189087 -0.32837 0.94849 -0.14648 0.127197 0.259888 
0.202637 -0.42358 0.98999 -0.9644 0.140259 0.259155 
0.212280 -0.50049 0.101196 -0.9644 0.151855 0.254395 
0.218384 -0.54443 0.105591 -0.7446 0.130615 0.249146 
0.224365 -0.60181 0.111206 -0.9766 0.164795 0.250366 
0.225220 -0.62012 0.116821 -0.15503 0.164795 0.250122 
0.227905 -0.65674 0.124878 -0.17700 0.158936 0.250488 
0.235107 -0.70190 0.134033 -0.17456 0.148315 0.252808 
0.243042 -0.75317 0.140137 -0.15015 0.140991 0.252808 
0.251953 -0.80078 0.142822 -0.10986 0.135864 0.254150 
0.261719 -0.86914 0.142944 -0.10010 0.128662 0.252686 
0.273682 -0.93994 0.143433 -0.9644 0.118652 0.247437 
0.257568 -0.100220 0.145996 -0.8423 0.108398 0.238525 
0.288818 -0.106323 0.149780 -0.7446 0.102173 0.226685 
0.307617 -0.116333 0.166870 -0.8057 0.108154 0.215820 
0.336060 -0.113037 0.174316 -0.28442 0.142090 0.215576 
0.348877 -0.113037 0.182739 -0.45166 0.160767 0.198486 
0.358643 -0.123657 0.188721 -0.43213 0.155640 0.177734 
0.369629 -0.129150 0.192627 -0.30762 0.134766 0.155396 
0.382324 -0.135742 0.192993 -0.13794 0.106079 0.132813 
0.392456 -0.140991 0.192993 0.2686 0.74585 0.107422 
0.401001 -0.144897 0.189819 0.18188 0.43701 0.76904 
0.404907 -0.148071 0.181763 0.1709 0.17944 0.40527 
0.405396 -0.150024 0.174072 0.32959 -0.732 0.2197 
0.401123 -0.150024 0.165039 0.43213 -0.14282 -0.34668 
0.393433 -0.147583 0.156616 0.48584 -0.22095 -0.67871 
0.382813 -0.142334 0.149414 0.47974 -0.22095 -0.96924 
0.368530 -0.136719 0.144775 0.41260 -0.22217 -0.121338 
0.351563 -0.130493 0.142212 0.30151 -0.14893 -0.110840 
0.333618 -0.124878 0.140991 0.20874 -0.8057 -0.127930 
0.317017 -0.119385 0.140381 0.17212 -0.5981 -0.159180 
0.302734 -0.113892 0.140015 0.17212 -0.7568 -0.173462 
0.289795 -0.109131 0.137695 0.18311 -0.10010 -0.185425 
0.308105 -0.104614 0.132935 0.20142 -0.13794 -0.196289 
0.276855 -0.99731 0.127686 0.22217 -0.19531 -0.206909 
0.264648 -0.94238 0.122925 0.22827 -0.28809 -0.217163 
0.253540 -0.119141 0.118774 0.21729 -0.40527 -0.226685 
0.243652 -0.87891 0.114868 0.19653 -0.49683 -0.234619 
0.234131 -0.81543 0.110229 0.15747 -0.54688 -0.241211 
0.223999 -0.74463 0.105225 0.10376 -0.59082 -0.246948 
0.212158 -0.67261 0.100342 0.4883 -0.65186 -0.252197 
0.198975 -0.60669 0.100342 -0.366 -0.70679 -0.255859 
0.185547 -0.53711 0.97168 -0.6348 -0.71899 -0.256714 
0.171875 -0.45776 0.95093 -0.14038 -0.67871 -0.253906 
0.158203 -0.38208 0.92651 -0.14038 -0.61035 -0.247314 
0.146484 -0.30518 0.91187 -0.22461 -0.53345 -0.236816 
0.136841 -0.22827 0.90820 -0.29785 -0.46265 -0.222778 
0.128784 -0.15625 0.89355 -0.34546 -0.46265 -0.206421 
0.123169 -0.9277 0.86426 -0.37598 -0.40283 -0.188843 
0.119019 -0.4028 0.82520 -0.40649 -0.34912 -0.202515 
0.114868 0.244 0.78369 -0.44556 -0.29541 -0.185791 
0.110596 0.3418 0.75195 -0.49683 -0.22949 -0.154541 
0.105835 0.5981 0.74097 -0.56030 -0.15015 -0.138550 
0.100464 0.9277 0.75317 -0.62988 -0.6592 -0.123413 
0.94604 0.12939 0.77393 -0.69336 0.1099 -0.109253 
0.94604 0.16724 0.80811 -0.75195 0.7446 -0.95215 
0.88623 0.20142 0.84106 -0.79468 0.11841 -0.80444 
0.82886 0.22827 0.86792 -0.81299 0.14160 -0.64819 
0.78369 0.24292 0.89966 -0.81543 0.15137 -0.48706 
0.74951 0.24292 0.93994 -0.81177 0.16235 -0.31738 
0.73853 0.24780 0.98999 -0.81055 0.18311 -0.13428 
0.74829 0.23926 0.105347 -0.82520 0.22583 0.6714 
0.78613 0.22705 0.105347 -0.84351 0.26611 0.28809 
0.84473 0.21606 0.112793 -0.84106 0.28687 0.51758 
0.91553 0.19897 0.119873 -0.81543 0.28442 0.75684 
0.100464 0.16724 0.125854 -0.81543 0.26978 0.99976 
0.111938 0.11841 0.131348 -0.77881 0.25635 0.123657 
0.126221 0.6470 0.136353 -0.73608 0.25513 0.144897 
0.141480 0.732 0.140625 -0.68726 0.27222 0.162598 
0.157471 -0.5249 0.144165 -0.64087 0.27222 0.176514 
0.174194 -0.11108 0.147705 -0.59692 0.30884 0.186646 
0.190186 -0.16479 0.150024 -0.55542 0.36621 0.161377 
0.204956 -0.20874 0.152466 -0.51758 0.42603 0.192627 
0.218262 -0.25513 0.154785 -0.48340 0.47241 0.194824 
0.229614 -0.30396 0.156616 -0.44800 0.50171 0.193848 
0.240112 -0.36133 0.157715 -0.41138 0.52124 0.190308 
0.240112 -0.41504 0.158813 -0.37964 0.53955 0.184570 
0.250488 -0.46265 0.160156 -0.35400 0.56030 0.177124 
0.260132 -0.49805 0.161377 -0.33325 0.57861 0.167725 
0.269165 -0.52856 0.162720 -0.31006 0.58105 0.156616 
0.276611 -0.52856 0.164063 -0.27710 0.55664 0.143677 
0.282105 -0.55542 0.178467 -0.25635 0.55908 0.134155 
0.297241 -0.69702 0.177490 -0.38208 0.76660 0.136353 
0.296631 -0.63232 0.177490 -0.42236 0.91309 0.121338 
0.293823 -0.70190 0.180298 -0.39063 0.92163 0.108154 
0.288818 -0.71411 0.179810 -0.31372 0.82153 0.93140 
0.285034 -0.74219 0.175903 -0.55176 0.66040 0.77271 
0.282959 -0.76660 0.174561 -0.23926 0.47729 0.63232 
0.278687 -0.77515 0.173218 -0.16113 0.31372 0.48340 
0.272583 -0.77026 0.169556 -0.6958 0.48340 0.32227 
0.265625 -0.76172 0.164673 0.2197 0.17090 0.17212 
0.257935 -0.75073 0.158936 0.10498 0.3174 0.4517 
0.250000 -0.73486 0.152832 0.17578 -0.10620 0.25391 
0.241821 -0.71167 0.147095 0.22461 -0.23315 -0.5859 
0.233154 -0.68359 0.141724 0.25269 -0.33813 -0.14282 
0.225220 -0.65552 0.137329 0.26245 -0.41016 -0.20630 
0.249268 -0.62988 0.133545 0.25513 -0.44556 -0.24780 
0.212036 -0.60791 0.130615 0.23560 -0.45288 -0.26733 
0.212036 -0.59326 0.128418 0.20142 -0.43335 -0.26489 
0.206665 -0.57861 0.125854 0.15381 -0.39429 -0.23926 
0.201294 -0.56641 0.124146 0.11230 -0.35156 -0.21118 
