0.233398 0.25391 0.79224 -0.34546 -0.26489 -0.18799 
0.234009 0.28320 0.79224 -0.29053 -0.18799 -0.19043 
0.233765 0.30396 0.77637 -0.25146 -0.13184 -0.17212 
0.233643 0.31860 0.74951 -0.22705 -0.8667 -0.15747 
0.234863 0.33936 0.76050 -0.22705 -0.5371 -0.14893 
0.235474 0.36743 0.78613 -0.21606 -0.4150 -0.14160 
0.234863 0.38574 0.80322 -0.20630 -0.5005 -0.13672 
0.235352 0.39795 0.82886 -0.19043 -0.5005 -0.13672 
0.236206 0.41626 0.85938 -0.17456 -0.5005 -0.13916 
0.237061 0.43579 0.89844 -0.16479 -0.3906 -0.14526 
0.236694 0.44312 0.93140 -0.16113 -0.2686 -0.15625 
0.235962 0.44800 0.94116 -0.15381 -0.3296 -0.15625 
0.236206 0.45044 0.95337 -0.14282 -0.7324 -0.17700 
0.236328 0.45044 0.96802 -0.13306 -0.13062 -0.20020 
0.235962 0.44800 0.97046 -0.11475 -0.18799 -0.21240 
0.236084 0.45288 0.96313 -0.8789 -0.22583 -0.20264 
0.236084 0.45776 0.94482 -0.7202 -0.26123 -0.17334 
0.235962 0.45654 0.92163 -0.7813 -0.31616 -0.11719 
0.236450 0.45044 0.88745 -0.9644 -0.39063 -0.5249 
0.237915 0.45044 0.86182 -0.12939 -0.45654 -0.122 
0.239258 0.38452 0.81665 -0.16846 -0.47363 0.1099 
0.240356 0.33691 0.77148 -0.21240 -0.44922 0.732 
0.241699 0.31860 0.77148 -0.29541 -0.39917 0.244 
0.242432 0.31128 0.73730 -0.39185 -0.34058 -0.732 
0.242676 0.30273 0.73730 -0.44434 -0.29785 -0.2808 
0.241211 0.29297 0.77026 -0.45288 -0.28442 -0.6592 
0.239502 0.30273 0.77637 -0.45288 -0.29419 -0.11841 
0.236328 0.31128 0.74341 -0.43945 -0.1099 -0.18066 
0.234009 0.31982 0.70435 -0.42358 -0.36011 -0.24780 
0.231445 0.33569 0.67383 -0.41748 -0.36011 -0.30762 
0.227417 0.36011 0.65918 -0.41992 -0.38574 -0.34546 
0.221802 0.38696 0.64453 -0.42236 -0.40283 -0.35522 
0.214233 0.41382 0.60547 -0.41504 -0.42480 -0.35522 
0.206299 0.43213 0.55054 -0.40894 -0.45898 -0.34058 
0.198242 0.44434 0.51636 -0.40039 -0.50049 -0.30029 
0.190796 0.45532 0.51025 -0.37720 -0.52979 -0.23315 
0.215576 0.46753 0.52002 -0.32959 -0.53711 -0.13672 
0.184326 0.48218 0.51025 -0.25757 -0.52734 -0.1343 
0.177734 0.48706 0.45654 -0.17334 -0.51514 0.12695 
0.171021 0.47852 0.35278 -0.12207 -0.50171 0.27710 
0.164795 0.47852 0.24780 -0.12695 -0.47729 0.42358 
0.160034 0.46021 0.16602 -0.18311 -0.43823 0.55542 
0.157349 0.42725 0.11230 -0.27954 -0.39063 0.66162 
0.155396 0.36987 0.11230 -0.38696 -0.34790 0.73608 
0.152344 0.29785 0.9766 -0.47241 -0.31860 0.78979 
0.148438 0.22827 0.11353 -0.53345 -0.32104 0.84473 
0.143921 0.18066 0.18188 -0.57007 -0.34790 0.91064 
0.140137 0.14893 0.26611 -0.57007 -0.38208 0.100586 
0.138428 0.12329 0.32837 -0.57373 -0.39795 0.113159 
0.138794 0.9277 0.34424 -0.55664 -0.38696 0.128418 
0.145874 0.3540 0.32837 -0.54565 -0.38696 0.148438 
0.152222 -0.1343 0.29053 -0.56396 -0.35400 0.165283 
0.166870 -0.8423 0.27954 -0.60913 -0.27832 0.179077 
0.183350 -0.17334 0.29419 -0.64941 -0.17456 0.159302 
0.201660 -0.24414 0.32837 -0.67261 -0.4883 0.190552 
0.219116 -0.31494 0.37231 -0.68970 0.7446 0.197632 
0.235962 -0.37354 0.43091 -0.69946 0.15991 0.199951 
0.220825 -0.43701 0.50537 -0.70801 0.19043 0.197388 
0.252075 -0.49561 0.57617 -0.72144 0.16968 0.189575 
0.265015 -0.55176 0.64087 -0.73364 0.11841 0.177734 
0.274292 -0.60669 0.71167 -0.74097 0.5981 0.165161 
0.281494 -0.60669 0.78979 -0.72754 0.2808 0.154419 
0.288330 -0.64453 0.85571 -0.67993 0.3784 0.146851 
0.294556 -0.66284 0.89478 -0.62134 0.8301 0.142334 
0.300415 -0.67139 0.92407 -0.56152 0.15381 0.139771 
0.306519 -0.67261 0.92407 -0.50659 0.23315 0.138428 
0.312256 -0.66162 0.93872 -0.46021 0.30151 0.136841 
0.327515 -0.61279 0.93506 -0.48706 0.41748 0.149170 
0.337647 -0.72266 0.100098 -0.48706 0.63599 0.161865 
0.348633 -0.73730 0.99609 -0.57373 0.81299 0.157105 
0.355103 -0.75806 0.94849 -0.59204 0.80933 0.143066 
0.365723 -0.78369 0.93262 -0.54199 0.80933 0.123901 
0.375732 -0.79468 0.95703 -0.46265 0.68481 0.100098 
0.383057 -0.79102 0.96802 -0.36377 0.57861 0.103882 
0.385254 -0.77515 0.95581 -0.25879 0.50171 0.72998 
0.386108 -0.74341 0.95581 -0.15747 0.43457 0.41748 
0.385254 -0.72144 0.98267 -0.7202 0.37964 0.10132 
0.387085 -0.72266 0.100952 -0.2930 0.32349 -0.17334 
0.386841 -0.75928 0.104614 -0.5249 0.26611 -0.33081 
0.386841 -0.76904 0.107788 -0.10498 0.25024 -0.40649 
0.384766 -0.77393 0.109253 -0.13062 0.26001 -0.49316 
0.383667 -0.79590 0.109985 -0.12207 0.24536 -0.61890 
0.383545 -0.83130 0.109619 -0.9888 0.20508 -0.77637 
0.380371 -0.83130 0.108643 -0.6714 0.16235 -0.96436 
0.373535 -0.85083 0.106934 -0.2197 0.10864 -0.116943 
0.364014 -0.85083 0.105103 0.2686 0.4150 -0.138062 
0.352539 -0.84595 0.105103 0.8301 -0.2441 -0.158569 
0.340088 -0.83252 0.103149 0.14404 -0.7568 -0.177734 
0.327026 -0.81421 0.101074 0.19531 -0.10864 -0.194336 
0.312012 -0.79346 0.98145 0.19531 -0.13062 -0.207153 
0.295654 -0.77271 0.95093 0.22095 -0.15137 -0.216553 
0.279541 -0.74341 0.93140 0.22339 -0.18555 -0.223389 
0.262695 -0.69458 0.90820 0.21606 -0.24780 -0.229248 
0.246582 -0.63477 0.88867 0.21362 -0.24780 -0.234009 
0.230469 -0.56885 0.86792 0.22095 -0.33203 -0.236816 
0.214600 -0.48950 0.83252 0.23315 -0.42480 -0.236450 
0.200195 -0.40894 0.78857 0.24658 -0.51636 -0.236450 
0.186401 -0.32227 0.72388 0.26489 -0.58594 -0.232422 
0.173584 -0.23682 0.66040 0.27710 -0.63110 -0.225952 
0.162231 -0.15503 0.61523 0.28198 -0.64331 -0.218262 
0.162231 -0.8545 0.57373 0.27466 -0.61523 -0.208252 
0.152954 -0.2075 0.52856 0.25513 -0.58960 -0.194702 
0.141968 -0.26367 0.46997 0.23071 -0.58350 -0.178955 
0.131104 0.12207 0.41626 0.20020 -0.58472 -0.163696 
0.122803 0.12207 0.37109 0.18066 -0.55542 -0.150635 
0.116455 0.18433 0.31738 0.17700 -0.48828 -0.139160 
0.111084 0.23804 0.54932 0.18188 -0.38452 -0.128784 
0.107422 0.27100 0.23682 0.18066 -0.23804 -0.119141 
0.103271 0.29785 0.15137 0.15747 -0.6348 -0.108643 
0.95581 0.34912 0.8423 0.8789 0.9399 -0.95825 
0.87524 0.41870 0.5371 0.8789 0.19165 -0.80811 
0.82397 0.46631 0.8057 -0.2930 0.21484 -0.64087 
0.80444 0.47607 0.14404 -0.16602 0.18188 -0.46631 
0.80444 0.45776 0.20020 -0.27344 0.11963 -0.27832 
0.82031 0.43213 0.24292 -0.34302 0.11963 -0.7446 
0.85815 0.40405 0.27588 -0.39795 0.6470 -0.16846 
0.90454 0.38940 0.32227 -0.45166 0.3906 0.5859 
0.95947 0.37964 0.36377 -0.49072 0.2319 0.37109 
0.101929 0.35889 0.38940 -0.50537 0.977 0.60059 
0.108521 0.31982 0.39673 -0.50903 -0.244 0.82642 
0.117554 0.26245 0.39795 -0.51025 -0.1099 0.104736 
0.97412 0.19775 0.38940 -0.50415 0.244 0.126221 
0.128662 0.13428 0.38818 -0.48828 0.4883 0.146729 
0.143066 0.7324 0.39307 -0.48096 0.11963 0.166260 
0.159302 0.732 0.40771 -0.48828 0.20508 0.182983 
0.176025 0.732 0.46631 -0.51270 0.28198 0.194214 
0.194092 -0.6348 0.45044 -0.58350 0.27954 0.203735 
0.208374 -0.13062 0.48340 -0.63232 0.27954 0.206543 
0.220825 -0.16113 0.48340 -0.65430 0.28931 0.196289 
0.240112 -0.23071 0.54199 -0.67017 0.23071 0.191528 
0.250000 -0.25757 0.58838 -0.65918 0.20508 0.185669 
0.265015 -0.28687 0.64087 -0.63965 0.22583 0.181519 
0.278687 -0.33691 0.68604 -0.63965 0.30640 0.179565 
0.292847 -0.39673 0.75195 -0.62378 0.10864 0.177979 
0.306519 -0.46753 0.83740 -0.60425 0.52979 0.174316 
0.319458 -0.53467 0.93140 -0.57861 0.52979 0.167236 
0.330322 -0.58350 0.102173 -0.55176 0.58350 0.155884 
0.338745 -0.60913 0.109863 -0.52368 0.56641 0.140625 
0.344238 -0.61279 0.114014 -0.49194 0.48584 0.140625 
0.347778 -0.60059 0.115234 -0.45532 0.37720 0.122681 
0.373291 -0.67505 0.119019 -0.41626 0.28687 0.106812 
0.364624 -0.63843 0.111450 -0.44556 0.32959 0.110107 
0.363647 -0.60547 0.106201 -0.46143 0.45532 0.100952 
0.363647 -0.58838 0.101563 -0.41382 0.47729 0.85693 
0.364502 -0.56519 0.99854 -0.31616 0.39551 0.66528 
0.365845 -0.54810 0.96191 -0.22095 0.32837 0.44678 
0.364136 -0.54810 0.94238 -0.15503 0.28564 0.20630 
0.362061 -0.51636 0.95825 -0.12817 0.25146 -0.1709 
0.362793 -0.51025 0.97534 -0.15381 0.22339 -0.16113 
0.357178 -0.51270 0.97534 -0.19043 0.19165 -0.26978 
