0.229736 0.54932 0.73120 0.19287 -0.14160 0.10376 
0.229736 0.55664 0.69458 0.21851 -0.4639 0.4150 
0.232300 0.58838 0.68481 0.23193 0.5493 -0.3784 
0.236084 0.31860 0.67993 0.20752 0.14038 -0.13550 
0.237671 0.63110 0.71411 0.15625 0.16602 -0.22949 
0.238892 0.68237 0.77026 0.11719 0.12939 -0.28564 
0.238037 0.72876 0.82153 0.11963 0.6226 -0.29419 
0.236206 0.77637 0.82153 0.15015 -0.2075 -0.25513 
0.234131 0.80566 0.85449 0.20142 -0.10254 -0.18066 
0.232544 0.81299 0.86548 0.25269 -0.18433 -0.8911 
0.231934 0.80078 0.85327 0.29175 -0.26245 0.244 
0.231323 0.78125 0.83374 0.29175 -0.34302 0.8423 
0.231934 0.76660 0.80688 0.31494 -0.42603 0.15991 
0.233276 0.76416 0.78491 0.33203 -0.49805 0.22949 
0.234131 0.75684 0.75806 0.35645 -0.49805 0.28687 
0.234619 0.74463 0.72388 0.38330 -0.55054 0.33203 
0.234375 0.73120 0.68848 0.41260 -0.57373 0.36255 
0.233154 0.71289 0.66406 0.44189 -0.56274 0.36255 
0.231567 0.68237 0.65308 0.47119 -0.49927 0.37720 
0.229736 0.65186 0.65674 0.50537 -0.42114 0.38574 
0.226929 0.62012 0.67871 0.55908 -0.33081 0.39185 
0.224976 0.62622 0.68359 0.64819 -0.24048 0.39429 
0.224976 0.63354 0.64575 0.75073 -0.17212 0.40894 
0.221313 0.93628 0.56030 0.82642 -0.14160 0.43823 
0.218018 0.58716 0.45288 0.84961 -0.14282 0.47119 
0.215454 0.58716 0.34424 0.81421 -0.14771 0.48584 
0.214844 0.53345 0.25513 0.72876 -0.12817 0.46875 
0.215332 0.50171 0.19653 0.60303 -0.8545 0.42725 
0.215210 0.49805 0.16724 0.45898 -0.3662 0.37109 
0.213501 0.51270 0.16724 0.31982 0.1099 0.31616 
0.209839 0.53345 0.15625 0.51758 0.5615 0.27588 
0.204346 0.54932 0.16113 0.11841 0.9644 0.25391 
0.197998 0.56274 0.17456 0.11841 0.13184 0.25391 
0.190430 0.57495 0.18677 0.6226 0.15869 0.28198 
0.183105 0.58228 0.17822 0.1953 0.17822 0.33447 
0.177002 0.58472 0.15015 -0.3174 0.17822 0.40527 
0.172485 0.57129 0.11963 -0.10254 0.19287 0.48096 
0.169678 0.54810 0.9155 -0.19165 0.21118 0.55176 
0.167603 0.52124 0.7324 -0.28687 0.23560 0.61401 
0.165527 0.48950 0.7935 -0.38818 0.27466 0.61401 
0.163086 0.45776 0.10254 -0.49561 0.32349 0.67017 
0.160034 0.43091 0.14893 -0.60059 0.38086 0.72266 
0.156616 0.40161 0.20874 -0.69824 0.43579 0.77148 
0.156616 0.36499 0.26978 -0.78369 0.48340 0.82397 
0.152466 0.31860 0.31494 -0.86304 0.51880 0.88623 
0.147461 0.59326 0.34546 -0.94727 0.52490 0.96680 
0.144409 0.28076 0.37598 -0.102539 0.49438 0.106445 
0.144409 0.24780 0.39307 -0.108154 0.44678 0.117676 
0.147217 0.21973 0.38574 -0.110840 0.42236 0.130127 
0.154297 0.20264 0.41504 -0.113892 0.42725 0.143311 
0.164917 0.16968 0.41504 -0.119263 0.49316 0.155640 
0.178955 0.9521 0.49683 -0.123535 0.64209 0.165527 
0.196045 0.1831 0.62866 -0.94727 0.83496 0.172730 
0.215332 -0.3540 0.80444 -0.125977 0.103149 0.177124 
0.234985 -0.6958 0.100464 -0.126587 0.119263 0.178223 
0.253296 -0.9277 0.120972 -0.124023 0.98389 0.175659 
0.269775 -0.11963 0.140747 -0.118042 0.129639 0.169922 
0.285156 -0.14526 0.157593 -0.108398 0.134277 0.161499 
0.297730 -0.18066 0.170898 -0.95337 0.134521 0.156250 
0.361328 -0.50171 0.203003 -0.82397 0.134888 0.166626 
0.347656 -0.35156 0.206299 -0.91431 0.175659 0.197876 
0.346313 -0.40649 0.205200 -0.92651 0.224487 0.206543 
0.345581 -0.46265 0.208740 -0.82764 0.242676 0.190308 
0.374756 -0.48950 0.209595 -0.70801 0.227051 0.172730 
0.343506 -0.47119 0.207397 -0.57739 0.189819 0.154297 
0.339233 -0.44067 0.206299 -0.43945 0.144897 0.128662 
0.336792 -0.40894 0.204224 -0.32593 0.106323 0.96924 
0.331543 -0.37720 0.199829 -0.21729 0.77271 0.62134 
0.322876 -0.37720 0.194336 -0.7324 0.53955 0.27832 
0.316650 -0.32593 0.188355 0.9766 0.33936 -0.2686 
0.313477 -0.26489 0.213379 0.26978 0.16113 -0.29663 
0.311768 -0.22095 0.182129 0.41016 0.122 -0.51392 
0.315430 -0.19653 0.177246 0.46631 -0.15747 -0.62256 
0.322754 -0.18311 0.170898 0.43335 -0.30884 -0.61523 
0.325439 -0.21851 0.168091 0.43335 -0.40649 -0.57739 
0.326050 -0.23804 0.166382 0.38452 -0.45532 -0.59692 
0.326660 -0.26245 0.165894 0.37598 -0.46631 -0.67261 
0.327759 -0.31128 0.167969 0.38086 -0.42969 -0.77271 
0.327393 -0.34912 0.170898 0.38940 -0.42969 -0.88135 
0.325317 -0.36743 0.172607 0.40649 -0.37720 -0.68604 
0.321167 -0.36133 0.173218 0.43823 -0.35278 -0.112793 
0.314697 -0.34302 0.172119 0.48218 -0.37476 -0.112793 
0.306519 -0.31982 0.169312 0.53589 -0.44189 -0.126221 
0.297241 -0.29053 0.165405 0.59570 -0.53345 -0.139526 
0.286255 -0.25757 0.159424 0.65186 -0.62256 -0.151123 
0.286255 -0.21729 0.151855 0.68970 -0.69702 -0.160522 
0.275269 -0.17578 0.144165 0.70068 -0.75195 -0.167480 
0.263916 -0.13794 0.136597 0.68848 -0.80200 -0.172485 
0.251709 -0.8179 0.129761 0.67017 -0.86670 -0.175903 
0.240234 -0.8179 0.123535 0.65308 -0.93872 -0.177734 
0.229248 -0.2441 0.117554 0.63354 -0.101440 -0.177856 
0.218872 0.3784 0.111572 0.61035 -0.110840 -0.176270 
0.210083 0.9888 0.111572 0.59326 -0.122559 -0.173462 
0.199951 0.17700 0.102173 0.58594 -0.134277 -0.171143 
0.194092 0.21118 0.95093 0.54810 -0.140503 -0.165405 
0.188232 0.27222 0.86182 0.47363 -0.142944 -0.159302 
0.180420 0.30396 0.77515 0.47363 -0.141968 -0.153931 
0.173828 0.34058 0.70435 0.39551 -0.139404 -0.147705 
0.166138 0.39307 0.64819 0.31250 -0.134521 -0.141846 
0.159790 0.44312 0.59692 0.22217 -0.134521 -0.137085 
0.154663 0.48584 0.55664 0.13672 -0.126587 -0.132446 
0.150024 0.50659 0.52002 0.7202 -0.117432 -0.126465 
0.145020 0.52002 0.47363 0.3052 -0.108154 -0.126465 
0.140015 0.52368 0.41870 0.488 -0.98755 -0.119141 
0.135742 0.51025 0.35645 -0.854 -0.88135 -0.110352 
0.131226 0.48218 0.28320 -0.2441 -0.76172 -0.100708 
0.126709 0.44556 0.21362 -0.5371 -0.62622 -0.91431 
0.126709 0.41626 0.17334 -0.10132 -0.46753 -0.82764 
0.122925 0.40283 0.15991 -0.17456 -0.29663 -0.73853 
0.119385 0.39673 0.17700 -0.26611 -0.13184 -0.64331 
0.114990 0.39673 0.20752 -0.35156 0.1953 -0.54688 
0.109131 0.40161 0.24048 -0.42480 0.14160 -0.44800 
0.100342 0.41382 0.26855 -0.48706 0.23926 -0.34668 
0.91675 0.43335 0.26855 -0.54077 0.32104 -0.23193 
0.84351 0.44312 0.28809 -0.58594 0.39917 -0.9644 
0.78735 0.43213 0.30029 -0.31616 0.47363 0.6226 
0.76782 0.41870 0.30640 -0.67505 0.55054 0.24414 
0.78125 0.40405 0.31250 -0.67505 0.63599 0.43945 
0.82397 0.39673 0.33325 -0.73486 0.74097 0.63354 
0.89478 0.37964 0.37109 -0.80078 0.86426 0.82153 
0.98022 0.36499 0.41138 -0.83862 0.86426 0.99487 
0.105591 0.34424 0.45288 -0.85693 0.97534 0.114380 
0.113403 0.32104 0.49194 -0.87402 0.106079 0.95703 
0.121094 0.29541 0.53345 -0.89355 0.111450 0.126953 
0.128418 0.26489 0.57007 -0.90942 0.113647 0.137451 
0.135498 0.25146 0.56030 -0.93018 0.113403 0.146362 
0.155884 0.18066 0.62256 -0.98633 0.108398 0.156006 
0.133301 0.21362 0.69458 -0.104980 0.105103 0.174561 
0.164551 0.16602 0.74585 -0.109741 0.109619 0.179199 
0.186646 0.12695 0.87891 -0.116699 0.113403 0.179810 
0.207642 0.4272 0.101318 -0.122803 0.121094 0.179565 
0.224609 0.4272 0.114136 -0.121338 0.126465 0.174438 
0.240845 0.854 0.127197 -0.117554 0.129761 0.165894 
0.253662 -0.3418 0.142456 -0.115967 0.130005 0.155762 
0.262451 -0.7324 0.129028 -0.111816 0.127686 0.145996 
0.271118 -0.6104 0.160278 -0.106201 0.123901 0.138062 
0.279541 -0.2319 0.177246 -0.99121 0.122803 0.132690 
0.289307 -0.1099 0.193604 -0.120850 0.125488 0.128906 
0.318604 0.1587 0.207764 -0.89600 0.154907 0.154419 
0.336670 -0.15747 0.237427 -0.87769 0.215210 0.183228 
0.334839 -0.15381 0.236938 -0.95703 0.190186 0.171631 
0.333862 -0.18677 0.235230 -0.91309 0.252686 0.148193 
0.337036 -0.23071 0.232422 -0.75684 0.255615 0.124268 
0.337524 -0.25391 0.228882 -0.55786 0.229004 0.96802 
0.339111 -0.27588 0.224731 -0.37354 0.189941 0.96680 
0.336670 -0.30151 0.221069 -0.23071 0.151733 0.65430 
0.329712 -0.32471 0.218506 -0.13062 0.119751 0.31738 
0.319092 -0.31860 0.215698 -0.5981 0.93750 -0.488 
0.339355 -0.29785 0.214966 0.1099 0.70313 -0.30396 
0.308105 -0.26733 0.216919 0.9155 0.47852 -0.57495 
