0.201782 0.27100 0.24658 -0.4150 0.4272 -0.8057 
0.207153 0.24658 0.20508 -0.13550 0.21362 -0.9644 
0.215942 0.22949 0.21606 -0.22827 0.38208 -0.13672 
0.224121 0.22461 0.27588 -0.22827 0.53589 -0.18921 
0.230469 0.26245 0.36011 -0.27344 0.32227 -0.21484 
0.231689 0.31006 0.43457 -0.27466 0.63965 -0.19653 
0.230103 0.35889 0.48950 -0.26367 0.63965 -0.13550 
0.228027 0.40771 0.57007 -0.24780 0.53101 -0.4761 
0.226196 0.45288 0.65308 -0.22217 0.34546 -0.26001 
0.225830 0.45898 0.69580 -0.17334 0.11353 0.5249 
0.228271 0.41504 0.67383 -0.11108 -0.11719 0.13550 
0.232544 0.35645 0.60425 -0.7324 -0.28076 0.17700 
0.237427 0.31860 0.53589 -0.8301 -0.36621 0.17578 
0.244141 0.31860 0.51514 -0.13428 -0.40527 0.15137 
0.244141 0.33447 0.52124 -0.19043 -0.43457 0.11963 
0.250244 0.34302 0.52734 -0.22339 -0.47729 0.9277 
0.253662 0.35156 0.53101 -0.23193 -0.53345 0.6958 
0.254639 0.35156 0.51025 -0.21973 -0.58716 0.4395 
0.253784 0.34790 0.48218 -0.19287 -0.63110 0.2319 
0.251587 0.34302 0.44678 -0.17456 -0.64697 0.732 
0.250244 0.34302 0.44678 -0.14893 -0.62866 -0.1343 
0.249023 0.34546 0.42603 -0.12085 -0.58228 -0.3784 
0.247314 0.36621 0.41260 -0.10376 -0.52124 -0.5737 
0.244385 0.39307 0.41382 -0.8789 -0.45410 -0.7446 
0.239624 0.41382 0.41992 -0.8789 -0.38696 -0.8667 
0.233643 0.43213 0.41870 -0.6104 -0.32959 -0.9033 
0.225952 0.44067 0.40283 -0.2441 -0.56274 -0.7446 
0.218506 0.47119 0.41138 0.2808 -0.25024 -0.5981 
0.210205 0.48340 0.40039 0.6592 -0.15381 -0.2930 
0.200928 0.49194 0.37354 0.10620 -0.8179 -0.29419 
0.191528 0.50537 0.36011 0.14648 -0.3174 0.7935 
0.181763 0.51147 0.34180 0.16968 0.1953 0.7935 
0.171021 0.49683 0.32593 0.15991 0.7690 0.15381 
0.159058 0.47607 0.31250 0.12573 0.14648 0.23804 
0.177612 0.46753 0.30151 0.8545 0.21851 0.33936 
0.146362 0.46509 0.29907 0.4883 0.28442 0.47241 
0.136963 0.45288 0.30151 0.977 0.34058 0.63110 
0.130615 0.43579 0.30762 -0.1831 0.38818 0.80688 
0.126221 0.43579 0.31738 -0.3174 0.42969 0.99365 
0.122803 0.40894 0.33691 -0.3296 0.47729 0.118042 
0.119019 0.36865 0.34668 -0.2197 0.53711 0.135742 
0.113892 0.32227 0.35400 -0.1343 0.60181 0.153076 
0.109253 0.24292 0.35400 -0.4639 0.67993 0.172607 
0.104858 0.16357 0.38208 -0.10864 0.76416 0.192627 
0.102417 0.9766 0.42358 -0.15381 0.80933 0.209717 
0.105835 0.1953 0.49561 -0.15381 0.79834 0.227295 
0.116577 -0.9277 0.60669 -0.16235 0.77515 0.248535 
0.131348 -0.21729 0.71533 -0.12573 0.76172 0.271606 
0.147949 -0.34302 0.80078 -0.4395 0.76172 0.291626 
0.164429 -0.46021 0.87158 0.7446 0.77026 0.306274 
0.177246 -0.56030 0.92773 0.21240 0.81543 0.284546 
0.186523 -0.65308 0.96191 0.34302 0.89966 0.322510 
0.197754 -0.74585 0.95825 0.42725 0.100708 0.322510 
0.216675 -0.87036 0.95703 0.44312 0.110718 0.327759 
0.209839 -0.99487 0.97900 0.41260 0.120361 0.330078 
0.236328 -0.109253 0.103394 0.36621 0.128540 0.327881 
0.267578 -0.116333 0.111084 0.31372 0.134521 0.320068 
0.292114 -0.120239 0.119263 0.28198 0.137207 0.306030 
0.311523 -0.121826 0.126587 0.28442 0.135864 0.286621 
0.322388 -0.124268 0.132690 0.30762 0.130493 0.264282 
0.327026 -0.124268 0.136353 0.34180 0.123779 0.242432 
0.325562 -0.125854 0.140137 0.38452 0.114990 0.222412 
0.326172 -0.128540 0.141602 0.42114 0.103516 0.207520 
0.347168 -0.130737 0.141602 0.32471 0.114624 0.213257 
0.356689 -0.142822 0.161255 0.12329 0.141480 0.214722 
0.371216 -0.152710 0.160767 0.12207 0.144897 0.198608 
0.384033 -0.156006 0.158203 0.12207 0.127197 0.172119 
0.390747 -0.160889 0.157593 0.16724 0.104614 0.136597 
0.391724 -0.161987 0.154541 0.21851 0.108154 0.96191 
0.386841 -0.163452 0.151611 0.24414 0.75317 0.55908 
0.380005 -0.164429 0.150269 0.29297 0.44067 0.18066 
0.375855 -0.163452 0.148438 0.37842 0.10864 0.15869 
0.374390 -0.161865 0.150757 0.45532 -0.16968 -0.10986 
0.372437 -0.160767 0.150391 0.43823 -0.24292 -0.42236 
0.369141 -0.160278 0.147095 0.33081 -0.14160 -0.64209 
0.361938 -0.157471 0.140503 0.24048 -0.732 -0.84473 
0.353394 -0.154663 0.133667 0.21606 0.5859 -0.107056 
0.353394 -0.150391 0.128052 0.22217 0.6592 -0.130005 
0.344238 -0.145630 0.122559 0.20874 0.5859 -0.151489 
0.333740 -0.140137 0.116943 0.18799 0.3052 -0.171509 
0.321899 -0.133667 0.111816 0.19043 -0.4272 -0.190918 
0.309937 -0.133667 0.105957 0.19897 -0.14282 -0.209106 
0.299194 -0.127441 0.98755 0.20020 -0.24170 -0.227051 
0.289917 -0.121216 0.122314 0.17456 -0.30884 -0.245972 
0.278931 -0.115356 0.91064 0.12329 -0.34302 -0.265503 
0.266480 -0.109253 0.83130 0.6714 -0.36255 -0.283936 
0.253052 -0.103271 0.75806 0.1221 -0.37842 -0.299316 
0.238281 -0.98755 0.69214 0.1221 -0.37964 -0.310181 
0.223267 -0.93384 0.63843 -0.4639 -0.36133 -0.316528 
0.206909 -0.86060 0.60425 -0.11108 -0.31982 -0.319458 
0.188110 -0.78613 0.58960 -0.17090 -0.55664 -0.318848 
0.169312 -0.68237 0.60059 -0.23071 -0.24414 -0.313232 
0.151367 -0.56274 0.61401 -0.29907 -0.13672 -0.301880 
0.134521 -0.44067 0.62988 -0.37354 -0.4883 -0.285889 
0.120483 -0.32349 0.65063 -0.45532 -0.610 -0.285889 
0.108887 -0.22583 0.66650 -0.54199 -0.2319 -0.266724 
0.100220 -0.15503 0.66895 -0.63232 -0.9766 -0.245361 
0.124878 -0.9644 0.66895 -0.72510 -0.20996 -0.222046 
0.88013 -0.4272 0.67261 -0.81787 -0.33081 -0.197754 
0.88013 0.122 0.69702 -0.90942 -0.42969 -0.172974 
0.82886 0.5005 0.72876 -0.99243 -0.49194 -0.147461 
0.75439 0.10864 0.80444 -0.104248 -0.45776 -0.123779 
0.69946 0.10864 0.85449 -0.110596 -0.33203 -0.99365 
0.61890 0.16724 0.91919 -0.113770 -0.20020 -0.74463 
0.53833 0.23315 0.66406 -0.114014 -0.9766 -0.48462 
0.46387 0.27710 0.97656 -0.112183 -0.2808 -0.20874 
0.41748 0.31128 0.103027 -0.109131 0.977 0.9155 
0.40527 0.32593 0.110352 -0.104248 0.2197 0.41138 
0.43213 0.31006 0.117798 -0.96436 0.1709 0.74219 
0.50537 0.27954 0.123657 -0.96436 0.610 0.107544 
0.61157 0.22583 0.129150 -0.88257 0.244 0.139404 
0.76782 0.15381 0.133301 -0.79956 0.610 0.168701 
0.95581 0.6226 0.134644 -0.71289 0.610 0.194458 
0.117798 -0.6470 0.136230 -0.63843 0.2075 0.217407 
0.140137 -0.17822 0.138062 -0.59814 0.6836 0.203247 
0.161133 -0.27710 0.139404 -0.58228 0.14648 0.234497 
0.182007 -0.35278 0.140991 -0.55176 0.21362 0.244019 
0.202148 -0.41870 0.143555 -0.51147 0.24292 0.248047 
0.189697 -0.47607 0.146362 -0.46875 0.23926 0.247559 
0.238892 -0.54565 0.148682 -0.40894 0.20752 0.243286 
0.238892 -0.62622 0.148804 -0.32104 0.16602 0.236816 
0.256104 -0.70313 0.147095 -0.20996 0.13184 0.227661 
0.272217 -0.77026 0.143433 -0.9644 0.12085 0.214966 
0.285889 -0.77026 0.138794 -0.488 0.13550 0.198120 
0.296021 -0.82031 0.133911 0.5859 0.16113 0.178467 
0.301758 -0.85327 0.131104 0.9521 0.19531 0.157471 
0.302979 -0.87402 0.130371 0.10986 0.24414 0.136353 
0.301514 -0.88867 0.130371 0.12085 0.29419 0.117065 
0.299561 -0.89966 0.131470 0.14160 0.33569 0.101440 
0.297485 -0.90210 0.132935 0.18066 0.35889 0.88623 
0.296387 -0.91187 0.132813 0.18066 0.36621 0.77515 
0.296021 -0.91919 0.132080 0.22583 0.37476 0.67749 
0.295044 -0.92407 0.129272 0.25757 0.37109 0.57495 
0.292480 -0.92163 0.125488 0.27344 0.37109 0.45898 
0.287964 -0.91797 0.121582 0.26855 0.34790 0.33203 
0.280518 -0.90942 0.117920 0.23438 0.31006 0.51514 
0.271484 -0.89478 0.115479 0.18188 0.25269 0.7935 
0.262085 -0.87769 0.114380 0.11719 0.18433 0.7935 
0.253540 -0.85693 0.114746 0.5127 0.11963 -0.3174 
0.276733 -0.83130 0.116333 0.122 0.6226 -0.11719 
0.238892 -0.80688 0.117798 -0.2808 0.1221 -0.17578 
0.238892 -0.78613 0.118530 -0.3662 -0.3418 -0.20996 
0.233154 -0.76660 0.119019 -0.3174 -0.6592 -0.22949 
0.227661 -0.74829 0.118652 -0.2319 -0.7568 -0.23926 
0.222412 -0.74829 0.117798 -0.1953 -0.6470 -0.24292 
0.217163 -0.73120 0.117310 -0.2319 -0.4150 -0.24414 
0.212036 -0.72021 0.117432 -0.3052 -0.1953 -0.23926 
0.208252 -0.71045 0.117676 -0.3906 -0.977 -0.22461 
0.205444 -0.70313 0.117676 -0.4272 -0.1221 -0.20020 
0.203980 -0.69580 0.118774 -0.3540 -0.1831 -0.16968 
