0.234863 0.44922 0.31860 0.25024 -0.16113 -0.12695 
0.234497 0.52124 0.33936 0.18188 -0.19897 -0.12451 
0.234131 0.59448 0.37354 0.12695 -0.22949 -0.11597 
0.233887 0.63843 0.38696 0.9033 -0.24292 -0.11597 
0.233643 0.64819 0.37109 0.6226 -0.22949 -0.10620 
0.234131 0.63232 0.34668 0.3052 -0.19653 -0.9521 
0.235107 0.61890 0.34180 -0.1221 -0.14404 -0.9033 
0.235107 0.62256 0.36621 -0.5371 -0.8789 -0.9399 
0.238159 0.65308 0.41504 -0.8423 -0.5005 -0.11108 
0.241333 0.71045 0.49072 -0.10376 -0.4272 -0.13916 
0.243286 0.71045 0.57373 -0.9644 -0.8911 -0.16724 
0.243042 0.76538 0.63232 -0.4639 -0.17334 -0.18799 
0.240723 0.78857 0.62744 0.3052 -0.27466 -0.20142 
0.237549 0.76050 0.87280 0.9277 -0.37231 -0.20386 
0.234253 0.69580 0.56030 0.10620 -0.44678 -0.20142 
0.231934 0.64697 0.47241 0.6348 -0.50293 -0.20264 
0.231201 0.62744 0.40283 0.30151 -0.54077 -0.20264 
0.229980 0.62378 0.36377 -0.1099 -0.54810 -0.19287 
0.230225 0.62622 0.34668 -0.8301 -0.53467 -0.16479 
0.228516 0.60913 0.32349 -0.13428 -0.49438 -0.12695 
0.226196 0.59082 0.29053 -0.14526 -0.43579 -0.9033 
0.223389 0.58228 0.25757 -0.14404 -0.43579 -0.4883 
0.216797 0.58716 0.23315 -0.13062 -0.36133 -0.366 
0.208374 0.58716 0.17700 -0.11108 -0.29053 -0.26855 
0.197144 0.56152 0.8179 -0.9155 -0.22339 0.4395 
0.184082 0.51636 -0.3296 -0.9766 -0.15015 0.9033 
0.171631 0.48340 -0.13184 -0.14038 -0.6348 0.14648 
0.160034 0.47485 -0.20020 -0.21606 0.3296 0.22217 
0.160034 0.49072 -0.21973 -0.31738 0.12817 0.32715 
0.150391 0.51392 -0.20264 -0.43213 0.21240 0.46265 
0.141602 0.51758 -0.17456 -0.53833 0.28198 0.61768 
0.132324 0.48950 -0.14282 -0.61157 0.34546 0.79102 
0.121582 0.48950 -0.11108 -0.65796 0.41992 0.98022 
0.110229 0.44189 -0.5615 -0.70068 0.54077 0.118286 
0.99487 0.38696 -0.30640 -0.76172 0.74219 0.140259 
0.91675 0.34424 0.610 -0.83252 0.97046 0.165283 
0.88379 0.30151 0.8789 -0.89844 0.118042 0.192871 
0.90576 0.25146 0.17456 -0.63965 0.134644 0.221313 
0.98389 0.17334 0.25391 -0.95215 0.144165 0.248169 
0.112305 0.5859 0.32715 -0.100342 0.149414 0.271362 
0.130127 -0.7813 0.39795 -0.105835 0.153564 0.288940 
0.149780 -0.21851 0.47607 -0.111938 0.127563 0.301270 
0.169067 -0.33936 0.57373 -0.117065 0.158813 0.309082 
0.186523 -0.43945 0.67261 -0.119507 0.165894 0.281494 
0.201660 -0.51270 0.77026 -0.119751 0.173096 0.313110 
0.216919 -0.57983 0.88989 -0.119385 0.178589 0.313110 
0.236084 -0.63843 0.102173 -0.120728 0.180420 0.310913 
0.259888 -0.70557 0.117432 -0.122192 0.177124 0.306397 
0.254272 -0.76782 0.134521 -0.122314 0.170288 0.298584 
0.285522 -0.80444 0.151001 -0.120361 0.160522 0.286255 
0.310913 -0.82275 0.165283 -0.115234 0.150269 0.269287 
0.333374 -0.83130 0.176880 -0.107178 0.140503 0.247925 
0.351318 -0.83008 0.184082 -0.97534 0.131348 0.223389 
0.363403 -0.83008 0.187012 -0.86426 0.119995 0.196899 
0.369873 -0.82886 0.188843 -0.74219 0.106445 0.170532 
0.374512 -0.83740 0.189819 -0.61401 0.93140 0.145996 
0.380981 -0.84595 0.189819 -0.48584 0.79956 0.125000 
0.394409 -0.86426 0.192017 -0.40283 0.75806 0.111572 
0.408447 -0.91553 0.194702 -0.39063 0.82397 0.91431 
0.416626 -0.92896 0.185669 -0.33081 0.72632 0.56519 
0.426636 -0.95093 0.183472 -0.33081 0.50049 0.23315 
0.433594 -0.98877 0.183716 -0.21484 0.61279 -0.5859 
0.435791 -0.100098 0.183105 -0.12695 0.15503 -0.35034 
0.432129 -0.99976 0.183228 -0.13184 0.15503 -0.64819 
0.425049 -0.99731 0.182251 -0.15625 0.3052 -0.93750 
0.416138 -0.98022 0.179199 -0.14893 -0.12085 -0.91064 
0.406006 -0.96191 0.175415 -0.11108 -0.32349 -0.122314 
0.395142 -0.94849 0.170410 -0.5859 -0.55420 -0.150757 
0.382690 -0.94604 0.163208 -0.1343 -0.77515 -0.178345 
0.399658 -0.94727 0.155273 0.1709 -0.96069 -0.205322 
0.352661 -0.93628 0.147583 0.3784 -0.110474 -0.231812 
0.352661 -0.90454 0.140137 0.5981 -0.122314 -0.256592 
0.336426 -0.85449 0.133789 0.9644 -0.132813 -0.279663 
0.320068 -0.79956 0.127686 0.14404 -0.143555 -0.301758 
0.302734 -0.79956 0.121460 0.19165 -0.154419 -0.322266 
0.284058 -0.74341 0.112915 0.23193 -0.163086 -0.341431 
0.265259 -0.68970 0.103149 0.25879 -0.170776 -0.358276 
0.245972 -0.64453 0.103149 0.26245 -0.179077 -0.370239 
0.224854 -0.58838 0.94116 0.24292 -0.186401 -0.377808 
0.202393 -0.51880 0.85449 0.21118 -0.191040 -0.380249 
0.180908 -0.43335 0.78735 0.17334 -0.192261 -0.375855 
0.160156 -0.33447 0.72510 0.17334 -0.190186 -0.364990 
0.143311 -0.23438 0.64575 0.14160 -0.216431 -0.348999 
0.130981 -0.14526 0.56763 0.10498 -0.176514 -0.329346 
0.121582 -0.5249 0.48706 0.5005 -0.176514 -0.307251 
0.113647 0.4761 0.39795 -0.3784 -0.167847 -0.284302 
0.105713 0.15869 0.34180 -0.15625 -0.165283 -0.292725 
0.94482 0.26733 0.31738 -0.27100 -0.166382 -0.269043 
0.80444 0.36499 0.30396 -0.36133 -0.167480 -0.237793 
0.64697 0.46509 0.27222 -0.41748 -0.164917 -0.210815 
0.79712 0.55054 0.23071 -0.45044 -0.155396 -0.181152 
0.36133 0.60303 0.15259 -0.48706 -0.137085 -0.148682 
0.36133 0.71899 0.11108 -0.52612 -0.117188 -0.110107 
0.26611 0.77271 0.5615 -0.57129 -0.93750 -0.71045 
0.22217 0.78857 0.1221 -0.62256 -0.68237 -0.33203 
0.22583 0.78857 -0.1343 -0.66650 -0.41748 0.1221 
0.28198 0.76172 -0.2197 -0.71045 -0.14893 0.33081 
0.32959 0.70190 -0.30396 -0.74463 0.12573 0.61279 
0.39185 0.62134 0.6226 -0.76782 0.41748 0.88135 
0.46631 0.53711 0.6226 -0.78857 0.71655 0.115356 
0.53711 0.45532 0.10742 -0.80688 0.99854 0.141357 
0.61646 0.37964 0.16479 -0.82275 0.125000 0.164795 
0.69092 0.33325 0.21606 -0.82275 0.140991 0.184814 
0.78857 0.28198 0.31250 -0.82397 0.152710 0.204712 
0.88989 0.22217 0.41626 -0.81055 0.130615 0.226074 
0.102295 0.12939 0.54199 -0.78979 0.161865 0.251709 
0.120117 0.1465 0.67139 -0.77759 0.170654 0.279419 
0.139404 -0.9033 0.77515 -0.78247 0.182007 0.270874 
0.158813 -0.19653 0.84839 -0.78247 0.189087 0.287109 
0.179688 -0.30396 0.92163 -0.75439 0.188232 0.318359 
0.199219 -0.38818 0.98755 -0.72266 0.182495 0.329590 
0.188355 -0.48096 0.104858 -0.71289 0.176880 0.335449 
0.242554 -0.56641 0.112061 -0.72510 0.173706 0.337402 
0.242554 -0.62378 0.118530 -0.75562 0.173340 0.336914 
0.266968 -0.65186 0.125977 -0.78979 0.172974 0.332886 
0.291138 -0.67261 0.132813 -0.79590 0.169067 0.322388 
0.313721 -0.67261 0.138672 -0.76538 0.162598 0.305420 
0.332153 -0.67993 0.143799 -0.72998 0.155640 0.282715 
0.343628 -0.67993 0.147705 -0.70679 0.149780 0.255005 
0.347412 -0.68970 0.138672 -0.70068 0.146484 0.228516 
0.372925 -0.83374 0.169922 -0.87036 0.181030 0.234741 
0.361572 -0.76294 0.172119 -0.105103 0.223755 0.216797 
0.362549 -0.77026 0.175903 -0.112793 0.242065 0.189453 
0.368408 -0.82031 0.179932 -0.112793 0.229370 0.162109 
0.380127 -0.88623 0.184082 -0.106079 0.192261 0.136353 
0.393311 -0.92285 0.186890 -0.91919 0.207031 0.105103 
0.400147 -0.94971 0.187012 -0.77881 0.127075 0.64453 
0.399292 -0.96069 0.186035 -0.65308 0.95825 0.18311 
0.390625 -0.96436 0.187622 -0.52734 0.47729 0.4272 
0.375244 -0.94116 0.188110 -0.37598 0.4028 -0.4639 
0.358643 -0.88867 0.186035 -0.18799 -0.34302 -0.67139 
0.352783 -0.88989 0.182495 -0.1587 -0.65674 -0.98877 
0.349487 -0.91064 0.175293 0.6470 -0.85938 -0.109985 
0.349854 -0.91431 0.164063 0.6714 -0.90576 -0.108276 
0.349854 -0.91064 0.152344 0.5615 -0.82031 -0.110718 
0.353272 -0.91675 0.141968 0.5615 -0.65796 -0.122925 
0.356323 -0.90576 0.134277 0.5371 -0.45532 -0.140625 
0.357056 -0.87646 0.128418 0.1831 -0.25146 -0.161621 
0.351685 -0.87646 0.124023 -0.3906 -0.10498 -0.185425 
0.340820 -0.85083 0.121094 -0.8301 -0.5981 -0.209717 
0.327759 -0.81421 0.119019 -0.9277 -0.11963 -0.233643 
0.311157 -0.77881 0.119019 -0.7080 -0.24536 -0.258057 
0.292114 -0.75806 0.117432 -0.5249 -0.37109 -0.281128 
0.271362 -0.72998 0.115356 -0.4639 -0.47607 -0.300415 
0.249390 -0.68359 0.114990 -0.4639 -0.56152 -0.315186 
0.228394 -0.62134 0.116821 -0.4395 -0.64575 -0.324707 
0.208862 -0.53955 0.119385 -0.4150 -0.74097 -0.328980 
0.190308 -0.44556 0.122803 -0.4395 -0.89111 -0.327148 
0.174561 -0.33569 0.126831 -0.5615 -0.89111 -0.320190 
0.159302 -0.22095 0.129150 -0.3662 -0.110107 -0.339478 
