0.244873 0.55298 -0.5737 -0.7080 0.14771 -0.17700 
0.244019 0.53345 -0.5005 -0.11353 0.9766 -0.18921 
0.244141 0.52124 -0.3296 -0.15991 0.9766 -0.18921 
0.244263 0.51758 -0.122 -0.22461 0.3784 -0.18188 
0.245117 0.53467 0.5371 -0.28320 -0.1587 -0.16357 
0.245728 0.55298 0.10742 -0.32471 -0.6226 -0.12939 
0.245850 0.57129 0.16724 -0.34790 -0.9888 -0.12939 
0.246826 0.58472 0.23560 -0.34790 -0.13184 -0.7446 
0.248535 0.59692 0.29541 -0.32349 -0.15991 -0.1343 
0.218750 0.59570 0.33325 -0.29541 -0.18555 0.3662 
0.250000 0.58105 0.36743 -0.28687 -0.22217 0.6958 
0.253296 0.55054 0.39917 -0.27954 -0.24902 0.7568 
0.256226 0.52734 0.41138 -0.26123 -0.25635 0.6104 
0.257324 0.52734 0.39429 -0.24902 -0.26611 0.4150 
0.257324 0.50903 0.37476 -0.24536 -0.29175 0.2441 
0.257202 0.49072 0.36011 -0.23926 -0.31738 0.1709 
0.257446 0.48462 0.34668 -0.23315 -0.34180 0.1953 
0.254761 0.48218 0.34668 -0.21851 -0.36255 0.4272 
0.256348 0.48706 0.35034 -0.18311 -0.36865 0.5981 
0.253418 0.47485 0.33936 -0.13672 -0.35034 0.6714 
0.251099 0.45898 0.30273 -0.13672 -0.31006 0.5981 
0.247070 0.45532 0.26001 -0.10010 -0.25635 0.3418 
0.243652 0.47607 0.23804 -0.8789 -0.20142 -0.854 
0.240723 0.51392 0.22217 -0.9399 -0.15869 -0.5371 
0.238037 0.56030 0.21118 -0.10010 -0.15869 -0.8789 
0.235107 0.59326 0.19775 -0.10376 -0.13916 -0.11230 
0.232300 0.61646 0.17334 -0.10376 -0.15015 -0.12695 
0.228882 0.62988 0.14282 -0.9766 -0.17578 -0.12695 
0.224243 0.64453 0.10620 -0.9399 -0.20142 -0.13184 
0.218994 0.65552 0.6958 -0.10010 -0.22339 -0.12695 
0.244263 0.66040 0.2930 -0.11719 -0.23315 -0.11597 
0.213013 0.66284 -0.488 -0.14282 -0.22461 -0.9521 
0.206787 0.66162 -0.3906 -0.17578 -0.19775 -0.6226 
0.199829 0.65186 -0.8179 -0.21484 -0.15137 -0.1465 
0.192749 0.64209 -0.12207 -0.25757 -0.9277 0.4883 
0.186890 0.64209 -0.15747 -0.30518 -0.3540 0.12817 
0.181763 0.63110 -0.18921 -0.35522 0.1343 0.21484 
0.176880 0.62012 -0.23315 -0.40283 0.4639 0.30396 
0.171875 0.61035 -0.23315 -0.45532 0.6592 0.39429 
0.167236 0.59204 -0.28442 -0.51880 0.7935 0.48462 
0.162720 0.56641 -0.33447 -0.58960 0.9155 0.57007 
0.158691 0.53711 -0.37354 -0.58960 0.10864 0.64819 
0.155762 0.50171 -0.40283 -0.66772 0.14038 0.71899 
0.154419 0.45898 -0.41382 -0.75562 0.19165 0.78735 
0.155151 0.41870 -0.40161 -0.85693 0.26611 0.85205 
0.157105 0.38330 -0.35767 -0.96436 0.26611 0.91797 
0.162109 0.34790 -0.28931 -0.106201 0.35522 0.67871 
0.165771 0.32227 -0.20874 -0.114136 0.47363 0.104492 
0.171265 0.29297 -0.12695 -0.119385 0.59204 0.104492 
0.176758 0.26001 -0.4028 -0.121826 0.70068 0.109375 
0.181763 0.22583 0.3784 -0.121704 0.79712 0.114624 
0.187378 0.17944 0.11353 -0.120483 0.88379 0.120239 
0.162720 0.11841 0.18433 -0.117798 0.95947 0.126465 
0.193970 0.4272 0.24536 -0.114014 0.102539 0.133301 
0.201050 0.25024 0.31128 -0.110474 0.109253 0.139282 
0.208374 -0.16846 0.37842 -0.106689 0.119385 0.143555 
0.215942 -0.16846 0.45288 -0.104980 0.132690 0.146118 
0.226563 -0.27954 0.54443 -0.107544 0.149170 0.145996 
0.237915 -0.38086 0.36621 -0.113281 0.168335 0.143311 
0.250122 -0.45166 0.67871 -0.119751 0.186401 0.138184 
0.260376 -0.45776 0.85327 -0.126465 0.199097 0.130737 
0.268066 -0.44922 0.105835 -0.131470 0.204346 0.122192 
0.273804 -0.43457 0.127686 -0.133057 0.202148 0.113281 
0.276855 -0.42358 0.147583 -0.133057 0.192749 0.104004 
0.277832 -0.42236 0.164429 -0.130981 0.209351 0.94727 
0.277954 -0.41992 0.177734 -0.125488 0.160767 0.85327 
0.278442 -0.40405 0.186279 -0.116699 0.160767 0.91064 
0.317871 -0.64087 0.217041 -0.109985 0.154175 0.131226 
0.305420 -0.51514 0.213135 -0.118408 0.207397 0.130493 
0.304321 -0.45654 0.214478 -0.114136 0.257568 0.130493 
0.305664 -0.43579 0.221558 -0.105713 0.274170 0.116699 
0.300049 -0.40894 0.226196 -0.91797 0.260742 0.106201 
0.300659 -0.36133 0.228638 -0.70923 0.228271 0.96680 
0.304199 -0.33081 0.228394 -0.49683 0.187866 0.84717 
0.304199 -0.32349 0.226563 -0.31860 0.149292 0.68359 
0.307129 -0.31982 0.220825 -0.15625 0.117188 0.46875 
0.308228 -0.31738 0.213623 0.1465 0.87769 0.21118 
0.308960 -0.31738 0.206909 0.17700 0.59937 -0.6226 
0.309937 -0.30640 0.200806 0.30640 0.33203 -0.34058 
0.311157 -0.27710 0.195313 0.39185 0.3906 -0.62134 
0.310547 -0.23560 0.195313 0.40161 -0.26489 -0.86670 
0.323853 -0.29297 0.195801 0.33447 -0.43701 -0.91064 
0.328491 -0.33569 0.191162 0.57983 -0.51147 -0.83496 
0.325928 -0.35645 0.183350 0.23315 -0.52612 -0.79712 
0.322510 -0.36743 0.177979 0.23315 -0.48706 -0.82886 
0.319458 -0.37964 0.174683 0.21851 -0.40894 -0.88501 
0.315430 -0.38696 0.172607 0.22583 -0.31738 -0.95459 
0.310913 -0.38574 0.170898 0.25024 -0.31738 -0.104004 
0.305908 -0.37476 0.168823 0.28564 -0.23926 -0.113525 
0.299927 -0.35645 0.165649 0.32715 -0.19409 -0.123657 
0.293823 -0.34180 0.160889 0.36743 -0.19775 -0.103394 
0.287842 -0.32837 0.155151 0.39917 -0.24414 -0.134644 
0.280762 -0.30762 0.149658 0.41626 -0.31494 -0.146240 
0.271851 -0.29175 0.146484 0.40894 -0.38452 -0.158081 
0.261719 -0.25269 0.144775 0.40527 -0.43335 -0.167969 
0.261719 -0.20142 0.143188 0.40894 -0.47974 -0.174805 
0.249512 -0.14160 0.141724 0.41992 -0.53589 -0.178711 
0.236450 -0.8911 0.138794 0.44189 -0.59692 -0.179565 
0.223633 -0.8911 0.133667 0.47241 -0.66284 -0.177246 
0.211792 -0.3784 0.125732 0.50171 -0.73364 -0.172607 
0.202515 0.00 0.150635 0.52734 -0.82275 -0.166626 
0.193237 0.1953 0.113647 0.53711 -0.87524 -0.160522 
0.187012 0.3418 0.113647 0.52124 -0.89478 -0.153320 
0.181519 0.5859 0.107910 0.48584 -0.91553 -0.145996 
0.177246 0.8667 0.103149 0.43213 -0.96436 -0.140259 
0.170532 0.11841 0.100586 0.43213 -0.98267 -0.136597 
0.167114 0.15015 0.96802 0.38940 -0.99854 -0.132446 
0.161621 0.17944 0.92651 0.37231 -0.101929 -0.128662 
0.155762 0.21973 0.88623 0.36377 -0.101929 -0.125122 
0.149902 0.26489 0.83618 0.35767 -0.102051 -0.120728 
0.143921 0.31128 0.78613 0.35767 -0.100830 -0.115234 
0.137451 0.35645 0.71777 0.36011 -0.98755 -0.108765 
0.131104 0.38818 0.62256 0.34912 -0.95825 -0.108765 
0.125732 0.41016 0.51758 0.31738 -0.91919 -0.101563 
0.152222 0.43091 0.40527 0.26611 -0.86792 -0.93994 
0.115479 0.43945 0.31372 0.18433 -0.80811 -0.86670 
0.115479 0.45898 0.23438 0.9521 -0.72632 -0.79468 
0.110718 0.49072 0.17212 0.854 -0.63354 -0.71655 
0.105835 0.52490 0.12451 -0.8789 -0.54077 -0.63599 
0.101196 0.52490 0.10254 -0.18921 -0.44678 -0.54810 
0.96191 0.55542 0.9521 -0.28687 -0.34302 -0.45288 
0.90820 0.56152 0.10010 -0.36255 -0.22705 -0.34424 
0.86670 0.54565 0.11597 -0.41138 -0.9888 -0.21484 
0.85205 0.52124 0.11597 -0.44556 0.4395 -0.6226 
0.87891 0.49194 0.13306 -0.48462 0.19165 0.11108 
0.92896 0.45654 0.15625 -0.53345 0.35034 0.29297 
0.100708 0.41626 0.18555 -0.53345 0.52368 0.47241 
0.108643 0.38452 0.21851 -0.56641 0.70435 0.63599 
0.117065 0.35034 0.23193 -0.58472 0.89355 0.78003 
0.125366 0.31860 0.23315 -0.59448 0.77271 0.90454 
0.133301 0.28198 0.23315 -0.61279 0.108521 0.100708 
0.141968 0.25635 0.23560 -0.64697 0.127075 0.108154 
0.150879 0.22217 0.26001 -0.71411 0.143799 0.112061 
0.159668 0.19653 0.33936 -0.82520 0.157959 0.112061 
0.166992 0.17700 0.45288 -0.97778 0.167603 0.111938 
0.182983 0.15381 0.67993 -0.117065 0.167358 0.112183 
0.182617 0.22705 0.91675 -0.133667 0.159912 0.119751 
0.182617 0.23315 0.113281 -0.143799 0.150879 0.112671 
0.191284 0.21118 0.131592 -0.149048 0.136353 0.104370 
0.197266 0.20508 0.143799 -0.146484 0.119141 0.100586 
0.202393 0.17944 0.153442 -0.139404 0.103638 0.96313 
0.209961 0.17944 0.160645 -0.130371 0.93140 0.92896 
0.219971 0.17090 0.171387 -0.122314 0.89844 0.91187 
0.230347 0.16235 0.186646 -0.116577 0.91431 0.92285 
0.240234 0.14771 0.186646 -0.110229 0.92407 0.95337 
0.250610 0.13672 0.203247 -0.102661 0.90820 0.98145 
0.257568 0.9521 0.219605 -0.122559 0.88379 0.98511 
0.262573 0.4395 0.229980 -0.91309 0.83862 0.95825 
0.264282 0.854 0.233521 -0.76050 0.76172 0.89722 
0.263428 -0.1221 0.230713 -0.61523 0.66162 0.81787 
