0.246460 0.44189 0.58472 -0.854 -0.3174 -0.20020 
0.245483 0.45044 0.56763 0.4028 -0.7690 -0.19775 
0.244629 0.45776 0.54565 0.6592 -0.11475 -0.17822 
0.244751 0.46875 0.54443 0.7202 -0.15625 -0.15137 
0.244751 0.48584 0.56152 0.7690 -0.19287 -0.12085 
0.245361 0.51025 0.58716 0.8789 -0.21362 -0.8911 
0.245605 0.53955 0.61157 0.11108 -0.21973 -0.5859 
0.245239 0.53955 0.62134 0.13916 -0.21729 -0.2686 
0.244385 0.56030 0.62744 0.16479 -0.21484 0.488 
0.244019 0.57495 0.93140 0.18555 -0.22095 0.3052 
0.244629 0.57373 0.57739 0.19531 -0.22583 0.3540 
0.245728 0.55176 0.57739 0.17212 -0.22705 0.1465 
0.246826 0.51392 0.51147 0.10010 -0.22095 -0.3418 
0.248047 0.47119 0.43701 0.29663 -0.21484 -0.10010 
0.250122 0.44434 0.38696 -0.1587 -0.21973 -0.16846 
0.252075 0.44067 0.37354 -0.15747 -0.23682 -0.22827 
0.253296 0.44067 0.38818 -0.29541 -0.26489 -0.26489 
0.253174 0.43945 0.41870 -0.40161 -0.29419 -0.28076 
0.251709 0.41382 0.44067 -0.46509 -0.29419 -0.27710 
0.249023 0.38696 0.45654 -0.46997 -0.31006 -0.24292 
0.248535 0.38208 0.46387 -0.42847 -0.30762 -0.20508 
0.246704 0.38330 0.44434 -0.37842 -0.30884 -0.20508 
0.245117 0.38208 0.40649 -0.32471 -0.29541 -0.17822 
0.243530 0.37720 0.37842 -0.29663 -0.26978 -0.16357 
0.242554 0.38208 0.37476 -0.27954 -0.22095 -0.15869 
0.242554 0.40649 0.38208 -0.25879 -0.16113 -0.15869 
0.241455 0.42603 0.40161 -0.22217 -0.10376 -0.15625 
0.239990 0.44434 0.42236 -0.17212 -0.5493 -0.14404 
0.238770 0.45776 0.43579 -0.10986 -0.2075 -0.12573 
0.237427 0.45776 0.42847 -0.3906 -0.244 -0.10620 
0.236206 0.47241 0.40649 0.2441 0.366 -0.7935 
0.235718 0.48828 0.38818 0.6348 0.122 -0.4395 
0.235962 0.49194 0.38818 0.7813 -0.854 -0.1099 
0.236816 0.48950 0.37231 0.7935 -0.1831 0.1831 
0.237915 0.48584 0.36377 0.6958 -0.2319 0.4272 
0.239136 0.48462 0.36133 0.6958 -0.2319 0.6226 
0.240234 0.48218 0.36865 0.5615 -0.2197 0.7568 
0.241211 0.48218 0.38208 0.4395 -0.1831 0.8545 
0.241821 0.47852 0.39185 0.3540 -0.1221 0.8911 
0.241699 0.46875 0.39185 0.3174 -0.1221 0.8423 
0.240845 0.46143 0.38696 0.2686 -0.366 0.7690 
0.239502 0.45532 0.37720 0.2441 0.732 0.6836 
0.237305 0.45166 0.36133 0.1953 0.1953 0.6836 
0.234741 0.44312 0.34180 0.244 0.3052 0.6226 
0.231201 0.43213 0.32227 -0.2197 0.4395 0.6104 
0.226196 0.42725 0.30396 -0.4272 0.5737 0.6348 
0.226196 0.41992 0.28076 -0.5981 0.6470 0.7568 
0.219971 0.41382 0.25269 -0.6958 0.6348 0.10254 
0.212646 0.40039 0.22217 -0.7324 0.5371 0.14526 
0.203857 0.38086 0.18555 -0.6836 0.3418 0.19775 
0.192871 0.38086 0.14160 -0.6104 0.977 0.25635 
0.179077 0.35645 0.10376 -0.5981 -0.854 0.32104 
0.162354 0.32837 0.5737 -0.6470 -0.488 0.39063 
0.143555 0.31128 0.5737 -0.8179 0.4028 0.47729 
0.123901 0.31372 0.732 -0.12329 0.12329 0.59692 
0.106323 0.33813 -0.2808 -0.20508 0.23071 0.75562 
0.93140 0.36255 -0.2075 -0.488 0.34424 0.94849 
0.85938 0.36255 0.3174 -0.31738 0.45288 0.117432 
0.84229 0.33081 0.9766 -0.40894 0.56274 0.141602 
0.88379 0.26733 0.15869 -0.46387 0.36499 0.165649 
0.99365 0.16968 0.22217 -0.49194 0.67749 0.187988 
0.115479 0.4028 0.27588 -0.50781 0.79712 0.207520 
0.135986 -0.7935 0.33447 -0.50781 0.92285 0.191772 
0.159424 -0.18433 0.41016 -0.51514 0.104614 0.223022 
0.183350 -0.26855 0.49316 -0.54688 0.114746 0.233887 
0.209473 -0.33936 0.59937 -0.58228 0.121338 0.239868 
0.203857 -0.42114 0.71655 -0.62988 0.125488 0.244507 
0.228149 -0.50049 0.82642 -0.67871 0.126465 0.246338 
0.259399 -0.56885 0.92163 -0.70435 0.123535 0.243896 
0.282593 -0.31860 0.101074 -0.69580 0.119141 0.236816 
0.304321 -0.67871 0.109253 -0.66284 0.114868 0.226196 
0.325073 -0.67871 0.115112 -0.62256 0.110229 0.212891 
0.344971 -0.71411 0.119995 -0.56274 0.105469 0.197632 
0.364868 -0.75439 0.94238 -0.49316 0.100586 0.180298 
0.385376 -0.78003 0.125488 -0.42114 0.95337 0.160889 
0.405518 -0.78979 0.130005 -0.34790 0.91919 0.139526 
0.424072 -0.80322 0.134033 -0.58838 0.90698 0.116455 
0.440430 -0.82642 0.137085 -0.20264 0.89233 0.91675 
0.452271 -0.85571 0.137695 -0.20264 0.86670 0.64453 
0.458740 -0.88135 0.136108 -0.11597 0.83374 0.36377 
0.460327 -0.89722 0.133789 -0.4517 0.78247 0.7813 
0.457520 -0.89355 0.130737 -0.2197 0.78247 -0.20264 
0.451416 -0.88013 0.128906 -0.3662 0.69336 -0.47119 
0.443726 -0.86548 0.128174 -0.6714 0.56030 -0.41504 
0.435181 -0.84229 0.128784 -0.9521 0.37842 -0.72754 
0.425171 -0.80811 0.130493 -0.11963 0.15747 -0.97412 
0.413208 -0.78247 0.131592 -0.13916 -0.7080 -0.121460 
0.431397 -0.76172 0.131592 -0.14771 -0.30029 -0.144897 
0.386841 -0.73486 0.130981 -0.14771 -0.52002 -0.167969 
0.386841 -0.70190 0.130249 -0.13428 -0.71655 -0.190796 
0.372070 -0.65552 0.130005 -0.11475 -0.87646 -0.212769 
0.356079 -0.91064 0.130005 -0.9766 -0.99976 -0.232666 
0.338013 -0.59814 0.129761 -0.8057 -0.109985 -0.250122 
0.318237 -0.53345 0.129395 -0.4639 -0.119385 -0.264648 
0.297485 -0.46753 0.127319 0.610 -0.129272 -0.275635 
0.276367 -0.40771 0.155273 0.7080 -0.139282 -0.282959 
0.255859 -0.34790 0.124023 0.14648 -0.148682 -0.286255 
0.236450 -0.28687 0.119019 0.22949 -0.156616 -0.285645 
0.217285 -0.22827 0.112427 0.30762 -0.163208 -0.281860 
0.199951 -0.16357 0.105347 0.30762 -0.168091 -0.275269 
0.182495 -0.10132 0.96802 0.37598 -0.173462 -0.266846 
0.166992 -0.4395 0.87402 0.42969 -0.178955 -0.254639 
0.147705 0.2930 0.79224 0.48584 -0.178955 -0.243042 
0.130737 0.8545 0.70679 0.53467 -0.177979 -0.228027 
0.113159 0.15747 0.60425 0.53711 -0.173096 -0.240967 
0.96069 0.23438 0.50537 0.52002 -0.167480 -0.187988 
0.79956 0.30884 0.40283 0.50171 -0.160889 -0.187988 
0.65918 0.37109 0.29053 0.48706 -0.153198 -0.162964 
0.86304 0.42358 0.17456 0.46509 -0.143066 -0.135864 
0.46387 0.46265 0.5859 0.41748 -0.129883 -0.107788 
0.46387 0.49194 -0.4761 0.34668 -0.114502 -0.79590 
0.39551 0.51636 -0.14160 0.27466 -0.90210 -0.54810 
0.35034 0.52979 -0.22949 0.17944 -0.60669 -0.33203 
0.30518 0.52979 -0.30273 0.7202 -0.29907 -0.13550 
0.25879 0.54077 -0.36011 -0.3662 -0.244 0.5493 
0.22827 0.55298 -0.40283 -0.12939 0.28564 0.24658 
0.21240 0.55908 -0.41504 -0.21729 0.53955 0.43579 
0.22339 0.54565 -0.41504 -0.31006 0.74341 0.63721 
0.25757 0.51636 -0.39551 -0.9277 0.89966 0.84717 
0.31006 0.46631 -0.34424 -0.48584 0.101685 0.105713 
0.37231 0.39917 -0.26367 -0.48584 0.112183 0.127441 
0.45288 0.32349 -0.15259 -0.56030 0.121948 0.150146 
0.56763 0.25146 -0.1465 -0.63354 0.97900 0.176636 
0.70557 0.15869 0.15503 -0.70068 0.136353 0.206421 
0.86548 0.4272 0.31128 -0.74951 0.136353 0.234131 
0.104248 -0.7446 0.44678 -0.76172 0.142334 0.223267 
0.126831 -0.19897 0.58594 -0.74585 0.146484 0.270264 
0.151245 -0.31006 0.73120 -0.74951 0.147949 0.270264 
0.176514 -0.39551 0.88501 -0.77271 0.148193 0.281616 
0.203613 -0.47119 0.105225 -0.78613 0.147217 0.289063 
0.200317 -0.52612 0.121338 -0.76782 0.146973 0.293457 
0.231567 -0.57739 0.134399 -0.71167 0.148438 0.295776 
0.259277 -0.63110 0.144897 -0.63599 0.152100 0.296021 
0.286865 -0.67139 0.151001 -0.54932 0.157105 0.292725 
0.311401 -0.69824 0.153931 -0.44678 0.160889 0.284668 
0.331909 -0.69824 0.155518 -0.35278 0.161621 0.274048 
0.352295 -0.73608 0.155762 -0.27832 0.158325 0.263550 
0.373901 -0.78369 0.137573 -0.21606 0.153198 0.254517 
0.421387 -0.87158 0.168823 -0.32593 0.184814 0.270752 
0.445679 -0.96069 0.174561 -0.49683 0.220581 0.259277 
0.474731 -0.101807 0.169678 -0.47974 0.228516 0.218140 
0.498413 -0.107056 0.166260 -0.47974 0.197876 0.165771 
0.517090 -0.112061 0.160645 -0.30151 0.140625 0.109741 
0.525757 -0.111328 0.151001 -0.977 0.136597 0.55786 
0.528198 -0.109375 0.146118 0.24048 0.88501 0.7324 
0.519409 -0.109253 0.144775 0.31860 0.26001 -0.34912 
0.501465 -0.107056 0.145752 0.17700 0.5493 -0.39551 
0.476196 -0.101807 0.148682 -0.6958 0.4150 -0.73730 
0.449097 -0.96680 0.152222 -0.26978 0.7324 -0.104980 
0.421997 -0.90210 0.154785 -0.36499 0.5859 -0.134766 
