0.195557 0.43457 0.13794 0.15259 0.8911 -0.22705 
0.199463 0.47363 0.13794 0.12085 0.10254 -0.18555 
0.201416 0.50903 0.15381 0.7935 0.9521 -0.13916 
0.205078 0.51758 0.16724 0.3662 0.8545 -0.9277 
0.211304 0.52490 0.18555 0.3662 0.7935 -0.5493 
0.217041 0.52734 0.21240 -0.366 0.7202 -0.3174 
0.221802 0.52612 0.24902 -0.3906 0.6226 -0.1221 
0.226440 0.52002 0.27954 -0.5371 0.6226 0.488 
0.230835 0.51636 0.30029 -0.5371 0.4517 0.1465 
0.234497 0.52856 0.33203 -0.5371 0.2075 0.1587 
0.237915 0.56763 0.38208 -0.5615 -0.2197 0.122 
0.239380 0.59570 0.43701 -0.5005 -0.10132 0.122 
0.238770 0.60547 0.46021 -0.2441 -0.20264 -0.1831 
0.236572 0.60059 0.46021 0.610 -0.31494 -0.4150 
0.234619 0.58594 0.43335 0.2441 -0.40161 -0.7080 
0.234619 0.57861 0.40405 0.977 -0.44922 -0.10010 
0.232910 0.59570 0.39673 -0.3418 -0.46387 -0.11963 
0.231323 0.31372 0.38330 -0.7935 -0.45776 -0.12573 
0.230103 0.62622 0.39673 -0.13550 -0.44434 -0.11230 
0.227173 0.66284 0.39429 -0.19165 -0.41260 -0.8301 
0.222778 0.67139 0.42969 -0.24536 -0.36499 -0.2930 
0.218384 0.65918 0.45410 -0.23438 -0.31006 0.5005 
0.213257 0.63843 0.45410 -0.16968 -0.24780 0.15259 
0.208252 0.61279 0.46631 -0.8179 -0.18311 0.25635 
0.203613 0.59570 0.45044 -0.31250 -0.11353 0.34790 
0.199463 0.57495 0.39307 0.00 -0.3418 0.41382 
0.195557 0.54688 0.32227 0.4150 0.4883 0.45410 
0.191650 0.52246 0.25269 0.3662 0.12817 0.47119 
0.187256 0.51270 0.20630 -0.610 0.19775 0.47607 
0.182007 0.51514 0.18433 -0.7080 0.19775 0.47852 
0.174194 0.52246 0.18188 -0.14526 0.25269 0.48950 
0.169189 0.50537 0.19653 -0.23682 0.29053 0.59326 
0.158936 0.52490 0.24292 -0.33447 0.29175 0.59326 
0.146973 0.54932 0.27100 -0.39795 0.29663 0.68604 
0.136475 0.55176 0.31982 -0.41992 0.28687 0.75317 
0.128906 0.54443 0.37231 -0.41626 0.28809 0.84473 
0.128906 0.52979 0.42114 -0.39429 0.31372 0.96313 
0.123657 0.47241 0.45532 -0.34302 0.37109 0.107300 
0.123169 0.40039 0.49927 -0.29053 0.45410 0.120483 
0.126099 0.62256 0.53467 -0.26489 0.57007 0.137329 
0.129517 0.31006 0.54688 -0.22583 0.71167 0.152832 
0.132813 0.24048 0.57739 -0.17944 0.86914 0.163574 
0.139771 0.14771 0.60913 -0.14160 0.105225 0.172852 
0.149414 0.5493 0.60913 -0.12085 0.125610 0.183350 
0.159180 -0.610 0.68237 -0.12329 0.149414 0.194336 
0.169434 -0.7813 0.75195 -0.13306 0.170776 0.206421 
0.178833 -0.14893 0.81909 -0.13306 0.188110 0.217651 
0.186646 -0.19897 0.86304 -0.12939 0.198608 0.226563 
0.192383 -0.23926 0.89600 -0.13428 0.200439 0.232422 
0.197876 -0.27832 0.92163 -0.14893 0.193481 0.236938 
0.207275 -0.32715 0.97290 -0.18066 0.193481 0.240234 
0.220215 -0.40649 0.106079 -0.21484 0.180176 0.242554 
0.236938 -0.48462 0.115845 -0.25024 0.165771 0.243042 
0.254395 -0.57495 0.126465 -0.29419 0.153687 0.243042 
0.270996 -0.65552 0.135864 -0.30151 0.150879 0.240601 
0.283936 -0.70435 0.142944 -0.27710 0.153687 0.236572 
0.291870 -0.73608 0.147217 -0.23315 0.155151 0.229980 
0.291870 -0.75928 0.150879 -0.18188 0.152710 0.219482 
0.296997 -0.78857 0.169678 -0.14160 0.149536 0.208374 
0.324951 -0.86670 0.194824 -0.33936 0.198120 0.223267 
0.331665 -0.86304 0.192505 -0.69092 0.254272 0.229614 
0.332520 -0.86304 0.197144 -0.67017 0.264893 0.210693 
0.336914 -0.96069 0.204712 -0.42847 0.243042 0.188721 
0.353516 -0.106201 0.202637 -0.26611 0.204834 0.175659 
0.369385 -0.117188 0.202637 -0.15747 0.154175 0.167236 
0.382080 -0.122559 0.197754 -0.3418 0.104858 0.149536 
0.393799 -0.124634 0.192505 -0.24536 0.62744 0.119385 
0.403564 -0.125366 0.187378 0.14404 0.27710 0.79224 
0.403931 -0.125732 0.181274 0.14404 -0.2075 0.33569 
0.399414 -0.124268 0.178345 0.23804 -0.28198 -0.11719 
0.391846 -0.121826 0.174927 0.34668 -0.20142 -0.51392 
0.383423 -0.118164 0.172607 0.46265 -0.51392 -0.82031 
0.372803 -0.114868 0.166260 0.53955 -0.70679 -0.104248 
0.358521 -0.109741 0.157349 0.57739 -0.83496 -0.93872 
0.346069 -0.106567 0.150513 0.58228 -0.84229 -0.125122 
0.333496 -0.104004 0.144775 0.53345 -0.74707 -0.143066 
0.319580 -0.101196 0.139648 0.46265 -0.62256 -0.156860 
0.337158 -0.97290 0.135010 0.41016 -0.53955 -0.167480 
0.293945 -0.93384 0.130981 0.37109 -0.51636 -0.175903 
0.293945 -0.90210 0.126465 0.32593 -0.54321 -0.181885 
0.282959 -0.86060 0.123291 0.27710 -0.61401 -0.186523 
0.272949 -0.83374 0.120483 0.22461 -0.71167 -0.191772 
0.265991 -0.83374 0.118042 0.16846 -0.84106 -0.194824 
0.258911 -0.79834 0.115112 0.12939 -0.98511 -0.197388 
0.252319 -0.75562 0.111084 0.10864 -0.111328 -0.201172 
0.246216 -0.70923 0.111084 0.10742 -0.126099 -0.207031 
0.239868 -0.63721 0.106689 0.9033 -0.142578 -0.214722 
0.231812 -0.57861 0.103760 0.4150 -0.145142 -0.222046 
0.222168 -0.51392 0.101318 0.27222 -0.138916 -0.226807 
0.209229 -0.44922 0.97290 -0.4028 -0.129761 -0.228638 
0.194946 -0.37231 0.94482 -0.11719 -0.153076 -0.227783 
0.180664 -0.28931 0.91675 -0.16602 -0.116211 -0.223511 
0.167969 -0.20508 0.88501 -0.18311 -0.116211 -0.215332 
0.157227 -0.12573 0.84229 -0.18921 -0.111328 -0.203857 
0.148560 -0.5615 0.79102 -0.20996 -0.107178 -0.189941 
0.141235 0.732 0.74585 -0.23926 -0.104492 -0.205933 
0.134521 0.5981 0.70679 -0.26978 -0.102539 -0.174683 
0.127319 0.10864 0.66650 -0.30151 -0.99365 -0.158936 
0.153809 0.14893 0.64453 -0.34424 -0.92773 -0.142944 
0.115479 0.21362 0.64575 -0.38574 -0.83862 -0.123657 
0.115479 0.26489 0.63965 -0.42236 -0.64331 -0.107788 
0.114990 0.31250 0.64087 -0.48096 -0.41260 -0.92163 
0.114868 0.35767 0.64087 -0.52979 -0.20020 -0.77393 
0.114868 0.35767 0.62500 -0.56152 -0.5493 -0.63599 
0.113770 0.38452 0.62012 -0.57861 0.2319 -0.50171 
0.109619 0.40039 0.61646 -0.61035 0.8057 -0.38330 
0.103271 0.40771 0.33325 -0.64453 0.14038 -0.27954 
0.96313 0.42480 0.64575 -0.67383 0.23804 -0.19165 
0.90942 0.44067 0.70557 -0.70435 0.34424 -0.9033 
0.87891 0.45776 0.80322 -0.71045 0.43701 0.4395 
0.87769 0.46509 0.89355 -0.71045 0.48462 0.21484 
0.91309 0.46265 0.96924 -0.68604 0.48706 0.40405 
0.98145 0.44312 0.102539 -0.63599 0.46265 0.59814 
0.106812 0.40771 0.105347 -0.57373 0.46265 0.78369 
0.116943 0.35156 0.105957 -0.51880 0.43579 0.96436 
0.129272 0.29053 0.105957 -0.49072 0.42603 0.113525 
0.142700 0.23682 0.105957 -0.49927 0.42603 0.95825 
0.155762 0.18066 0.107910 -0.52246 0.41138 0.127075 
0.167603 0.12939 0.110962 -0.55054 0.37720 0.136719 
0.178345 0.7690 0.114258 -0.57495 0.32837 0.144043 
0.157471 0.2808 0.117188 -0.58716 0.28076 0.150513 
0.188721 -0.1831 0.119507 -0.58350 0.24658 0.156494 
0.199707 -0.5981 0.121582 -0.56396 0.23926 0.162720 
0.213379 -0.9521 0.123901 -0.53711 0.25635 0.168091 
0.228882 -0.13184 0.125732 -0.50049 0.30151 0.171265 
0.244385 -0.13184 0.125977 -0.45166 0.36011 0.170776 
0.258667 -0.17700 0.156128 -0.39673 0.42725 0.165527 
0.270020 -0.22461 0.123901 -0.35400 0.50293 0.155884 
0.278442 -0.28076 0.123901 -0.32104 0.58105 0.143677 
0.284302 -0.33447 0.123779 -0.29663 0.64941 0.130981 
0.288940 -0.37842 0.124756 -0.27588 0.70190 0.118896 
0.292603 -0.41992 0.127197 -0.27588 0.73242 0.107666 
0.296143 -0.44312 0.130371 -0.25635 0.72998 0.97534 
0.299316 -0.45288 0.133423 -0.23315 0.69946 0.88867 
0.316040 -0.54077 0.149902 -0.20508 0.88867 0.94604 
0.310425 -0.48218 0.145874 -0.29297 0.88867 0.86548 
0.306885 -0.51880 0.150146 -0.38208 0.103149 0.75562 
0.299194 -0.55908 0.148804 -0.39551 0.107300 0.64941 
0.291626 -0.56885 0.147705 -0.32715 0.99976 0.64941 
0.284180 -0.57373 0.145996 -0.24902 0.87036 0.54932 
0.276367 -0.56396 0.145386 -0.18311 0.71777 0.46509 
0.269775 -0.55542 0.144043 -0.12329 0.58960 0.37842 
0.269775 -0.54321 0.142700 -0.6348 0.48706 0.28442 
0.265381 -0.52979 0.140503 -0.1343 0.38696 0.19043 
0.261353 -0.52002 0.137817 0.3662 0.25757 0.10132 
0.257568 -0.50903 0.134277 0.8789 0.9766 0.2441 
0.253418 -0.50903 0.130005 0.12695 -0.6348 -0.4395 
0.247559 -0.49805 0.125854 0.15015 -0.19653 -0.10254 
0.240356 -0.48462 0.153198 0.15747 -0.28198 -0.14648 
0.232422 -0.46265 0.121948 0.14771 -0.32593 -0.17212 
