0.231445 0.61646 0.61523 0.17578 -0.5859 -0.6348 
0.228760 0.60059 0.57251 0.24048 -0.5493 -0.2075 
0.225952 0.56763 0.50781 0.27344 -0.5493 0.1099 
0.225708 0.53101 0.44434 0.25757 -0.5249 0.3296 
0.227173 0.49805 0.41626 0.21484 -0.3662 0.4761 
0.228149 0.47241 0.41748 0.15625 -0.2075 0.4761 
0.230103 0.47607 0.42725 0.11475 -0.1221 0.5615 
0.228760 0.47119 0.45044 0.9033 -0.3052 0.5493 
0.229736 0.52002 0.45776 0.8911 -0.5981 0.4150 
0.231079 0.55908 0.46875 0.10376 -0.8301 0.3052 
0.231079 0.59082 0.47729 0.10742 -0.11597 0.2930 
0.232300 0.61279 0.48462 0.9766 -0.16479 0.3296 
0.233276 0.32104 0.49072 0.8789 -0.21973 0.2930 
0.232178 0.63354 0.47363 0.7813 -0.27832 0.1587 
0.229614 0.62012 0.44556 0.6714 -0.32227 0.1465 
0.225464 0.60425 0.43335 0.3662 -0.35889 0.2319 
0.219971 0.58716 0.43335 -0.977 -0.38940 0.5005 
0.213379 0.56396 0.43335 -0.3174 -0.41016 0.11353 
0.207153 0.54443 0.42725 -0.2563 -0.42847 0.21362 
0.202881 0.53345 0.39795 -0.1099 -0.43091 0.34058 
0.197510 0.50415 0.35156 -0.1099 -0.40283 0.49194 
0.192383 0.44800 0.28687 -0.244 -0.33813 0.65063 
0.186523 0.39063 0.21729 -0.610 -0.55298 0.78979 
0.182983 0.34424 0.16479 -0.1465 -0.24048 0.90332 
0.179077 0.31616 0.13184 -0.3662 -0.12451 0.98877 
0.175293 0.29785 0.12817 -0.8057 -0.1587 0.104858 
0.172974 0.29419 0.14893 -0.13184 0.6104 0.109741 
0.168945 0.29541 0.17578 -0.16846 0.10254 0.109741 
0.161743 0.29907 0.20020 -0.17822 0.11230 0.114990 
0.184082 0.29419 0.20874 -0.16968 0.9277 0.121582 
0.147217 0.27954 0.21240 -0.13916 0.4272 0.129395 
0.147217 0.26489 0.20020 -0.8301 -0.1953 0.137817 
0.145996 0.24902 0.17090 -0.2075 -0.7446 0.147217 
0.147827 0.22095 0.13428 0.1343 -0.9277 0.156738 
0.153076 0.22095 0.11719 0.854 -0.4761 0.165283 
0.159668 0.17700 0.10620 -0.2930 0.5859 0.171753 
0.167480 0.11597 0.11597 -0.9155 0.20874 0.176758 
0.177612 0.4150 0.15259 -0.17822 0.37720 0.181030 
0.190796 -0.3174 0.15259 -0.27588 0.53833 0.183838 
0.205688 -0.11841 0.21606 -0.4761 0.69458 0.185547 
0.222412 -0.20874 0.30151 -0.42969 0.83496 0.187622 
0.241211 -0.27710 0.39917 -0.42969 0.95337 0.189453 
0.263428 -0.32349 0.50293 -0.47974 0.104980 0.188477 
0.286621 -0.36377 0.61890 -0.51147 0.112793 0.183105 
0.309082 -0.40039 0.73364 -0.53101 0.112793 0.173096 
0.329956 -0.45166 0.85815 -0.54321 0.118774 0.159180 
0.348389 -0.51392 0.98267 -0.54199 0.122681 0.186157 
0.408325 -0.82031 0.148804 -0.57007 0.134888 0.151001 
0.395752 -0.64331 0.140259 -0.83496 0.198364 0.182251 
0.393677 -0.66772 0.147217 -0.91187 0.235107 0.164673 
0.395386 -0.67383 0.158813 -0.84961 0.240234 0.133301 
0.390015 -0.65430 0.161255 -0.70313 0.216675 0.106079 
0.390015 -0.61035 0.161865 -0.49316 0.170532 0.83252 
0.384888 -0.57861 0.156616 -0.26611 0.120361 0.59814 
0.379395 -0.54688 0.149780 -0.7690 0.72021 0.34180 
0.371582 -0.54688 0.143311 0.7202 0.25513 0.6104 
0.365967 -0.52490 0.139771 0.19287 -0.15747 -0.22827 
0.359619 -0.49683 0.142090 0.25879 -0.47607 -0.50659 
0.359863 -0.47119 0.141480 0.20508 -0.58960 -0.67993 
0.361084 -0.46875 0.141480 0.8423 -0.54932 -0.73120 
0.359863 -0.45776 0.134521 -0.2441 -0.48462 -0.75317 
0.354980 -0.43579 0.126587 -0.10010 -0.43335 -0.81055 
0.351074 -0.41992 0.118896 -0.10010 -0.37964 -0.87769 
0.347412 -0.41016 0.111694 -0.14648 -0.31250 -0.93628 
0.342651 -0.40771 0.105103 -0.19165 -0.23804 -0.99976 
0.337402 -0.40649 0.100952 -0.23804 -0.16846 -0.107300 
0.331665 -0.39429 0.98877 -0.27466 -0.16846 -0.115479 
0.325928 -0.36865 0.100098 -0.29297 -0.13062 -0.124634 
0.320313 -0.34668 0.102295 -0.28320 -0.12939 -0.103271 
0.314697 -0.32227 0.103882 -0.23438 -0.18677 -0.134521 
0.308716 -0.30396 0.103638 -0.16846 -0.29053 -0.144897 
0.301025 -0.30029 0.101440 -0.10620 -0.40527 -0.156006 
0.291016 -0.29785 0.97900 -0.6104 -0.51758 -0.167725 
0.291016 -0.28687 0.94116 -0.3662 -0.62134 -0.179565 
0.279907 -0.26001 0.91064 -0.2441 -0.70068 -0.190308 
0.268066 -0.22339 0.88745 -0.2075 -0.76416 -0.199097 
0.254517 -0.17090 0.86792 -0.1465 -0.81299 -0.205078 
0.239990 -0.17090 0.85693 0.122 -0.88013 -0.207520 
0.226074 -0.11597 0.85327 0.3418 -0.94360 -0.205811 
0.212036 -0.5249 0.84106 0.7568 -0.99609 -0.200806 
0.198730 0.732 0.84106 0.12451 -0.103760 -0.192505 
0.185669 0.5737 0.81177 0.17700 -0.106567 -0.182251 
0.172974 0.10010 0.76660 0.20508 -0.106201 -0.171021 
0.160522 0.13428 0.68970 0.20508 -0.103394 -0.160767 
0.148804 0.16846 0.60059 0.19653 -0.100098 -0.151245 
0.139648 0.20752 0.51514 0.15259 -0.96069 -0.141968 
0.131836 0.25269 0.43823 0.7813 -0.123657 -0.132813 
0.125732 0.28564 0.36255 -0.2930 -0.92407 -0.122925 
0.121826 0.31982 0.29541 -0.14771 -0.88623 -0.112183 
0.120117 0.35156 0.24780 -0.26001 -0.84106 -0.101196 
0.117920 0.37231 0.19897 -0.35034 -0.78857 -0.101196 
0.115234 0.38330 0.14648 -0.40527 -0.72876 -0.90454 
0.111450 0.39551 0.8789 -0.43701 -0.65430 -0.79712 
0.107300 0.41260 0.3662 -0.45288 -0.56641 -0.68359 
0.101196 0.44189 -0.1831 -0.46143 -0.45288 -0.57373 
0.101196 0.45166 -0.5493 -0.46021 -0.31006 -0.47607 
0.99976 0.45166 -0.9399 -0.47607 -0.13306 -0.35156 
0.100952 0.45654 -0.14038 -0.50049 0.4517 -0.20386 
0.102173 0.45654 -0.17456 -0.52490 0.21973 -0.6470 
0.105347 0.45532 -0.20142 -0.55664 0.39795 0.6470 
0.110352 0.43457 -0.20264 -0.60181 0.57495 0.18555 
0.116943 0.40161 -0.20264 -0.65552 0.75439 0.30640 
0.125000 0.37842 -0.18433 -0.72754 0.92896 0.41748 
0.132080 0.37476 -0.13672 -0.82397 0.109375 0.51025 
0.140259 0.34546 -0.8423 -0.91675 0.121948 0.61035 
0.145996 0.33569 -0.1465 -0.91675 0.130249 0.70068 
0.151245 0.31860 0.7324 -0.99243 0.135986 0.78491 
0.156372 0.30273 0.16724 -0.104370 0.137695 0.86670 
0.162476 0.23682 0.25757 -0.106812 0.137695 0.100708 
0.163940 0.19165 0.36255 -0.108154 0.140015 0.111572 
0.165771 0.13672 0.44312 -0.107300 0.143066 0.118042 
0.170776 0.8789 0.56519 -0.104736 0.145142 0.118042 
0.177979 0.4028 0.69580 -0.104126 0.146851 0.126465 
0.185669 0.2930 0.81543 -0.105103 0.147583 0.136719 
0.164917 -0.854 0.94116 -0.104370 0.146484 0.145386 
0.210327 -0.5371 0.104492 -0.101074 0.144653 0.152832 
0.210327 -0.11963 0.112183 -0.95825 0.144897 0.159546 
0.227173 -0.19043 0.116577 -0.89233 0.149292 0.164429 
0.244873 -0.24536 0.117676 -0.83618 0.158813 0.165283 
0.261230 -0.24536 0.119019 -0.81665 0.171631 0.161255 
0.275269 -0.28076 0.123535 -0.84351 0.183716 0.153076 
0.286011 -0.29907 0.101563 -0.90576 0.190674 0.141357 
0.293579 -0.30273 0.132813 -0.97900 0.189941 0.127197 
0.296997 -0.30151 0.145630 -0.103882 0.181274 0.112305 
0.297607 -0.29419 0.160278 -0.105225 0.167236 0.97900 
0.296875 -0.29663 0.175049 -0.102905 0.159424 0.95215 
0.327637 -0.52734 0.207764 -0.102905 0.197632 0.122559 
0.316772 -0.38696 0.212036 -0.110352 0.235596 0.118530 
0.314209 -0.40771 0.221436 -0.108032 0.222900 0.104614 
0.314209 -0.41382 0.225586 -0.96069 0.254150 0.92163 
0.311890 -0.41016 0.228149 -0.77393 0.240479 0.79102 
0.310669 -0.38696 0.228394 -0.57983 0.206543 0.92163 
0.309570 -0.37354 0.226074 -0.42114 0.165771 0.37964 
0.306274 -0.37354 0.223145 -0.31982 0.126221 0.37964 
0.300537 -0.36377 0.218506 -0.24048 0.90820 0.12329 
0.293701 -0.33813 0.212280 -0.15503 0.59448 -0.13672 
0.289917 -0.31860 0.206665 -0.6592 0.30884 -0.38330 
0.289917 -0.29785 0.202026 0.244 0.6348 -0.58472 
0.288086 -0.29785 0.199097 0.1953 -0.12573 -0.70435 
0.291870 -0.30396 0.194336 0.977 -0.24902 -0.69702 
0.293823 -0.30396 0.188965 0.1953 -0.31372 -0.63843 
0.295288 -0.30518 0.184448 0.5005 -0.32227 -0.61646 
0.298584 -0.30884 0.181763 0.7446 -0.29297 -0.63721 
0.301758 -0.34180 0.180786 0.8667 -0.24414 -0.70557 
0.302979 -0.40039 0.180786 0.9888 -0.20264 -0.82397 
0.301270 -0.44556 0.180542 0.10864 -0.19775 -0.97290 
0.295410 -0.46143 0.180054 0.11719 -0.23926 -0.113159 
0.286133 -0.46631 0.179077 0.11719 -0.31860 -0.129272 
0.275513 -0.45044 0.177124 0.12939 -0.42847 -0.144775 
0.264648 -0.42969 0.174438 0.13550 -0.54810 -0.158936 
