0.234741 0.37109 0.14282 -0.30273 -0.7080 -0.6958 
0.237915 0.37109 0.14893 -0.34058 -0.4272 -0.6592 
0.238037 0.40649 0.18433 -0.37964 -0.977 -0.5127 
0.240112 0.45410 0.23804 -0.40649 0.732 -0.3784 
0.241333 0.50659 0.23804 -0.40283 0.122 -0.1831 
0.241455 0.54565 0.29297 -0.35767 -0.854 0.854 
0.240356 0.57129 0.33936 -0.59204 -0.1221 0.4639 
0.239624 0.58716 0.35034 -0.19653 -0.3052 0.8789 
0.239624 0.57861 0.31738 -0.19653 -0.5737 0.11841 
0.240234 0.55420 0.28320 -0.15503 -0.9033 0.13794 
0.242188 0.53833 0.27466 -0.14404 -0.13062 0.14038 
0.245850 0.54077 0.28320 -0.13550 -0.13062 0.12817 
0.248535 0.54810 0.29175 -0.13062 -0.17944 0.9766 
0.250122 0.55176 0.29053 -0.12939 -0.24658 0.5249 
0.250366 0.55054 0.28320 -0.12817 -0.32104 0.5249 
0.249023 0.54688 0.26245 -0.12939 -0.38696 0.00 
0.246826 0.53467 0.23926 -0.13916 -0.45410 -0.5249 
0.243042 0.50293 0.20020 -0.14404 -0.51147 -0.9521 
0.238647 0.46143 0.14038 -0.13306 -0.54443 -0.12085 
0.238647 0.41870 0.7446 -0.11719 -0.54932 -0.13062 
0.234253 0.40039 0.2197 -0.10498 -0.52124 -0.12329 
0.231323 0.39185 -0.2319 -0.11841 -0.48096 -0.11108 
0.227417 0.39185 -0.5249 -0.12939 -0.41260 -0.9521 
0.222534 0.39917 -0.8789 -0.13794 -0.32959 -0.7324 
0.216064 0.41138 -0.11719 -0.14038 -0.23560 -0.4150 
0.207764 0.42847 -0.14282 -0.14526 -0.13916 -0.366 
0.198120 0.44556 -0.14282 -0.14771 -0.4395 0.4517 
0.187256 0.46387 -0.16602 -0.15137 0.4883 0.10742 
0.175903 0.47974 -0.17700 -0.15259 0.13794 0.18677 
0.162842 0.48706 -0.17334 -0.15259 0.22461 0.27832 
0.148315 0.47241 -0.17700 -0.15015 0.31860 0.38208 
0.133545 0.45288 -0.17700 -0.15747 0.42236 0.49683 
0.119995 0.45898 -0.16602 -0.17822 0.42236 0.62988 
0.109741 0.48218 -0.14160 -0.21240 0.52368 0.77515 
0.102661 0.50781 -0.9766 -0.26733 0.61523 0.93140 
0.98511 0.51514 -0.3418 -0.32959 0.67261 0.78857 
0.96069 0.48340 0.4517 -0.37476 0.71655 0.110107 
0.94727 0.40894 0.12451 -0.38818 0.78979 0.128906 
0.95215 0.30029 0.17090 -0.37598 0.90698 0.149658 
0.98145 0.17212 0.20020 -0.35278 0.104004 0.171753 
0.98145 0.5127 0.22949 -0.33081 0.116821 0.193970 
0.106445 -0.7202 0.26855 -0.32104 0.127563 0.215820 
0.121338 -0.19897 0.30273 -0.34424 0.137573 0.238647 
0.140747 -0.19897 0.35767 -0.38330 0.145142 0.259888 
0.166870 -0.32471 0.44434 -0.43091 0.151855 0.276489 
0.198364 -0.45044 0.55298 -0.49194 0.158569 0.286377 
0.230347 -0.56274 0.36499 -0.54321 0.166504 0.287964 
0.258667 -0.66406 0.67749 -0.57251 0.175049 0.282227 
0.281128 -0.73364 0.80078 -0.57007 0.182617 0.270996 
0.296631 -0.76660 0.89844 -0.54688 0.188110 0.256104 
0.307739 -0.79102 0.98389 -0.54688 0.191528 0.240845 
0.317871 -0.80322 0.105957 -0.53223 0.190063 0.226440 
0.327271 -0.80933 0.113403 -0.53467 0.216064 0.212769 
0.338501 -0.83862 0.122559 -0.54077 0.177002 0.199707 
0.352661 -0.86914 0.132813 -0.53711 0.177002 0.185791 
0.368530 -0.89111 0.143555 -0.52612 0.168091 0.169800 
0.383911 -0.90454 0.153564 -0.50293 0.158936 0.182495 
0.397705 -0.91064 0.161865 -0.45776 0.150269 0.151245 
0.408691 -0.89233 0.168213 -0.38452 0.141235 0.130249 
0.417969 -0.87646 0.173828 -0.30762 0.129761 0.107910 
0.423950 -0.87524 0.175415 -0.25391 0.117432 0.86182 
0.423950 -0.87158 0.175171 -0.19409 0.101563 0.64087 
0.427612 -0.86792 0.173096 -0.10742 0.83130 0.39185 
0.430786 -0.88135 0.173340 -0.2441 0.63965 0.13550 
0.434082 -0.90210 0.172363 0.854 0.48584 -0.10254 
0.434570 -0.90210 0.171021 0.977 0.36499 -0.32959 
0.432007 -0.90942 0.168701 0.610 0.25391 -0.56763 
0.426270 -0.91553 0.165771 0.1709 0.12817 -0.82153 
0.417480 -0.91309 0.165771 0.4395 -0.1831 -0.107422 
0.406128 -0.89966 0.162231 0.6836 -0.18066 -0.131104 
0.392822 -0.87036 0.157959 0.8301 -0.35522 -0.152832 
0.378540 -0.83496 0.153442 0.8301 -0.54077 -0.173096 
0.363403 -0.79834 0.148193 0.10254 -0.73975 -0.192505 
0.346924 -0.75928 0.142090 0.13428 -0.62622 -0.211304 
0.328369 -0.71411 0.135132 0.16968 -0.112061 -0.229126 
0.307861 -0.66650 0.127563 0.20264 -0.112061 -0.245117 
0.286133 -0.61646 0.120239 0.23193 -0.127319 -0.226685 
0.265015 -0.55420 0.114502 0.26733 -0.139038 -0.266724 
0.245117 -0.48462 0.109131 0.31616 -0.147583 -0.266724 
0.227539 -0.41016 0.104492 0.37720 -0.152100 -0.271240 
0.212158 -0.32959 0.98755 0.44312 -0.150635 -0.272095 
0.198242 -0.26367 0.92407 0.49683 -0.147705 -0.269531 
0.198242 -0.19775 0.85327 0.53101 -0.144287 -0.262939 
0.184937 -0.13306 0.78003 0.55176 -0.140015 -0.254517 
0.172363 -0.7202 0.70557 0.55176 -0.135498 -0.245117 
0.160522 -0.854 0.62500 0.52856 -0.131226 -0.234619 
0.149902 -0.854 0.54077 0.48096 -0.127808 -0.222778 
0.139893 0.5005 0.46021 0.41260 -0.125732 -0.209961 
0.130981 0.10254 0.37964 0.33203 -0.125122 -0.195923 
0.122437 0.15503 0.37964 0.24414 -0.126709 -0.179810 
0.113159 0.19165 0.29053 0.17212 -0.128052 -0.162476 
0.103638 0.24536 0.21484 0.10498 -0.125854 -0.146484 
0.93140 0.29297 0.13916 0.3418 -0.121460 -0.129639 
0.81665 0.34302 0.7690 0.3418 -0.115234 -0.112305 
0.69458 0.39917 0.2319 -0.2930 -0.106934 -0.94727 
0.56641 0.44800 -0.2441 -0.8301 -0.95337 -0.75684 
0.44067 0.50049 -0.6592 -0.12451 -0.95337 -0.55176 
0.35522 0.54199 -0.10742 -0.16724 -0.78613 -0.32837 
0.31006 0.56885 -0.14160 -0.21362 -0.58105 -0.40527 
0.31250 0.56519 -0.16235 -0.26001 -0.34180 -0.9277 
0.37476 0.53711 -0.16846 -0.31372 -0.7935 0.15625 
0.47241 0.50171 -0.15869 -0.37964 0.18188 0.41016 
0.59570 0.46021 -0.12817 -0.45410 0.42114 0.64819 
0.41870 0.41138 -0.7446 -0.53467 0.62866 0.85815 
0.73120 0.35522 0.488 -0.61523 0.79712 0.104126 
0.86304 0.61401 0.10376 -0.68970 0.93018 0.121460 
0.97168 0.22095 0.21729 -0.75073 0.103149 0.137329 
0.108521 0.22095 0.35767 -0.80322 0.112305 0.154175 
0.120361 0.12939 0.47852 -0.85693 0.123169 0.171875 
0.132690 0.4150 0.60669 -0.89111 0.131470 0.187744 
0.147339 -0.3174 0.60669 -0.89844 0.135132 0.201660 
0.165161 -0.9766 0.74585 -0.88867 0.134766 0.214111 
0.186157 -0.16113 0.88257 -0.86182 0.133667 0.223755 
0.208740 -0.23071 0.101929 -0.82764 0.134033 0.229736 
0.231323 -0.29785 0.114380 -0.82764 0.136353 0.231689 
0.251831 -0.36133 0.124146 -0.78247 0.140137 0.229004 
0.268921 -0.42236 0.131958 -0.72510 0.145874 0.223267 
0.281860 -0.47852 0.137329 -0.66040 0.145874 0.215698 
0.291260 -0.51758 0.140869 -0.58838 0.152710 0.206543 
0.297363 -0.52734 0.142334 -0.50903 0.159058 0.196899 
0.302124 -0.53345 0.142944 -0.43579 0.164307 0.188110 
0.305908 -0.53101 0.143799 -0.38574 0.167480 0.188110 
0.309326 -0.52612 0.144897 -0.35156 0.167236 0.180176 
0.283569 -0.54077 0.149658 -0.32593 0.163696 0.172363 
0.312622 -0.61401 0.163696 -0.33691 0.163818 0.166870 
0.343872 -0.62622 0.168457 -0.49927 0.185425 0.181519 
0.342651 -0.63354 0.169922 -0.66284 0.215942 0.176514 
0.349976 -0.64941 0.171265 -0.72144 0.229980 0.155762 
0.353638 -0.64941 0.173218 -0.66162 0.220215 0.130249 
0.356445 -0.69336 0.174072 -0.52246 0.190186 0.108276 
0.359985 -0.70923 0.175415 -0.35522 0.147705 0.88745 
0.364380 -0.70801 0.175415 -0.18799 0.101807 0.67261 
0.369141 -0.69702 0.175415 -0.1221 0.55298 0.41138 
0.373047 -0.68970 0.174072 -0.15259 0.9277 0.11719 
0.374756 -0.67139 0.171387 0.30273 -0.34424 -0.19287 
0.375977 -0.67139 0.167725 0.30273 -0.68970 -0.45654 
0.377197 -0.70068 0.167480 0.39063 -0.81665 -0.60913 
0.376343 -0.73120 0.166626 0.36133 -0.72754 -0.68848 
0.374268 -0.72998 0.164917 0.23804 -0.72754 -0.78735 
0.370972 -0.70557 0.163086 0.10986 -0.53711 -0.94360 
0.366821 -0.68848 0.160889 0.5127 -0.37231 -0.112671 
0.361572 -0.66772 0.159424 0.7813 -0.29419 -0.98877 
0.353760 -0.64453 0.158691 0.13184 -0.29053 -0.130127 
0.342529 -0.61768 0.156982 0.16602 -0.31982 -0.146973 
0.328369 -0.59082 0.154297 0.19043 -0.38208 -0.163940 
0.343384 -0.56519 0.150146 0.21973 -0.49072 -0.181152 
0.312134 -0.53467 0.145630 0.26245 -0.63965 -0.197998 
0.295044 -0.49927 0.140503 0.31006 -0.81299 -0.213257 
0.277466 -0.45044 0.134399 0.34790 -0.98999 -0.225708 
0.260010 -0.45044 0.128540 0.36743 -0.115601 -0.234863 
