0.223389 0.37231 0.50049 0.13550 0.51514 -0.10864 
0.223633 0.40161 0.53955 0.4150 0.60181 -0.12451 
0.224487 0.43823 0.58228 -0.2563 0.62256 -0.12695 
0.225342 0.47119 0.61157 -0.7935 0.60059 -0.12695 
0.225830 0.50171 0.63477 -0.12207 0.53711 -0.11841 
0.226563 0.53589 0.66162 -0.14893 0.44678 -0.10132 
0.227051 0.57739 0.70801 -0.16479 0.35034 -0.7568 
0.227051 0.61035 0.76294 -0.16113 0.25513 -0.4150 
0.226929 0.63354 0.81299 -0.12573 0.16724 -0.244 
0.226074 0.65552 0.85327 -0.7813 0.7568 0.4395 
0.224365 0.66162 0.84961 -0.2075 -0.4028 0.9888 
0.222656 0.66162 0.79590 0.3296 -0.17822 0.14160 
0.222656 0.62866 0.73364 0.5981 -0.32227 0.16479 
0.224976 0.58228 0.69946 0.6592 -0.45654 0.17334 
0.229370 0.55054 0.69946 0.5981 -0.57129 0.16968 
0.234131 0.54199 0.69702 0.5127 -0.66772 0.16479 
0.238281 0.54321 0.70068 0.4028 -0.74585 0.15625 
0.241577 0.54565 0.69580 0.4028 -0.79590 0.13916 
0.244019 0.54321 0.69458 0.2319 -0.80200 0.11841 
0.245239 0.54321 0.68115 0.1343 -0.77759 0.9399 
0.245728 0.53955 0.66040 0.1831 -0.69824 0.6470 
0.245483 0.54321 0.63477 0.3052 -0.69824 0.3174 
0.242798 0.53955 0.58594 0.3174 -0.61768 0.31128 
0.239380 0.54321 0.52490 0.3662 -0.54565 -0.3662 
0.236816 0.55786 0.49072 0.3174 -0.48828 -0.3662 
0.234131 0.57861 0.46631 0.1099 -0.42969 -0.7446 
0.229736 0.60059 0.44312 -0.2686 -0.37109 -0.11353 
0.223511 0.62134 0.42236 -0.6836 -0.31860 -0.14893 
0.223511 0.64087 0.40771 -0.10498 -0.27832 -0.17456 
0.216553 0.65308 0.38574 -0.13550 -0.24902 -0.18799 
0.208740 0.65552 0.35767 -0.15869 -0.22705 -0.18311 
0.200195 0.65430 0.32593 -0.16846 -0.20142 -0.15625 
0.191040 0.65430 0.29053 -0.16357 -0.16602 -0.10010 
0.180786 0.63843 0.23926 -0.15259 -0.11230 -0.1343 
0.171021 0.61401 0.18555 -0.16602 -0.3784 0.9888 
0.163696 0.59448 0.18555 -0.20752 0.5371 0.22461 
0.157471 0.57129 0.13672 -0.27100 0.15259 0.35767 
0.152832 0.55420 0.10254 -0.3296 0.24292 0.49438 
0.150024 0.53223 0.8423 -0.42847 0.31616 0.62988 
0.147827 0.49316 0.8423 -0.42847 0.37231 0.74951 
0.146362 0.43823 0.11353 -0.51514 0.40894 0.85571 
0.144775 0.38452 0.16235 -0.60425 0.42969 0.94482 
0.141724 0.32349 0.22949 -0.68726 0.42969 0.101929 
0.138428 0.26123 0.30518 -0.75439 0.44434 0.109253 
0.136597 0.20874 0.37720 -0.81055 0.45044 0.117676 
0.137695 0.17700 0.44556 -0.85815 0.44800 0.117676 
0.142212 0.15869 0.51392 -0.88867 0.44067 0.128174 
0.150513 0.14526 0.57373 -0.90210 0.44556 0.141113 
0.131104 0.11597 0.62622 -0.90454 0.46387 0.155762 
0.177490 0.5737 0.66650 -0.90332 0.51147 0.170654 
0.177490 -0.2319 0.70313 -0.90210 0.59814 0.183472 
0.194092 -0.11597 0.76050 -0.91797 0.71289 0.192505 
0.211548 -0.19409 0.83008 -0.93750 0.83374 0.196899 
0.227783 -0.19409 0.91431 -0.94482 0.94238 0.197021 
0.242798 -0.24780 0.102173 -0.95337 0.102051 0.193481 
0.257935 -0.27100 0.114868 -0.96069 0.105957 0.187134 
0.272217 -0.26733 0.114868 -0.94971 0.106201 0.178833 
0.285400 -0.25513 0.127686 -0.91675 0.103760 0.169556 
0.297119 -0.25879 0.139160 -0.86060 0.100952 0.159302 
0.306763 -0.27954 0.148193 -0.78247 0.98633 0.147949 
0.313599 -0.31982 0.154053 -0.78247 0.97534 0.135620 
0.319092 -0.35767 0.158325 -0.70068 0.98145 0.124634 
0.352173 -0.50537 0.176636 -0.63843 0.119873 0.138916 
0.344360 -0.43945 0.178223 -0.74585 0.119873 0.127075 
0.344482 -0.40039 0.182129 -0.88135 0.145874 0.106201 
0.345459 -0.38818 0.184814 -0.91064 0.151611 0.118896 
0.342773 -0.34546 0.186401 -0.78003 0.128906 0.70313 
0.338623 -0.30029 0.188477 -0.59204 0.91553 0.70313 
0.332520 -0.29541 0.187500 -0.43457 0.59814 0.50659 
0.324951 -0.29663 0.184204 -0.28931 0.36987 0.29541 
0.319702 -0.28564 0.180908 -0.12939 0.16235 0.8179 
0.319702 -0.26855 0.178345 0.3052 -0.4761 -0.12329 
0.317749 -0.26123 0.175293 0.16724 -0.24414 -0.31006 
0.320679 -0.28198 0.169922 0.23682 -0.38818 -0.43213 
0.326538 -0.28198 0.162842 0.21851 -0.45288 -0.47119 
0.330688 -0.30762 0.154541 0.17578 -0.45410 -0.50049 
0.335083 -0.31738 0.146851 0.15259 -0.43701 -0.55786 
0.339111 -0.33325 0.140259 0.15625 -0.41260 -0.63965 
0.342529 -0.34546 0.140259 0.16357 -0.38574 -0.74707 
0.343628 -0.35767 0.133667 0.16602 -0.36499 -0.88013 
0.342896 -0.36133 0.128296 0.16724 -0.36499 -0.103271 
0.340088 -0.36011 0.123779 0.16724 -0.39795 -0.119751 
0.334595 -0.35156 0.120239 0.17578 -0.45410 -0.137207 
0.327515 -0.34058 0.118286 0.19287 -0.49927 -0.154785 
0.319092 -0.32227 0.116089 0.21606 -0.49927 -0.171143 
0.308960 -0.29297 0.114624 0.23682 -0.53223 -0.185547 
0.296753 -0.25513 0.113281 0.25146 -0.55176 -0.165771 
0.283081 -0.21606 0.111694 0.25391 -0.56030 -0.204590 
0.269409 -0.17944 0.109985 0.24780 -0.56763 -0.204590 
0.255737 -0.14160 0.108154 0.24536 -0.58105 -0.208618 
0.274536 -0.9644 0.105957 0.24536 -0.61035 -0.209839 
0.233154 -0.4272 0.104126 0.24536 -0.65674 -0.208862 
0.233154 0.732 0.101440 0.24658 -0.72510 -0.207031 
0.222900 0.4639 0.100098 0.24536 -0.79102 -0.205566 
0.214844 0.8423 0.98877 0.22217 -0.83984 -0.201904 
0.205322 0.8423 0.96802 0.20630 -0.89111 -0.197998 
0.195068 0.12085 0.93994 0.21118 -0.94360 -0.193848 
0.186157 0.15381 0.119385 0.21851 -0.98511 -0.187744 
0.177612 0.18799 0.81787 0.22705 -0.100708 -0.181030 
0.171387 0.21362 0.81787 0.22339 -0.99365 -0.174194 
0.163940 0.24902 0.73486 0.21484 -0.94727 -0.169189 
0.159180 0.27100 0.67261 0.18311 -0.86304 -0.163208 
0.151978 0.29907 0.59204 0.18311 -0.77148 -0.157227 
0.143799 0.33081 0.52124 0.14526 -0.68115 -0.150757 
0.135254 0.35889 0.45044 0.10742 -0.91675 -0.142944 
0.127319 0.39551 0.37598 0.7446 -0.54688 -0.134155 
0.120117 0.43823 0.31250 0.3784 -0.54688 -0.124268 
0.114014 0.47974 0.24902 -0.1221 -0.50049 -0.112915 
0.109497 0.52002 0.19165 -0.6958 -0.45532 -0.99976 
0.105713 0.54932 0.15381 -0.12817 -0.40283 -0.99976 
0.101685 0.56396 0.13306 -0.18311 -0.33203 -0.85571 
0.98022 0.57129 0.11475 -0.23315 -0.22949 -0.69336 
0.95947 0.57495 0.11353 -0.29053 -0.9277 -0.51392 
0.95947 0.58472 0.13184 -0.36133 0.5981 -0.32715 
0.96558 0.59570 0.17334 -0.44189 0.19775 -0.14282 
0.99121 0.59448 0.23560 -0.52124 0.29419 0.2563 
0.101807 0.57983 0.31372 -0.58350 0.34302 0.18188 
0.104614 0.57983 0.38574 -0.62744 0.35889 0.33081 
0.108032 0.54932 0.43701 -0.65308 0.35767 0.48462 
0.112915 0.50293 0.47241 -0.67261 0.35889 0.64453 
0.119141 0.45166 0.47241 -0.69214 0.37598 0.80811 
0.126953 0.40405 0.49072 -0.71777 0.41260 0.96802 
0.136597 0.35889 0.49805 -0.76660 0.44434 0.113037 
0.148438 0.30396 0.48706 -0.76660 0.42114 0.130493 
0.159302 0.25757 0.49561 -0.82886 0.39185 0.142456 
0.170410 0.21362 0.52612 -0.89111 0.35522 0.148071 
0.181030 0.17212 0.58472 -0.96313 0.32837 0.148315 
0.186646 0.14893 0.65430 -0.102417 0.32837 0.142456 
0.194336 0.12207 0.74097 -0.105713 0.32104 0.140869 
0.201538 0.12817 0.82153 -0.108398 0.30273 0.142090 
0.210571 0.14160 0.88989 -0.109009 0.28809 0.142090 
0.221802 0.15625 0.93872 -0.107666 0.29175 0.144653 
0.234131 0.15869 0.98145 -0.105835 0.31006 0.148071 
0.247437 0.14648 0.104126 -0.104004 0.34180 0.150513 
0.227905 0.12329 0.111694 -0.102173 0.39185 0.150757 
0.259155 0.10010 0.119995 -0.99731 0.45898 0.148804 
0.268799 0.8667 0.128540 -0.96191 0.52368 0.144775 
0.276367 0.8179 0.136475 -0.92163 0.56885 0.139648 
0.282837 0.8179 0.142822 -0.87158 0.59448 0.134766 
0.290039 0.8057 0.148071 -0.81421 0.60547 0.130249 
0.297974 0.8179 0.152100 -0.75195 0.61768 0.125366 
0.306641 0.8667 0.152100 -0.68848 0.63354 0.119385 
0.314209 0.8789 0.154541 -0.63232 0.64941 0.111694 
0.326660 0.9521 0.156006 -0.63354 0.71899 0.114502 
0.334351 0.2563 0.166626 -0.69458 0.90454 0.111572 
0.338135 -0.1221 0.167603 -0.69458 0.96558 0.93506 
0.337036 -0.4395 0.168457 -0.68604 0.116699 0.72998 
0.332397 -0.4883 0.168213 -0.59204 0.64331 0.53101 
0.327393 -0.5371 0.168213 -0.45166 0.64331 0.34790 
0.321655 -0.4761 0.165405 -0.30518 0.45044 0.18311 
