0.249634 0.55298 0.38696 0.5981 0.1587 -0.244 
0.250488 0.56274 0.37720 0.732 0.6958 -0.1953 
0.251099 0.56396 0.38452 -0.6714 0.11719 -0.3662 
0.250610 0.58594 0.40771 -0.14038 0.15259 -0.4883 
0.249146 0.61890 0.44312 -0.19287 0.15259 -0.4150 
0.246704 0.64941 0.47852 -0.21729 0.16602 -0.1709 
0.244263 0.67749 0.50537 -0.21240 0.14282 -0.28809 
0.242188 0.71411 0.54810 -0.18921 0.8423 0.2441 
0.239990 0.74219 0.59814 -0.14771 -0.1465 0.7935 
0.238770 0.73486 0.60791 -0.8301 -0.15259 0.13794 
0.236694 0.67505 0.56519 -0.1831 -0.29541 0.17456 
0.236694 0.60669 0.49805 0.1343 -0.40527 0.17578 
0.235107 0.56274 0.45166 0.00 -0.48218 0.15259 
0.234131 0.54932 0.44067 -0.3540 -0.52734 0.12451 
0.233765 0.55054 0.43213 -0.7568 -0.53467 0.10376 
0.233887 0.55054 0.42480 -0.11108 -0.53467 0.10132 
0.233765 0.54688 0.39551 -0.13672 -0.52246 0.11963 
0.229614 0.54565 0.38940 -0.15015 -0.49194 0.15259 
0.231689 0.52490 0.38940 -0.14893 -0.45776 0.18188 
0.230225 0.48950 0.33203 -0.14282 -0.40405 0.19653 
0.229126 0.44189 0.26001 -0.14526 -0.33081 0.19531 
0.226929 0.40039 0.18433 -0.14526 -0.24658 0.18311 
0.222290 0.36133 0.10620 -0.15869 -0.15869 0.16357 
0.214355 0.32715 0.4395 -0.18433 -0.6958 0.15137 
0.203857 0.30762 -0.366 -0.21118 -0.29785 0.15625 
0.191406 0.30029 -0.5005 -0.23438 0.1465 0.18433 
0.177246 0.29297 -0.9766 -0.25879 0.9521 0.23926 
0.162598 0.28320 -0.14771 -0.28809 0.16968 0.1099 
0.147705 0.26611 -0.19409 -0.32227 0.23560 0.32349 
0.132446 0.25513 -0.24414 -0.36255 0.29541 0.42969 
0.117065 0.25513 -0.27954 -0.42969 0.34180 0.55298 
0.104248 0.26489 -0.29053 -0.53101 0.36743 0.68726 
0.93994 0.27222 -0.26733 -0.63843 0.37964 0.83618 
0.93994 0.27588 -0.21729 -0.71533 0.40771 0.100220 
0.87402 0.27344 -0.15137 -0.76904 0.47974 0.118896 
0.85205 0.20508 -0.6714 -0.82153 0.55054 0.140015 
0.87280 0.20508 0.854 -0.84351 0.66406 0.161499 
0.92773 0.10376 0.9277 -0.83862 0.80200 0.181763 
0.101929 -0.244 0.17578 -0.81543 0.95703 0.200928 
0.113159 -0.11230 0.17578 -0.78735 0.111328 0.219360 
0.127319 -0.20630 0.26489 -0.77637 0.124634 0.235718 
0.144165 -0.27710 0.36865 -0.79590 0.134399 0.249512 
0.164917 -0.34790 0.47729 -0.83862 0.140625 0.260010 
0.191040 -0.44556 0.60791 -0.83862 0.146851 0.265991 
0.222168 -0.56152 0.76904 -0.89844 0.154419 0.267090 
0.254395 -0.65796 0.93140 -0.96191 0.131592 0.263062 
0.284912 -0.73120 0.110352 -0.100342 0.162842 0.254761 
0.313599 -0.77026 0.128052 -0.101440 0.171387 0.243530 
0.339722 -0.76904 0.145020 -0.98389 0.178467 0.229858 
0.363892 -0.76294 0.161987 -0.91064 0.183472 0.229858 
0.389648 -0.77759 0.177368 -0.81543 0.187134 0.214111 
0.427368 -0.80933 0.195679 -0.71899 0.189941 0.196411 
0.412964 -0.93750 0.237183 -0.75562 0.221558 0.197388 
0.487061 -0.91431 0.224731 -0.105103 0.277588 0.192139 
0.487061 -0.93018 0.236206 -0.97290 0.284302 0.134521 
0.496826 -0.68604 0.237427 -0.61523 0.234009 0.70801 
0.503906 -0.100342 0.237671 -0.10376 0.147705 0.22217 
0.506226 -0.100342 0.235230 0.26123 0.68359 -0.13916 
0.503662 -0.97290 0.231323 0.37231 0.20874 -0.47119 
0.492065 -0.93384 0.227173 0.33081 0.1831 -0.81055 
0.472168 -0.87036 0.221802 0.28931 -0.5005 -0.115967 
0.446899 -0.80566 0.221802 0.32104 -0.11597 -0.147217 
0.420532 -0.75684 0.214600 0.39795 -0.20996 -0.171143 
0.396118 -0.72144 0.204956 0.48462 -0.31616 -0.189941 
0.374146 -0.70190 0.193115 0.48462 -0.43579 -0.206055 
0.356445 -0.68481 0.179688 0.56519 -0.56885 -0.221313 
0.341675 -0.66040 0.167358 0.63843 -0.40283 -0.237793 
0.328857 -0.61401 0.156494 0.70068 -0.71533 -0.256958 
0.317627 -0.55908 0.148315 0.76050 -0.88257 -0.278931 
0.303467 -0.50293 0.140503 0.82275 -0.104492 -0.271118 
0.286865 -0.46265 0.130249 0.87646 -0.118652 -0.291504 
0.267456 -0.44312 0.118164 0.90942 -0.134155 -0.322754 
0.245361 -0.42480 0.102417 0.91675 -0.149048 -0.337891 
0.223145 -0.39429 0.86060 0.89966 -0.163330 -0.349365 
0.232056 -0.33813 0.70923 0.85083 -0.175293 -0.356689 
0.200806 -0.25757 0.59082 0.77026 -0.183716 -0.359863 
0.177612 -0.16357 0.51514 0.66406 -0.192749 -0.358887 
0.153809 -0.6836 0.46387 0.57495 -0.199097 -0.353760 
0.127197 -0.6836 0.40527 0.50903 -0.202393 -0.342896 
0.99976 0.1709 0.31616 0.47241 -0.200317 -0.325317 
0.73608 0.8789 0.52979 0.42603 -0.192871 -0.300781 
0.49438 0.16113 0.13306 0.34302 -0.181152 -0.269775 
0.26611 0.24658 0.13306 0.21606 -0.166382 -0.233154 
0.5249 0.34302 0.7813 0.5859 -0.148926 -0.193115 
-0.15015 0.44312 0.5005 0.19531 -0.128662 -0.152588 
-0.32349 0.53711 0.4883 -0.11719 -0.106445 -0.113281 
-0.46387 0.60547 0.5005 -0.29297 -0.84595 -0.74707 
-0.56396 0.65552 0.5249 -0.46143 -0.93384 -0.37109 
-0.62134 0.68481 0.5615 -0.61646 -0.62134 0.732 
-0.63599 0.68359 0.5005 -0.75073 -0.40039 0.38940 
-0.60425 0.63232 0.3052 -0.84595 -0.18433 0.46875 
-0.54565 0.55298 0.00 -0.91309 0.4761 0.87524 
-0.39795 0.43335 0.610 -0.98633 0.27588 0.118774 
-0.20386 0.31616 0.5615 -0.109741 0.49072 0.164917 
0.3052 0.17944 0.10498 -0.123169 0.71289 0.211060 
0.122 0.5981 0.20996 -0.135376 0.91064 0.252075 
0.31372 -0.4028 0.37964 -0.146240 0.111938 0.286499 
0.62866 -0.11475 0.57007 -0.154785 0.130859 0.314209 
0.96313 -0.17822 0.79590 -0.156128 0.145142 0.333252 
0.132813 -0.26611 0.104980 -0.153320 0.156372 0.349121 
0.174194 -0.26611 0.121948 -0.151978 0.171143 0.366455 
0.214233 -0.35156 0.98755 -0.149780 0.180664 0.376343 
0.251709 -0.43945 0.138306 -0.144409 0.177612 0.375977 
0.287964 -0.52002 0.138306 -0.138794 0.168457 0.369141 
0.320190 -0.58594 0.146973 -0.131714 0.160034 0.355713 
0.346436 -0.62622 0.155762 -0.153564 0.155396 0.336548 
0.366821 -0.65552 0.163208 -0.122314 0.155273 0.312988 
0.381958 -0.68848 0.167847 -0.108887 0.161743 0.285522 
0.397949 -0.72144 0.168579 -0.91431 0.176392 0.258911 
0.433472 -0.80811 0.175537 -0.75806 0.158813 0.253052 
0.445190 -0.82764 0.179199 -0.78735 0.221313 0.223511 
0.462158 -0.82031 0.182007 -0.92407 0.270874 0.242188 
0.473877 -0.81787 0.190186 -0.94604 0.281372 0.166138 
0.477051 -0.80322 0.194458 -0.78003 0.244873 0.134888 
0.474487 -0.77759 0.197388 -0.53101 0.179565 0.88257 
0.465210 -0.77881 0.202271 -0.35400 0.113647 0.40283 
0.449341 -0.80078 0.205933 -0.30396 0.69946 -0.4028 
0.449341 -0.82153 0.207275 -0.34302 0.48096 -0.40405 
0.427246 -0.81177 0.209473 -0.37598 0.35767 -0.70190 
0.404053 -0.79346 0.212646 -0.35278 0.25269 -0.96436 
0.386719 -0.75562 0.214600 -0.27466 0.12207 -0.119995 
0.374146 -0.75562 0.215454 -0.15015 -0.6348 -0.145142 
0.366211 -0.72998 0.213379 0.00 -0.29541 -0.170898 
0.357178 -0.71533 0.208374 0.14282 -0.54688 -0.198120 
0.346802 -0.70679 0.208374 0.28320 -0.82275 -0.228638 
0.332764 -0.69824 0.202393 0.43945 -0.109497 -0.261841 
0.315063 -0.69946 0.193848 0.60181 -0.132446 -0.294922 
0.298096 -0.71289 0.182983 0.45776 -0.146240 -0.327759 
0.278809 -0.72510 0.169800 0.77026 -0.148804 -0.359131 
0.255615 -0.72021 0.153931 0.91064 -0.138550 -0.386841 
0.231079 -0.69458 0.138794 0.100952 -0.147217 -0.408081 
0.204712 -0.64575 0.124634 0.106079 -0.115967 -0.420410 
0.178711 -0.57861 0.112549 0.106812 -0.88501 -0.424438 
0.152954 -0.49194 0.100342 0.107300 -0.59937 -0.419556 
0.125000 -0.37354 0.86426 0.105225 -0.39429 -0.419556 
0.98999 -0.23315 0.78003 0.102417 -0.32837 -0.407715 
0.74463 -0.8911 0.71777 0.94849 -0.33813 -0.388550 
0.86670 0.8057 0.66772 0.83618 -0.39185 -0.361816 
0.41626 0.26123 0.64697 0.70435 -0.47607 -0.331055 
0.41626 0.44434 0.64697 0.56274 -0.55542 -0.298218 
0.32349 0.58960 0.65063 0.43457 -0.59204 -0.262085 
0.29297 0.44678 0.63965 0.31738 -0.58594 -0.220337 
0.31372 0.75928 0.60303 0.20630 -0.53467 -0.180542 
0.40283 0.84839 0.60547 0.9888 -0.46265 -0.139648 
0.55176 0.92407 0.60303 -0.488 -0.34668 -0.100342 
0.73975 0.97046 0.60303 -0.9399 -0.20142 -0.65308 
0.95947 0.98267 0.60791 -0.17334 -0.5859 -0.36133 
0.120239 0.97412 0.61890 -0.24292 0.6470 -0.14526 
0.143311 0.95215 0.63599 -0.30640 0.16113 -0.977 
0.163574 0.92407 0.66406 -0.30640 0.24780 0.6714 
