0.236450 0.44678 -0.38330 0.36133 -0.17822 -0.35278 
0.237793 0.47607 -0.37231 0.26978 -0.17822 -0.36377 
0.238770 0.51270 -0.33813 0.18311 -0.9399 -0.36621 
0.239014 0.56519 -0.30151 0.10864 -0.5493 -0.35034 
0.237915 0.62378 -0.26123 0.5493 -0.5249 -0.62500 
0.236816 0.65552 -0.21484 0.1709 -0.8911 -0.31250 
0.235962 0.66406 -0.17212 0.977 -0.15137 -0.25391 
0.236328 0.67261 -0.15137 0.3784 -0.21118 -0.18433 
0.237671 0.68481 -0.15381 0.6958 -0.25024 -0.11597 
0.237671 0.68848 -0.17700 0.7568 -0.26367 -0.5981 
0.240723 0.68604 -0.19531 0.4150 -0.26245 -0.2319 
0.245117 0.68848 -0.20142 -0.1831 -0.25879 -0.1099 
0.249268 0.69580 -0.19775 -0.8423 -0.27344 -0.1709 
0.252197 0.69580 -0.18677 -0.15015 -0.32471 -0.3052 
0.252075 0.68115 -0.17212 -0.20752 -0.41016 -0.5371 
0.249634 0.65674 -0.16724 -0.24292 -0.48706 -0.8545 
0.247803 0.65063 -0.16724 -0.25146 -0.55054 -0.11475 
0.245239 0.65063 -0.16235 -0.24536 -0.59937 -0.12939 
0.243286 0.66040 -0.16113 -0.24536 -0.63232 -0.13794 
0.239014 0.67505 -0.17334 -0.24536 -0.63232 -0.13916 
0.234497 0.68848 -0.18799 -0.24536 -0.60669 -0.12817 
0.229614 0.69946 -0.20996 -0.25146 -0.55298 -0.10864 
0.224976 0.71045 -0.22461 -0.25879 -0.48706 -0.7935 
0.219727 0.71899 -0.24414 -0.26733 -0.48706 -0.4395 
0.213623 0.71045 -0.26489 -0.27344 -0.41016 -0.244 
0.207886 0.70313 -0.28442 -0.26367 -0.32104 -0.26245 
0.201416 0.69824 -0.31860 -0.24048 -0.22827 0.5005 
0.194824 0.68481 -0.38086 -0.22461 -0.13550 0.10742 
0.190552 0.65430 -0.44434 -0.24414 -0.4150 0.16846 
0.216675 0.61890 -0.48462 -0.30029 0.5127 0.24170 
0.185425 0.59204 -0.49927 -0.35767 0.14648 0.31006 
0.179688 0.57251 -0.49683 -0.39917 0.24780 0.36499 
0.173462 0.54688 -0.49072 -0.44067 0.36011 0.41748 
0.166382 0.51270 -0.47974 -0.50293 0.49072 0.48462 
0.159302 0.51270 -0.46387 -0.58472 0.63721 0.57007 
0.152222 0.49194 -0.44434 -0.68481 0.79712 0.67017 
0.146484 0.47363 -0.41870 -0.80688 0.92529 0.78979 
0.140625 0.44189 -0.41870 -0.95947 0.101929 0.90698 
0.135132 0.40527 -0.39551 -0.114624 0.108521 0.102051 
0.131226 0.36865 -0.33691 -0.103638 0.109985 0.114380 
0.133301 0.34424 -0.21851 -0.134888 0.108398 0.131104 
0.132202 0.36133 -0.8057 -0.152954 0.103149 0.145264 
0.134033 0.36621 0.5737 -0.164307 0.94727 0.157837 
0.140869 0.36499 0.16235 -0.168457 0.117676 0.170410 
0.152344 0.33203 0.24170 -0.167114 0.86426 0.183228 
0.166626 0.27100 0.29419 -0.161011 0.81299 0.194580 
0.182251 0.19531 0.30151 -0.150879 0.81177 0.203003 
0.197510 0.11475 0.28198 -0.138794 0.86060 0.203003 
0.213135 0.3174 0.25757 -0.129028 0.93994 0.207642 
0.227905 -0.4761 0.26001 -0.124390 0.103394 0.208984 
0.241821 -0.11597 0.28442 -0.124268 0.113159 0.207642 
0.223999 -0.16479 0.35034 -0.125122 0.120117 0.204468 
0.255249 -0.20508 0.43457 -0.124023 0.123657 0.200439 
0.266602 -0.24414 0.52734 -0.120850 0.123535 0.195923 
0.276123 -0.28931 0.62622 -0.115234 0.121094 0.191162 
0.285767 -0.28931 0.71777 -0.107666 0.118408 0.185913 
0.294434 -0.34302 0.79590 -0.99731 0.118042 0.180176 
0.303345 -0.39429 0.87769 -0.92407 0.120605 0.174072 
0.313232 -0.43823 0.87769 -0.85449 0.123657 0.167725 
0.324707 -0.47363 0.97168 -0.78613 0.123901 0.160889 
0.337036 -0.49927 0.104736 -0.72021 0.118530 0.152710 
0.348633 -0.51880 0.110107 -0.67627 0.107666 0.141846 
0.358398 -0.53223 0.112671 -0.67627 0.94116 0.128418 
0.364746 -0.55420 0.113647 -0.65796 0.112061 0.113159 
0.367554 -0.58350 0.114136 -0.64697 0.69580 0.98267 
0.369263 -0.60791 0.115601 -0.62988 0.69580 0.85205 
0.372070 -0.62744 0.117065 -0.59326 0.60913 0.73730 
0.377563 -0.63110 0.118652 -0.53589 0.55420 0.62744 
0.385376 -0.62744 0.120361 -0.46875 0.53589 0.62744 
0.394409 -0.61646 0.120728 -0.39307 0.53711 0.50659 
0.402100 -0.60669 0.118896 -0.31250 0.53955 0.36865 
0.375122 -0.61523 0.114502 -0.25391 0.52979 0.21729 
0.437256 -0.63232 0.107422 -0.24170 0.50781 0.4761 
0.406006 -0.65186 0.98633 -0.26611 0.45532 -0.14160 
0.401123 -0.65918 0.92163 -0.32104 0.35278 -0.34058 
0.393311 -0.65063 0.88135 -0.38940 0.22705 -0.54077 
0.384399 -0.65063 0.86792 -0.46509 0.8911 -0.73730 
0.374878 -0.62134 0.85205 -0.53711 -0.4883 -0.93384 
0.363403 -0.58716 0.84106 -0.58838 -0.18311 -0.112671 
0.351440 -0.55908 0.85571 -0.61768 -0.28442 -0.130493 
0.340088 -0.52979 0.85571 -0.62256 -0.34668 -0.146240 
0.328980 -0.50171 0.87646 -0.59937 -0.39063 -0.159912 
0.316650 -0.47974 0.87036 -0.56641 -0.41260 -0.171753 
0.304077 -0.46509 0.85205 -0.56641 -0.39429 -0.181763 
0.291382 -0.43823 0.82764 -0.53833 -0.35889 -0.190186 
0.279541 -0.39551 0.80933 -0.50537 -0.32349 -0.196655 
0.268188 -0.34790 0.80200 -0.46143 -0.32349 -0.200684 
0.257813 -0.30396 0.79956 -0.42480 -0.29419 -0.202026 
0.248901 -0.26855 0.79712 -0.41870 -0.27710 -0.201782 
0.240967 -0.24048 0.78125 -0.43091 -0.26978 -0.201172 
0.233154 -0.21851 0.76050 -0.44189 -0.27954 -0.201172 
0.226929 -0.19653 0.73486 -0.43091 -0.32349 -0.201660 
0.221313 -0.16968 0.70557 -0.40527 -0.38086 -0.201416 
0.245605 -0.13916 0.67993 -0.37964 -0.43701 -0.199219 
0.214355 -0.9888 0.64941 -0.34424 -0.49561 -0.196655 
0.207397 -0.5371 0.62622 -0.29175 -0.57251 -0.193726 
0.199829 -0.854 0.59570 -0.23071 -0.63721 -0.190186 
0.192383 -0.854 0.56885 -0.17578 -0.70190 -0.184937 
0.183350 0.4150 0.54321 -0.10376 -0.77148 -0.178467 
0.174194 0.9033 0.51025 -0.3540 -0.82764 -0.170532 
0.166016 0.14160 0.45044 0.2075 -0.85327 -0.161011 
0.157349 0.18799 0.45044 0.5981 -0.83862 -0.150391 
0.150269 0.22705 0.37109 0.6470 -0.78003 -0.139160 
0.145386 0.25757 0.29663 0.4517 -0.68604 -0.127441 
0.138184 0.30762 0.21362 0.4517 -0.55786 -0.117920 
0.135986 0.34302 0.17334 0.2319 -0.38452 -0.104614 
0.132324 0.39185 0.13672 -0.2808 -0.55054 -0.89600 
0.126709 0.44189 0.9521 -0.8179 -0.23804 -0.76172 
0.122070 0.48584 0.4883 -0.11230 -0.13428 -0.63354 
0.117920 0.53101 0.732 -0.13672 -0.6592 -0.82031 
0.114014 0.55176 -0.3784 -0.17700 -0.2686 -0.39063 
0.111328 0.55420 -0.6958 -0.23438 0.00 -0.39063 
0.109131 0.55420 -0.8057 -0.30762 0.2441 -0.26855 
0.107666 0.54443 -0.7324 -0.40527 0.5493 -0.14038 
0.107544 0.53955 -0.5859 -0.50049 0.9766 -0.366 
0.107544 0.53955 -0.4150 -0.58105 0.14648 0.13916 
0.108398 0.53101 -0.2197 -0.64331 0.19897 0.28931 
0.109619 0.50293 -0.1465 -0.69824 0.25879 0.45044 
0.113892 0.46509 -0.488 -0.74219 0.29907 0.63477 
0.116821 0.46509 0.366 -0.78857 0.33936 0.81055 
0.123413 0.40771 0.3052 -0.84595 0.37354 0.98389 
0.129761 0.34546 0.8179 -0.90332 0.41504 0.112549 
0.135986 0.29053 0.8179 -0.95215 0.44312 0.124634 
0.139893 0.23682 0.14893 -0.98145 0.45654 0.135132 
0.144531 0.18555 0.22095 -0.99854 0.45898 0.145508 
0.149536 0.12329 0.28564 -0.99854 0.46143 0.157227 
0.162720 0.3906 0.36865 -0.101196 0.49072 0.173584 
0.171875 -0.1099 0.42603 -0.101563 0.55176 0.185303 
0.187744 -0.6836 0.46021 -0.98755 0.59570 0.194580 
0.204346 -0.13184 0.48218 -0.97046 0.59570 0.199585 
0.222900 -0.19531 0.50903 -0.97778 0.63110 0.200195 
0.241333 -0.26245 0.56030 -0.101440 0.64819 0.196777 
0.258179 -0.32227 0.63232 -0.105469 0.64087 0.196777 
0.272949 -0.37354 0.71899 -0.107300 0.61523 0.190430 
0.286621 -0.41504 0.81177 -0.105835 0.58960 0.182617 
0.297852 -0.44556 0.89600 -0.101807 0.58594 0.174561 
0.297852 -0.46265 0.97046 -0.96436 0.62622 0.166504 
0.307861 -0.47119 0.103516 -0.90088 0.70435 0.158569 
0.316895 -0.48584 0.108276 -0.83374 0.80200 0.150391 
0.323975 -0.50659 0.113037 -0.77393 0.90088 0.141357 
0.337769 -0.50659 0.131470 -0.80811 0.109985 0.150513 
0.362183 -0.64087 0.141113 -0.93994 0.155273 0.170166 
0.362793 -0.70190 0.149048 -0.96558 0.190674 0.163818 
0.367188 -0.69214 0.149048 -0.90454 0.201538 0.147461 
0.367798 -0.72754 0.153564 -0.75806 0.184448 0.128296 
0.370728 -0.71411 0.157349 -0.90942 0.151123 0.106323 
0.370850 -0.69336 0.158813 -0.44678 0.117310 0.79712 
0.367188 -0.66650 0.157349 -0.44678 0.89478 0.50049 
0.357788 -0.63721 0.153931 -0.31738 0.66650 0.19531 
0.347290 -0.59570 0.150146 -0.19043 0.77759 -0.8057 
