0.192627 0.40649 0.32837 -0.5371 0.7690 -0.17822 
0.200562 0.41016 0.30640 -0.5005 0.19043 -0.18311 
0.207397 0.41016 0.31738 -0.8423 0.29663 -0.19775 
0.213989 0.42114 0.36133 -0.13184 0.38208 -0.22583 
0.217285 0.44922 0.43091 -0.16602 0.42358 -0.24292 
0.220093 0.49927 0.43091 -0.17700 0.41260 -0.22949 
0.221680 0.53589 0.49683 -0.16724 0.36011 -0.18066 
0.224609 0.56274 0.55054 -0.13794 0.28564 -0.10864 
0.228149 0.58472 0.60059 -0.10132 0.21973 -0.3662 
0.230713 0.60181 0.62500 -0.10132 0.15991 0.3296 
0.231689 0.61157 0.62988 -0.7202 0.9399 0.9888 
0.233154 0.60059 0.62500 -0.5981 0.1587 0.14648 
0.236450 0.57739 0.61157 -0.6836 0.1587 0.16479 
0.240479 0.55542 0.59570 -0.10498 -0.5737 0.15015 
0.243530 0.53955 0.57739 -0.16602 -0.11353 0.11353 
0.246094 0.54077 0.57739 -0.25146 -0.15625 0.11353 
0.247681 0.53833 0.60547 -0.35156 -0.20386 0.7080 
0.247314 0.53833 0.63965 -0.42480 -0.27466 0.3418 
0.243896 0.51880 0.66772 -0.46387 -0.35645 0.610 
0.238647 0.48584 0.69336 -0.46021 -0.42847 -0.122 
0.238647 0.48584 0.70068 -0.40649 -0.47852 0.244 
0.235352 0.48950 0.70190 -0.32471 -0.49805 0.1343 
0.233398 0.50171 0.70435 -0.24414 -0.49072 0.3174 
0.231934 0.50171 0.69702 -0.16968 -0.45166 0.5493 
0.229492 0.51025 0.66040 -0.10254 -0.39063 0.7690 
0.225952 0.50903 0.92163 -0.4761 -0.31738 0.9766 
0.222778 0.50293 0.56152 -0.1709 -0.23682 0.11108 
0.219238 0.50537 0.56152 -0.1221 -0.15381 0.12329 
0.213379 0.51025 0.52368 -0.1831 -0.7813 0.13794 
0.205200 0.51147 0.51147 -0.732 -0.1099 0.16357 
0.194702 0.51880 0.50415 -0.732 0.4395 0.20386 
0.181641 0.53467 0.49927 0.2197 0.8423 0.26245 
0.166626 0.55176 0.49194 0.4272 0.11230 0.34180 
0.149292 0.56519 0.47974 0.4883 0.11230 0.44678 
0.130981 0.56885 0.46631 0.4395 0.13062 0.58105 
0.113281 0.57129 0.45166 0.2930 0.14404 0.43701 
0.98755 0.56519 0.44922 0.122 0.16357 0.63843 
0.88501 0.55176 0.47119 -0.3662 0.19897 0.95093 
0.82397 0.52124 0.50537 -0.7080 0.24780 0.117554 
0.80078 0.45654 0.55054 -0.9399 0.30762 0.142578 
0.77271 0.39063 0.59814 -0.9521 0.39185 0.171631 
0.77271 0.29053 0.63843 -0.6592 0.50903 0.198730 
0.76294 0.19775 0.70435 0.854 0.61035 0.226318 
0.75073 0.10010 0.75317 0.12329 0.71777 0.255493 
0.70923 0.10010 0.77637 0.27466 0.84595 0.284546 
0.69580 -0.854 0.79346 0.43213 0.97046 0.315918 
0.77271 -0.13672 0.80444 0.56641 0.109131 0.349609 
0.96924 -0.30151 0.82764 0.66772 0.120483 0.379517 
0.129028 -0.48828 0.82764 0.73364 0.129883 0.399658 
0.168335 -0.67505 0.88379 0.75928 0.135986 0.406860 
0.207397 -0.83130 0.96313 0.74829 0.138062 0.401245 
0.239868 -0.94360 0.105469 0.74829 0.137329 0.384644 
0.259766 -0.102783 0.114624 0.71411 0.136841 0.362793 
0.271851 -0.109985 0.121094 0.66772 0.136475 0.341919 
0.280518 -0.115479 0.124634 0.61646 0.134399 0.324829 
0.288940 -0.121338 0.128052 0.55908 0.134399 0.311157 
0.301514 -0.127075 0.133789 0.50171 0.129761 0.298950 
0.317383 -0.131470 0.140381 0.46509 0.122559 0.285156 
0.332764 -0.136841 0.145142 0.43579 0.114258 0.285156 
0.345947 -0.141724 0.148071 0.41016 0.108398 0.266724 
0.353394 -0.144653 0.147949 0.39185 0.103394 0.243896 
0.355347 -0.147095 0.146484 0.37109 0.95703 0.217285 
0.355347 -0.150146 0.146729 0.32593 0.84717 0.188965 
0.355713 -0.154053 0.150391 0.27100 0.70435 0.161133 
0.360596 -0.126099 0.154175 0.21973 0.55176 0.135620 
0.368774 -0.161865 0.158325 0.15625 0.43213 0.112793 
0.380371 -0.161865 0.159668 0.8423 0.36743 0.92285 
0.389648 -0.164307 0.157593 0.5371 0.31372 0.68359 
0.395996 -0.165405 0.184937 0.5249 0.24902 0.39673 
0.398071 -0.166870 0.153687 0.4028 0.20752 0.10864 
0.396973 -0.167480 0.149780 -0.1343 0.19531 -0.15991 
0.391480 -0.166626 0.146118 -0.6958 0.18921 -0.42847 
0.382690 -0.164307 0.142822 -0.6958 0.17212 -0.70923 
0.371460 -0.161011 0.140015 -0.9399 0.14893 -0.97900 
0.358032 -0.156616 0.137817 -0.11108 0.12085 -0.122803 
0.342163 -0.151855 0.134888 -0.11719 0.7324 -0.145752 
0.325073 -0.147095 0.131836 -0.10376 0.7324 -0.166504 
0.307007 -0.142456 0.128662 -0.8057 0.1343 -0.184937 
0.289185 -0.137573 0.124756 -0.5005 -0.4761 -0.169434 
0.271606 -0.132568 0.119263 -0.2075 -0.10864 -0.200684 
0.255615 -0.126831 0.112915 0.00 -0.16846 -0.213623 
0.241211 -0.119873 0.105103 0.1587 -0.22095 -0.224121 
0.228394 -0.111694 0.97290 0.2075 -0.26611 -0.232544 
0.247559 -0.102905 0.88379 0.122 -0.31860 -0.239136 
0.216309 -0.94604 0.80200 -0.4150 -0.39185 -0.244385 
0.206055 -0.116821 0.74341 -0.10864 -0.47363 -0.248413 
0.197021 -0.76660 0.71289 -0.20020 -0.53345 -0.252075 
0.186890 -0.76660 0.70435 -0.29663 -0.55786 -0.254639 
0.174683 -0.68115 0.70190 -0.37720 -0.53223 -0.254761 
0.161011 -0.59814 0.69702 -0.43579 -0.46997 -0.251099 
0.146851 -0.51758 0.69702 -0.47852 -0.37842 -0.242676 
0.133667 -0.43213 0.68970 -0.52124 -0.26978 -0.228760 
0.123047 -0.34546 0.68359 -0.56519 -0.15869 -0.210083 
0.115479 -0.26367 0.67139 -0.61157 -0.6226 -0.188477 
0.111206 -0.18677 0.64697 -0.61157 0.977 -0.166382 
0.109863 -0.12695 0.62866 -0.67505 0.5005 -0.145386 
0.110474 -0.7813 0.63477 -0.74829 0.6348 -0.127075 
0.110107 -0.5249 0.65796 -0.81787 0.6348 -0.112305 
0.107300 -0.3174 0.70068 -0.88013 0.7813 -0.100098 
0.101196 -0.1587 0.76294 -0.94238 0.11963 -0.120483 
0.92529 0.1465 0.84351 -0.99976 0.18188 -0.89233 
0.81543 0.6348 0.94604 -0.102905 0.25879 -0.77637 
0.71655 0.13916 0.105835 -0.103516 0.32227 -0.62256 
0.63965 0.20630 0.118774 -0.102173 0.31860 -0.41992 
0.91675 0.21606 0.131958 -0.96924 0.25513 -0.17334 
0.60425 0.18921 0.142822 -0.87158 0.16968 0.11108 
0.60791 0.13794 0.150513 -0.74097 0.10864 0.42358 
0.64209 0.8301 0.157349 -0.60425 0.10376 0.74341 
0.71533 0.8301 0.162598 -0.47485 0.15015 0.106323 
0.82153 0.1465 0.165161 -0.34668 0.22583 0.137451 
0.95825 -0.6348 0.164429 -0.23315 0.31250 0.167114 
0.112427 -0.13550 0.164429 -0.15625 0.38330 0.193726 
0.131714 -0.22583 0.161621 -0.11841 0.42725 0.214233 
0.154785 -0.31860 0.158691 -0.10986 0.45288 0.226807 
0.178711 -0.39917 0.156372 -0.12329 0.45776 0.230835 
0.202637 -0.47852 0.155640 -0.12329 0.44800 0.227173 
0.224976 -0.55176 0.156006 -0.14282 0.42969 0.216675 
0.244263 -0.62134 0.156250 -0.14648 0.40405 0.201782 
0.259399 -0.67871 0.156494 -0.13306 0.40405 0.184204 
0.270508 -0.72144 0.156006 -0.10864 0.36255 0.166138 
0.278198 -0.77148 0.154663 -0.8057 0.29785 0.180908 
0.282715 -0.81543 0.153442 -0.5249 0.23560 0.133301 
0.287231 -0.85938 0.153442 -0.3418 0.19653 0.133301 
0.292969 -0.89966 0.154541 -0.488 0.17334 0.118774 
0.298096 -0.92651 0.154907 0.4395 0.15869 0.106445 
0.308105 -0.100098 0.161987 0.8545 0.19775 0.98877 
0.308105 -0.97656 0.156860 0.3662 0.35522 0.95703 
0.308228 -0.98267 0.154419 0.5615 0.42236 0.81665 
0.305664 -0.98877 0.149048 0.11719 0.37231 0.66162 
0.299805 -0.98877 0.142944 0.17822 0.26489 0.50903 
0.291016 -0.97290 0.136841 0.20264 0.14282 0.35034 
0.280640 -0.95581 0.132568 0.20630 0.3418 0.19165 
0.269653 -0.92773 0.129517 0.19531 -0.4517 0.4639 
0.257568 -0.89600 0.129517 0.17578 -0.9644 -0.7690 
0.245728 -0.86426 0.127441 0.15015 -0.12939 -0.16602 
0.235352 -0.83008 0.125244 0.11230 -0.13184 -0.20874 
0.226929 -0.79956 0.124023 0.11230 -0.10742 -0.21484 
0.218506 -0.76416 0.122559 0.5615 -0.8423 -0.21851 
0.211182 -0.73730 0.121704 0.1465 -0.7080 -0.22095 
0.205444 -0.71655 0.121460 -0.366 -0.7080 -0.21362 
0.200562 -0.70190 0.121338 -0.1587 -0.6958 -0.19653 
0.196411 -0.69336 0.121582 -0.2563 -0.8545 -0.16968 
0.193359 -0.68970 0.122192 -0.3418 -0.11597 -0.13306 
0.191650 -0.68726 0.122803 -0.3906 -0.14771 -0.13306 
0.191284 -0.68848 0.123657 -0.4028 -0.16479 -0.9277 
0.192139 -0.68726 0.124512 -0.3174 -0.15869 -0.5371 
0.193726 -0.68726 0.124756 -0.1709 -0.13306 -0.1953 
0.193726 -0.68726 0.124756 0.00 -0.9155 0.610 
0.195679 -0.68726 0.124023 0.1221 -0.4272 0.2319 
0.197632 -0.68848 0.122803 0.1465 0.122 0.3174 
