0.163818 0.58228 0.78491 -0.10376 -0.42114 -0.59326 
0.167847 0.58472 0.77148 -0.488 -0.40771 -0.28076 
0.172607 0.57251 0.72021 0.9033 -0.39673 -0.19287 
0.179077 0.55786 0.67017 0.12939 -0.35767 -0.12939 
0.186523 0.56396 0.64575 0.11719 -0.27222 -0.8545 
0.186523 0.59326 0.65430 0.8545 -0.16235 -0.5249 
0.194946 0.62988 0.68970 0.6348 -0.5981 -0.1709 
0.202026 0.66650 0.74219 0.7690 0.977 0.3052 
0.207642 0.72021 0.80322 0.13062 0.3540 0.9033 
0.212036 0.72021 0.78613 0.21240 -0.1953 0.14893 
0.215942 0.73730 0.71777 0.26855 -0.15015 0.17700 
0.220825 0.68726 0.65918 0.27100 -0.26001 0.15747 
0.226318 0.63721 0.65918 0.23560 -0.30396 0.10742 
0.230713 0.62744 0.64697 0.20386 -0.31250 0.4761 
0.233887 0.64575 0.65796 0.18921 -0.30518 -0.366 
0.235962 0.66162 0.67017 0.18921 -0.28687 -0.3418 
0.236694 0.66162 0.68359 0.18677 -0.24902 -0.4272 
0.235840 0.65796 0.69946 0.20508 -0.19165 -0.3418 
0.230957 0.64575 0.67505 0.24414 -0.13550 -0.366 
0.228638 0.64331 0.65063 0.27954 -0.13550 0.2075 
0.227173 0.64087 0.63477 0.29175 -0.8545 0.3662 
0.225952 0.65063 0.61035 0.27710 -0.3906 0.4150 
0.224854 0.64453 0.55542 0.24780 -0.732 0.4150 
0.225586 0.63354 0.51392 0.19043 0.1587 0.3296 
0.226929 0.63843 0.50659 0.10742 0.4028 0.610 
0.227173 0.65796 0.52002 0.2686 0.6348 -0.3540 
0.225708 0.68237 0.54810 -0.3784 0.8179 -0.8301 
0.225708 0.70435 0.57861 -0.8789 0.9155 -0.13184 
0.222778 0.72876 0.60303 -0.12085 0.8911 -0.17700 
0.218140 0.75806 0.62378 -0.13916 0.6836 -0.21362 
0.212158 0.75806 0.63965 -0.14771 0.2686 -0.23804 
0.205566 0.78613 0.62500 -0.15259 -0.3418 -0.24780 
0.197266 0.80811 0.90576 -0.16479 -0.10742 -0.24292 
0.187622 0.80444 0.59326 -0.18066 -0.17578 -0.22095 
0.177612 0.80078 0.56641 -0.19531 -0.22583 -0.17822 
0.168701 0.80322 0.55420 -0.20508 -0.25635 -0.11108 
0.160034 0.80200 0.54443 -0.20020 -0.25879 -0.1587 
0.151733 0.78247 0.54321 -0.20020 -0.22705 0.10620 
0.143311 0.74951 0.53711 -0.17212 -0.16724 0.24902 
0.134277 0.71289 0.51147 -0.11719 -0.9644 0.39673 
0.124023 0.66772 0.47119 -0.6348 -0.9644 0.53711 
0.112915 0.61401 0.41748 -0.3296 -0.2808 0.68237 
0.103760 0.55786 0.34058 -0.2319 0.1953 0.83862 
0.97900 0.51392 0.25391 -0.3174 0.4150 0.83862 
0.96313 0.48706 0.19531 -0.7080 0.5981 0.100708 
0.100586 0.47974 0.18311 -0.14404 0.8911 0.119141 
0.108887 0.46265 0.21484 -0.23193 0.11963 0.137085 
0.117432 0.41138 0.27222 -0.32227 0.16724 0.152954 
0.117432 0.36133 0.35767 -0.38818 0.25635 0.165283 
0.122559 0.58594 0.45532 -0.41748 0.38818 0.171387 
0.123657 0.17578 0.57373 -0.41138 0.54199 0.176147 
0.119873 0.17578 0.68604 -0.36621 0.70313 0.182983 
0.112915 0.7813 0.75317 -0.28931 0.84229 0.194458 
0.109497 -0.4028 0.77026 -0.21484 0.93140 0.216553 
0.108765 -0.11597 0.77026 -0.16724 0.97534 0.240356 
0.118408 -0.20996 0.76782 -0.17578 0.95581 0.266602 
0.135742 -0.29663 0.81299 -0.23193 0.93994 0.290283 
0.156860 -0.38940 0.89478 -0.29175 0.93628 0.308716 
0.179565 -0.50171 0.99243 -0.29175 0.93506 0.323486 
0.201416 -0.61279 0.110352 -0.31982 0.97412 0.335083 
0.222534 -0.73853 0.121216 -0.31860 0.108154 0.344605 
0.243042 -0.83374 0.130493 -0.29175 0.108154 0.351440 
0.261353 -0.87158 0.138794 -0.24414 0.124512 0.353272 
0.277588 -0.89233 0.149170 -0.19165 0.141724 0.351563 
0.295410 -0.90942 0.160400 -0.12085 0.156250 0.345459 
0.315552 -0.96436 0.167847 -0.3296 0.166260 0.345459 
0.359131 -0.111816 0.182251 0.3784 0.173462 0.334839 
0.345947 -0.111938 0.206055 -0.10010 0.225830 0.350952 
0.394409 -0.128296 0.219360 -0.34790 0.298828 0.334229 
0.394409 -0.133301 0.228638 -0.39551 0.334229 0.304932 
0.404297 -0.135742 0.233032 -0.28320 0.322876 0.273560 
0.411499 -0.137939 0.236328 -0.16113 0.282227 0.238403 
0.417114 -0.137939 0.239746 -0.5249 0.225342 0.198486 
0.420654 -0.138062 0.239746 0.8057 0.163208 0.154175 
0.420166 -0.137329 0.234985 0.25513 0.98267 0.105713 
0.415894 -0.136108 0.227783 0.46631 0.34424 0.55176 
0.409912 -0.134521 0.227783 0.64087 -0.21851 0.4639 
0.403809 -0.132813 0.215698 0.73120 -0.67139 -0.42725 
0.395142 -0.132446 0.199463 0.78857 -0.93018 -0.84717 
0.384277 -0.130981 0.188232 0.78857 -0.97290 -0.120117 
0.367920 -0.126953 0.185547 0.78369 -0.85205 -0.148315 
0.344849 -0.121216 0.180054 0.71167 -0.73730 -0.170166 
0.320313 -0.115967 0.172363 0.66772 -0.73730 -0.183716 
0.300293 -0.111450 0.163696 0.66284 -0.66650 -0.189575 
0.285156 -0.107544 0.154663 0.63599 -0.60547 -0.191772 
0.273804 -0.103638 0.146606 0.57007 -0.53711 -0.194092 
0.265747 -0.99365 0.140503 0.50781 -0.47974 -0.194092 
0.259033 -0.95093 0.135376 0.47119 -0.44678 -0.198608 
0.253052 -0.91431 0.130737 0.45410 -0.43335 -0.205811 
0.278076 -0.87158 0.126953 0.44678 -0.43701 -0.215210 
0.246826 -0.82642 0.122559 0.43945 -0.45288 -0.225464 
0.237671 -0.77148 0.117676 0.42236 -0.46631 -0.235596 
0.226196 -0.70068 0.113403 0.39185 -0.46997 -0.243408 
0.214233 -0.92651 0.108521 0.36133 -0.46753 -0.247803 
0.202026 -0.61401 0.103882 0.31860 -0.46387 -0.249756 
0.190552 -0.52490 0.100708 0.25513 -0.45288 -0.249268 
0.180054 -0.44067 0.98389 0.19043 -0.43945 -0.247070 
0.169312 -0.35889 0.98389 0.13428 -0.42969 -0.243896 
0.158569 -0.27344 0.96069 0.8911 -0.43091 -0.239868 
0.147339 -0.19775 0.93750 0.5371 -0.44312 -0.234497 
0.135132 -0.13672 0.89722 0.5371 -0.46021 -0.226929 
0.123779 -0.8179 0.83740 0.1709 -0.47241 -0.216675 
0.114502 -0.3540 0.76538 -0.3906 -0.47485 -0.203735 
0.105835 0.1221 0.66895 -0.11963 -0.44922 -0.189087 
0.102173 0.7690 0.63599 -0.20020 -0.44922 -0.173584 
0.99243 0.15137 0.61646 -0.30396 -0.35278 -0.158081 
0.93750 0.21729 0.61890 -0.40161 -0.26978 -0.174927 
0.86792 0.26367 0.63965 -0.45898 -0.20508 -0.143677 
0.77148 0.29907 0.64819 -0.50781 -0.13184 -0.129639 
0.64087 0.34546 0.66772 -0.55664 -0.5005 -0.115601 
0.80811 0.37720 0.68848 -0.60913 0.2930 -0.101196 
0.49561 0.41016 0.72266 -0.65063 0.10132 -0.83252 
0.37231 0.45166 0.76904 -0.68115 0.14771 -0.59692 
0.28442 0.48462 0.82886 -0.70679 0.15747 -0.30518 
0.25269 0.49316 0.89355 -0.72876 0.13794 0.3418 
0.28687 0.49316 0.94727 -0.73853 0.11108 0.39917 
0.36743 0.46265 0.98633 -0.73975 0.9644 0.76904 
0.48950 0.39429 0.103394 -0.75317 0.10132 0.112427 
0.65063 0.29663 0.103394 -0.78979 0.13428 0.145142 
0.84351 0.17456 0.110840 -0.82642 0.20508 0.174316 
0.106934 0.4639 0.119141 -0.84473 0.29907 0.198975 
0.131348 -0.5371 0.128418 -0.84473 0.39429 0.217407 
0.156738 -0.14282 0.137451 -0.85938 0.48218 0.230591 
0.179565 -0.20142 0.146851 -0.87402 0.54321 0.237183 
0.199341 -0.23438 0.156494 -0.88745 0.55176 0.236816 
0.215210 -0.26001 0.167236 -0.87646 0.55176 0.231079 
0.227539 -0.29297 0.178101 -0.82642 0.52002 0.223022 
0.236450 -0.32959 0.186523 -0.75073 0.46387 0.244873 
0.243042 -0.38330 0.190796 -0.65552 0.39307 0.213623 
0.248535 -0.44678 0.192871 -0.55786 0.31982 0.203857 
0.254272 -0.50903 0.193848 -0.46387 0.25879 0.196045 
0.260864 -0.54321 0.194336 -0.37231 0.21240 0.191284 
0.255615 -0.63477 0.204712 -0.27710 0.17822 0.187988 
0.286865 -0.59204 0.207642 -0.27588 0.40771 0.204102 
0.287720 -0.33569 0.209595 -0.31006 0.74341 0.199341 
0.295898 -0.66040 0.207153 -0.23438 0.91431 0.184204 
0.299316 -0.66040 0.203247 -0.9399 0.90332 0.165283 
0.300415 -0.67871 0.199585 0.1587 0.80566 0.145874 
0.300171 -0.68726 0.194702 0.9399 0.65186 0.125488 
0.296387 -0.68359 0.194702 0.16479 0.45410 0.103638 
0.290527 -0.68848 0.188721 0.22461 0.27222 0.81177 
0.282593 -0.69092 0.182373 0.26733 0.13794 0.58472 
0.274170 -0.69336 0.175537 0.30884 0.2441 0.37598 
0.265015 -0.68237 0.169067 0.30884 -0.9033 0.20386 
0.255493 -0.65796 0.163086 0.35034 -0.21851 0.7202 
0.245972 -0.62744 0.157105 0.38696 -0.3540 -0.2563 
0.236084 -0.60059 0.150635 0.41504 -0.34790 -0.9521 
0.227051 -0.57495 0.143433 0.42847 -0.46387 -0.14404 
0.219116 -0.56152 0.136108 0.41992 -0.54443 -0.18066 
0.212402 -0.55542 0.129761 0.38086 -0.57861 -0.18066 
