0.229126 0.53833 0.57373 0.977 0.6592 -0.7080 
0.228760 0.56519 0.58594 0.3540 0.12695 -0.6470 
0.229126 0.57861 0.61401 0.5615 0.16602 -0.5981 
0.228516 0.58350 0.62134 0.7690 0.16602 -0.6714 
0.228516 0.59326 0.61035 0.9644 0.17578 -0.6714 
0.228027 0.60791 0.60425 0.10376 0.15625 -0.5737 
0.228394 0.62622 0.60791 0.9399 0.12207 -0.5737 
0.228271 0.62134 0.60791 0.7446 0.7202 -0.4150 
0.230591 0.61768 0.61279 0.6104 0.1343 -0.1099 
0.236206 0.62378 0.63599 0.4639 -0.4883 0.2441 
0.242188 0.62866 0.66406 0.3540 -0.9277 0.4272 
0.242188 0.63477 0.67871 0.3174 -0.11597 0.4395 
0.247803 0.63843 0.67139 0.2441 -0.13184 0.2930 
0.252808 0.62866 0.64087 0.00 -0.15625 0.122 
0.257324 0.62866 0.61646 -0.5859 -0.19653 -0.4639 
0.259033 0.60181 0.61523 -0.12817 -0.24902 -0.11108 
0.258545 0.56030 0.32227 -0.16357 -0.30151 -0.16602 
0.255005 0.52368 0.63477 -0.15503 -0.34668 -0.20996 
0.250732 0.49683 0.67871 -0.11719 -0.39429 -0.24658 
0.246338 0.52246 0.69580 -0.4761 -0.43091 -0.26001 
0.240601 0.55420 0.69946 -0.28442 -0.46753 -0.25635 
0.232910 0.58228 0.67261 0.2808 -0.50293 -0.24292 
0.224854 0.61279 0.62744 0.9766 -0.52979 -0.21606 
0.214355 0.64209 0.57617 0.14771 -0.54321 -0.17578 
0.200928 0.67505 0.52246 0.17700 -0.54321 -0.11719 
0.184326 0.70801 0.47485 0.19287 -0.54688 -0.4883 
0.163574 0.74097 0.44556 0.18555 -0.53833 -0.26978 
0.140381 0.78369 0.45410 0.16113 -0.51636 0.18311 
0.114258 0.79346 0.45898 0.14160 -0.47974 0.18311 
0.88257 0.77393 0.44067 0.13916 -0.41992 0.36621 
0.67871 0.75195 0.42603 0.14771 -0.31982 0.59570 
0.83496 0.71045 0.42725 0.15015 -0.17944 0.87769 
0.52246 0.65186 0.43457 0.15503 0.244 0.120850 
0.42358 0.56641 0.47119 0.17456 0.23926 0.158936 
0.38818 0.45044 0.49561 0.21484 0.52979 0.200562 
0.38940 0.45044 0.52612 0.27832 0.83008 0.244995 
0.45410 0.34546 0.56519 0.34180 0.109131 0.291138 
0.55054 0.21851 0.33081 0.42236 0.130981 0.339478 
0.70557 0.8423 0.70068 0.49194 0.159668 0.381958 
0.93384 -0.9888 0.70068 0.53955 0.188721 0.417480 
0.123901 -0.28198 0.76782 0.58228 0.218628 0.447632 
0.150635 -0.52856 0.81177 0.31982 0.247803 0.465088 
0.179688 -0.77637 0.79712 0.63232 0.268555 0.476563 
0.209717 -0.96680 0.79834 0.66528 0.280518 0.484497 
0.240356 -0.108643 0.84106 0.64575 0.250122 0.483521 
0.269897 -0.114746 0.94971 0.55664 0.281372 0.469971 
0.297363 -0.121094 0.110474 0.41870 0.273193 0.443237 
0.320923 -0.128296 0.124878 0.26611 0.260010 0.439575 
0.337402 -0.136353 0.135498 0.14038 0.241943 0.433716 
0.349121 -0.143311 0.144165 0.5127 0.219482 0.371216 
0.359009 -0.147949 0.151367 -0.1831 0.194458 0.333008 
0.365479 -0.148682 0.158569 -0.8423 0.169067 0.294067 
0.370361 -0.150391 0.167114 -0.15503 0.145020 0.256836 
0.370361 -0.152832 0.182617 -0.21973 0.123901 0.221191 
0.387939 -0.158936 0.192261 -0.30518 0.122803 0.197998 
0.388306 -0.163086 0.201172 -0.34058 0.121582 0.162964 
0.391846 -0.163086 0.200562 -0.22461 0.101685 0.120361 
0.394531 -0.166870 0.196777 -0.5493 0.67505 0.77026 
0.401855 -0.167847 0.194702 0.1343 0.42236 0.35889 
0.408691 -0.168091 0.196533 -0.7446 0.30884 -0.3540 
0.410278 -0.169922 0.196533 -0.12329 0.20142 -0.46143 
0.408569 -0.169067 0.194946 -0.10376 0.3540 -0.93018 
0.401245 -0.165894 0.188843 -0.7080 -0.15625 -0.140015 
0.387817 -0.162231 0.182251 -0.7080 -0.34668 -0.183960 
0.368652 -0.158325 0.173706 -0.4272 -0.52368 -0.223145 
0.346802 -0.153931 0.165039 -0.2563 -0.36621 -0.256104 
0.325195 -0.148682 0.156250 0.244 -0.81177 -0.281860 
0.304810 -0.141357 0.146729 0.5249 -0.81177 -0.301270 
0.286621 -0.133179 0.135132 0.11108 -0.91919 -0.285156 
0.271118 -0.124023 0.122803 0.15991 -0.98511 -0.328125 
0.256104 -0.115356 0.110962 0.19409 -0.101318 -0.328125 
0.241455 -0.106812 0.99243 0.21484 -0.99487 -0.336914 
0.226318 -0.97046 0.89111 0.22095 -0.96680 -0.342896 
0.240723 -0.88867 0.81543 0.20508 -0.97778 -0.346680 
0.209473 -0.82642 0.76416 0.17456 -0.101685 -0.348755 
0.192749 -0.75317 0.73975 0.17578 -0.106079 -0.348145 
0.174927 -0.67261 0.69580 0.20508 -0.107544 -0.343628 
0.157837 -0.89966 0.61035 0.24048 -0.103760 -0.334839 
0.140869 -0.58716 0.48828 0.26733 -0.94727 -0.321533 
0.124634 -0.49561 0.37109 0.24902 -0.80078 -0.305542 
0.111206 -0.39307 0.56519 0.12573 -0.51392 -0.286377 
0.101929 -0.27344 0.25269 -0.10864 -0.15747 -0.263916 
0.92773 -0.17090 0.18433 -0.36987 0.18433 -0.239258 
0.84229 -0.7080 0.16113 -0.58960 0.45288 -0.213745 
0.75073 0.1709 0.20142 -0.58960 0.64453 -0.187500 
0.64819 0.10010 0.28198 -0.77026 0.76416 -0.160522 
0.53223 0.17212 0.38574 -0.91919 0.83252 -0.132324 
0.39063 0.24048 0.49072 -0.102539 0.87402 -0.102295 
0.24048 0.31616 0.61035 -0.109985 0.87402 -0.70068 
0.11230 0.38330 0.72876 -0.117310 0.92529 -0.34912 
0.2930 0.42603 0.85083 -0.123901 0.97046 -0.58228 
-0.1465 0.43823 0.98633 -0.128418 0.97778 0.4272 
-0.1343 0.42847 0.111206 -0.133057 0.95947 0.47485 
0.1831 0.39551 0.124756 -0.138306 0.91553 0.92651 
0.12695 0.34668 0.142578 -0.141480 0.83740 0.135620 
0.26489 0.28687 0.161255 -0.140503 0.75073 0.175171 
0.26489 0.23071 0.179443 -0.134644 0.68237 0.210693 
0.46143 0.14038 0.194580 -0.125000 0.65674 0.242188 
0.69580 0.1709 0.204590 -0.111328 0.65796 0.269775 
0.96313 0.1709 0.210571 -0.94849 0.66650 0.291992 
0.124756 -0.8179 0.213013 -0.76050 0.66406 0.311157 
0.155273 -0.22827 0.210327 -0.58472 0.67627 0.327881 
0.185181 -0.39063 0.210327 -0.44434 0.70679 0.335205 
0.215576 -0.53955 0.206665 -0.33569 0.73853 0.329590 
0.247437 -0.67261 0.203247 -0.54443 0.73730 0.314697 
0.277832 -0.78857 0.201416 -0.11597 0.71289 0.293701 
0.302979 -0.87524 0.197998 -0.11597 0.67139 0.268188 
0.321411 -0.93628 0.193115 0.732 0.92896 0.239746 
0.333862 -0.97046 0.186279 0.12329 0.54565 0.208862 
0.339966 -0.98022 0.178101 0.20508 0.54565 0.175659 
0.340210 -0.98511 0.169556 0.23682 0.46265 0.141357 
0.336060 -0.98999 0.162476 0.21484 0.39185 0.138916 
0.328613 -0.97778 0.157471 0.15137 0.33691 0.107666 
0.317261 -0.95459 0.152954 0.8911 0.27100 0.77759 
0.305542 -0.92651 0.149658 0.5005 0.18799 0.52979 
0.294067 -0.90088 0.147583 0.2930 0.10132 0.32593 
0.282837 -0.86548 0.146851 0.1465 0.3418 0.15259 
0.282837 -0.83008 0.147095 0.122 -0.1343 0.366 
0.271240 -0.79590 0.147705 -0.854 -0.4395 -0.11841 
0.259277 -0.76660 0.148071 -0.1343 -0.6226 -0.21484 
0.247925 -0.76660 0.149414 -0.1953 -0.7568 -0.28442 
0.237183 -0.74219 0.150146 -0.2319 -0.8911 -0.33081 
0.227417 -0.71777 0.150635 -0.1709 -0.10132 -0.35645 
0.218506 -0.69580 0.150391 -0.977 -0.10620 -0.36865 
0.210327 -0.68115 0.150391 -0.977 -0.9644 -0.37964 
0.202881 -0.66772 0.149414 -0.1831 -0.7690 -0.38818 
0.196655 -0.64575 0.149414 -0.2319 -0.5615 -0.38696 
0.191406 -0.62744 0.149902 -0.2319 -0.3784 -0.37476 
0.187378 -0.60791 0.150757 -0.2441 -0.2930 -0.34668 
0.185059 -0.59082 0.151978 -0.2075 -0.2808 -0.31006 
0.183838 -0.58350 0.153076 -0.977 -0.2808 -0.26611 
0.184448 -0.57983 0.154053 0.1099 -0.3174 -0.21851 
0.186890 -0.57251 0.154785 0.4028 -0.3540 -0.17700 
0.190308 -0.56763 0.154907 0.7813 -0.3296 -0.15015 
0.193604 -0.56274 0.154541 0.11475 -0.2075 -0.15015 
0.195435 -0.56030 0.153198 0.14648 0.244 -0.13794 
0.195923 -0.55664 0.151123 0.17212 0.3174 -0.14038 
0.195557 -0.54688 0.148438 0.18799 0.5493 -0.14893 
0.195557 -0.53589 0.145630 0.19165 0.6470 -0.16235 
0.194458 -0.52490 0.143188 0.17944 0.6104 -0.17944 
0.192993 -0.51880 0.140991 0.15869 0.4883 -0.19287 
0.190918 -0.51880 0.139160 0.13794 0.2563 -0.19531 
0.188965 -0.51147 0.137451 0.12207 -0.244 -0.18555 
0.188110 -0.50537 0.135986 0.10620 -0.2197 -0.16968 
0.187622 -0.49683 0.134521 0.8789 -0.2686 -0.15259 
0.187256 -0.48462 0.134521 0.6714 -0.2075 -0.13550 
0.186523 -0.47729 0.134033 0.4761 -0.854 -0.11719 
0.186035 -0.48096 0.134033 0.3052 0.244 -0.9766 
0.186035 -0.48828 0.135132 0.3052 0.854 -0.7813 
0.186890 -0.49683 0.136963 0.1465 0.977 -0.5981 
