0.235718 0.20386 0.24536 0.12207 -0.64331 -0.13428 
0.231689 0.21851 0.27100 0.6470 -0.54810 -0.16113 
0.231323 0.22705 0.30762 0.3174 -0.45532 -0.17700 
0.232666 0.22949 0.32715 0.1709 -0.39063 -0.17700 
0.232666 0.22705 0.34058 0.854 -0.34424 -0.16113 
0.235352 0.23438 0.36621 0.610 -0.31250 -0.14404 
0.239868 0.25146 0.39307 0.1831 -0.29419 -0.13306 
0.244263 0.25146 0.42236 0.4395 -0.28564 -0.13062 
0.247314 0.28076 0.44678 0.7080 -0.29663 -0.12695 
0.249146 0.31982 0.45898 0.8911 -0.34546 -0.12085 
0.249390 0.35156 0.44434 0.11475 -0.42603 -0.12085 
0.248657 0.35278 0.44434 0.14648 -0.51636 -0.11719 
0.247681 0.34180 0.39429 0.15747 -0.59204 -0.10132 
0.247192 0.33325 0.33081 0.13550 -0.62500 -0.8179 
0.249390 0.33325 0.28076 0.13550 -0.61768 -0.6348 
0.253174 0.34424 0.25513 0.10254 -0.58350 -0.4639 
0.254883 0.35034 0.24170 0.7080 -0.54443 -0.3174 
0.254395 0.34668 0.23438 0.3418 -0.54443 -0.1343 
0.251709 0.32959 0.23804 0.732 -0.52002 0.122 
0.248779 0.32837 0.23193 0.366 -0.50293 0.1099 
0.247803 0.34546 0.21973 0.2930 -0.48950 0.1709 
0.247559 0.36011 0.20508 0.7202 -0.47729 0.1709 
0.247803 0.38086 0.18555 0.12939 -0.45166 0.1343 
0.247681 0.40283 0.15869 0.19043 -0.41382 -0.366 
0.246094 0.41748 0.13550 0.23804 -0.37109 -0.3174 
0.246094 0.43213 0.11841 0.27100 -0.31616 -0.6470 
0.242432 0.44800 0.10986 0.30273 -0.26001 -0.9399 
0.237427 0.46631 0.10132 0.33447 -0.21851 -0.12207 
0.231201 0.46631 0.8545 0.35767 -0.19287 -0.14160 
0.223755 0.47974 0.6104 0.36255 -0.17578 -0.14282 
0.215454 0.48950 0.3540 0.34668 -0.15991 -0.12207 
0.206787 0.49805 0.1099 0.31616 -0.14771 -0.8057 
0.198608 0.50415 0.1099 0.27466 -0.13672 -0.1587 
0.191162 0.50781 -0.1465 0.22705 -0.12207 0.6714 
0.183350 0.50171 -0.4028 0.17944 -0.9766 0.16602 
0.175293 0.48950 -0.5981 0.17944 -0.6226 0.27710 
0.166870 0.47119 -0.8179 0.13428 -0.2197 0.39917 
0.158691 0.45288 -0.11841 0.9033 -0.29297 0.52856 
0.150879 0.42969 -0.16113 0.4395 0.1953 0.66040 
0.143921 0.39917 -0.20264 -0.1709 0.6470 0.79102 
0.138428 0.36743 -0.23804 -0.9155 0.11597 0.91553 
0.133667 0.34668 -0.25757 -0.16235 0.16724 0.72388 
0.131470 0.32959 -0.25513 -0.23071 0.21362 0.103638 
0.130493 0.29785 -0.21851 -0.30518 0.24902 0.115234 
0.134155 0.25879 -0.14893 -0.38208 0.27100 0.125977 
0.140381 0.22217 -0.6104 -0.44189 0.28809 0.135986 
0.140381 0.17700 0.3540 -0.47241 0.31250 0.144653 
0.148438 0.11719 0.11230 -0.47363 0.35156 0.152222 
0.157715 0.4272 0.16235 -0.46387 0.39917 0.159912 
0.169312 0.27100 0.19409 -0.45898 0.47119 0.167480 
0.185059 -0.4150 0.22095 -0.46509 0.56030 0.174683 
0.204834 -0.11230 0.26367 -0.47852 0.64453 0.180176 
0.227417 -0.16235 0.244 -0.49805 0.72998 0.182739 
0.250732 -0.21484 0.31494 -0.52124 0.80933 0.182617 
0.273438 -0.27100 0.37964 -0.54321 0.87036 0.179688 
0.294067 -0.31250 0.45288 -0.56274 0.91064 0.173706 
0.310303 -0.34302 0.53467 -0.56274 0.92651 0.164917 
0.321655 -0.36133 0.62012 -0.57983 0.91553 0.153931 
0.326660 -0.37109 0.68970 -0.58594 0.87891 0.142334 
0.326416 -0.37720 0.73120 -0.57373 0.82275 0.131470 
0.324463 -0.37964 0.75439 -0.54932 0.82275 0.122559 
0.323486 -0.37231 0.76538 -0.51758 0.75928 0.115112 
0.323364 -0.36865 0.77393 -0.48462 0.70190 0.108643 
0.325439 -0.37476 0.78613 -0.46021 0.66406 0.108643 
0.328003 -0.38818 0.80200 -0.44922 0.64209 0.102783 
0.331909 -0.42236 0.82764 -0.44556 0.62866 0.97046 
0.339233 -0.47729 0.86792 -0.44189 0.62500 0.90454 
0.339233 -0.51880 0.91187 -0.43213 0.62134 0.83374 
0.347656 -0.54688 0.94971 -0.41626 0.61523 0.75806 
0.355347 -0.57251 0.97412 -0.39917 0.61646 0.66772 
0.362427 -0.59570 0.98145 -0.37354 0.62012 0.56274 
0.369629 -0.59570 0.97656 -0.33936 0.61401 0.45532 
0.377441 -0.60547 0.96558 -0.31616 0.58838 0.34912 
0.385254 -0.62500 0.95337 -0.30151 0.55298 0.23926 
0.394775 -0.64209 0.95337 -0.28931 0.50049 0.12329 
0.403198 -0.65674 0.93872 -0.28076 0.42480 -0.732 
0.408325 -0.67139 0.92529 -0.27100 0.32104 -0.16479 
0.409668 -0.67871 0.92896 -0.25757 0.18188 -0.34546 
0.407227 -0.67505 0.94727 -0.25757 -0.244 -0.55420 
0.402344 -0.67505 0.97412 -0.22583 -0.21606 -0.78613 
0.393311 -0.66406 0.98999 -0.16235 -0.12329 -0.102295 
0.380859 -0.64087 0.98511 -0.7935 -0.43579 -0.124634 
0.365967 -0.60669 0.95337 0.00 -0.62988 -0.144409 
0.350098 -0.55542 0.90942 0.6836 -0.78979 -0.130859 
0.333618 -0.50415 0.87280 0.12817 -0.92041 -0.162109 
0.315796 -0.43945 0.81909 0.18921 -0.100464 -0.177979 
0.297852 -0.37842 0.78125 0.23560 -0.107056 -0.191528 
0.310425 -0.31494 0.74463 0.26611 -0.112549 -0.201782 
0.261963 -0.25024 0.71411 0.29297 -0.117310 -0.208252 
0.261963 -0.19043 0.68481 0.33081 -0.121338 -0.211060 
0.246704 -0.13184 0.64819 0.38818 -0.123779 -0.210815 
0.232544 -0.7080 0.60181 0.46021 -0.123413 -0.208496 
0.218506 -0.7080 0.54321 0.53101 -0.120361 -0.204712 
0.205688 -0.1221 0.46875 0.59570 -0.114746 -0.198730 
0.192139 0.3906 0.39307 0.63721 -0.109619 -0.190918 
0.179077 0.9155 0.39307 0.65186 -0.106812 -0.180298 
0.166260 0.14282 0.30518 0.65063 -0.106079 -0.167236 
0.155396 0.17822 0.22827 0.62988 -0.105469 -0.151611 
0.146118 0.20874 0.15259 0.90454 -0.105103 -0.134155 
0.138428 0.23804 0.8179 0.59204 -0.104370 -0.116821 
0.132080 0.24902 0.2441 0.54932 -0.101196 -0.100586 
0.127197 0.24780 -0.2686 0.51758 -0.94482 -0.85693 
0.124390 0.24170 -0.7690 0.49072 -0.94482 -0.71899 
0.122437 0.22827 -0.13184 0.46509 -0.84839 -0.60181 
0.120605 0.21484 -0.18921 0.42847 -0.71167 -0.49927 
0.118042 0.20508 -0.24292 0.38086 -0.54932 -0.49927 
0.113892 0.21240 -0.28809 0.32593 -0.38086 -0.40283 
0.107422 0.22949 -0.32959 0.25635 -0.22583 -0.31372 
0.104004 0.25024 -0.35278 0.17090 -0.6958 -0.23193 
0.100708 0.26367 -0.37476 0.5859 0.8545 -0.13428 
0.100708 0.27100 -0.38574 -0.6104 0.22583 -0.3174 
0.99121 0.25391 -0.38452 -0.17822 0.33813 0.6836 
0.102173 0.25391 -0.37354 -0.29297 0.43335 0.18555 
0.104980 0.25391 -0.34912 -0.39551 0.52002 0.28809 
0.108887 0.25269 -0.30884 -0.49072 0.59814 0.38208 
0.112671 0.26123 -0.26367 -0.59326 0.66650 0.48218 
0.117310 0.26245 -0.20752 -0.68848 0.73975 0.60181 
0.121826 0.27222 -0.20752 -0.78003 0.79224 0.73853 
0.128052 0.25635 -0.15503 -0.87646 0.81909 0.91187 
0.141113 0.20874 -0.9644 -0.65918 0.84839 0.111938 
0.149536 0.19287 -0.8545 -0.97168 0.81909 0.124756 
0.164795 0.13428 -0.2686 -0.102295 0.79102 0.134521 
0.179443 0.9277 0.2686 -0.104736 0.76172 0.141724 
0.193115 0.6470 0.8911 -0.106445 0.76172 0.145508 
0.205933 0.3540 0.16235 -0.108276 0.74707 0.146729 
0.216553 0.244 0.24902 -0.109619 0.74829 0.147095 
0.228149 -0.3418 0.34668 -0.109863 0.76660 0.147583 
0.241577 -0.7568 0.45654 -0.108276 0.77881 0.147583 
0.255615 -0.11230 0.55664 -0.104736 0.78979 0.148315 
0.270508 -0.14771 0.65674 -0.100586 0.80811 0.148560 
0.252319 -0.17700 0.73975 -0.95337 0.84717 0.147217 
0.283569 -0.20996 0.80078 -0.88745 0.89111 0.144043 
0.293335 -0.23682 0.85205 -0.81787 0.93384 0.139771 
0.300659 -0.26978 0.89966 -0.75806 0.97168 0.134766 
0.307129 -0.26978 0.94238 -0.70679 0.100464 0.129028 
0.314087 -0.30273 0.98511 -0.65796 0.103394 0.123047 
0.322388 -0.32837 0.102661 -0.60791 0.106323 0.117310 
0.331177 -0.35645 0.97656 -0.57251 0.112427 0.116333 
0.376221 -0.56641 0.128906 -0.71899 0.153931 0.144897 
0.369995 -0.42603 0.126831 -0.83374 0.193848 0.144531 
0.373413 -0.46387 0.130859 -0.84839 0.214600 0.129028 
0.374634 -0.46997 0.132202 -0.84839 0.205322 0.109619 
0.371216 -0.48584 0.134033 -0.72876 0.173950 0.91431 
0.367188 -0.48096 0.134399 -0.54565 0.164917 0.73242 
0.362427 -0.48462 0.133179 -0.34912 0.125610 0.53955 
0.358643 -0.48706 0.130249 -0.17090 0.94360 0.31860 
0.356934 -0.47363 0.126587 -0.1099 0.60181 0.38452 
0.357422 -0.44556 0.122070 0.14404 0.30640 0.12085 
0.361816 -0.41016 0.115845 0.28687 0.3784 -0.19165 
0.370972 -0.41382 0.114868 0.37720 -0.19775 -0.44556 
