0.171753 0.60913 0.72388 -0.488 -0.23926 -0.31128 
0.177490 0.31372 0.69824 0.12817 -0.31006 -0.20752 
0.181641 0.93140 0.65186 0.21118 -0.32715 -0.9888 
0.187744 0.61890 0.59937 0.25146 -0.30151 -0.1221 
0.194824 0.60669 0.56396 0.25513 -0.25635 0.4272 
0.202148 0.62256 0.55664 0.23804 -0.22461 0.6836 
0.209351 0.65674 0.55664 0.21606 -0.22461 0.8301 
0.215332 0.68848 0.56885 0.19653 -0.25146 0.8789 
0.219727 0.72266 0.58228 0.17944 -0.30640 0.8057 
0.221802 0.75195 0.59692 0.17944 -0.38696 0.6470 
0.223145 0.77148 0.61035 0.16357 -0.45654 0.2808 
0.224976 0.77026 0.61279 0.15625 -0.47363 -0.1953 
0.225586 0.75073 0.58350 0.14282 -0.46265 -0.4883 
0.224976 0.71777 0.52856 0.10376 -0.46265 -0.6836 
0.224609 0.69702 0.48828 0.3540 -0.44678 -0.10010 
0.224487 0.68237 0.48218 -0.4639 -0.41626 -0.12695 
0.222534 0.69092 0.47974 -0.11230 -0.38086 -0.12695 
0.218750 0.69946 0.48096 -0.15747 -0.35156 -0.15137 
0.215454 0.71533 0.48706 -0.19043 -0.32837 -0.17822 
0.211548 0.74951 0.48096 -0.21240 -0.31494 -0.20508 
0.211548 0.78613 0.48828 -0.21240 -0.31006 -0.23560 
0.208252 0.82275 0.49561 -0.20020 -0.31128 -0.26123 
0.204346 0.85449 0.50537 -0.16479 -0.31494 -0.27710 
0.200317 0.88013 0.50537 -0.10254 -0.31494 -0.27954 
0.195068 0.88013 0.48462 -0.1343 -0.30151 -0.26733 
0.187866 0.89722 0.44678 0.9033 -0.27954 -0.23315 
0.179199 0.90942 0.39429 0.19897 -0.25024 -0.17456 
0.168701 0.90332 0.39429 0.29297 -0.22217 -0.9766 
0.156250 0.88501 0.29053 0.34058 -0.21851 -0.1953 
0.143677 0.84473 0.16479 0.31982 -0.23560 0.6104 
0.132446 0.79712 0.7935 0.31982 -0.25513 0.15015 
0.122314 0.77271 0.5493 0.24658 -0.26855 0.25146 
0.111938 0.76904 0.9155 0.15625 -0.26611 0.37476 
0.101563 0.77026 0.16602 0.7080 -0.24048 0.52368 
0.90820 0.77393 0.26123 0.1465 -0.24048 0.70190 
0.80933 0.77515 0.35522 0.488 -0.20264 0.91431 
0.72876 0.77271 0.43457 0.3784 -0.15259 0.85327 
0.67383 0.76172 0.46631 0.9644 -0.9766 0.116577 
0.66528 0.71045 0.46021 0.14893 -0.6836 0.144043 
0.72266 0.61157 0.47119 0.16235 -0.3784 0.171875 
0.82886 0.49194 0.50415 0.14648 0.6104 0.198242 
0.63599 0.37598 0.55908 0.12573 0.21484 0.222290 
0.94849 0.27954 0.63721 0.12329 0.45776 0.243408 
0.107300 0.18066 0.74097 0.11597 0.76782 0.260498 
0.120850 0.7202 0.86304 0.12939 0.108398 0.276367 
0.133667 0.7202 0.97412 0.18311 0.137817 0.291504 
0.145996 -0.3296 0.107056 0.25146 0.161743 0.306397 
0.161865 -0.16235 0.113403 0.30884 0.177979 0.325684 
0.177368 -0.28809 0.113403 0.35278 0.189331 0.342407 
0.196411 -0.41382 0.119995 0.39307 0.199585 0.352905 
0.217773 -0.51758 0.124146 0.44312 0.207031 0.355957 
0.241699 -0.63232 0.128540 0.49316 0.213623 0.355957 
0.261475 -0.70435 0.132202 0.49316 0.214844 0.346313 
0.279053 -0.77026 0.132080 0.53833 0.211548 0.330811 
0.293335 -0.81909 0.133545 0.57495 0.205688 0.312378 
0.302490 -0.85205 0.136475 0.57495 0.205688 0.293091 
0.308228 -0.87402 0.141357 0.55298 0.199707 0.277588 
0.314331 -0.87646 0.146484 0.52612 0.194336 0.266235 
0.322144 -0.88623 0.150391 0.49805 0.189453 0.266235 
0.334106 -0.91797 0.154053 0.46387 0.183350 0.256226 
0.350464 -0.96558 0.159302 0.44312 0.175293 0.246094 
0.357666 -0.108154 0.188355 0.40527 0.176514 0.243042 
0.397949 -0.111328 0.195068 0.13672 0.215698 0.250000 
0.397949 -0.116211 0.198608 -0.4395 0.244995 0.230591 
0.408569 -0.123901 0.203735 -0.732 0.236572 0.200073 
0.416992 -0.96802 0.204834 0.10742 0.202026 0.166504 
0.425903 -0.128052 0.201660 0.18555 0.158447 0.131836 
0.428589 -0.130493 0.194824 0.24048 0.112793 0.92896 
0.425537 -0.131470 0.188599 0.31372 0.65796 0.51392 
0.418945 -0.130859 0.212769 0.39063 0.20752 0.11108 
0.409058 -0.127319 0.181519 0.43335 -0.21240 -0.26123 
0.397583 -0.124634 0.172363 0.46143 -0.51758 -0.58105 
0.388306 -0.122437 0.168213 0.43335 -0.60181 -0.82642 
0.377808 -0.118408 0.166748 0.43335 -0.56152 -0.103760 
0.362915 -0.113525 0.165161 0.33936 -0.52490 -0.125122 
0.347412 -0.109497 0.164551 0.26978 -0.52124 -0.144775 
0.333008 -0.104370 0.165527 0.25269 -0.52124 -0.161255 
0.320435 -0.99854 0.166016 0.25391 -0.53955 -0.175171 
0.309082 -0.94849 0.166016 0.27344 -0.56641 -0.156372 
0.298096 -0.90088 0.164551 0.30273 -0.61890 -0.199219 
0.288574 -0.86548 0.160400 0.34180 -0.69702 -0.199219 
0.279907 -0.83008 0.155151 0.38696 -0.78979 -0.210571 
0.272583 -0.79102 0.147827 0.42358 -0.86182 -0.222290 
0.264893 -0.74829 0.139282 0.43945 -0.91919 -0.235474 
0.264893 -0.69336 0.128296 0.43945 -0.97168 -0.250244 
0.255127 -0.63965 0.118896 0.41504 -0.103394 -0.265503 
0.242554 -0.89355 0.110596 0.36743 -0.107788 -0.279541 
0.228027 -0.58105 0.103882 0.30151 -0.109009 -0.290405 
0.211426 -0.51636 0.98389 0.21851 -0.106689 -0.297363 
0.193115 -0.45044 0.124756 0.14404 -0.100098 -0.299316 
0.175537 -0.37842 0.87524 0.9277 -0.90820 -0.294800 
0.160034 -0.30762 0.87524 0.5127 -0.81665 -0.283691 
0.147217 -0.22705 0.80566 0.366 -0.72510 -0.268921 
0.137329 -0.14648 0.73608 0.24902 -0.63965 -0.252197 
0.129761 -0.6714 0.68237 -0.6348 -0.56152 -0.235352 
0.124756 -0.366 0.60547 -0.15503 -0.50659 -0.219849 
0.121094 0.6958 0.57739 -0.23804 -0.40894 -0.207520 
0.116211 0.10742 0.57373 -0.33447 -0.40894 -0.194580 
0.107178 0.15747 0.57373 -0.45410 -0.29785 -0.182495 
0.97412 0.21851 0.58472 -0.55176 -0.17212 -0.169556 
0.87158 0.30518 0.59937 -0.64209 -0.3662 -0.186646 
0.77148 0.38818 0.61890 -0.71777 0.8057 -0.155396 
0.68481 0.46021 0.64209 -0.77637 0.17212 -0.139648 
0.60181 0.52612 0.66162 -0.83008 0.22705 -0.121948 
0.52124 0.56152 0.68359 -0.88257 0.24658 -0.103516 
0.52124 0.58228 0.73120 -0.93018 0.24414 -0.84229 
0.44556 0.58350 0.77881 -0.97412 0.24902 -0.64331 
0.37964 0.57129 0.84717 -0.100830 0.26123 -0.42969 
0.33813 0.55786 0.92285 -0.103394 0.29053 -0.18433 
0.32227 0.55786 0.99976 -0.105347 0.32349 0.9155 
0.33936 0.54932 0.108032 -0.105469 0.34302 0.39307 
0.39063 0.53711 0.115845 -0.103760 0.34546 0.72510 
0.46997 0.50781 0.115845 -0.100708 0.32593 0.108276 
0.58105 0.46265 0.123169 -0.96680 0.28809 0.144287 
0.72144 0.40039 0.130249 -0.122803 0.24902 0.179321 
0.88379 0.32349 0.137207 -0.91553 0.22339 0.211304 
0.107056 0.22583 0.143799 -0.85571 0.22705 0.238892 
0.127563 0.12695 0.148438 -0.77759 0.26123 0.261108 
0.150757 0.3174 0.151611 -0.70068 0.1587 0.277832 
0.176147 -0.5005 0.154663 -0.65308 0.32837 0.288086 
0.202515 -0.10864 0.158325 -0.64209 0.40894 0.291382 
0.228027 -0.15503 0.163452 -0.64087 0.46509 0.287476 
0.250122 -0.20874 0.169189 -0.62866 0.48584 0.287476 
0.266968 -0.26123 0.173706 -0.59204 0.46509 0.277100 
0.278564 -0.31494 0.177002 -0.52490 0.39185 0.261841 
0.254028 -0.37109 0.178955 -0.43091 0.27710 0.243408 
0.285278 -0.42969 0.179565 -0.32837 0.16113 0.223633 
0.288452 -0.47485 0.177002 -0.23315 0.8057 0.205322 
0.291382 -0.50537 0.174561 -0.15747 0.2686 0.189697 
0.294800 -0.52612 0.171265 -0.9033 0.854 0.176147 
0.299561 -0.52612 0.176147 -0.2197 0.2197 0.163696 
0.317505 -0.57617 0.175537 -0.2563 0.23071 0.163574 
0.317383 -0.57861 0.173218 -0.5615 0.46021 0.151123 
0.320313 -0.62378 0.173218 0.977 0.53345 0.132202 
0.321777 -0.67749 0.169556 0.10376 0.48828 0.111694 
0.321167 -0.69336 0.164795 0.14282 0.39551 0.88989 
0.317993 -0.70190 0.159912 0.15991 0.26367 0.64331 
0.310913 -0.69336 0.155884 0.15991 0.10132 0.40039 
0.299683 -0.67139 0.152344 0.17456 0.26733 0.17090 
0.286743 -0.63354 0.149292 0.18677 -0.15503 -0.3174 
0.272461 -0.59204 0.145996 0.18921 -0.15503 -0.18555 
0.258301 -0.55054 0.141846 0.19165 -0.24902 -0.28442 
0.245117 -0.51147 0.137573 0.20020 -0.33203 -0.2441 
0.234497 -0.48340 0.133057 0.20386 -0.39551 -0.33691 
0.226563 -0.46509 0.129761 0.19287 -0.41626 -0.34668 
0.219605 -0.44312 0.127563 0.15381 -0.36743 -0.32227 
0.244995 -0.42969 0.125977 0.10498 -0.28076 -0.29663 
0.209473 -0.41748 0.125244 0.8057 -0.19897 -0.27588 
0.209473 -0.40161 0.124878 0.6104 -0.13184 -0.25269 
0.206543 -0.39063 0.124512 0.3784 -0.9155 -0.22705 
