0.140625 0.57617 0.69946 -0.30151 -0.122803 -0.102417 
0.136841 0.58960 0.63599 -0.37476 -0.134521 -0.90576 
0.135498 0.59570 0.89355 -0.47974 -0.138062 -0.77148 
0.137817 0.61035 0.58105 -0.58594 -0.136108 -0.64087 
0.144897 0.62622 0.56885 -0.66528 -0.128662 -0.53833 
0.153809 0.63110 0.59204 -0.68726 -0.112427 -0.48096 
0.160767 0.63110 0.60547 -0.68726 -0.90576 -0.44067 
0.162842 0.60303 0.56152 -0.67261 -0.69580 -0.40649 
0.164917 0.57129 0.50049 -0.66772 -0.84351 -0.36011 
0.169434 0.58838 0.50415 -0.70068 -0.44434 -0.29541 
0.175415 0.63599 0.57739 -0.76538 -0.44434 -0.22095 
0.182861 0.65552 0.67749 -0.80811 -0.45898 -0.15259 
0.190796 0.62988 0.75806 -0.79590 -0.51758 -0.10132 
0.198608 0.58105 0.79468 -0.74829 -0.54443 -0.10132 
0.205444 0.52246 0.77637 -0.69580 -0.51514 -0.6958 
0.212769 0.46997 0.72998 -0.67139 -0.44922 -0.4883 
0.190063 0.44189 0.69336 -0.69824 -0.36987 -0.3906 
0.221313 0.44312 0.68604 -0.76538 -0.28931 -0.3906 
0.231445 0.41870 0.71777 -0.84839 -0.23682 -0.5371 
0.239868 0.38818 0.76782 -0.87769 -0.19897 -0.8423 
0.246704 0.36377 0.79346 -0.83252 -0.17334 -0.12085 
0.251953 0.36377 0.81055 -0.74463 -0.15869 -0.16357 
0.258057 0.36255 0.82153 -0.63843 -0.14038 -0.21484 
0.264893 0.37231 0.81421 -0.52612 -0.9888 -0.28198 
0.270508 0.40405 0.81421 -0.42114 -0.3418 -0.37231 
0.274048 0.44922 0.78857 -0.35278 0.5493 -0.48462 
0.275757 0.49805 0.77515 -0.33203 0.13794 -0.60303 
0.274292 0.55420 0.78491 -0.33203 0.17944 -0.70923 
0.271118 0.61279 0.80811 -0.34058 0.15625 -0.79834 
0.267090 0.64453 0.83740 -0.35034 0.8911 -0.86670 
0.262573 0.66162 0.85449 -0.32715 0.488 -0.91797 
0.257080 0.67383 0.82642 -0.26001 0.488 -0.96558 
0.250855 0.68115 0.76172 -0.18921 -0.7568 -0.100952 
0.245117 0.69092 0.69702 -0.15137 -0.13916 -0.105713 
0.238403 0.70557 0.64209 -0.15259 -0.18799 -0.105713 
0.229858 0.73975 0.57373 -0.18311 -0.24048 -0.111084 
0.219605 0.77881 0.50781 -0.25391 -0.31616 -0.117065 
0.240234 0.81787 0.46021 -0.36865 -0.41870 -0.122925 
0.196533 0.86914 0.42969 -0.49316 -0.54688 -0.128296 
0.196533 0.90332 0.41260 -0.60913 -0.69702 -0.132324 
0.182007 0.62866 0.42236 -0.69092 -0.86060 -0.133789 
0.164185 0.97778 0.44067 -0.71411 -0.100708 -0.130249 
0.144043 0.97778 0.44800 -0.68970 -0.112061 -0.120239 
0.123901 0.102539 0.44922 -0.64331 -0.119507 -0.104126 
0.106079 0.105957 0.43823 -0.57983 -0.122192 -0.82642 
0.91553 0.107788 0.43823 -0.51392 -0.119751 -0.57007 
0.80811 0.106812 0.40283 -0.46509 -0.112061 -0.28320 
0.73486 0.103760 0.36133 -0.44312 -0.99365 0.1709 
0.68604 0.99487 0.32715 -0.44067 -0.83618 0.31738 
0.65918 0.94116 0.29541 -0.44067 -0.69092 0.60669 
0.65918 0.86670 0.29053 -0.46509 -0.87524 0.88135 
0.65674 0.79102 0.32593 -0.49072 -0.45288 0.114136 
0.66040 0.71655 0.38696 -0.48950 -0.45288 0.138794 
0.65918 0.63965 0.46021 -0.45166 -0.36621 0.161865 
0.63354 0.54565 0.52856 -0.38574 -0.30151 0.183350 
0.59326 0.42969 0.58594 -0.31616 -0.24780 0.183350 
0.54321 0.32227 0.62256 -0.25391 -0.19287 0.203613 
0.49072 0.23315 0.65796 -0.19775 -0.13062 0.223633 
0.49438 0.12817 0.69092 -0.15259 -0.5249 0.246460 
0.61523 -0.244 0.71289 -0.10620 0.4272 0.273682 
0.61523 -0.13306 0.74219 -0.5127 0.14771 0.303101 
0.84961 -0.366 0.72388 -0.122 0.27100 0.331665 
0.112793 -0.49927 0.72632 0.3174 0.44312 0.360352 
0.148193 -0.49927 0.75317 0.3174 0.69946 0.390869 
0.177246 -0.61768 0.80933 0.610 0.106445 0.407593 
0.197021 -0.67505 0.90088 -0.488 0.136719 0.410278 
0.214478 -0.76294 0.66895 0.4517 0.150879 0.416870 
0.231201 -0.85083 0.98145 0.14404 0.151001 0.427734 
0.255737 -0.95703 0.103760 0.23315 0.146240 0.442139 
0.284058 -0.104004 0.109863 0.28320 0.143799 0.452148 
0.314819 -0.109497 0.115356 0.28320 0.138794 0.450439 
0.347046 -0.113037 0.123779 0.34424 0.131714 0.438965 
0.373901 -0.114868 0.133179 0.42603 0.156006 0.416260 
0.390259 -0.117432 0.140259 0.52124 0.124756 0.383911 
0.399658 -0.121948 0.143555 0.62988 0.116943 0.345581 
0.401855 -0.126709 0.141113 0.70190 0.109253 0.365723 
0.401001 -0.132813 0.134399 0.69336 0.104370 0.292969 
0.403442 -0.137451 0.131836 0.60181 0.102417 0.261719 
0.410034 -0.137085 0.136841 0.46143 0.102417 0.225342 
0.422485 -0.134033 0.142700 0.34180 0.102173 0.192139 
0.426514 -0.133057 0.156738 0.26123 0.104370 0.166016 
0.426514 -0.133911 0.156860 0.20752 0.98267 0.135010 
0.428467 -0.137451 0.152954 0.27588 0.76172 0.100098 
0.432861 -0.141113 0.150269 0.34424 0.57495 0.64819 
0.438110 -0.141113 0.145630 0.30151 0.51270 0.29053 
0.436279 -0.143555 0.140503 0.23315 0.47485 -0.9644 
0.430054 -0.144165 0.136475 0.18799 0.39307 -0.47852 
0.421875 -0.142334 0.133179 0.13916 0.28320 -0.83984 
0.413574 -0.139648 0.133179 0.8667 0.13916 -0.117920 
0.402588 -0.135742 0.130859 0.3662 -0.6104 -0.149658 
0.390381 -0.131104 0.129517 0.488 -0.30273 -0.179688 
0.377563 -0.126709 0.130127 0.488 -0.54688 -0.208130 
0.364746 -0.122437 0.129639 0.122 -0.75806 -0.235107 
0.352173 -0.120117 0.125488 0.1587 -0.89355 -0.260864 
0.339600 -0.117676 0.120361 0.4272 -0.89355 -0.285400 
0.324341 -0.113892 0.114014 0.7935 -0.92407 -0.308228 
0.306397 -0.109131 0.107178 0.11230 -0.86670 -0.296021 
0.286865 -0.102295 0.100708 0.14526 -0.73975 -0.341064 
0.266235 -0.94116 0.95337 0.17822 -0.57129 -0.341064 
0.245239 -0.84595 0.90576 0.20386 -0.39551 -0.349487 
0.224365 -0.74829 0.86670 0.21973 -0.24536 -0.353394 
0.235352 -0.65308 0.83008 0.22827 -0.14526 -0.353394 
0.204102 -0.55664 0.78857 0.23560 -0.11230 -0.349731 
0.185059 -0.46875 0.73486 0.24536 -0.14282 -0.342896 
0.167603 -0.39673 0.68115 0.24780 -0.22583 -0.333374 
0.152710 -0.62256 0.63354 0.24658 -0.34302 -0.320190 
0.138672 -0.31006 0.58716 0.22217 -0.38574 -0.305664 
0.126099 -0.23315 0.53345 0.15259 -0.38818 -0.287476 
0.112305 -0.13794 0.48096 0.7446 -0.40161 -0.268311 
0.98877 -0.5249 0.48096 -0.1343 -0.43213 -0.248413 
0.86670 0.2686 0.44312 -0.11719 -0.46387 -0.226685 
0.77271 0.10254 0.41870 -0.23315 -0.47241 -0.203003 
0.70190 0.17212 0.40649 -0.23315 -0.44556 -0.179565 
0.64331 0.22461 0.42358 -0.33325 -0.29663 -0.157837 
0.58716 0.27222 0.44434 -0.41992 -0.5981 -0.137573 
0.51025 0.31006 0.46509 -0.52002 -0.14648 -0.118286 
0.39185 0.35278 0.50537 -0.61890 0.16602 -0.99976 
0.26001 0.42236 0.55786 -0.70679 0.33569 -0.111816 
0.12329 0.49194 0.63232 -0.80078 0.42847 -0.88989 
-0.1587 0.53955 0.71411 -0.87402 0.44312 -0.57739 
-0.9888 0.55420 0.78857 -0.88379 0.39673 -0.28687 
-0.8789 0.52612 0.86182 -0.84595 0.31860 0.9521 
-0.366 0.46997 0.92773 -0.78979 0.28076 0.54932 
-0.366 0.39795 0.99243 -0.74585 0.31494 0.103760 
0.14526 0.30884 0.106323 -0.71777 0.39551 0.152466 
0.33325 0.20386 0.113037 -0.69580 0.49072 0.198364 
0.54077 0.10986 0.120361 -0.67139 0.57617 0.240723 
0.76050 0.10986 0.127319 -0.65674 0.61646 0.278809 
0.98877 0.1465 0.134399 -0.63721 0.61157 0.312012 
0.124268 -0.7813 0.142334 -0.60791 0.59082 0.339722 
0.154663 -0.17700 0.142334 -0.57129 0.60181 0.360596 
0.186279 -0.28198 0.149170 -0.51392 0.66406 0.372803 
0.221436 -0.39063 0.156982 -0.44556 0.80688 0.377686 
0.253784 -0.47485 0.160889 -0.38818 0.97290 0.371338 
0.280884 -0.52979 0.161743 -0.38818 0.108276 0.352417 
0.302856 -0.57495 0.160522 -0.31616 0.110718 0.325928 
0.318970 -0.60669 0.159546 -0.24902 0.105225 0.295288 
0.328003 -0.62988 0.159790 -0.21484 0.105225 0.262817 
0.332031 -0.66040 0.161621 -0.19775 0.93506 0.230713 
0.333618 -0.69824 0.164185 -0.18188 0.78003 0.233032 
0.334473 -0.72754 0.167236 -0.16479 0.62500 0.201782 
0.334961 -0.74585 0.170166 -0.13794 0.49438 0.175781 
0.334106 -0.75439 0.171875 -0.9155 0.39063 0.152344 
0.339600 -0.75562 0.171143 -0.2808 0.33203 0.130371 
0.330933 -0.76782 0.173218 0.732 0.38696 0.118652 
0.330933 -0.77271 0.169800 0.244 0.52002 0.102783 
0.322144 -0.77759 0.164673 0.5249 0.53711 0.82764 
0.311890 -0.76050 0.158936 0.12573 0.44067 0.65796 
0.300903 -0.76050 0.153687 0.15625 0.32349 0.49561 
0.289673 -0.74829 0.150391 0.15015 0.22827 0.33325 
