0.266602 -0.1099 -0.12451 0.26245 -0.5737 0.15381 
0.266602 -0.1099 -0.12451 0.21973 -0.4395 0.13062 
0.267578 0.366 -0.10254 0.21973 -0.4395 0.13062 
0.267578 0.366 -0.10254 0.21973 -0.4395 0.13062 
0.267578 0.366 -0.10254 0.21973 -0.4395 0.13062 
0.267578 0.366 -0.10254 0.21973 -0.4395 0.13062 
0.267578 0.366 -0.10254 0.21973 -0.4395 0.13062 
0.267578 0.366 -0.10254 0.21973 -0.4395 0.13062 
0.267578 0.366 -0.10254 0.21973 -0.4395 0.13062 
0.267578 0.366 -0.10254 0.21973 -0.4395 0.13062 
0.267578 0.366 -0.10254 0.21973 -0.4395 0.13062 
0.267578 0.366 -0.10254 0.21973 -0.4395 0.9155 
0.263184 -0.122 -0.12695 0.16602 -0.4028 0.9155 
0.263184 -0.122 -0.12695 0.16602 -0.4028 0.9155 
0.263184 -0.122 -0.12695 0.16602 -0.4028 0.9155 
0.263184 -0.122 -0.12695 0.16602 -0.4028 0.9155 
0.263184 -0.122 -0.12695 0.16602 -0.4028 0.9155 
0.263184 -0.122 -0.12695 0.16602 -0.4028 0.9155 
0.263184 -0.122 -0.12695 0.16602 -0.4028 0.9155 
0.263184 -0.122 -0.12695 0.16602 -0.4028 0.9155 
0.263184 -0.122 -0.12695 0.16602 -0.4028 0.9155 
0.263184 -0.122 -0.12695 0.16602 -0.4028 0.9155 
0.263306 -0.2197 -0.14648 0.9644 -0.3540 0.7446 
0.263306 -0.2197 -0.14648 0.9644 -0.3540 0.7446 
0.263306 -0.2197 -0.14648 0.9644 -0.3540 0.7446 
0.263306 -0.2197 -0.14648 0.9644 -0.3540 0.7446 
0.263306 -0.2197 -0.14648 0.9644 -0.3540 0.7446 
0.263306 -0.2197 -0.14648 0.9644 -0.3540 0.7446 
0.263306 -0.2197 -0.14648 0.9644 -0.3540 0.7446 
0.263306 -0.2197 -0.14648 0.9644 -0.3540 0.7446 
0.263306 -0.2197 -0.14648 0.9644 -0.3540 0.7446 
0.263306 -0.2197 -0.14648 0.9644 -0.3540 0.7446 
0.263306 -0.2197 -0.15259 0.2686 -0.2808 0.3906 
0.263428 -0.2930 -0.15259 0.2686 -0.2808 0.3906 
0.263428 -0.2930 -0.15259 0.2686 -0.2808 0.3906 
0.263428 -0.2930 -0.15259 0.2686 -0.2808 0.3906 
0.263428 -0.2930 -0.15259 0.2686 -0.2808 0.3906 
0.263428 -0.2930 -0.15259 0.2686 -0.2808 0.3906 
0.263428 -0.2930 -0.15259 0.2686 -0.2808 0.3906 
0.263428 -0.2930 -0.15259 0.2686 -0.2808 0.3906 
0.263428 -0.2930 -0.15259 0.2686 -0.2808 0.3906 
0.263428 -0.2930 -0.15259 0.2686 -0.2808 0.3906 
0.263428 -0.2930 -0.15259 0.2686 -0.4150 -0.122 
0.263184 -0.3052 -0.14893 -0.2930 -0.4150 -0.122 
0.263184 -0.3052 -0.14893 -0.2930 -0.4150 -0.122 
0.263184 -0.3052 -0.14893 -0.2930 -0.4150 -0.122 
0.263184 -0.3052 -0.14893 -0.2930 -0.4150 -0.122 
0.263184 -0.3052 -0.14893 -0.2930 -0.4150 -0.122 
0.263184 -0.3052 -0.14893 -0.2930 -0.4150 -0.122 
0.263184 -0.3052 -0.14893 -0.2930 -0.4150 -0.122 
0.263184 -0.3052 -0.14893 -0.2930 -0.4150 -0.122 
0.263184 -0.3052 -0.14893 -0.2930 -0.4150 -0.122 
0.263184 -0.3052 -0.14893 -0.2930 -0.4150 -0.122 
0.263428 -0.3662 -0.15381 -0.7446 -0.7935 -0.3052 
0.263428 -0.3662 -0.15381 -0.7446 -0.7935 -0.3052 
0.263428 -0.3662 -0.15381 -0.7446 -0.7935 -0.3052 
0.263428 -0.3662 -0.15381 -0.7446 -0.7935 -0.3052 
0.263428 -0.3662 -0.15381 -0.7446 -0.7935 -0.3052 
0.263428 -0.3662 -0.15381 -0.7446 -0.7935 -0.3052 
0.263428 -0.3662 -0.15381 -0.7446 -0.7935 -0.3052 
0.263428 -0.3662 -0.15381 -0.7446 -0.7935 -0.3052 
0.263428 -0.3662 -0.15381 -0.7446 -0.7935 -0.3052 
0.263428 -0.3662 -0.15381 -0.7446 -0.7935 -0.3052 
0.263428 -0.4150 -0.16113 -0.11719 -0.12817 -0.5249 
0.262329 -0.4150 -0.16113 -0.11719 -0.12817 -0.5249 
0.262329 -0.4150 -0.16113 -0.11719 -0.12817 -0.5249 
0.262329 -0.4150 -0.16113 -0.11719 -0.12817 -0.5249 
0.262329 -0.4150 -0.16113 -0.11719 -0.12817 -0.5249 
0.262329 -0.4150 -0.16113 -0.11719 -0.12817 -0.5249 
0.262329 -0.4150 -0.16113 -0.11719 -0.12817 -0.5249 
0.262329 -0.4150 -0.16113 -0.11719 -0.12817 -0.5249 
0.262329 -0.4150 -0.16113 -0.11719 -0.12817 -0.5249 
0.262329 -0.4150 -0.16113 -0.11719 -0.12817 -0.5249 
0.262329 -0.4150 -0.16113 -0.14893 -0.16846 -0.6348 
0.259399 -0.3174 -0.16846 -0.14893 -0.16846 -0.6348 
0.259399 -0.3174 -0.16846 -0.14893 -0.16846 -0.6348 
0.259399 -0.3174 -0.16846 -0.14893 -0.16846 -0.6348 
0.259399 -0.3174 -0.16846 -0.14893 -0.16846 -0.6348 
0.259399 -0.3174 -0.16846 -0.14893 -0.16846 -0.6348 
0.259399 -0.3174 -0.16846 -0.14893 -0.16846 -0.6348 
0.259399 -0.3174 -0.16846 -0.14893 -0.16846 -0.6348 
0.259399 -0.3174 -0.16846 -0.14893 -0.16846 -0.6348 
0.259399 -0.3174 -0.16846 -0.14893 -0.16846 -0.6348 
0.259399 -0.3174 -0.16846 -0.14893 -0.16846 -0.6470 
0.255737 -0.1953 -0.17700 -0.17944 -0.19775 -0.6470 
0.255737 -0.1953 -0.17700 -0.17944 -0.19775 -0.6470 
0.255737 -0.1953 -0.17700 -0.17944 -0.19775 -0.6470 
0.255737 -0.1953 -0.17700 -0.17944 -0.19775 -0.6470 
0.255737 -0.1953 -0.17700 -0.17944 -0.19775 -0.6470 
0.255737 -0.1953 -0.17700 -0.17944 -0.19775 -0.6470 
0.255737 -0.1953 -0.17700 -0.17944 -0.19775 -0.6470 
0.255737 -0.1953 -0.17700 -0.17944 -0.19775 -0.6470 
0.255737 -0.1953 -0.17700 -0.17944 -0.19775 -0.6470 
0.255737 -0.1953 -0.17700 -0.17944 -0.19775 -0.6470 
0.255737 -0.244 -0.18066 -0.20874 -0.20630 -0.5127 
0.250855 -0.244 -0.18066 -0.20874 -0.20630 -0.5127 
0.250855 -0.244 -0.18066 -0.20874 -0.20630 -0.5127 
0.250855 -0.244 -0.18066 -0.20874 -0.20630 -0.5127 
0.250855 -0.244 -0.18066 -0.20874 -0.20630 -0.5127 
0.250855 -0.244 -0.18066 -0.20874 -0.20630 -0.5127 
0.250855 -0.244 -0.18066 -0.20874 -0.20630 -0.5127 
0.250855 -0.244 -0.18066 -0.20874 -0.20630 -0.5127 
0.250855 -0.244 -0.18066 -0.20874 -0.20630 -0.5127 
0.250855 -0.244 -0.18066 -0.20874 -0.20630 -0.5127 
0.250855 -0.244 -0.18066 -0.22949 -0.18921 -0.2197 
0.245850 0.2319 -0.18677 -0.22949 -0.18921 -0.2197 
0.245850 0.2319 -0.18677 -0.22949 -0.18921 -0.2197 
0.245850 0.2319 -0.18677 -0.22949 -0.18921 -0.2197 
0.245850 0.2319 -0.18677 -0.22949 -0.18921 -0.2197 
0.245850 0.2319 -0.18677 -0.22949 -0.18921 -0.2197 
0.245850 0.2319 -0.18677 -0.22949 -0.18921 -0.2197 
0.245850 0.2319 -0.18677 -0.22949 -0.18921 -0.2197 
0.245850 0.2319 -0.18677 -0.22949 -0.18921 -0.2197 
0.245850 0.2319 -0.18677 -0.22949 -0.18921 -0.2197 
0.245850 0.2319 -0.18677 -0.22949 -0.14893 0.1587 
0.242065 0.4639 -0.19165 -0.25757 -0.14893 0.1587 
0.242065 0.4639 -0.19165 -0.25757 -0.14893 0.1587 
0.242065 0.4639 -0.19165 -0.25757 -0.14893 0.1587 
0.242065 0.4639 -0.19165 -0.25757 -0.14893 0.1587 
0.242065 0.4639 -0.19165 -0.25757 -0.14893 0.1587 
0.242065 0.4639 -0.19165 -0.25757 -0.14893 0.1587 
0.242065 0.4639 -0.19165 -0.25757 -0.14893 0.1587 
0.242065 0.4639 -0.19165 -0.25757 -0.14893 0.1587 
0.242065 0.4639 -0.19165 -0.25757 -0.14893 0.1587 
0.242065 0.4639 -0.19165 -0.25757 -0.14893 0.1587 
0.240479 0.5981 -0.18677 -0.27710 -0.8423 0.4028 
0.240479 0.5981 -0.18677 -0.27710 -0.8423 0.4028 
0.240479 0.5981 -0.18677 -0.27710 -0.8423 0.4028 
0.240479 0.5981 -0.18677 -0.27710 -0.8423 0.4028 
0.240479 0.5981 -0.18677 -0.27710 -0.8423 0.4028 
0.240479 0.5981 -0.18677 -0.27710 -0.8423 0.4028 
0.240479 0.5981 -0.18677 -0.27710 -0.8423 0.4028 
0.240479 0.5981 -0.18677 -0.27710 -0.8423 0.4028 
0.240479 0.5981 -0.18677 -0.27710 -0.8423 0.4028 
0.240479 0.5981 -0.18677 -0.27710 -0.8423 0.4028 
0.240479 0.5981 -0.18433 -0.27100 -0.1343 0.4517 
0.240723 0.6836 -0.18433 -0.27100 -0.1343 0.4517 
0.240723 0.6836 -0.18433 -0.27100 -0.1343 0.4517 
0.240723 0.6836 -0.18433 -0.27100 -0.1343 0.4517 
0.240723 0.6836 -0.18433 -0.27100 -0.1343 0.4517 
0.240723 0.6836 -0.18433 -0.27100 -0.1343 0.4517 
0.240723 0.6836 -0.18433 -0.27100 -0.1343 0.4517 
0.240723 0.6836 -0.18433 -0.27100 -0.1343 0.4517 
0.240723 0.6836 -0.18433 -0.27100 -0.1343 0.4517 
0.240723 0.6836 -0.18433 -0.27100 -0.1343 0.4517 
0.240723 0.6836 -0.18433 -0.27100 0.4028 0.3540 
0.243164 0.7080 -0.17334 -0.24658 0.4028 0.3540 
0.243164 0.7080 -0.17334 -0.24658 0.4028 0.3540 
0.243164 0.7080 -0.17334 -0.24658 0.4028 0.3540 
0.243164 0.7080 -0.17334 -0.24658 0.4028 0.3540 
