0.251953 0.64697 0.43823 -0.10742 -0.26489 0.24170 
0.251953 0.64697 0.43823 -0.10742 -0.26489 0.24170 
0.251953 0.64697 0.43823 -0.10742 -0.26489 0.24170 
0.251953 0.64697 0.43823 -0.10742 -0.26489 0.24170 
0.251953 0.64697 0.43823 -0.10742 -0.26489 0.24170 
0.251953 0.64697 0.43823 -0.10742 -0.26489 0.24170 
0.251953 0.64697 0.43823 -0.10742 -0.26489 0.24170 
0.251953 0.64697 0.43823 -0.10742 -0.26489 0.24170 
0.251953 0.64697 0.43823 -0.10742 -0.26489 0.24170 
0.253052 0.64331 0.45532 -0.9277 -0.25757 0.22949 
0.253052 0.64331 0.45532 -0.9277 -0.25757 0.22949 
0.253052 0.64331 0.45532 -0.9277 -0.25757 0.22949 
0.253052 0.64331 0.45532 -0.9277 -0.25757 0.22949 
0.253052 0.64331 0.45532 -0.9277 -0.25757 0.22949 
0.253052 0.64331 0.45532 -0.9277 -0.25757 0.22949 
0.253052 0.64331 0.45532 -0.9277 -0.25757 0.22949 
0.253052 0.64331 0.45532 -0.9277 -0.25757 0.22949 
0.253052 0.64331 0.45532 -0.9277 -0.25757 0.22949 
0.253052 0.64331 0.45532 -0.9277 -0.25757 0.22949 
0.253052 0.64331 0.46509 -0.7935 -0.25024 0.19653 
0.251221 0.64575 0.46509 -0.7935 -0.25024 0.19653 
0.251221 0.64575 0.46509 -0.7935 -0.25024 0.19653 
0.251221 0.64575 0.46509 -0.7935 -0.25024 0.19653 
0.251221 0.64575 0.46509 -0.7935 -0.25024 0.19653 
0.251221 0.64575 0.46509 -0.7935 -0.25024 0.19653 
0.251221 0.64575 0.46509 -0.7935 -0.25024 0.19653 
0.251221 0.64575 0.46509 -0.7935 -0.25024 0.19653 
0.251221 0.64575 0.46509 -0.7935 -0.25024 0.19653 
0.251221 0.64575 0.46509 -0.7935 -0.25024 0.19653 
0.251221 0.64575 0.46509 -0.7935 -0.25879 0.17822 
0.249756 0.64209 0.45532 -0.6714 -0.25879 0.17822 
0.249756 0.64209 0.45532 -0.6714 -0.25879 0.17822 
0.249756 0.64209 0.45532 -0.6714 -0.25879 0.17822 
0.249756 0.64209 0.45532 -0.6714 -0.25879 0.17822 
0.249756 0.64209 0.45532 -0.6714 -0.25879 0.17822 
0.249756 0.64209 0.45532 -0.6714 -0.25879 0.17822 
0.249756 0.64209 0.45532 -0.6714 -0.25879 0.17822 
0.249756 0.64209 0.45532 -0.6714 -0.25879 0.17822 
0.249756 0.64209 0.45532 -0.6714 -0.25879 0.17822 
0.249756 0.64209 0.45532 -0.6714 -0.25879 0.17822 
0.250488 0.63477 0.44800 -0.7324 -0.26733 0.18677 
0.250488 0.63477 0.44800 -0.7324 -0.26733 0.18677 
0.250488 0.63477 0.44800 -0.7324 -0.26733 0.18677 
0.250488 0.63477 0.44800 -0.7324 -0.26733 0.18677 
0.250488 0.63477 0.44800 -0.7324 -0.26733 0.18677 
0.250488 0.63477 0.44800 -0.7324 -0.26733 0.18677 
0.250488 0.63477 0.44800 -0.7324 -0.26733 0.18677 
0.250488 0.63477 0.44800 -0.7324 -0.26733 0.18677 
0.250488 0.63477 0.44800 -0.7324 -0.26733 0.18677 
0.250488 0.63477 0.44800 -0.7324 -0.26733 0.18677 
0.250488 0.63477 0.44067 -0.7690 -0.28076 0.20142 
0.252441 0.62866 0.44067 -0.7690 -0.28076 0.20142 
0.252441 0.62866 0.44067 -0.7690 -0.28076 0.20142 
0.252441 0.62866 0.44067 -0.7690 -0.28076 0.20142 
0.252441 0.62866 0.44067 -0.7690 -0.28076 0.20142 
0.252441 0.62866 0.44067 -0.7690 -0.28076 0.20142 
0.252441 0.62866 0.44067 -0.7690 -0.28076 0.20142 
0.252441 0.62866 0.44067 -0.7690 -0.28076 0.20142 
0.252441 0.62866 0.44067 -0.7690 -0.28076 0.20142 
0.252441 0.62866 0.44067 -0.7690 -0.28076 0.20142 
0.252441 0.62866 0.44067 -0.7446 -0.29053 0.20508 
0.254272 0.62012 0.43091 -0.7446 -0.29053 0.20508 
0.254272 0.62012 0.43091 -0.7446 -0.29053 0.20508 
0.254272 0.62012 0.43091 -0.7446 -0.29053 0.20508 
0.254272 0.62012 0.43091 -0.7446 -0.29053 0.20508 
0.254272 0.62012 0.43091 -0.7446 -0.29053 0.20508 
0.254272 0.62012 0.43091 -0.7446 -0.29053 0.20508 
0.254272 0.62012 0.43091 -0.7446 -0.29053 0.20508 
0.254272 0.62012 0.43091 -0.7446 -0.29053 0.20508 
0.254272 0.62012 0.43091 -0.7446 -0.29053 0.20508 
0.254272 0.62012 0.43091 -0.7446 -0.29053 0.19043 
0.256104 0.61157 0.42358 -0.7202 -0.28931 0.19043 
0.256104 0.61157 0.42358 -0.7202 -0.28931 0.19043 
0.256104 0.61157 0.42358 -0.7202 -0.28931 0.19043 
0.256104 0.61157 0.42358 -0.7202 -0.28931 0.19043 
0.256104 0.61157 0.42358 -0.7202 -0.28931 0.19043 
0.256104 0.61157 0.42358 -0.7202 -0.28931 0.19043 
0.256104 0.61157 0.42358 -0.7202 -0.28931 0.19043 
0.256104 0.61157 0.42358 -0.7202 -0.28931 0.19043 
0.256104 0.61157 0.42358 -0.7202 -0.28931 0.19043 
0.256104 0.61157 0.42358 -0.7202 -0.28931 0.19043 
0.256104 0.60303 0.42236 -0.7690 -0.27954 0.15625 
0.258057 0.60303 0.42236 -0.7690 -0.27954 0.15625 
0.258057 0.60303 0.42236 -0.7690 -0.27954 0.15625 
0.258057 0.60303 0.42236 -0.7690 -0.27954 0.15625 
0.258057 0.60303 0.42236 -0.7690 -0.27954 0.15625 
0.258057 0.60303 0.42236 -0.7690 -0.27954 0.15625 
0.258057 0.60303 0.42236 -0.7690 -0.27954 0.15625 
0.258057 0.60303 0.42236 -0.7690 -0.27954 0.15625 
0.258057 0.60303 0.42236 -0.7690 -0.27954 0.15625 
0.258057 0.60303 0.42236 -0.7690 -0.27954 0.15625 
0.258057 0.60303 0.42236 -0.8545 -0.26245 0.11108 
0.257202 0.59448 0.41016 -0.8545 -0.26245 0.11108 
0.257202 0.59448 0.41016 -0.8545 -0.26245 0.11108 
0.257202 0.59448 0.41016 -0.8545 -0.26245 0.11108 
0.257202 0.59448 0.41016 -0.8545 -0.26245 0.11108 
0.257202 0.59448 0.41016 -0.8545 -0.26245 0.11108 
0.257202 0.59448 0.41016 -0.8545 -0.26245 0.11108 
0.257202 0.59448 0.41016 -0.8545 -0.26245 0.11108 
0.257202 0.59448 0.41016 -0.8545 -0.26245 0.11108 
0.257202 0.59448 0.41016 -0.8545 -0.26245 0.11108 
0.257202 0.59448 0.41016 -0.8545 -0.26245 0.7202 
0.255371 0.58228 0.39795 -0.11353 -0.24292 0.7202 
0.255371 0.58228 0.39795 -0.11353 -0.24292 0.7202 
0.255371 0.58228 0.39795 -0.11353 -0.24292 0.7202 
0.255371 0.58228 0.39795 -0.11353 -0.24292 0.7202 
0.255371 0.58228 0.39795 -0.11353 -0.24292 0.7202 
0.255371 0.58228 0.39795 -0.11353 -0.24292 0.7202 
0.255371 0.58228 0.39795 -0.11353 -0.24292 0.7202 
0.255371 0.58228 0.39795 -0.11353 -0.24292 0.7202 
0.255371 0.58228 0.39795 -0.11353 -0.24292 0.7202 
0.255371 0.58228 0.39795 -0.11353 -0.24292 0.7202 
0.253052 0.57617 0.38696 -0.15259 -0.21362 0.4883 
0.253052 0.57617 0.38696 -0.15259 -0.21362 0.4883 
0.253052 0.57617 0.38696 -0.15259 -0.21362 0.4883 
0.253052 0.57617 0.38696 -0.15259 -0.21362 0.4883 
0.253052 0.57617 0.38696 -0.15259 -0.21362 0.4883 
0.253052 0.57617 0.38696 -0.15259 -0.21362 0.4883 
0.253052 0.57617 0.38696 -0.15259 -0.21362 0.4883 
0.253052 0.57617 0.38696 -0.15259 -0.21362 0.4883 
0.253052 0.57617 0.38696 -0.15259 -0.21362 0.4883 
0.253052 0.57617 0.38696 -0.15259 -0.21362 0.4883 
0.253052 0.57617 0.38818 -0.18433 -0.17578 0.3540 
0.251953 0.57739 0.38818 -0.18433 -0.17578 0.3540 
0.251953 0.57739 0.38818 -0.18433 -0.17578 0.3540 
0.251953 0.57739 0.38818 -0.18433 -0.17578 0.3540 
0.251953 0.57739 0.38818 -0.18433 -0.17578 0.3540 
0.251953 0.57739 0.38818 -0.18433 -0.17578 0.3540 
0.251953 0.57739 0.38818 -0.18433 -0.17578 0.3540 
0.251953 0.57739 0.38818 -0.18433 -0.17578 0.3540 
0.251953 0.57739 0.38818 -0.18433 -0.17578 0.3540 
0.251953 0.57739 0.38818 -0.18433 -0.17578 0.3540 
0.251953 0.57739 0.38818 -0.18433 -0.14282 0.854 
0.253296 0.58594 0.38574 -0.19043 -0.14282 0.854 
0.253296 0.58594 0.38574 -0.19043 -0.14282 0.854 
0.253296 0.58594 0.38574 -0.19043 -0.14282 0.854 
0.253296 0.58594 0.38574 -0.19043 -0.14282 0.854 
0.253296 0.58594 0.38574 -0.19043 -0.14282 0.854 
0.253296 0.58594 0.38574 -0.19043 -0.14282 0.854 
0.253296 0.58594 0.38574 -0.19043 -0.14282 0.854 
0.253296 0.58594 0.38574 -0.19043 -0.14282 0.854 
0.253296 0.58594 0.38574 -0.19043 -0.14282 0.854 
0.253296 0.58594 0.38574 -0.19043 -0.14282 0.854 
0.253784 0.60181 0.38574 -0.16968 -0.11597 -0.4883 
0.253784 0.60181 0.38574 -0.16968 -0.11597 -0.4883 
0.253784 0.60181 0.38574 -0.16968 -0.11597 -0.4883 
0.253784 0.60181 0.38574 -0.16968 -0.11597 -0.4883 
0.253784 0.60181 0.38574 -0.16968 -0.11597 -0.4883 
0.253784 0.60181 0.38574 -0.16968 -0.11597 -0.4883 
0.253784 0.60181 0.38574 -0.16968 -0.11597 -0.4883 
