0.260620 0.17334 -0.20752 -0.10742 0.4639 0.10254 
0.261353 0.17334 -0.20752 -0.10742 0.4639 0.10254 
0.261353 0.17334 -0.20752 -0.10742 0.4639 0.10254 
0.261353 0.17334 -0.20752 -0.10742 0.4639 0.10254 
0.261353 0.17334 -0.20752 -0.10742 0.4639 0.10254 
0.261353 0.17334 -0.20752 -0.10742 0.4639 0.10254 
0.261353 0.17334 -0.20752 -0.10742 0.4639 0.10254 
0.261353 0.17334 -0.20752 -0.10742 0.4639 0.10254 
0.261353 0.17334 -0.20752 -0.10742 0.4639 0.10254 
0.261353 0.17334 -0.20752 -0.10742 0.4639 0.10254 
0.261353 0.17334 -0.20752 -0.8911 0.4761 0.7935 
0.259521 0.17090 -0.20996 -0.8911 0.4761 0.7935 
0.259521 0.17090 -0.20996 -0.8911 0.4761 0.7935 
0.259521 0.17090 -0.20996 -0.8911 0.4761 0.7935 
0.259521 0.17090 -0.20996 -0.8911 0.4761 0.7935 
0.259521 0.17090 -0.20996 -0.8911 0.4761 0.7935 
0.259521 0.17090 -0.20996 -0.8911 0.4761 0.7935 
0.259521 0.17090 -0.20996 -0.8911 0.4761 0.7935 
0.259521 0.17090 -0.20996 -0.8911 0.4761 0.7935 
0.259521 0.17090 -0.20996 -0.8911 0.4761 0.7935 
0.259521 0.17090 -0.20996 -0.8911 0.4761 0.7690 
0.257324 0.16113 -0.21362 -0.9155 0.3540 0.7690 
0.257324 0.16113 -0.21362 -0.9155 0.3540 0.7690 
0.257324 0.16113 -0.21362 -0.9155 0.3540 0.7690 
0.257324 0.16113 -0.21362 -0.9155 0.3540 0.7690 
0.257324 0.16113 -0.21362 -0.9155 0.3540 0.7690 
0.257324 0.16113 -0.21362 -0.9155 0.3540 0.7690 
0.257324 0.16113 -0.21362 -0.9155 0.3540 0.7690 
0.257324 0.16113 -0.21362 -0.9155 0.3540 0.7690 
0.257324 0.16113 -0.21362 -0.9155 0.3540 0.7690 
0.257324 0.16113 -0.21362 -0.9155 0.3540 0.7690 
0.257324 0.15015 -0.21362 -0.11230 0.1709 0.8911 
0.255859 0.15015 -0.21362 -0.11230 0.1709 0.8911 
0.255859 0.15015 -0.21362 -0.11230 0.1709 0.8911 
0.255859 0.15015 -0.21362 -0.11230 0.1709 0.8911 
0.255859 0.15015 -0.21362 -0.11230 0.1709 0.8911 
0.255859 0.15015 -0.21362 -0.11230 0.1709 0.8911 
0.255859 0.15015 -0.21362 -0.11230 0.1709 0.8911 
0.255859 0.15015 -0.21362 -0.11230 0.1709 0.8911 
0.255859 0.15015 -0.21362 -0.11230 0.1709 0.8911 
0.255859 0.15015 -0.21362 -0.11230 0.1709 0.8911 
0.255859 0.15015 -0.20996 -0.13672 0.732 0.9277 
0.254395 0.14282 -0.20996 -0.13672 0.732 0.9277 
0.254395 0.14282 -0.20996 -0.13672 0.732 0.9277 
0.254395 0.14282 -0.20996 -0.13672 0.732 0.9277 
0.254395 0.14282 -0.20996 -0.13672 0.732 0.9277 
0.254395 0.14282 -0.20996 -0.13672 0.732 0.9277 
0.254395 0.14282 -0.20996 -0.13672 0.732 0.9277 
0.254395 0.14282 -0.20996 -0.13672 0.732 0.9277 
0.254395 0.14282 -0.20996 -0.13672 0.732 0.9277 
0.254395 0.14282 -0.20996 -0.13672 0.732 0.9277 
0.254395 0.14282 -0.20996 -0.13672 0.122 0.8057 
0.256470 0.15259 -0.20874 -0.15015 0.122 0.8057 
0.256470 0.15259 -0.20874 -0.15015 0.122 0.8057 
0.256470 0.15259 -0.20874 -0.15015 0.122 0.8057 
0.256470 0.15259 -0.20874 -0.15015 0.122 0.8057 
0.256470 0.15259 -0.20874 -0.15015 0.122 0.8057 
0.256470 0.15259 -0.20874 -0.15015 0.122 0.8057 
0.256470 0.15259 -0.20874 -0.15015 0.122 0.8057 
0.256470 0.15259 -0.20874 -0.15015 0.122 0.8057 
0.256470 0.15259 -0.20874 -0.15015 0.122 0.8057 
0.256470 0.15259 -0.20874 -0.15015 0.122 0.8057 
0.258423 0.16113 -0.19775 -0.15503 -0.366 0.5615 
0.258423 0.16113 -0.19775 -0.15503 -0.366 0.5615 
0.258423 0.16113 -0.19775 -0.15503 -0.366 0.5615 
0.258423 0.16113 -0.19775 -0.15503 -0.366 0.5615 
0.258423 0.16113 -0.19775 -0.15503 -0.366 0.5615 
0.258423 0.16113 -0.19775 -0.15503 -0.366 0.5615 
0.258423 0.16113 -0.19775 -0.15503 -0.366 0.5615 
0.258423 0.16113 -0.19775 -0.15503 -0.366 0.5615 
0.258423 0.16113 -0.19775 -0.15503 -0.366 0.5615 
0.258423 0.16113 -0.19775 -0.15503 -0.366 0.5615 
0.258423 0.16113 -0.18677 -0.15015 -0.854 0.2197 
0.259521 0.16235 -0.18677 -0.15015 -0.854 0.2197 
0.259521 0.16235 -0.18677 -0.15015 -0.854 0.2197 
0.259521 0.16235 -0.18677 -0.15015 -0.854 0.2197 
0.259521 0.16235 -0.18677 -0.15015 -0.854 0.2197 
0.259521 0.16235 -0.18677 -0.15015 -0.854 0.2197 
0.259521 0.16235 -0.18677 -0.15015 -0.854 0.2197 
0.259521 0.16235 -0.18677 -0.15015 -0.854 0.2197 
0.259521 0.16235 -0.18677 -0.15015 -0.854 0.2197 
0.259521 0.16235 -0.18677 -0.15015 -0.854 0.2197 
0.259521 0.16235 -0.18677 -0.15015 -0.732 -0.1221 
0.260254 0.16479 -0.17700 -0.12573 -0.732 -0.1221 
0.260254 0.16479 -0.17700 -0.12573 -0.732 -0.1221 
0.260254 0.16479 -0.17700 -0.12573 -0.732 -0.1221 
0.260254 0.16479 -0.17700 -0.12573 -0.732 -0.1221 
0.260254 0.16479 -0.17700 -0.12573 -0.732 -0.1221 
0.260254 0.16479 -0.17700 -0.12573 -0.732 -0.1221 
0.260254 0.16479 -0.17700 -0.12573 -0.732 -0.1221 
0.260254 0.16479 -0.17700 -0.12573 -0.732 -0.1221 
0.260254 0.16479 -0.17700 -0.12573 -0.732 -0.1221 
0.260254 0.16479 -0.17700 -0.12573 -0.732 -0.3174 
0.258423 0.16479 -0.17944 -0.9399 -0.2808 -0.3174 
0.258423 0.16479 -0.17944 -0.9399 -0.2808 -0.3174 
0.258423 0.16479 -0.17944 -0.9399 -0.2808 -0.3174 
0.258423 0.16479 -0.17944 -0.9399 -0.2808 -0.3174 
0.258423 0.16479 -0.17944 -0.9399 -0.2808 -0.3174 
0.258423 0.16479 -0.17944 -0.9399 -0.2808 -0.3174 
0.258423 0.16479 -0.17944 -0.9399 -0.2808 -0.3174 
0.258423 0.16479 -0.17944 -0.9399 -0.2808 -0.3174 
0.258423 0.16479 -0.17944 -0.9399 -0.2808 -0.3174 
0.258423 0.16479 -0.17944 -0.9399 -0.2808 -0.3174 
0.258423 0.16968 -0.19531 -0.5493 -0.5615 -0.4150 
0.254272 0.16968 -0.19531 -0.5493 -0.5615 -0.4150 
0.254272 0.16968 -0.19531 -0.5493 -0.5615 -0.4150 
0.254272 0.16968 -0.19531 -0.5493 -0.5615 -0.4150 
0.254272 0.16968 -0.19531 -0.5493 -0.5615 -0.4150 
0.254272 0.16968 -0.19531 -0.5493 -0.5615 -0.4150 
0.254272 0.16968 -0.19531 -0.5493 -0.5615 -0.4150 
0.254272 0.16968 -0.19531 -0.5493 -0.5615 -0.4150 
0.254272 0.16968 -0.19531 -0.5493 -0.5615 -0.4150 
0.254272 0.16968 -0.19531 -0.5493 -0.5615 -0.4150 
0.254272 0.16968 -0.19531 -0.2075 -0.8423 -0.3052 
0.249634 0.17212 -0.20996 -0.2075 -0.8423 -0.3052 
0.249634 0.17212 -0.20996 -0.2075 -0.8423 -0.3052 
0.249634 0.17212 -0.20996 -0.2075 -0.8423 -0.3052 
0.249634 0.17212 -0.20996 -0.2075 -0.8423 -0.3052 
0.249634 0.17212 -0.20996 -0.2075 -0.8423 -0.3052 
0.249634 0.17212 -0.20996 -0.2075 -0.8423 -0.3052 
0.249634 0.17212 -0.20996 -0.2075 -0.8423 -0.3052 
0.249634 0.17212 -0.20996 -0.2075 -0.8423 -0.3052 
0.249634 0.17212 -0.20996 -0.2075 -0.8423 -0.3052 
0.249634 0.17212 -0.20996 -0.2075 -0.8423 -0.122 
0.247559 0.17578 -0.21484 0.1099 -0.9888 -0.122 
0.247559 0.17578 -0.21484 0.1099 -0.9888 -0.122 
0.247559 0.17578 -0.21484 0.1099 -0.9888 -0.122 
0.247559 0.17578 -0.21484 0.1099 -0.9888 -0.122 
0.247559 0.17578 -0.21484 0.1099 -0.9888 -0.122 
0.247559 0.17578 -0.21484 0.1099 -0.9888 -0.122 
0.247559 0.17578 -0.21484 0.1099 -0.9888 -0.122 
0.247559 0.17578 -0.21484 0.1099 -0.9888 -0.122 
0.247559 0.17578 -0.21484 0.1099 -0.9888 -0.122 
0.247559 0.17578 -0.21484 0.1099 -0.9888 -0.122 
0.247559 0.18066 -0.21118 0.4639 -0.10010 0.2441 
0.247559 0.18066 -0.21118 0.4639 -0.10010 0.2441 
0.247559 0.18066 -0.21118 0.4639 -0.10010 0.2441 
0.247559 0.18066 -0.21118 0.4639 -0.10010 0.2441 
0.247559 0.18066 -0.21118 0.4639 -0.10010 0.2441 
0.247559 0.18066 -0.21118 0.4639 -0.10010 0.2441 
0.247559 0.18066 -0.21118 0.4639 -0.10010 0.2441 
0.247559 0.18066 -0.21118 0.4639 -0.10010 0.2441 
0.247559 0.18066 -0.21118 0.4639 -0.10010 0.2441 
0.247559 0.18066 -0.21118 0.4639 -0.10010 0.2441 
0.247559 0.18066 -0.20264 0.8911 -0.9155 0.3418 
0.247192 0.18555 -0.20264 0.8911 -0.9155 0.3418 
0.247192 0.18555 -0.20264 0.8911 -0.9155 0.3418 
0.247192 0.18555 -0.20264 0.8911 -0.9155 0.3418 
0.247192 0.18555 -0.20264 0.8911 -0.9155 0.3418 
0.247192 0.18555 -0.20264 0.8911 -0.9155 0.3418 
