0.247314 0.28931 -0.43457 -0.23071 0.9399 -0.22827 
0.247314 0.28931 -0.43457 -0.23071 0.9399 -0.22827 
0.247314 0.28931 -0.43457 -0.23071 0.11475 -0.18677 
0.250244 0.29663 -0.43335 -0.26855 0.11475 -0.18677 
0.250244 0.29663 -0.43335 -0.26855 0.11475 -0.18677 
0.250244 0.29663 -0.43335 -0.26855 0.11475 -0.18677 
0.250244 0.29663 -0.43335 -0.26855 0.11475 -0.18677 
0.250244 0.29663 -0.43335 -0.26855 0.11475 -0.18677 
0.250244 0.29663 -0.43335 -0.26855 0.11475 -0.18677 
0.250244 0.29663 -0.43335 -0.26855 0.11475 -0.18677 
0.250244 0.29663 -0.43335 -0.26855 0.11475 -0.18677 
0.250244 0.29663 -0.43335 -0.26855 0.11475 -0.18677 
0.250244 0.29663 -0.43335 -0.26855 0.11475 -0.18677 
0.251099 0.29663 -0.44434 -0.30396 0.15015 -0.17334 
0.251099 0.29663 -0.44434 -0.30396 0.15015 -0.17334 
0.251099 0.29663 -0.44434 -0.30396 0.15015 -0.17334 
0.251099 0.29663 -0.44434 -0.30396 0.15015 -0.17334 
0.251099 0.29663 -0.44434 -0.30396 0.15015 -0.17334 
0.251099 0.29663 -0.44434 -0.30396 0.15015 -0.17334 
0.251099 0.29663 -0.44434 -0.30396 0.15015 -0.17334 
0.251099 0.29663 -0.44434 -0.30396 0.15015 -0.17334 
0.251099 0.29663 -0.44434 -0.30396 0.15015 -0.17334 
0.251099 0.29663 -0.44434 -0.30396 0.15015 -0.17334 
0.251099 0.29663 -0.45288 -0.34058 0.17212 -0.17334 
0.253174 0.30029 -0.45288 -0.34058 0.17212 -0.17334 
0.253174 0.30029 -0.45288 -0.34058 0.17212 -0.17334 
0.253174 0.30029 -0.45288 -0.34058 0.17212 -0.17334 
0.253174 0.30029 -0.45288 -0.34058 0.17212 -0.17334 
0.253174 0.30029 -0.45288 -0.34058 0.17212 -0.17334 
0.253174 0.30029 -0.45288 -0.34058 0.17212 -0.17334 
0.253174 0.30029 -0.45288 -0.34058 0.17212 -0.17334 
0.253174 0.30029 -0.45288 -0.34058 0.17212 -0.17334 
0.253174 0.30029 -0.45288 -0.34058 0.17212 -0.17334 
0.253174 0.30029 -0.45288 -0.36011 0.19653 -0.20020 
0.255981 0.30762 -0.45166 -0.36011 0.19653 -0.20020 
0.255981 0.30762 -0.45166 -0.36011 0.19653 -0.20020 
0.255981 0.30762 -0.45166 -0.36011 0.19653 -0.20020 
0.255981 0.30762 -0.45166 -0.36011 0.19653 -0.20020 
0.255981 0.30762 -0.45166 -0.36011 0.19653 -0.20020 
0.255981 0.30762 -0.45166 -0.36011 0.19653 -0.20020 
0.255981 0.30762 -0.45166 -0.36011 0.19653 -0.20020 
0.255981 0.30762 -0.45166 -0.36011 0.19653 -0.20020 
0.255981 0.30762 -0.45166 -0.36011 0.19653 -0.20020 
0.255981 0.30762 -0.45166 -0.36011 0.19653 -0.23071 
0.255005 0.32837 -0.45044 -0.35767 0.21484 -0.23071 
0.255005 0.32837 -0.45044 -0.35767 0.21484 -0.23071 
0.255005 0.32837 -0.45044 -0.35767 0.21484 -0.23071 
0.255005 0.32837 -0.45044 -0.35767 0.21484 -0.23071 
0.255005 0.32837 -0.45044 -0.35767 0.21484 -0.23071 
0.255005 0.32837 -0.45044 -0.35767 0.21484 -0.23071 
0.255005 0.32837 -0.45044 -0.35767 0.21484 -0.23071 
0.255005 0.32837 -0.45044 -0.35767 0.21484 -0.23071 
0.255005 0.32837 -0.45044 -0.35767 0.21484 -0.23071 
0.255005 0.32837 -0.45044 -0.35767 0.21484 -0.23071 
0.255005 0.35156 -0.43457 -0.33813 0.19897 -0.21973 
0.253174 0.35156 -0.43457 -0.33813 0.19897 -0.21973 
0.253174 0.35156 -0.43457 -0.33813 0.19897 -0.21973 
0.253174 0.35156 -0.43457 -0.33813 0.19897 -0.21973 
0.253174 0.35156 -0.43457 -0.33813 0.19897 -0.21973 
0.253174 0.35156 -0.43457 -0.33813 0.19897 -0.21973 
0.253174 0.35156 -0.43457 -0.33813 0.19897 -0.21973 
0.253174 0.35156 -0.43457 -0.33813 0.19897 -0.21973 
0.253174 0.35156 -0.43457 -0.33813 0.19897 -0.21973 
0.253174 0.35156 -0.43457 -0.33813 0.19897 -0.21973 
0.253174 0.35156 -0.43457 -0.29785 0.14526 -0.16968 
0.255615 0.36133 -0.41992 -0.29785 0.14526 -0.16968 
0.255615 0.36133 -0.41992 -0.29785 0.14526 -0.16968 
0.255615 0.36133 -0.41992 -0.29785 0.14526 -0.16968 
0.255615 0.36133 -0.41992 -0.29785 0.14526 -0.16968 
0.255615 0.36133 -0.41992 -0.29785 0.14526 -0.16968 
0.255615 0.36133 -0.41992 -0.29785 0.14526 -0.16968 
0.255615 0.36133 -0.41992 -0.29785 0.14526 -0.16968 
0.255615 0.36133 -0.41992 -0.29785 0.14526 -0.16968 
0.255615 0.36133 -0.41992 -0.29785 0.14526 -0.16968 
0.255615 0.36133 -0.41992 -0.29785 0.7935 -0.12451 
0.259277 0.36133 -0.40039 -0.23804 0.7935 -0.12451 
0.259277 0.36133 -0.40039 -0.23804 0.7935 -0.12451 
0.259277 0.36133 -0.40039 -0.23804 0.7935 -0.12451 
0.259277 0.36133 -0.40039 -0.23804 0.7935 -0.12451 
0.259277 0.36133 -0.40039 -0.23804 0.7935 -0.12451 
0.259277 0.36133 -0.40039 -0.23804 0.7935 -0.12451 
0.259277 0.36133 -0.40039 -0.23804 0.7935 -0.12451 
0.259277 0.36133 -0.40039 -0.23804 0.7935 -0.12451 
0.259277 0.36133 -0.40039 -0.23804 0.7935 -0.12451 
0.259277 0.36133 -0.40039 -0.23804 0.7935 -0.12451 
0.262207 0.37476 -0.38574 -0.16602 0.2686 -0.9766 
0.262207 0.37476 -0.38574 -0.16602 0.2686 -0.9766 
0.262207 0.37476 -0.38574 -0.16602 0.2686 -0.9766 
0.262207 0.37476 -0.38574 -0.16602 0.2686 -0.9766 
0.262207 0.37476 -0.38574 -0.16602 0.2686 -0.9766 
0.262207 0.37476 -0.38574 -0.16602 0.2686 -0.9766 
0.262207 0.37476 -0.38574 -0.16602 0.2686 -0.9766 
0.262207 0.37476 -0.38574 -0.16602 0.2686 -0.9766 
0.262207 0.37476 -0.38574 -0.16602 0.2686 -0.9766 
0.262207 0.37476 -0.38574 -0.16602 0.2686 -0.9766 
0.262207 0.37476 -0.35767 -0.9644 -0.244 -0.8667 
0.262695 0.36377 -0.35767 -0.9644 -0.244 -0.8667 
0.262695 0.36377 -0.35767 -0.9644 -0.244 -0.8667 
0.262695 0.36377 -0.35767 -0.9644 -0.244 -0.8667 
0.262695 0.36377 -0.35767 -0.9644 -0.244 -0.8667 
0.262695 0.36377 -0.35767 -0.9644 -0.244 -0.8667 
0.262695 0.36377 -0.35767 -0.9644 -0.244 -0.8667 
0.262695 0.36377 -0.35767 -0.9644 -0.244 -0.8667 
0.262695 0.36377 -0.35767 -0.9644 -0.244 -0.8667 
0.262695 0.36377 -0.35767 -0.9644 -0.244 -0.8667 
0.262695 0.36377 -0.35767 -0.9644 -0.244 -0.8179 
0.261230 0.35156 -0.33569 -0.3540 -0.244 -0.8179 
0.261230 0.35156 -0.33569 -0.3540 -0.244 -0.8179 
0.261230 0.35156 -0.33569 -0.3540 -0.244 -0.8179 
0.261230 0.35156 -0.33569 -0.3540 -0.244 -0.8179 
0.261230 0.35156 -0.33569 -0.3540 -0.244 -0.8179 
0.261230 0.35156 -0.33569 -0.3540 -0.244 -0.8179 
0.261230 0.35156 -0.33569 -0.3540 -0.244 -0.8179 
0.261230 0.35156 -0.33569 -0.3540 -0.244 -0.8179 
0.261230 0.35156 -0.33569 -0.3540 -0.244 -0.8179 
0.261230 0.35156 -0.33569 -0.3540 -0.244 -0.8179 
0.257813 0.34546 -0.33081 0.3174 0.2930 -0.5615 
0.257813 0.34546 -0.33081 0.3174 0.2930 -0.5615 
0.257813 0.34546 -0.33081 0.3174 0.2930 -0.5615 
0.257813 0.34546 -0.33081 0.3174 0.2930 -0.5615 
0.257813 0.34546 -0.33081 0.3174 0.2930 -0.5615 
0.257813 0.34546 -0.33081 0.3174 0.2930 -0.5615 
0.257813 0.34546 -0.33081 0.3174 0.2930 -0.5615 
0.257813 0.34546 -0.33081 0.3174 0.2930 -0.5615 
0.257813 0.34546 -0.33081 0.3174 0.2930 -0.5615 
0.257813 0.34546 -0.33081 0.3174 0.2930 -0.5615 
0.257813 0.34912 -0.32837 0.9766 0.7324 -0.366 
0.255127 0.34912 -0.32837 0.9766 0.7324 -0.366 
0.255127 0.34912 -0.32837 0.9766 0.7324 -0.366 
0.255127 0.34912 -0.32837 0.9766 0.7324 -0.366 
0.255127 0.34912 -0.32837 0.9766 0.7324 -0.366 
0.255127 0.34912 -0.32837 0.9766 0.7324 -0.366 
0.255127 0.34912 -0.32837 0.9766 0.7324 -0.366 
0.255127 0.34912 -0.32837 0.9766 0.7324 -0.366 
0.255127 0.34912 -0.32837 0.9766 0.7324 -0.366 
0.255127 0.34912 -0.32837 0.9766 0.7324 -0.366 
0.255127 0.34912 -0.32837 0.15625 0.11475 0.6226 
0.254395 0.35400 -0.32227 0.15625 0.11475 0.6226 
0.254395 0.35400 -0.32227 0.15625 0.11475 0.6226 
0.254395 0.35400 -0.32227 0.15625 0.11475 0.6226 
0.254395 0.35400 -0.32227 0.15625 0.11475 0.6226 
0.254395 0.35400 -0.32227 0.15625 0.11475 0.6226 
0.254395 0.35400 -0.32227 0.15625 0.11475 0.6226 
0.254395 0.35400 -0.32227 0.15625 0.11475 0.6226 
0.254395 0.35400 -0.32227 0.15625 0.11475 0.6226 
0.254395 0.35400 -0.32227 0.15625 0.11475 0.6226 
0.254395 0.35400 -0.32227 0.15625 0.11475 0.11841 
0.256104 0.35278 -0.31616 0.20264 0.14648 0.11841 
0.256104 0.35278 -0.31616 0.20264 0.14648 0.11841 
0.256104 0.35278 -0.31616 0.20264 0.14648 0.11841 
