0.255249 0.23804 -0.19653 -0.19897 0.13184 0.13306 
0.255249 0.23804 -0.19653 -0.14404 0.12085 0.15503 
0.259521 0.23071 -0.16724 -0.14404 0.12085 0.15503 
0.259521 0.23071 -0.16724 -0.14404 0.12085 0.15503 
0.259521 0.23071 -0.16724 -0.14404 0.12085 0.15503 
0.259521 0.23071 -0.16724 -0.14404 0.12085 0.15503 
0.259521 0.23071 -0.16724 -0.14404 0.12085 0.15503 
0.259521 0.23071 -0.16724 -0.14404 0.12085 0.15503 
0.259521 0.23071 -0.16724 -0.14404 0.12085 0.15503 
0.259521 0.23071 -0.16724 -0.14404 0.12085 0.15503 
0.259521 0.23071 -0.16724 -0.14404 0.12085 0.15503 
0.259521 0.23071 -0.16724 -0.14404 0.12085 0.11963 
0.259888 0.22095 -0.16235 -0.7690 0.11841 0.11963 
0.259888 0.22095 -0.16235 -0.7690 0.11841 0.11963 
0.259888 0.22095 -0.16235 -0.7690 0.11841 0.11963 
0.259888 0.22095 -0.16235 -0.7690 0.11841 0.11963 
0.259888 0.22095 -0.16235 -0.7690 0.11841 0.11963 
0.259888 0.22095 -0.16235 -0.7690 0.11841 0.11963 
0.259888 0.22095 -0.16235 -0.7690 0.11841 0.11963 
0.259888 0.22095 -0.16235 -0.7690 0.11841 0.11963 
0.259888 0.22095 -0.16235 -0.7690 0.11841 0.11963 
0.259888 0.22095 -0.16235 -0.7690 0.11841 0.11963 
0.259888 0.20996 -0.14771 -0.2319 0.11353 0.7935 
0.260986 0.20996 -0.14771 -0.2319 0.11353 0.7935 
0.260986 0.20996 -0.14771 -0.2319 0.11353 0.7935 
0.260986 0.20996 -0.14771 -0.2319 0.11353 0.7935 
0.260986 0.20996 -0.14771 -0.2319 0.11353 0.7935 
0.260986 0.20996 -0.14771 -0.2319 0.11353 0.7935 
0.260986 0.20996 -0.14771 -0.2319 0.11353 0.7935 
0.260986 0.20996 -0.14771 -0.2319 0.11353 0.7935 
0.260986 0.20996 -0.14771 -0.2319 0.11353 0.7935 
0.260986 0.20996 -0.14771 -0.2319 0.11353 0.7935 
0.260986 0.20996 -0.14771 0.1221 0.11475 0.2441 
0.261841 0.20020 -0.13428 0.1221 0.11475 0.2441 
0.261841 0.20020 -0.13428 0.1221 0.11475 0.2441 
0.261841 0.20020 -0.13428 0.1221 0.11475 0.2441 
0.261841 0.20020 -0.13428 0.1221 0.11475 0.2441 
0.261841 0.20020 -0.13428 0.1221 0.11475 0.2441 
0.261841 0.20020 -0.13428 0.1221 0.11475 0.2441 
0.261841 0.20020 -0.13428 0.1221 0.11475 0.2441 
0.261841 0.20020 -0.13428 0.1221 0.11475 0.2441 
0.261841 0.20020 -0.13428 0.1221 0.11475 0.2441 
0.261841 0.20020 -0.13428 0.1221 0.11475 -0.3174 
0.260376 0.20264 -0.12695 0.2930 0.12329 -0.3174 
0.260376 0.20264 -0.12695 0.2930 0.12329 -0.3174 
0.260376 0.20264 -0.12695 0.2930 0.12329 -0.3174 
0.260376 0.20264 -0.12695 0.2930 0.12329 -0.3174 
0.260376 0.20264 -0.12695 0.2930 0.12329 -0.3174 
0.260376 0.20264 -0.12695 0.2930 0.12329 -0.3174 
0.260376 0.20264 -0.12695 0.2930 0.12329 -0.3174 
0.260376 0.20264 -0.12695 0.2930 0.12329 -0.3174 
0.260376 0.20264 -0.12695 0.2930 0.12329 -0.3174 
0.260376 0.20264 -0.12695 0.2930 0.12329 -0.3174 
0.257690 0.21484 -0.12451 0.3052 0.12817 -0.6104 
0.257690 0.21484 -0.12451 0.3052 0.12817 -0.6104 
0.257690 0.21484 -0.12451 0.3052 0.12817 -0.6104 
0.257690 0.21484 -0.12451 0.3052 0.12817 -0.6104 
0.257690 0.21484 -0.12451 0.3052 0.12817 -0.6104 
0.257690 0.21484 -0.12451 0.3052 0.12817 -0.6104 
0.257690 0.21484 -0.12451 0.3052 0.12817 -0.6104 
0.257690 0.21484 -0.12451 0.3052 0.12817 -0.6104 
0.257690 0.21484 -0.12451 0.3052 0.12817 -0.6104 
0.257690 0.21484 -0.12451 0.3052 0.12817 -0.6104 
0.257690 0.21484 -0.11963 0.610 0.12695 -0.4883 
0.259399 0.23438 -0.11963 0.610 0.12695 -0.4883 
0.259399 0.23438 -0.11963 0.610 0.12695 -0.4883 
0.259399 0.23438 -0.11963 0.610 0.12695 -0.4883 
0.259399 0.23438 -0.11963 0.610 0.12695 -0.4883 
0.259399 0.23438 -0.11963 0.610 0.12695 -0.4883 
0.259399 0.23438 -0.11963 0.610 0.12695 -0.4883 
0.259399 0.23438 -0.11963 0.610 0.12695 -0.4883 
0.259399 0.23438 -0.11963 0.610 0.12695 -0.4883 
0.259399 0.23438 -0.11963 0.610 0.12695 -0.4883 
0.259399 0.23438 -0.11963 0.610 0.12939 -0.3052 
0.260010 0.24902 -0.12329 -0.2441 0.12939 -0.3052 
0.260010 0.24902 -0.12329 -0.2441 0.12939 -0.3052 
0.260010 0.24902 -0.12329 -0.2441 0.12939 -0.3052 
0.260010 0.24902 -0.12329 -0.2441 0.12939 -0.3052 
0.260010 0.24902 -0.12329 -0.2441 0.12939 -0.3052 
0.260010 0.24902 -0.12329 -0.2441 0.12939 -0.3052 
0.260010 0.24902 -0.12329 -0.2441 0.12939 -0.3052 
0.260010 0.24902 -0.12329 -0.2441 0.12939 -0.3052 
0.260010 0.24902 -0.12329 -0.2441 0.12939 -0.3052 
0.260010 0.24902 -0.12329 -0.2441 0.12939 -0.3052 
0.261475 0.25879 -0.11963 -0.7080 0.12695 -0.1709 
0.261475 0.25879 -0.11963 -0.7080 0.12695 -0.1709 
0.261475 0.25879 -0.11963 -0.7080 0.12695 -0.1709 
0.261475 0.25879 -0.11963 -0.7080 0.12695 -0.1709 
0.261475 0.25879 -0.11963 -0.7080 0.12695 -0.1709 
0.261475 0.25879 -0.11963 -0.7080 0.12695 -0.1709 
0.261475 0.25879 -0.11963 -0.7080 0.12695 -0.1709 
0.261475 0.25879 -0.11963 -0.7080 0.12695 -0.1709 
0.261475 0.25879 -0.11963 -0.7080 0.12695 -0.1709 
0.261475 0.25879 -0.11963 -0.7080 0.12695 -0.1709 
0.261475 0.25879 -0.10742 -0.11841 0.11963 -0.2075 
0.262695 0.26367 -0.10742 -0.11841 0.11963 -0.2075 
0.262695 0.26367 -0.10742 -0.11841 0.11963 -0.2075 
0.262695 0.26367 -0.10742 -0.11841 0.11963 -0.2075 
0.262695 0.26367 -0.10742 -0.11841 0.11963 -0.2075 
0.262695 0.26367 -0.10742 -0.11841 0.11963 -0.2075 
0.262695 0.26367 -0.10742 -0.11841 0.11963 -0.2075 
0.262695 0.26367 -0.10742 -0.11841 0.11963 -0.2075 
0.262695 0.26367 -0.10742 -0.11841 0.11963 -0.2075 
0.262695 0.26367 -0.10742 -0.11841 0.11963 -0.2075 
0.262695 0.26367 -0.10742 -0.15625 0.11108 -0.3784 
0.261475 0.26489 -0.10620 -0.15625 0.11108 -0.3784 
0.261475 0.26489 -0.10620 -0.15625 0.11108 -0.3784 
0.261475 0.26489 -0.10620 -0.15625 0.11108 -0.3784 
0.261475 0.26489 -0.10620 -0.15625 0.11108 -0.3784 
0.261475 0.26489 -0.10620 -0.15625 0.11108 -0.3784 
0.261475 0.26489 -0.10620 -0.15625 0.11108 -0.3784 
0.261475 0.26489 -0.10620 -0.15625 0.11108 -0.3784 
0.261475 0.26489 -0.10620 -0.15625 0.11108 -0.3784 
0.261475 0.26489 -0.10620 -0.15625 0.11108 -0.3784 
0.261475 0.26489 -0.10620 -0.15625 0.11108 -0.4883 
0.258301 0.26367 -0.11108 -0.17944 0.10864 -0.4883 
0.258301 0.26367 -0.11108 -0.17944 0.10864 -0.4883 
0.258301 0.26367 -0.11108 -0.17944 0.10864 -0.4883 
0.258301 0.26367 -0.11108 -0.17944 0.10864 -0.4883 
0.258301 0.26367 -0.11108 -0.17944 0.10864 -0.4883 
0.258301 0.26367 -0.11108 -0.17944 0.10864 -0.4883 
0.258301 0.26367 -0.11108 -0.17944 0.10864 -0.4883 
0.258301 0.26367 -0.11108 -0.17944 0.10864 -0.4883 
0.258301 0.26367 -0.11108 -0.17944 0.10864 -0.4883 
0.258301 0.26367 -0.11108 -0.17944 0.10864 -0.4883 
0.258301 0.26733 -0.11230 -0.18066 0.11353 -0.4395 
0.255493 0.26733 -0.11230 -0.18066 0.11353 -0.4395 
0.255493 0.26733 -0.11230 -0.18066 0.11353 -0.4395 
0.255493 0.26733 -0.11230 -0.18066 0.11353 -0.4395 
0.255493 0.26733 -0.11230 -0.18066 0.11353 -0.4395 
0.255493 0.26733 -0.11230 -0.18066 0.11353 -0.4395 
0.255493 0.26733 -0.11230 -0.18066 0.11353 -0.4395 
0.255493 0.26733 -0.11230 -0.18066 0.11353 -0.4395 
0.255493 0.26733 -0.11230 -0.18066 0.11353 -0.4395 
0.255493 0.26733 -0.11230 -0.18066 0.11353 -0.4395 
0.255493 0.26733 -0.11230 -0.15015 0.11963 -0.3174 
0.253662 0.27588 -0.11597 -0.15015 0.11963 -0.3174 
0.253662 0.27588 -0.11597 -0.15015 0.11963 -0.3174 
0.253662 0.27588 -0.11597 -0.15015 0.11963 -0.3174 
0.253662 0.27588 -0.11597 -0.15015 0.11963 -0.3174 
0.253662 0.27588 -0.11597 -0.15015 0.11963 -0.3174 
0.253662 0.27588 -0.11597 -0.15015 0.11963 -0.3174 
0.253662 0.27588 -0.11597 -0.15015 0.11963 -0.3174 
0.253662 0.27588 -0.11597 -0.15015 0.11963 -0.3174 
0.253662 0.27588 -0.11597 -0.15015 0.11963 -0.3174 
0.253662 0.27588 -0.11597 -0.15015 0.11719 -0.2808 
0.253174 0.27588 -0.11841 -0.9521 0.11719 -0.2808 
0.253174 0.27588 -0.11841 -0.9521 0.11719 -0.2808 
0.253174 0.27588 -0.11841 -0.9521 0.11719 -0.2808 
0.253174 0.27588 -0.11841 -0.9521 0.11719 -0.2808 
