0.260498 0.24536 -0.8789 -0.4639 0.14771 -0.14526 
0.260498 0.24536 -0.8789 -0.4639 0.14771 -0.14526 
0.260498 0.24536 -0.8789 -0.4639 0.14771 -0.14526 
0.260498 0.24536 -0.8789 -0.4639 0.14771 -0.14526 
0.260498 0.24536 -0.8789 -0.4639 0.14771 -0.14526 
0.260498 0.24536 -0.8789 -0.4639 0.14771 -0.14526 
0.260498 0.24536 -0.8789 -0.4639 0.14771 -0.14526 
0.260498 0.25391 -0.10132 -0.1465 0.13672 -0.14771 
0.258545 0.25391 -0.10132 -0.1465 0.13672 -0.14771 
0.258545 0.25391 -0.10132 -0.1465 0.13672 -0.14771 
0.258545 0.25391 -0.10132 -0.1465 0.13672 -0.14771 
0.258545 0.25391 -0.10132 -0.1465 0.13672 -0.14771 
0.258545 0.25391 -0.10132 -0.1465 0.13672 -0.14771 
0.258545 0.25391 -0.10132 -0.1465 0.13672 -0.14771 
0.258545 0.25391 -0.10132 -0.1465 0.13672 -0.14771 
0.258545 0.25391 -0.10132 -0.1465 0.13672 -0.14771 
0.258545 0.25391 -0.10132 -0.1465 0.13672 -0.14771 
0.258545 0.25391 -0.10132 -0.610 0.11963 -0.10864 
0.258179 0.26123 -0.10864 -0.610 0.11963 -0.10864 
0.258179 0.26123 -0.10864 -0.610 0.11963 -0.10864 
0.258179 0.26123 -0.10864 -0.610 0.11963 -0.10864 
0.258179 0.26123 -0.10864 -0.610 0.11963 -0.10864 
0.258179 0.26123 -0.10864 -0.610 0.11963 -0.10864 
0.258179 0.26123 -0.10864 -0.610 0.11963 -0.10864 
0.258179 0.26123 -0.10864 -0.610 0.11963 -0.10864 
0.258179 0.26123 -0.10864 -0.610 0.11963 -0.10864 
0.258179 0.26123 -0.10864 -0.610 0.11963 -0.10864 
0.258179 0.26123 -0.10864 -0.610 0.11963 -0.3784 
0.258423 0.27344 -0.11108 -0.1343 0.10010 -0.3784 
0.258423 0.27344 -0.11108 -0.1343 0.10010 -0.3784 
0.258423 0.27344 -0.11108 -0.1343 0.10010 -0.3784 
0.258423 0.27344 -0.11108 -0.1343 0.10010 -0.3784 
0.258423 0.27344 -0.11108 -0.1343 0.10010 -0.3784 
0.258423 0.27344 -0.11108 -0.1343 0.10010 -0.3784 
0.258423 0.27344 -0.11108 -0.1343 0.10010 -0.3784 
0.258423 0.27344 -0.11108 -0.1343 0.10010 -0.3784 
0.258423 0.27344 -0.11108 -0.1343 0.10010 -0.3784 
0.258423 0.27344 -0.11108 -0.1343 0.10010 -0.3784 
0.258423 0.27710 -0.10864 -0.3662 0.8789 0.3540 
0.258301 0.27710 -0.10864 -0.3662 0.8789 0.3540 
0.258301 0.27710 -0.10864 -0.3662 0.8789 0.3540 
0.258301 0.27710 -0.10864 -0.3662 0.8789 0.3540 
0.258301 0.27710 -0.10864 -0.3662 0.8789 0.3540 
0.258301 0.27710 -0.10864 -0.3662 0.8789 0.3540 
0.258301 0.27710 -0.10864 -0.3662 0.8789 0.3540 
0.258301 0.27710 -0.10864 -0.3662 0.8789 0.3540 
0.258301 0.27710 -0.10864 -0.3662 0.8789 0.3540 
0.258301 0.27710 -0.10864 -0.3662 0.8789 0.3540 
0.258301 0.27710 -0.10864 -0.5981 0.8789 0.8911 
0.259399 0.28320 -0.9277 -0.5981 0.8789 0.8911 
0.259399 0.28320 -0.9277 -0.5981 0.8789 0.8911 
0.259399 0.28320 -0.9277 -0.5981 0.8789 0.8911 
0.259399 0.28320 -0.9277 -0.5981 0.8789 0.8911 
0.259399 0.28320 -0.9277 -0.5981 0.8789 0.8911 
0.259399 0.28320 -0.9277 -0.5981 0.8789 0.8911 
0.259399 0.28320 -0.9277 -0.5981 0.8789 0.8911 
0.259399 0.28320 -0.9277 -0.5981 0.8789 0.8911 
0.259399 0.28320 -0.9277 -0.5981 0.8789 0.8911 
0.259399 0.28320 -0.9277 -0.5981 0.9521 0.9644 
0.260742 0.28564 -0.6958 -0.6348 0.9521 0.9644 
0.260742 0.28564 -0.6958 -0.6348 0.9521 0.9644 
0.260742 0.28564 -0.6958 -0.6348 0.9521 0.9644 
0.260742 0.28564 -0.6958 -0.6348 0.9521 0.9644 
0.260742 0.28564 -0.6958 -0.6348 0.9521 0.9644 
0.260742 0.28564 -0.6958 -0.6348 0.9521 0.9644 
0.260742 0.28564 -0.6958 -0.6348 0.9521 0.9644 
0.260742 0.28564 -0.6958 -0.6348 0.9521 0.9644 
0.260742 0.28564 -0.6958 -0.6348 0.9521 0.9644 
0.260742 0.28564 -0.6958 -0.6348 0.9521 0.9644 
0.262207 0.29297 -0.4639 -0.4761 0.10498 0.5493 
0.262207 0.29297 -0.4639 -0.4761 0.10498 0.5493 
0.262207 0.29297 -0.4639 -0.4761 0.10498 0.5493 
0.262207 0.29297 -0.4639 -0.4761 0.10498 0.5493 
0.262207 0.29297 -0.4639 -0.4761 0.10498 0.5493 
0.262207 0.29297 -0.4639 -0.4761 0.10498 0.5493 
0.262207 0.29297 -0.4639 -0.4761 0.10498 0.5493 
0.262207 0.29297 -0.4639 -0.4761 0.10498 0.5493 
0.262207 0.29297 -0.4639 -0.4761 0.10498 0.5493 
0.262207 0.29297 -0.4639 -0.4761 0.10498 0.5493 
0.262207 0.29297 -0.3296 -0.2197 0.11719 -0.2075 
0.262695 0.28687 -0.3296 -0.2197 0.11719 -0.2075 
0.262695 0.28687 -0.3296 -0.2197 0.11719 -0.2075 
0.262695 0.28687 -0.3296 -0.2197 0.11719 -0.2075 
0.262695 0.28687 -0.3296 -0.2197 0.11719 -0.2075 
0.262695 0.28687 -0.3296 -0.2197 0.11719 -0.2075 
0.262695 0.28687 -0.3296 -0.2197 0.11719 -0.2075 
0.262695 0.28687 -0.3296 -0.2197 0.11719 -0.2075 
0.262695 0.28687 -0.3296 -0.2197 0.11719 -0.2075 
0.262695 0.28687 -0.3296 -0.2197 0.11719 -0.2075 
0.262695 0.28687 -0.3296 -0.2197 0.12817 -0.9399 
0.262451 0.28687 -0.3174 0.00 0.12817 -0.9399 
0.262451 0.28687 -0.3174 0.00 0.12817 -0.9399 
0.262451 0.28687 -0.3174 0.00 0.12817 -0.9399 
0.262451 0.28687 -0.3174 0.00 0.12817 -0.9399 
0.262451 0.28687 -0.3174 0.00 0.12817 -0.9399 
0.262451 0.28687 -0.3174 0.00 0.12817 -0.9399 
0.262451 0.28687 -0.3174 0.00 0.12817 -0.9399 
0.262451 0.28687 -0.3174 0.00 0.12817 -0.9399 
0.262451 0.28687 -0.3174 0.00 0.12817 -0.9399 
0.262451 0.28687 -0.3174 0.00 0.12817 -0.9399 
0.261597 0.28442 -0.3784 0.610 0.13306 -0.14160 
0.261597 0.28442 -0.3784 0.610 0.13306 -0.14160 
0.261597 0.28442 -0.3784 0.610 0.13306 -0.14160 
0.261597 0.28442 -0.3784 0.610 0.13306 -0.14160 
0.261597 0.28442 -0.3784 0.610 0.13306 -0.14160 
0.261597 0.28442 -0.3784 0.610 0.13306 -0.14160 
0.261597 0.28442 -0.3784 0.610 0.13306 -0.14160 
0.261597 0.28442 -0.3784 0.610 0.13306 -0.14160 
0.261597 0.28442 -0.3784 0.610 0.13306 -0.14160 
0.261597 0.28442 -0.3784 0.610 0.13306 -0.14160 
0.261597 0.28076 -0.5371 -0.1831 0.14526 -0.15381 
0.260132 0.28076 -0.5371 -0.1831 0.14526 -0.15381 
0.260132 0.28076 -0.5371 -0.1831 0.14526 -0.15381 
0.260132 0.28076 -0.5371 -0.1831 0.14526 -0.15381 
0.260132 0.28076 -0.5371 -0.1831 0.14526 -0.15381 
0.260132 0.28076 -0.5371 -0.1831 0.14526 -0.15381 
0.260132 0.28076 -0.5371 -0.1831 0.14526 -0.15381 
0.260132 0.28076 -0.5371 -0.1831 0.14526 -0.15381 
0.260132 0.28076 -0.5371 -0.1831 0.14526 -0.15381 
0.260132 0.28076 -0.5371 -0.1831 0.14526 -0.15381 
0.260132 0.28076 -0.5371 -0.6470 0.16968 -0.13062 
0.258423 0.28076 -0.5981 -0.6470 0.16968 -0.13062 
0.258423 0.28076 -0.5981 -0.6470 0.16968 -0.13062 
0.258423 0.28076 -0.5981 -0.6470 0.16968 -0.13062 
0.258423 0.28076 -0.5981 -0.6470 0.16968 -0.13062 
0.258423 0.28076 -0.5981 -0.6470 0.16968 -0.13062 
0.258423 0.28076 -0.5981 -0.6470 0.16968 -0.13062 
0.258423 0.28076 -0.5981 -0.6470 0.16968 -0.13062 
0.258423 0.28076 -0.5981 -0.6470 0.16968 -0.13062 
0.258423 0.28076 -0.5981 -0.6470 0.16968 -0.13062 
0.258423 0.28076 -0.5981 -0.6470 0.16968 -0.8301 
0.257935 0.28687 -0.5005 -0.11230 0.19409 -0.8301 
0.257935 0.28687 -0.5005 -0.11230 0.19409 -0.8301 
0.257935 0.28687 -0.5005 -0.11230 0.19409 -0.8301 
0.257935 0.28687 -0.5005 -0.11230 0.19409 -0.8301 
0.257935 0.28687 -0.5005 -0.11230 0.19409 -0.8301 
0.257935 0.28687 -0.5005 -0.11230 0.19409 -0.8301 
0.257935 0.28687 -0.5005 -0.11230 0.19409 -0.8301 
0.257935 0.28687 -0.5005 -0.11230 0.19409 -0.8301 
0.257935 0.28687 -0.5005 -0.11230 0.19409 -0.8301 
0.257935 0.28687 -0.5005 -0.11230 0.19409 -0.8301 
0.257935 0.29419 -0.2441 -0.12573 0.20508 -0.3540 
0.260132 0.29419 -0.2441 -0.12573 0.20508 -0.3540 
0.260132 0.29419 -0.2441 -0.12573 0.20508 -0.3540 
0.260132 0.29419 -0.2441 -0.12573 0.20508 -0.3540 
0.260132 0.29419 -0.2441 -0.12573 0.20508 -0.3540 
0.260132 0.29419 -0.2441 -0.12573 0.20508 -0.3540 
0.260132 0.29419 -0.2441 -0.12573 0.20508 -0.3540 
0.260132 0.29419 -0.2441 -0.12573 0.20508 -0.3540 
0.260132 0.29419 -0.2441 -0.12573 0.20508 -0.3540 
