0.242676 0.29785 -0.25391 -0.5493 -0.1343 -0.854 
0.242676 0.29785 -0.25391 -0.5493 -0.1343 -0.854 
0.242676 0.29785 -0.25391 -0.5493 -0.1343 -0.854 
0.242676 0.29785 -0.25391 -0.5493 -0.1343 -0.854 
0.242676 0.29785 -0.25391 -0.5493 -0.1343 -0.26733 
0.242432 0.29419 -0.26855 -0.7446 -0.2563 0.4517 
0.242432 0.29419 -0.26855 -0.7446 -0.2563 0.4517 
0.242432 0.29419 -0.26855 -0.7446 -0.2563 0.4517 
0.242432 0.29419 -0.26855 -0.7446 -0.2563 0.4517 
0.242432 0.29419 -0.26855 -0.7446 -0.2563 0.4517 
0.242432 0.29419 -0.26855 -0.7446 -0.2563 0.4517 
0.242432 0.29419 -0.26855 -0.7446 -0.2563 0.4517 
0.242432 0.29419 -0.26855 -0.7446 -0.2563 0.4517 
0.242432 0.29419 -0.26855 -0.7446 -0.2563 0.4517 
0.242432 0.29419 -0.26855 -0.7446 -0.2563 0.4517 
0.242432 0.29297 -0.26733 -0.10010 -0.3540 0.9766 
0.245361 0.29297 -0.26733 -0.10010 -0.3540 0.9766 
0.245361 0.29297 -0.26733 -0.10010 -0.3540 0.9766 
0.245361 0.29297 -0.26733 -0.10010 -0.3540 0.9766 
0.245361 0.29297 -0.26733 -0.10010 -0.3540 0.9766 
0.245361 0.29297 -0.26733 -0.10010 -0.3540 0.9766 
0.245361 0.29297 -0.26733 -0.10010 -0.3540 0.9766 
0.245361 0.29297 -0.26733 -0.10010 -0.3540 0.9766 
0.245361 0.29297 -0.26733 -0.10010 -0.3540 0.9766 
0.245361 0.29297 -0.26733 -0.10010 -0.3540 0.9766 
0.245361 0.29297 -0.26733 -0.11108 -0.4395 0.13062 
0.249878 0.28076 -0.25635 -0.11108 -0.4395 0.13062 
0.249878 0.28076 -0.25635 -0.11108 -0.4395 0.13062 
0.249878 0.28076 -0.25635 -0.11108 -0.4395 0.13062 
0.249878 0.28076 -0.25635 -0.11108 -0.4395 0.13062 
0.249878 0.28076 -0.25635 -0.11108 -0.4395 0.13062 
0.249878 0.28076 -0.25635 -0.11108 -0.4395 0.13062 
0.249878 0.28076 -0.25635 -0.11108 -0.4395 0.13062 
0.249878 0.28076 -0.25635 -0.11108 -0.4395 0.13062 
0.249878 0.28076 -0.25635 -0.11108 -0.4395 0.13062 
0.249878 0.28076 -0.25635 -0.11108 -0.4395 0.13184 
0.253662 0.26733 -0.24536 -0.9521 -0.4639 0.13184 
0.253662 0.26733 -0.24536 -0.9521 -0.4639 0.13184 
0.253662 0.26733 -0.24536 -0.9521 -0.4639 0.13184 
0.253662 0.26733 -0.24536 -0.9521 -0.4639 0.13184 
0.253662 0.26733 -0.24536 -0.9521 -0.4639 0.13184 
0.253662 0.26733 -0.24536 -0.9521 -0.4639 0.13184 
0.253662 0.26733 -0.24536 -0.9521 -0.4639 0.13184 
0.253662 0.26733 -0.24536 -0.9521 -0.4639 0.13184 
0.253662 0.26733 -0.24536 -0.9521 -0.4639 0.13184 
0.253662 0.26733 -0.24536 -0.9521 -0.4639 0.13184 
0.253662 0.25146 -0.24048 -0.5981 -0.4150 0.11108 
0.256104 0.25146 -0.24048 -0.5981 -0.4150 0.11108 
0.256104 0.25146 -0.24048 -0.5981 -0.4150 0.11108 
0.256104 0.25146 -0.24048 -0.5981 -0.4150 0.11108 
0.256104 0.25146 -0.24048 -0.5981 -0.4150 0.11108 
0.256104 0.25146 -0.24048 -0.5981 -0.4150 0.11108 
0.256104 0.25146 -0.24048 -0.5981 -0.4150 0.11108 
0.256104 0.25146 -0.24048 -0.5981 -0.4150 0.11108 
0.256104 0.25146 -0.24048 -0.5981 -0.4150 0.11108 
0.256104 0.25146 -0.24048 -0.5981 -0.4150 0.11108 
0.256104 0.25146 -0.23071 -0.1465 -0.3174 0.8179 
0.256958 0.24292 -0.23071 -0.1465 -0.3174 0.8179 
0.256958 0.24292 -0.23071 -0.1465 -0.3174 0.8179 
0.256958 0.24292 -0.23071 -0.1465 -0.3174 0.8179 
0.256958 0.24292 -0.23071 -0.1465 -0.3174 0.8179 
0.256958 0.24292 -0.23071 -0.1465 -0.3174 0.8179 
0.256958 0.24292 -0.23071 -0.1465 -0.3174 0.8179 
0.256958 0.24292 -0.23071 -0.1465 -0.3174 0.8179 
0.256958 0.24292 -0.23071 -0.1465 -0.3174 0.8179 
0.256958 0.24292 -0.23071 -0.1465 -0.3174 0.8179 
0.256958 0.24292 -0.23071 -0.1465 -0.1953 0.5859 
0.257080 0.24170 -0.22827 0.2075 -0.1953 0.5859 
0.257080 0.24170 -0.22827 0.2075 -0.1953 0.5859 
0.257080 0.24170 -0.22827 0.2075 -0.1953 0.5859 
0.257080 0.24170 -0.22827 0.2075 -0.1953 0.5859 
0.257080 0.24170 -0.22827 0.2075 -0.1953 0.5859 
0.257080 0.24170 -0.22827 0.2075 -0.1953 0.5859 
0.257080 0.24170 -0.22827 0.2075 -0.1953 0.5859 
0.257080 0.24170 -0.22827 0.2075 -0.1953 0.5859 
0.257080 0.24170 -0.22827 0.2075 -0.1953 0.5859 
0.257080 0.24170 -0.22827 0.2075 -0.1953 0.5859 
0.257080 0.24658 -0.22217 0.3540 -0.366 0.4395 
0.257080 0.24658 -0.22217 0.3540 -0.366 0.4395 
0.257080 0.24658 -0.22217 0.3540 -0.366 0.4395 
0.257080 0.24658 -0.22217 0.3540 -0.366 0.4395 
0.257080 0.24658 -0.22217 0.3540 -0.366 0.4395 
0.257080 0.24658 -0.22217 0.3540 -0.366 0.4395 
0.257080 0.24658 -0.22217 0.3540 -0.366 0.4395 
0.257080 0.24658 -0.22217 0.3540 -0.366 0.4395 
0.257080 0.24658 -0.22217 0.3540 -0.366 0.4395 
0.257080 0.24658 -0.22217 0.3540 -0.366 0.4395 
0.257080 0.24658 -0.21484 0.3540 0.1709 0.3296 
0.256104 0.25513 -0.21484 0.3540 0.1709 0.3296 
0.256104 0.25513 -0.21484 0.3540 0.1709 0.3296 
0.256104 0.25513 -0.21484 0.3540 0.1709 0.3296 
0.256104 0.25513 -0.21484 0.3540 0.1709 0.3296 
0.256104 0.25513 -0.21484 0.3540 0.1709 0.3296 
0.256104 0.25513 -0.21484 0.3540 0.1709 0.3296 
0.256104 0.25513 -0.21484 0.3540 0.1709 0.3296 
0.256104 0.25513 -0.21484 0.3540 0.1709 0.3296 
0.256104 0.25513 -0.21484 0.3540 0.1709 0.3296 
0.256104 0.25513 -0.21484 0.3540 0.4150 0.3174 
0.254395 0.26489 -0.20630 0.2319 0.4150 0.3174 
0.254395 0.26489 -0.20630 0.2319 0.4150 0.3174 
0.254395 0.26489 -0.20630 0.2319 0.4150 0.3174 
0.254395 0.26489 -0.20630 0.2319 0.4150 0.3174 
0.254395 0.26489 -0.20630 0.2319 0.4150 0.3174 
0.254395 0.26489 -0.20630 0.2319 0.4150 0.3174 
0.254395 0.26489 -0.20630 0.2319 0.4150 0.3174 
0.254395 0.26489 -0.20630 0.2319 0.4150 0.3174 
0.254395 0.26489 -0.20630 0.2319 0.4150 0.3174 
0.254395 0.26489 -0.20630 0.2319 0.4150 0.4517 
0.252075 0.27344 -0.20142 0.732 0.6470 0.4517 
0.252075 0.27344 -0.20142 0.732 0.6470 0.4517 
0.252075 0.27344 -0.20142 0.732 0.6470 0.4517 
0.252075 0.27344 -0.20142 0.732 0.6470 0.4517 
0.252075 0.27344 -0.20142 0.732 0.6470 0.4517 
0.252075 0.27344 -0.20142 0.732 0.6470 0.4517 
0.252075 0.27344 -0.20142 0.732 0.6470 0.4517 
0.252075 0.27344 -0.20142 0.732 0.6470 0.4517 
0.252075 0.27344 -0.20142 0.732 0.6470 0.4517 
0.252075 0.27344 -0.20142 0.732 0.6470 0.4517 
0.252075 0.27588 -0.19653 -0.1709 0.8301 0.7446 
0.250855 0.27588 -0.19653 -0.1709 0.8301 0.7446 
0.250855 0.27588 -0.19653 -0.1709 0.8301 0.7446 
0.250855 0.27588 -0.19653 -0.1709 0.8301 0.7446 
0.250855 0.27588 -0.19653 -0.1709 0.8301 0.7446 
0.250855 0.27588 -0.19653 -0.1709 0.8301 0.7446 
0.250855 0.27588 -0.19653 -0.1709 0.8301 0.7446 
0.250855 0.27588 -0.19653 -0.1709 0.8301 0.7446 
0.250855 0.27588 -0.19653 -0.1709 0.8301 0.7446 
0.250855 0.27588 -0.19653 -0.1709 0.8301 0.7446 
0.250855 0.27588 -0.19653 -0.3662 0.9033 0.10620 
0.252197 0.27466 -0.18066 -0.3662 0.9033 0.10620 
0.252197 0.27466 -0.18066 -0.3662 0.9033 0.10620 
0.252197 0.27466 -0.18066 -0.3662 0.9033 0.10620 
0.252197 0.27466 -0.18066 -0.3662 0.9033 0.10620 
0.252197 0.27466 -0.18066 -0.3662 0.9033 0.10620 
0.252197 0.27466 -0.18066 -0.3662 0.9033 0.10620 
0.252197 0.27466 -0.18066 -0.3662 0.9033 0.10620 
0.252197 0.27466 -0.18066 -0.3662 0.9033 0.10620 
0.252197 0.27466 -0.18066 -0.3662 0.9033 0.10620 
0.252197 0.27466 -0.18066 -0.3662 0.9033 0.11963 
0.255859 0.26733 -0.15869 -0.2319 0.8179 0.11963 
0.255859 0.26733 -0.15869 -0.2319 0.8179 0.11963 
0.255859 0.26733 -0.15869 -0.2319 0.8179 0.11963 
0.255859 0.26733 -0.15869 -0.2319 0.8179 0.11963 
0.255859 0.26733 -0.15869 -0.2319 0.8179 0.11963 
0.255859 0.26733 -0.15869 -0.2319 0.8179 0.11963 
0.255859 0.26733 -0.15869 -0.2319 0.8179 0.11963 
0.255859 0.26733 -0.15869 -0.2319 0.8179 0.11963 
0.255859 0.26733 -0.15869 -0.2319 0.8179 0.11963 
0.255859 0.26733 -0.15869 -0.2319 0.8179 0.11963 
0.255859 0.26611 -0.14893 0.3418 0.5859 0.10132 
