0.252808 0.11475 -0.20874 -0.3052 -0.1465 0.1953 
0.252808 0.11475 -0.20874 -0.3052 -0.1465 0.1953 
0.252808 0.11475 -0.20874 -0.3052 -0.1465 0.1953 
0.252808 0.11475 -0.20874 -0.3052 -0.1465 0.1953 
0.252808 0.11475 -0.20874 -0.3052 -0.1465 0.1953 
0.252808 0.11475 -0.20874 -0.3052 -0.1465 0.1953 
0.252808 0.11475 -0.20874 -0.3052 -0.1465 0.1953 
0.252808 0.11475 -0.20874 -0.3052 -0.1465 0.1953 
0.252808 0.11475 -0.20874 -0.3052 -0.1465 0.1953 
0.252808 0.11475 -0.20874 -0.3052 -0.1465 0.4150 
0.252563 0.10986 -0.20630 -0.2808 -0.3052 0.4150 
0.252563 0.10986 -0.20630 -0.2808 -0.3052 0.4150 
0.252563 0.10986 -0.20630 -0.2808 -0.3052 0.4150 
0.252563 0.10986 -0.20630 -0.2808 -0.3052 0.4150 
0.252563 0.10986 -0.20630 -0.2808 -0.3052 0.4150 
0.252563 0.10986 -0.20630 -0.2808 -0.3052 0.4150 
0.252563 0.10986 -0.20630 -0.2808 -0.3052 0.4150 
0.252563 0.10986 -0.20630 -0.2808 -0.3052 0.4150 
0.252563 0.10986 -0.20630 -0.2808 -0.3052 0.4150 
0.252563 0.10986 -0.20630 -0.2808 -0.3052 0.4150 
0.252563 0.9888 -0.21729 -0.4150 -0.5371 0.7446 
0.253174 0.9888 -0.21729 -0.4150 -0.5371 0.7446 
0.253174 0.9888 -0.21729 -0.4150 -0.5371 0.7446 
0.253174 0.9888 -0.21729 -0.4150 -0.5371 0.7446 
0.253174 0.9888 -0.21729 -0.4150 -0.5371 0.7446 
0.253174 0.9888 -0.21729 -0.4150 -0.5371 0.7446 
0.253174 0.9888 -0.21729 -0.4150 -0.5371 0.7446 
0.253174 0.9888 -0.21729 -0.4150 -0.5371 0.7446 
0.253174 0.9888 -0.21729 -0.4150 -0.5371 0.7446 
0.253174 0.9888 -0.21729 -0.4150 -0.5371 0.7446 
0.253174 0.9888 -0.21729 -0.7202 -0.6104 0.10010 
0.255615 0.9155 -0.21973 -0.7202 -0.6104 0.10010 
0.255615 0.9155 -0.21973 -0.7202 -0.6104 0.10010 
0.255615 0.9155 -0.21973 -0.7202 -0.6104 0.10010 
0.255615 0.9155 -0.21973 -0.7202 -0.6104 0.10010 
0.255615 0.9155 -0.21973 -0.7202 -0.6104 0.10010 
0.255615 0.9155 -0.21973 -0.7202 -0.6104 0.10010 
0.255615 0.9155 -0.21973 -0.7202 -0.6104 0.10010 
0.255615 0.9155 -0.21973 -0.7202 -0.6104 0.10010 
0.255615 0.9155 -0.21973 -0.7202 -0.6104 0.10010 
0.255615 0.9155 -0.21973 -0.7202 -0.6104 0.11475 
0.257202 0.8789 -0.21729 -0.10376 -0.4517 0.11475 
0.257202 0.8789 -0.21729 -0.10376 -0.4517 0.11475 
0.257202 0.8789 -0.21729 -0.10376 -0.4517 0.11475 
0.257202 0.8789 -0.21729 -0.10376 -0.4517 0.11475 
0.257202 0.8789 -0.21729 -0.10376 -0.4517 0.11475 
0.257202 0.8789 -0.21729 -0.10376 -0.4517 0.11475 
0.257202 0.8789 -0.21729 -0.10376 -0.4517 0.11475 
0.257202 0.8789 -0.21729 -0.10376 -0.4517 0.11475 
0.257202 0.8789 -0.21729 -0.10376 -0.4517 0.11475 
0.257202 0.8789 -0.21729 -0.10376 -0.4517 0.11475 
0.258545 0.9521 -0.20996 -0.10742 -0.2075 0.11597 
0.258545 0.9521 -0.20996 -0.10742 -0.2075 0.11597 
0.258545 0.9521 -0.20996 -0.10742 -0.2075 0.11597 
0.258545 0.9521 -0.20996 -0.10742 -0.2075 0.11597 
0.258545 0.9521 -0.20996 -0.10742 -0.2075 0.11597 
0.258545 0.9521 -0.20996 -0.10742 -0.2075 0.11597 
0.258545 0.9521 -0.20996 -0.10742 -0.2075 0.11597 
0.258545 0.9521 -0.20996 -0.10742 -0.2075 0.11597 
0.258545 0.9521 -0.20996 -0.10742 -0.2075 0.11597 
0.258545 0.9521 -0.20996 -0.10742 -0.2075 0.11597 
0.258545 0.9521 -0.19897 -0.8789 0.00 0.9766 
0.260986 0.10010 -0.19897 -0.8789 0.00 0.9766 
0.260986 0.10010 -0.19897 -0.8789 0.00 0.9766 
0.260986 0.10010 -0.19897 -0.8789 0.00 0.9766 
0.260986 0.10010 -0.19897 -0.8789 0.00 0.9766 
0.260986 0.10010 -0.19897 -0.8789 0.00 0.9766 
0.260986 0.10010 -0.19897 -0.8789 0.00 0.9766 
0.260986 0.10010 -0.19897 -0.8789 0.00 0.9766 
0.260986 0.10010 -0.19897 -0.8789 0.00 0.9766 
0.260986 0.10010 -0.19897 -0.8789 0.00 0.9766 
0.260986 0.10010 -0.19897 -0.8789 0.1831 0.5249 
0.262939 0.10132 -0.18921 -0.6226 0.1831 0.5249 
0.262939 0.10132 -0.18921 -0.6226 0.1831 0.5249 
0.262939 0.10132 -0.18921 -0.6226 0.1831 0.5249 
0.262939 0.10132 -0.18921 -0.6226 0.1831 0.5249 
0.262939 0.10132 -0.18921 -0.6226 0.1831 0.5249 
0.262939 0.10132 -0.18921 -0.6226 0.1831 0.5249 
0.262939 0.10132 -0.18921 -0.6226 0.1831 0.5249 
0.262939 0.10132 -0.18921 -0.6226 0.1831 0.5249 
0.262939 0.10132 -0.18921 -0.6226 0.1831 0.5249 
0.262939 0.10132 -0.18921 -0.6226 0.1831 0.5249 
0.262817 0.10254 -0.18311 -0.4150 0.3296 -0.854 
0.262817 0.10254 -0.18311 -0.4150 0.3296 -0.854 
0.262817 0.10254 -0.18311 -0.4150 0.3296 -0.854 
0.262817 0.10254 -0.18311 -0.4150 0.3296 -0.854 
0.262817 0.10254 -0.18311 -0.4150 0.3296 -0.854 
0.262817 0.10254 -0.18311 -0.4150 0.3296 -0.854 
0.262817 0.10254 -0.18311 -0.4150 0.3296 -0.854 
0.262817 0.10254 -0.18311 -0.4150 0.3296 -0.854 
0.262817 0.10254 -0.18311 -0.4150 0.3296 -0.854 
0.262817 0.10254 -0.18311 -0.4150 0.3296 -0.854 
0.262817 0.10254 -0.18433 -0.3052 0.4639 -0.6470 
0.259766 0.10254 -0.18433 -0.3052 0.4639 -0.6470 
0.259766 0.10254 -0.18433 -0.3052 0.4639 -0.6470 
0.259766 0.10254 -0.18433 -0.3052 0.4639 -0.6470 
0.259766 0.10254 -0.18433 -0.3052 0.4639 -0.6470 
0.259766 0.10254 -0.18433 -0.3052 0.4639 -0.6470 
0.259766 0.10254 -0.18433 -0.3052 0.4639 -0.6470 
0.259766 0.10254 -0.18433 -0.3052 0.4639 -0.6470 
0.259766 0.10254 -0.18433 -0.3052 0.4639 -0.6470 
0.259766 0.10254 -0.18433 -0.3052 0.4639 -0.6470 
0.259766 0.10254 -0.18433 -0.3540 0.6958 -0.8789 
0.255493 0.10742 -0.19043 -0.3540 0.6958 -0.8789 
0.255493 0.10742 -0.19043 -0.3540 0.6958 -0.8789 
0.255493 0.10742 -0.19043 -0.3540 0.6958 -0.8789 
0.255493 0.10742 -0.19043 -0.3540 0.6958 -0.8789 
0.255493 0.10742 -0.19043 -0.3540 0.6958 -0.8789 
0.255493 0.10742 -0.19043 -0.3540 0.6958 -0.8789 
0.255493 0.10742 -0.19043 -0.3540 0.6958 -0.8789 
0.255493 0.10742 -0.19043 -0.3540 0.6958 -0.8789 
0.255493 0.10742 -0.19043 -0.3540 0.6958 -0.8789 
0.255493 0.10742 -0.19043 -0.3540 0.6958 -0.7080 
0.252075 0.11353 -0.19775 -0.4517 0.9644 -0.7080 
0.252075 0.11353 -0.19775 -0.4517 0.9644 -0.7080 
0.252075 0.11353 -0.19775 -0.4517 0.9644 -0.7080 
0.252075 0.11353 -0.19775 -0.4517 0.9644 -0.7080 
0.252075 0.11353 -0.19775 -0.4517 0.9644 -0.7080 
0.252075 0.11353 -0.19775 -0.4517 0.9644 -0.7080 
0.252075 0.11353 -0.19775 -0.4517 0.9644 -0.7080 
0.252075 0.11353 -0.19775 -0.4517 0.9644 -0.7080 
0.252075 0.11353 -0.19775 -0.4517 0.9644 -0.7080 
0.252075 0.11353 -0.19775 -0.4517 0.9644 -0.7080 
0.252075 0.12573 -0.20264 -0.5005 0.12573 -0.3296 
0.249756 0.12573 -0.20264 -0.5005 0.12573 -0.3296 
0.249756 0.12573 -0.20264 -0.5005 0.12573 -0.3296 
0.249756 0.12573 -0.20264 -0.5005 0.12573 -0.3296 
0.249756 0.12573 -0.20264 -0.5005 0.12573 -0.3296 
0.249756 0.12573 -0.20264 -0.5005 0.12573 -0.3296 
0.249756 0.12573 -0.20264 -0.5005 0.12573 -0.3296 
0.249756 0.12573 -0.20264 -0.5005 0.12573 -0.3296 
0.249756 0.12573 -0.20264 -0.5005 0.12573 -0.3296 
0.249756 0.12573 -0.20264 -0.5005 0.12573 -0.3296 
0.249756 0.12573 -0.20264 -0.4517 0.14893 0.366 
0.249512 0.13794 -0.20508 -0.4517 0.14893 0.366 
0.249512 0.13794 -0.20508 -0.4517 0.14893 0.366 
0.249512 0.13794 -0.20508 -0.4517 0.14893 0.366 
0.249512 0.13794 -0.20508 -0.4517 0.14893 0.366 
0.249512 0.13794 -0.20508 -0.4517 0.14893 0.366 
0.249512 0.13794 -0.20508 -0.4517 0.14893 0.366 
0.249512 0.13794 -0.20508 -0.4517 0.14893 0.366 
0.249512 0.13794 -0.20508 -0.4517 0.14893 0.366 
0.249512 0.13794 -0.20508 -0.4517 0.14893 0.366 
0.249512 0.13794 -0.20508 -0.4517 0.14893 0.1587 
0.251953 0.14038 -0.19409 -0.2441 0.14526 0.1587 
0.251953 0.14038 -0.19409 -0.2441 0.14526 0.1587 
0.251953 0.14038 -0.19409 -0.2441 0.14526 0.1587 
0.251953 0.14038 -0.19409 -0.2441 0.14526 0.1587 
0.251953 0.14038 -0.19409 -0.2441 0.14526 0.1587 
0.251953 0.14038 -0.19409 -0.2441 0.14526 0.1587 
