0.252930 0.9888 -0.12573 0.3418 -0.10254 -0.2075 
0.252930 0.9888 -0.12573 0.3418 -0.10254 -0.2075 
0.252930 0.9888 -0.12573 0.3418 -0.10254 -0.2075 
0.252930 0.9888 -0.12573 0.3418 -0.10254 -0.2075 
0.252930 0.9888 -0.12573 0.3418 -0.10254 -0.2075 
0.252930 0.9888 -0.12573 0.3418 -0.10254 -0.2075 
0.252930 0.9888 -0.12573 0.3418 -0.10254 -0.2075 
0.252930 0.9888 -0.12573 0.3418 -0.10254 -0.1465 
0.254517 0.10498 -0.12207 0.1709 -0.10742 -0.1465 
0.254517 0.10498 -0.12207 0.1709 -0.10742 -0.1465 
0.254517 0.10498 -0.12207 0.1709 -0.10742 -0.1465 
0.254517 0.10498 -0.12207 0.1709 -0.10742 -0.1465 
0.254517 0.10498 -0.12207 0.1709 -0.10742 -0.1465 
0.254517 0.10498 -0.12207 0.1709 -0.10742 -0.1465 
0.254517 0.10498 -0.12207 0.1709 -0.10742 -0.1465 
0.254517 0.10498 -0.12207 0.1709 -0.10742 -0.1465 
0.254517 0.10498 -0.12207 0.1709 -0.10742 -0.1465 
0.254517 0.10498 -0.12207 0.1709 -0.10742 -0.1465 
0.254517 0.10742 -0.11353 0.488 -0.11353 -0.2686 
0.256104 0.10742 -0.11353 0.488 -0.11353 -0.2686 
0.256104 0.10742 -0.11353 0.488 -0.11353 -0.2686 
0.256104 0.10742 -0.11353 0.488 -0.11353 -0.2686 
0.256104 0.10742 -0.11353 0.488 -0.11353 -0.2686 
0.256104 0.10742 -0.11353 0.488 -0.11353 -0.2686 
0.256104 0.10742 -0.11353 0.488 -0.11353 -0.2686 
0.256104 0.10742 -0.11353 0.488 -0.11353 -0.2686 
0.256104 0.10742 -0.11353 0.488 -0.11353 -0.2686 
0.256104 0.10742 -0.11353 0.488 -0.11353 -0.2686 
0.256104 0.10742 -0.11353 0.31006 -0.12939 -0.5859 
0.255493 0.11108 -0.11230 -0.244 -0.12939 -0.5859 
0.255493 0.11108 -0.11230 -0.244 -0.12939 -0.5859 
0.255493 0.11108 -0.11230 -0.244 -0.12939 -0.5859 
0.255493 0.11108 -0.11230 -0.244 -0.12939 -0.5859 
0.255493 0.11108 -0.11230 -0.244 -0.12939 -0.5859 
0.255493 0.11108 -0.11230 -0.244 -0.12939 -0.5859 
0.255493 0.11108 -0.11230 -0.244 -0.12939 -0.5859 
0.255493 0.11108 -0.11230 -0.244 -0.12939 -0.5859 
0.255493 0.11108 -0.11230 -0.244 -0.12939 -0.5859 
0.255493 0.11108 -0.11230 -0.244 -0.12939 -0.8423 
0.254639 0.11108 -0.11230 -0.1831 -0.14404 -0.8423 
0.254639 0.11108 -0.11230 -0.1831 -0.14404 -0.8423 
0.254639 0.11108 -0.11230 -0.1831 -0.14404 -0.8423 
0.254639 0.11108 -0.11230 -0.1831 -0.14404 -0.8423 
0.254639 0.11108 -0.11230 -0.1831 -0.14404 -0.8423 
0.254639 0.11108 -0.11230 -0.1831 -0.14404 -0.8423 
0.254639 0.11108 -0.11230 -0.1831 -0.14404 -0.8423 
0.254639 0.11108 -0.11230 -0.1831 -0.14404 -0.8423 
0.254639 0.11108 -0.11230 -0.1831 -0.14404 -0.8423 
0.254639 0.11108 -0.11230 -0.1831 -0.14404 -0.8423 
0.254639 0.10132 -0.10498 -0.3540 -0.15503 -0.10498 
0.256958 0.10132 -0.10498 -0.3540 -0.15503 -0.10498 
0.256958 0.10132 -0.10498 -0.3540 -0.15503 -0.10498 
0.256958 0.10132 -0.10498 -0.3540 -0.15503 -0.10498 
0.256958 0.10132 -0.10498 -0.3540 -0.15503 -0.10498 
0.256958 0.10132 -0.10498 -0.3540 -0.15503 -0.10498 
0.256958 0.10132 -0.10498 -0.3540 -0.15503 -0.10498 
0.256958 0.10132 -0.10498 -0.3540 -0.15503 -0.10498 
0.256958 0.10132 -0.10498 -0.3540 -0.15503 -0.10498 
0.256958 0.10132 -0.10498 -0.3540 -0.15503 -0.10498 
0.256958 0.10132 -0.9766 -0.4883 -0.15503 -0.13550 
0.259399 0.8911 -0.9766 -0.4883 -0.15503 -0.13550 
0.259399 0.8911 -0.9766 -0.4883 -0.15503 -0.13550 
0.259399 0.8911 -0.9766 -0.4883 -0.15503 -0.13550 
0.259399 0.8911 -0.9766 -0.4883 -0.15503 -0.13550 
0.259399 0.8911 -0.9766 -0.4883 -0.15503 -0.13550 
0.259399 0.8911 -0.9766 -0.4883 -0.15503 -0.13550 
0.259399 0.8911 -0.9766 -0.4883 -0.15503 -0.13550 
0.259399 0.8911 -0.9766 -0.4883 -0.15503 -0.13550 
0.259399 0.8911 -0.9766 -0.4883 -0.15503 -0.13550 
0.259399 0.8911 -0.9766 -0.4883 -0.14404 -0.17090 
0.261475 0.7690 -0.9155 -0.5371 -0.14404 -0.17090 
0.261475 0.7690 -0.9155 -0.5371 -0.14404 -0.17090 
0.261475 0.7690 -0.9155 -0.5371 -0.14404 -0.17090 
0.261475 0.7690 -0.9155 -0.5371 -0.14404 -0.17090 
0.261475 0.7690 -0.9155 -0.5371 -0.14404 -0.17090 
0.261475 0.7690 -0.9155 -0.5371 -0.14404 -0.17090 
0.261475 0.7690 -0.9155 -0.5371 -0.14404 -0.17090 
0.261475 0.7690 -0.9155 -0.5371 -0.14404 -0.17090 
0.261475 0.7690 -0.9155 -0.5371 -0.14404 -0.17090 
0.261475 0.7690 -0.9155 -0.5371 -0.14404 -0.17090 
0.262085 0.6958 -0.8423 -0.4761 -0.12695 -0.19775 
0.262085 0.6958 -0.8423 -0.4761 -0.12695 -0.19775 
0.262085 0.6958 -0.8423 -0.4761 -0.12695 -0.19775 
0.262085 0.6958 -0.8423 -0.4761 -0.12695 -0.19775 
0.262085 0.6958 -0.8423 -0.4761 -0.12695 -0.19775 
0.262085 0.6958 -0.8423 -0.4761 -0.12695 -0.19775 
0.262085 0.6958 -0.8423 -0.4761 -0.12695 -0.19775 
0.262085 0.6958 -0.8423 -0.4761 -0.12695 -0.19775 
0.262085 0.6958 -0.8423 -0.4761 -0.12695 -0.19775 
0.262085 0.6958 -0.8423 -0.4761 -0.12695 -0.19775 
0.262085 0.6958 -0.8667 -0.3540 -0.9766 -0.19775 
0.259399 0.7324 -0.8667 -0.3540 -0.9766 -0.19775 
0.259399 0.7324 -0.8667 -0.3540 -0.9766 -0.19775 
0.259399 0.7324 -0.8667 -0.3540 -0.9766 -0.19775 
0.259399 0.7324 -0.8667 -0.3540 -0.9766 -0.19775 
0.259399 0.7324 -0.8667 -0.3540 -0.9766 -0.19775 
0.259399 0.7324 -0.8667 -0.3540 -0.9766 -0.19775 
0.259399 0.7324 -0.8667 -0.3540 -0.9766 -0.19775 
0.259399 0.7324 -0.8667 -0.3540 -0.9766 -0.19775 
0.259399 0.7324 -0.8667 -0.3540 -0.9766 -0.19775 
0.259399 0.7324 -0.8667 -0.3540 -0.5615 -0.15991 
0.254272 0.8545 -0.9644 -0.1831 -0.5615 -0.15991 
0.254272 0.8545 -0.9644 -0.1831 -0.5615 -0.15991 
0.254272 0.8545 -0.9644 -0.1831 -0.5615 -0.15991 
0.254272 0.8545 -0.9644 -0.1831 -0.5615 -0.15991 
0.254272 0.8545 -0.9644 -0.1831 -0.5615 -0.15991 
0.254272 0.8545 -0.9644 -0.1831 -0.5615 -0.15991 
0.254272 0.8545 -0.9644 -0.1831 -0.5615 -0.15991 
0.254272 0.8545 -0.9644 -0.1831 -0.5615 -0.15991 
0.254272 0.8545 -0.9644 -0.1831 -0.5615 -0.15991 
0.254272 0.8545 -0.9644 -0.1831 -0.5615 -0.8667 
0.248291 0.10498 -0.10742 -0.610 -0.610 -0.8667 
0.248291 0.10498 -0.10742 -0.610 -0.610 -0.8667 
0.248291 0.10498 -0.10742 -0.610 -0.610 -0.8667 
0.248291 0.10498 -0.10742 -0.610 -0.610 -0.8667 
0.248291 0.10498 -0.10742 -0.610 -0.610 -0.8667 
0.248291 0.10498 -0.10742 -0.610 -0.610 -0.8667 
0.248291 0.10498 -0.10742 -0.610 -0.610 -0.8667 
0.248291 0.10498 -0.10742 -0.610 -0.610 -0.8667 
0.248291 0.10498 -0.10742 -0.610 -0.610 -0.8667 
0.248291 0.10498 -0.10742 -0.610 -0.610 -0.8667 
0.248291 0.12451 -0.11353 -0.854 0.4028 0.854 
0.244873 0.12451 -0.11353 -0.854 0.4028 0.854 
0.244873 0.12451 -0.11353 -0.854 0.4028 0.854 
0.244873 0.12451 -0.11353 -0.854 0.4028 0.854 
0.244873 0.12451 -0.11353 -0.854 0.4028 0.854 
0.244873 0.12451 -0.11353 -0.854 0.4028 0.854 
0.244873 0.12451 -0.11353 -0.854 0.4028 0.854 
0.244873 0.12451 -0.11353 -0.854 0.4028 0.854 
0.244873 0.12451 -0.11353 -0.854 0.4028 0.854 
0.244873 0.12451 -0.11353 -0.854 0.4028 0.854 
0.244873 0.12451 -0.11353 -0.1831 0.6958 0.9033 
0.244995 0.13550 -0.10742 -0.1831 0.6958 0.9033 
0.244995 0.13550 -0.10742 -0.1831 0.6958 0.9033 
0.244995 0.13550 -0.10742 -0.1831 0.6958 0.9033 
0.244995 0.13550 -0.10742 -0.1831 0.6958 0.9033 
0.244995 0.13550 -0.10742 -0.1831 0.6958 0.9033 
0.244995 0.13550 -0.10742 -0.1831 0.6958 0.9033 
0.244995 0.13550 -0.10742 -0.1831 0.6958 0.9033 
0.244995 0.13550 -0.10742 -0.1831 0.6958 0.9033 
0.244995 0.13550 -0.10742 -0.1831 0.6958 0.9033 
0.244995 0.13550 -0.10742 -0.1831 0.6958 0.12451 
0.246582 0.14160 -0.10132 -0.2075 0.7446 0.12451 
0.246582 0.14160 -0.10132 -0.2075 0.7446 0.12451 
0.246582 0.14160 -0.10132 -0.2075 0.7446 0.12451 
0.246582 0.14160 -0.10132 -0.2075 0.7446 0.12451 
0.246582 0.14160 -0.10132 -0.2075 0.7446 0.12451 
0.246582 0.14160 -0.10132 -0.2075 0.7446 0.12451 
0.246582 0.14160 -0.10132 -0.2075 0.7446 0.12451 
0.246582 0.14160 -0.10132 -0.2075 0.7446 0.12451 
