0.247681 0.66040 -0.14526 -0.4883 -0.1953 -0.6836 
0.247681 0.66040 -0.14526 -0.4883 -0.1953 -0.6836 
0.247681 0.66040 -0.14526 -0.4883 -0.1953 -0.6836 
0.247681 0.66040 -0.14526 -0.4883 -0.1953 -0.6836 
0.247681 0.66040 -0.14526 -0.4883 -0.1953 -0.6836 
0.247681 0.66040 -0.14526 -0.4883 -0.1953 -0.6836 
0.247681 0.66040 -0.14526 -0.4883 -0.1953 -0.6836 
0.247681 0.66040 -0.14526 -0.4883 -0.1953 -0.5737 
0.250855 0.65552 -0.12573 -0.4761 -0.488 -0.5737 
0.250855 0.65552 -0.12573 -0.4761 -0.488 -0.5737 
0.250855 0.65552 -0.12573 -0.4761 -0.488 -0.5737 
0.250855 0.65552 -0.12573 -0.4761 -0.488 -0.5737 
0.250855 0.65552 -0.12573 -0.4761 -0.488 -0.5737 
0.250855 0.65552 -0.12573 -0.4761 -0.488 -0.5737 
0.250855 0.65552 -0.12573 -0.4761 -0.488 -0.5737 
0.250855 0.65552 -0.12573 -0.4761 -0.488 -0.5737 
0.250855 0.65552 -0.12573 -0.4761 -0.488 -0.5737 
0.250855 0.65552 -0.12573 -0.4761 -0.488 -0.5737 
0.250855 0.65674 -0.10254 -0.3052 0.1709 -0.6958 
0.252930 0.65674 -0.10254 -0.3052 0.1709 -0.6958 
0.252930 0.65674 -0.10254 -0.3052 0.1709 -0.6958 
0.252930 0.65674 -0.10254 -0.3052 0.1709 -0.6958 
0.252930 0.65674 -0.10254 -0.3052 0.1709 -0.6958 
0.252930 0.65674 -0.10254 -0.3052 0.1709 -0.6958 
0.252930 0.65674 -0.10254 -0.3052 0.1709 -0.6958 
0.252930 0.65674 -0.10254 -0.3052 0.1709 -0.6958 
0.252930 0.65674 -0.10254 -0.3052 0.1709 -0.6958 
0.252930 0.65674 -0.10254 -0.3052 0.1709 -0.6958 
0.252930 0.65674 -0.10254 -0.244 0.3052 -0.8911 
0.251831 0.65918 -0.9277 -0.244 0.3052 -0.8911 
0.251831 0.65918 -0.9277 -0.244 0.3052 -0.8911 
0.251831 0.65918 -0.9277 -0.244 0.3052 -0.8911 
0.251831 0.65918 -0.9277 -0.244 0.3052 -0.8911 
0.251831 0.65918 -0.9277 -0.244 0.3052 -0.8911 
0.251831 0.65918 -0.9277 -0.244 0.3052 -0.8911 
0.251831 0.65918 -0.9277 -0.244 0.3052 -0.8911 
0.251831 0.65918 -0.9277 -0.244 0.3052 -0.8911 
0.251831 0.65918 -0.9277 -0.244 0.3052 -0.8911 
0.251831 0.65918 -0.9277 -0.244 0.3052 -0.8789 
0.250855 0.65552 -0.10010 0.244 0.3418 -0.8789 
0.250855 0.65552 -0.10010 0.244 0.3418 -0.8789 
0.250855 0.65552 -0.10010 0.244 0.3418 -0.8789 
0.250855 0.65552 -0.10010 0.244 0.3418 -0.8789 
0.250855 0.65552 -0.10010 0.244 0.3418 -0.8789 
0.250855 0.65552 -0.10010 0.244 0.3418 -0.8789 
0.250855 0.65552 -0.10010 0.244 0.3418 -0.8789 
0.250855 0.65552 -0.10010 0.244 0.3418 -0.8789 
0.250855 0.65552 -0.10010 0.244 0.3418 -0.8789 
0.250855 0.65552 -0.10010 0.244 0.3418 -0.8789 
0.251099 0.65430 -0.9888 -0.1709 0.3052 -0.6348 
0.251099 0.65430 -0.9888 -0.1709 0.3052 -0.6348 
0.251099 0.65430 -0.9888 -0.1709 0.3052 -0.6348 
0.251099 0.65430 -0.9888 -0.1709 0.3052 -0.6348 
0.251099 0.65430 -0.9888 -0.1709 0.3052 -0.6348 
0.251099 0.65430 -0.9888 -0.1709 0.3052 -0.6348 
0.251099 0.65430 -0.9888 -0.1709 0.3052 -0.6348 
0.251099 0.65430 -0.9888 -0.1709 0.3052 -0.6348 
0.251099 0.65430 -0.9888 -0.1709 0.3052 -0.6348 
0.251099 0.65430 -0.9888 -0.1709 0.3052 -0.6348 
0.251099 0.65430 -0.10010 -0.3174 0.2441 -0.2808 
0.252197 0.65552 -0.10010 -0.3174 0.2441 -0.2808 
0.252197 0.65552 -0.10010 -0.3174 0.2441 -0.2808 
0.252197 0.65552 -0.10010 -0.3174 0.2441 -0.2808 
0.252197 0.65552 -0.10010 -0.3174 0.2441 -0.2808 
0.252197 0.65552 -0.10010 -0.3174 0.2441 -0.2808 
0.252197 0.65552 -0.10010 -0.3174 0.2441 -0.2808 
0.252197 0.65552 -0.10010 -0.3174 0.2441 -0.2808 
0.252197 0.65552 -0.10010 -0.3174 0.2441 -0.2808 
0.252197 0.65552 -0.10010 -0.3174 0.2441 -0.2808 
0.252197 0.65552 -0.10010 -0.3174 0.2075 -0.732 
0.253784 0.65796 -0.10010 -0.3662 0.2075 -0.732 
0.253784 0.65796 -0.10010 -0.3662 0.2075 -0.732 
0.253784 0.65796 -0.10010 -0.3662 0.2075 -0.732 
0.253784 0.65796 -0.10010 -0.3662 0.2075 -0.732 
0.253784 0.65796 -0.10010 -0.3662 0.2075 -0.732 
0.253784 0.65796 -0.10010 -0.3662 0.2075 -0.732 
0.253784 0.65796 -0.10010 -0.3662 0.2075 -0.732 
0.253784 0.65796 -0.10010 -0.3662 0.2075 -0.732 
0.253784 0.65796 -0.10010 -0.3662 0.2075 -0.732 
0.253784 0.65796 -0.10010 -0.3662 0.2075 -0.732 
0.254272 0.65674 -0.10376 -0.3418 0.1953 -0.732 
0.254272 0.65674 -0.10376 -0.3418 0.1953 -0.732 
0.254272 0.65674 -0.10376 -0.3418 0.1953 -0.732 
0.254272 0.65674 -0.10376 -0.3418 0.1953 -0.732 
0.254272 0.65674 -0.10376 -0.3418 0.1953 -0.732 
0.254272 0.65674 -0.10376 -0.3418 0.1953 -0.732 
0.254272 0.65674 -0.10376 -0.3418 0.1953 -0.732 
0.254272 0.65674 -0.10376 -0.3418 0.1953 -0.732 
0.254272 0.65674 -0.10376 -0.3418 0.1953 -0.732 
0.254272 0.65674 -0.10376 -0.3418 0.1953 -0.732 
0.254272 0.65674 -0.12207 -0.3662 0.2686 -0.1953 
0.252686 0.65552 -0.12207 -0.3662 0.2686 -0.1953 
0.252686 0.65552 -0.12207 -0.3662 0.2686 -0.1953 
0.252686 0.65552 -0.12207 -0.3662 0.2686 -0.1953 
0.252686 0.65552 -0.12207 -0.3662 0.2686 -0.1953 
0.252686 0.65552 -0.12207 -0.3662 0.2686 -0.1953 
0.252686 0.65552 -0.12207 -0.3662 0.2686 -0.1953 
0.252686 0.65552 -0.12207 -0.3662 0.2686 -0.1953 
0.252686 0.65552 -0.12207 -0.3662 0.2686 -0.1953 
0.252686 0.65552 -0.12207 -0.3662 0.2686 -0.1953 
0.252686 0.65552 -0.12207 -0.7568 0.4272 -0.2197 
0.249634 0.65186 -0.15015 -0.7568 0.4272 -0.2197 
0.249634 0.65186 -0.15015 -0.7568 0.4272 -0.2197 
0.249634 0.65186 -0.15015 -0.7568 0.4272 -0.2197 
0.249634 0.65186 -0.15015 -0.7568 0.4272 -0.2197 
0.249634 0.65186 -0.15015 -0.7568 0.4272 -0.2197 
0.249634 0.65186 -0.15015 -0.7568 0.4272 -0.2197 
0.249634 0.65186 -0.15015 -0.7568 0.4272 -0.2197 
0.249634 0.65186 -0.15015 -0.7568 0.4272 -0.2197 
0.249634 0.65186 -0.15015 -0.7568 0.4272 -0.2197 
0.249634 0.65186 -0.15015 -0.7568 0.4272 -0.30518 
0.246582 0.64697 -0.17090 -0.14526 0.6226 0.732 
0.246582 0.64697 -0.17090 -0.14526 0.6226 0.732 
0.246582 0.64697 -0.17090 -0.14526 0.6226 0.732 
0.246582 0.64697 -0.17090 -0.14526 0.6226 0.732 
0.246582 0.64697 -0.17090 -0.14526 0.6226 0.732 
0.246582 0.64697 -0.17090 -0.14526 0.6226 0.732 
0.246582 0.64697 -0.17090 -0.14526 0.6226 0.732 
0.246582 0.64697 -0.17090 -0.14526 0.6226 0.732 
0.246582 0.64697 -0.17090 -0.14526 0.6226 0.732 
0.246582 0.64697 -0.17090 -0.14526 0.6226 0.732 
0.246582 0.64575 -0.16846 -0.20752 0.7813 0.5249 
0.244873 0.64575 -0.16846 -0.20752 0.7813 0.5249 
0.244873 0.64575 -0.16846 -0.20752 0.7813 0.5249 
0.244873 0.64575 -0.16846 -0.20752 0.7813 0.5249 
0.244873 0.64575 -0.16846 -0.20752 0.7813 0.5249 
0.244873 0.64575 -0.16846 -0.20752 0.7813 0.5249 
0.244873 0.64575 -0.16846 -0.20752 0.7813 0.5249 
0.244873 0.64575 -0.16846 -0.20752 0.7813 0.5249 
0.244873 0.64575 -0.16846 -0.20752 0.7813 0.5249 
0.244873 0.64575 -0.16846 -0.20752 0.7813 0.5249 
0.244873 0.64575 -0.16846 -0.21973 0.7813 0.9033 
0.246460 0.64209 -0.14526 -0.21973 0.7813 0.9033 
0.246460 0.64209 -0.14526 -0.21973 0.7813 0.9033 
0.246460 0.64209 -0.14526 -0.21973 0.7813 0.9033 
0.246460 0.64209 -0.14526 -0.21973 0.7813 0.9033 
0.246460 0.64209 -0.14526 -0.21973 0.7813 0.9033 
0.246460 0.64209 -0.14526 -0.21973 0.7813 0.9033 
0.246460 0.64209 -0.14526 -0.21973 0.7813 0.9033 
0.246460 0.64209 -0.14526 -0.21973 0.7813 0.9033 
0.246460 0.64209 -0.14526 -0.21973 0.7813 0.9033 
0.246460 0.64209 -0.14526 -0.21973 0.7813 0.9644 
0.246826 0.63232 -0.15137 -0.14648 0.5127 0.9644 
0.246826 0.63232 -0.15137 -0.14648 0.5127 0.9644 
0.246826 0.63232 -0.15137 -0.14648 0.5127 0.9644 
0.246826 0.63232 -0.15137 -0.14648 0.5127 0.9644 
0.246826 0.63232 -0.15137 -0.14648 0.5127 0.9644 
0.246826 0.63232 -0.15137 -0.14648 0.5127 0.9644 
0.246826 0.63232 -0.15137 -0.14648 0.5127 0.9644 
0.246826 0.63232 -0.15137 -0.14648 0.5127 0.9644 
