0.249146 0.37231 0.116211 0.66406 0.16846 0.11841 
0.243042 0.30884 0.113647 0.97656 0.1831 0.12573 
0.240112 0.28442 0.105835 0.96680 -0.12451 0.9277 
0.243774 0.27100 0.103760 0.90210 -0.18555 0.7446 
0.244751 0.29907 0.100220 0.77759 -0.20996 0.5493 
0.246216 0.32104 0.98511 0.63965 -0.20996 0.4639 
0.245728 0.33203 0.98267 0.50659 -0.20508 0.5615 
0.245483 0.35278 0.98999 0.37964 -0.15503 0.7935 
0.245361 0.37720 0.99731 0.28687 -0.9521 0.7935 
0.244629 0.38574 0.100586 0.22461 -0.4517 0.11353 
0.242188 0.38086 0.100464 0.18066 0.00 0.14282 
0.239868 0.36499 0.100952 0.14648 0.4639 0.16724 
0.239868 0.34668 0.101685 0.12817 0.8911 0.17822 
0.238892 0.33325 0.102173 0.12695 0.12817 0.17700 
0.239380 0.32227 0.101807 0.12939 0.17090 0.15869 
0.239746 0.62378 0.100464 0.11475 0.23438 0.12695 
0.239136 0.31128 0.98267 0.7324 0.31738 0.9033 
0.236450 0.29663 0.94727 -0.122 0.41748 0.5981 
0.233643 0.28809 0.123901 -0.11353 0.52246 0.4517 
0.230835 0.28442 0.92651 -0.24658 0.62134 0.4883 
0.228271 0.27100 0.92651 -0.36499 0.71411 0.6226 
0.225342 0.26855 0.94238 -0.47852 0.82031 0.9521 
0.225342 0.24902 0.99854 -0.47852 0.86060 0.12939 
0.223145 0.21851 0.103394 -0.58472 0.89844 0.13672 
0.224365 0.19653 0.109253 -0.61768 0.92773 0.12085 
0.227539 0.18188 0.113525 -0.62012 0.63232 0.10498 
0.233398 0.18921 0.116577 -0.60913 0.94482 0.10376 
0.243164 0.24536 0.118774 -0.59326 0.94238 0.12817 
0.254883 0.25879 0.120972 -0.55298 0.91187 0.18311 
0.268433 0.26978 0.124023 -0.52246 0.83618 0.18311 
0.285767 0.28076 0.130127 -0.51270 0.75439 0.28809 
0.305420 0.29541 0.139771 -0.50903 0.67261 0.41016 
0.292969 0.31738 0.151611 -0.47974 0.59204 0.50659 
0.324219 0.32227 0.164551 -0.42358 0.49927 0.55908 
0.341064 0.34058 0.179199 -0.33081 0.36865 0.54321 
0.358032 0.39551 0.188965 -0.17456 0.19409 0.46509 
0.372192 0.43823 0.194580 0.4272 0.1221 0.35278 
0.380371 0.43823 0.197754 0.23926 -0.16113 0.22461 
0.384399 0.46631 0.200439 0.37109 -0.31372 0.9399 
0.385498 0.47729 0.202026 0.46631 -0.46997 -0.3906 
0.385376 0.48706 0.202026 0.56763 -0.64209 -0.16113 
0.384522 0.48706 0.202271 0.66406 -0.82520 -0.26733 
0.382935 0.48706 0.200928 0.73853 -0.101563 -0.36377 
0.379639 0.48218 0.198608 0.79590 -0.120728 -0.45776 
0.374268 0.46997 0.195923 0.79590 -0.139404 -0.55054 
0.366821 0.44922 0.192383 0.84229 -0.125244 -0.61768 
0.358032 0.43701 0.188721 0.88623 -0.171143 -0.67749 
0.348633 0.42603 0.184448 0.92896 -0.171143 -0.73975 
0.337524 0.40527 0.179688 0.96802 -0.182007 -0.81055 
0.325806 0.39917 0.174316 0.99121 -0.189697 -0.88257 
0.313355 0.36255 0.167725 0.100342 -0.194092 -0.88257 
0.300659 0.31738 0.160767 0.98755 -0.194580 -0.95947 
0.289185 0.26978 0.154541 0.93384 -0.192017 -0.102783 
0.307983 0.21118 0.146851 0.88501 -0.189697 -0.108276 
0.264771 0.15015 0.137207 0.89966 -0.186890 -0.113159 
0.264771 0.12451 0.125244 0.95337 -0.184814 -0.118774 
0.249023 0.10376 0.110107 0.104980 -0.182129 -0.123169 
0.232056 0.9033 0.93506 0.115479 -0.179321 -0.126709 
0.214966 0.9033 0.77759 0.122314 -0.177002 -0.131470 
0.197510 0.5615 0.65552 0.125488 -0.173950 -0.140137 
0.178345 0.3906 0.85083 0.125610 -0.171143 -0.150269 
0.157471 0.3540 0.53833 0.125977 -0.165039 -0.158569 
0.137695 0.2686 0.43579 0.124512 -0.155151 -0.165894 
0.116699 0.4761 0.34912 0.121704 -0.140869 -0.170776 
0.95093 0.4761 0.26611 0.118896 -0.121826 -0.173340 
0.73242 0.8179 0.18799 0.118896 -0.100098 -0.172241 
0.52246 0.13184 0.10132 0.115234 -0.108032 -0.166748 
0.31860 0.18921 0.854 0.109863 -0.85205 -0.156250 
0.13550 0.25146 -0.7813 0.101685 -0.53955 -0.140991 
-0.488 0.30273 -0.15747 0.91187 -0.33325 -0.121460 
-0.10254 0.32959 -0.23560 0.79712 -0.15747 -0.99365 
-0.15625 0.32593 -0.29785 0.68237 -0.1831 -0.99365 
-0.16357 0.29663 -0.33569 0.57495 0.9033 -0.76904 
-0.14038 0.27222 -0.36743 0.48584 0.18921 -0.55664 
-0.10498 0.24658 -0.39429 0.40894 0.29053 -0.36255 
-0.7080 0.24170 -0.41382 0.33447 0.40161 -0.17944 
-0.7080 0.25757 -0.43457 0.26611 0.52368 -0.244 
-0.4028 0.27710 -0.46143 0.19775 0.65186 0.16846 
-0.2197 0.30640 -0.48950 0.11475 0.77393 0.33936 
-0.488 0.30640 -0.50781 0.1343 0.87769 0.52002 
0.1221 0.32715 -0.50415 -0.10254 0.95093 0.70679 
0.4150 0.33691 -0.46875 -0.22339 0.99243 0.88623 
0.9644 0.33325 -0.46875 -0.34302 0.101807 0.104858 
0.19409 0.31616 -0.39917 -0.46021 0.103882 0.118652 
0.31738 0.30396 -0.30762 -0.56885 0.106567 0.130005 
0.44067 0.30029 -0.20874 -0.35645 0.110107 0.138916 
0.53833 0.29297 -0.10986 -0.66895 0.113892 0.145996 
0.59814 0.29175 -0.244 -0.76416 0.115234 0.152100 
0.62012 0.28442 0.11597 -0.85327 0.113159 0.158813 
0.64697 0.26978 0.24780 -0.93994 0.113159 0.167603 
0.73364 0.23804 0.38574 -0.101440 0.108521 0.180664 
0.90576 0.19653 0.52124 -0.108521 0.103027 0.165771 
0.116455 0.14648 0.65552 -0.115234 0.98633 0.212769 
0.150024 0.10742 0.77881 -0.120239 0.96558 0.212769 
0.186890 0.7935 0.88989 -0.123413 0.97900 0.223999 
0.162354 0.7080 0.99731 -0.124756 0.103027 0.227295 
0.228516 0.8057 0.110229 -0.124023 0.111572 0.220093 
0.259766 0.9155 0.121704 -0.122070 0.122437 0.202637 
0.288330 0.9888 0.134277 -0.119751 0.133911 0.178345 
0.310669 0.10864 0.148315 -0.116943 0.144531 0.151489 
0.329224 0.10864 0.159790 -0.110962 0.154175 0.126587 
0.345215 0.12573 0.167725 -0.100464 0.161377 0.106079 
0.359741 0.15259 0.169556 -0.86548 0.162842 0.89355 
0.368897 0.17212 0.174072 -0.70190 0.160522 0.76172 
0.379761 0.18921 0.174072 -0.60547 0.161865 0.72388 
0.382568 0.21851 0.171265 -0.54932 0.152466 0.70190 
0.380615 0.22217 0.167725 -0.46143 0.136230 0.66040 
0.379150 0.22705 0.167969 -0.46143 0.118774 0.63354 
0.374268 0.24658 0.168213 -0.38330 0.102661 0.60181 
0.367920 0.27588 0.170532 -0.31860 0.120117 0.54565 
0.360474 0.31250 0.172974 -0.28320 0.88867 0.46143 
0.351318 0.35278 0.175049 -0.26245 0.77271 0.36133 
0.340576 0.37476 0.177002 -0.24414 0.66406 0.58472 
0.329102 0.37109 0.178711 -0.20142 0.56763 0.22705 
0.316162 0.34302 0.178589 -0.14038 0.52246 0.22705 
0.308228 0.24780 0.179810 -0.6348 0.52368 0.23926 
0.301880 0.18555 0.174316 -0.4028 0.62622 0.35645 
0.296753 0.15015 0.164795 -0.6104 0.63110 0.47852 
0.296753 0.8911 0.161743 -0.366 0.52734 0.56274 
0.298462 0.5005 0.157959 0.2808 0.40039 0.65186 
0.300537 0.366 0.154175 0.5737 0.24292 0.71045 
0.300903 0.366 0.150391 0.9033 0.7324 0.71533 
0.302490 -0.488 0.147217 0.10376 -0.7568 0.68848 
0.302856 0.366 0.142700 0.11963 -0.17578 0.63965 
0.299683 0.122 0.138184 0.12451 -0.23926 0.56885 
0.294800 -0.488 0.138184 0.12207 -0.27344 0.48340 
0.288086 -0.1099 0.134399 0.11719 -0.28442 0.39795 
0.281250 -0.1831 0.130371 0.10986 -0.27954 0.32593 
0.274414 -0.2441 0.126587 0.10986 -0.26245 0.26367 
0.268555 -0.2930 0.123413 0.10864 -0.23560 0.20752 
0.263184 -0.3662 0.119629 0.10986 -0.20874 0.15015 
0.258057 -0.4272 0.116333 0.11108 -0.20874 0.8789 
0.253662 -0.4761 0.113159 0.11108 -0.17700 0.2686 
0.248535 -0.4883 0.110107 0.10254 -0.15137 0.28198 
0.241577 -0.4761 0.107544 0.9155 -0.13428 -0.8301 
0.234009 -0.4395 0.105347 0.8057 -0.13184 -0.8301 
0.226440 -0.4150 0.103638 0.7446 -0.15015 -0.12451 
0.219605 -0.3906 0.102783 0.7690 -0.18921 -0.14893 
0.245239 -0.4150 0.102173 0.8789 -0.24292 -0.15015 
0.213989 -0.4517 0.101929 0.9766 -0.29907 -0.13428 
0.210083 -0.4517 0.101196 0.10742 -0.34546 -0.11230 
0.207764 -0.4761 0.99243 0.11719 -0.38086 -0.9399 
0.205933 -0.5127 0.97778 0.13550 -0.41504 -0.9155 
0.203125 -0.5127 0.96680 0.16113 -0.45654 -0.11108 
0.200562 -0.5249 0.95825 0.19287 -0.50781 -0.14404 
0.196045 -0.12451 0.97778 0.21362 -0.57495 -0.16846 
0.195190 -0.13916 0.97778 0.21729 -0.63232 -0.13550 
0.203735 -0.15503 0.102173 0.22095 -0.67627 0.1221 
0.203491 -0.7568 0.105225 0.22705 -0.73120 0.20508 
0.206665 -0.488 0.107178 0.22705 -0.74219 0.38940 
