0.162720 -0.105347 -0.105225 -0.83252 -0.9399 0.25391 
0.162964 -0.99731 -0.104248 -0.73242 -0.10742 0.26978 
0.160889 -0.95581 -0.105225 -0.64331 -0.12695 0.26978 
0.157105 -0.93994 -0.105713 -0.56763 -0.16846 0.27710 
0.186035 -0.89355 -0.105469 -0.47974 -0.23193 0.27710 
0.152832 -0.86182 -0.106812 -0.36743 -0.31250 0.27588 
0.152832 -0.86304 -0.110107 -0.25513 -0.38086 0.27954 
0.151855 -0.87036 -0.113770 -0.18433 -0.40405 0.28198 
0.151978 -0.87158 -0.114990 -0.14404 -0.38940 0.27710 
0.152588 -0.87158 -0.114746 -0.10498 -0.36255 0.26245 
0.151001 -0.85693 -0.113281 -0.4517 -0.33203 0.25024 
0.148315 -0.83130 -0.111694 0.4883 -0.29907 0.24048 
0.144165 -0.80078 -0.110840 0.18188 -0.26123 0.23560 
0.139160 -0.76660 -0.110840 0.34180 -0.21240 0.24658 
0.135620 -0.75806 -0.110229 0.51880 -0.13306 0.27100 
0.130859 -0.80200 -0.114136 0.38330 -0.2441 0.29785 
0.126343 -0.92163 -0.125488 0.69580 0.9521 0.30640 
0.126465 -0.108032 -0.136841 0.80444 0.18311 0.29541 
0.126831 -0.123535 -0.147949 0.80444 0.25391 0.26978 
0.127197 -0.135742 -0.154053 0.78247 0.25391 0.26001 
0.127075 -0.146851 -0.153687 0.75317 0.30518 0.25391 
0.130493 -0.152344 -0.150635 0.72144 0.32959 0.25513 
0.133423 -0.156250 -0.150635 0.75928 0.33325 0.26855 
0.137451 -0.159790 -0.152954 0.87646 0.34058 0.26855 
0.141480 -0.155762 -0.154541 0.99121 0.33569 0.28442 
0.145630 -0.154175 -0.155396 0.105469 0.31372 0.32593 
0.151001 -0.156860 -0.156616 0.106323 0.29053 0.37109 
0.151001 -0.160278 -0.158081 0.103638 0.27222 0.39673 
0.155518 -0.164673 -0.158813 0.99731 0.26001 0.41016 
0.161377 -0.170898 -0.160278 0.95581 0.25635 0.41504 
0.168091 -0.170898 -0.163940 0.93018 0.25757 0.40894 
0.172974 -0.177124 -0.166382 0.92529 0.26367 0.38452 
0.176147 -0.182617 -0.166870 0.93872 0.25391 0.35278 
0.181641 -0.189209 -0.173096 0.100830 0.21729 0.31128 
0.189941 -0.197998 -0.173096 0.112915 0.17456 0.24170 
0.198242 -0.210938 -0.191650 0.120483 0.15259 0.13794 
0.203247 -0.223755 -0.218262 0.111816 0.16724 0.4150 
0.208374 -0.233032 -0.245850 0.111816 0.19287 -0.122 
0.215454 -0.250122 -0.267456 0.82520 0.23682 -0.2563 
0.218384 -0.259766 -0.291504 0.44067 0.29053 0.2441 
0.233765 -0.282227 -0.308716 -0.10742 0.7690 0.1709 
0.250488 -0.296143 -0.317993 -0.54443 0.38940 -0.977 
0.261963 -0.305420 -0.327881 -0.96069 0.47729 -0.5981 
0.271973 -0.316284 -0.333984 -0.136719 0.56885 -0.18799 
0.276245 -0.320679 -0.334351 -0.174072 0.66406 -0.18799 
0.282471 -0.321899 -0.327881 -0.209351 0.73120 -0.36377 
0.286865 -0.316772 -0.315796 -0.236206 0.79834 -0.62012 
0.286499 -0.309448 -0.301147 -0.257202 0.86670 -0.94116 
0.286499 -0.300781 -0.283569 -0.275879 0.96069 -0.129517 
0.281860 -0.289551 -0.264160 -0.292969 0.109253 -0.165405 
0.273804 -0.308350 -0.244263 -0.308594 0.123047 -0.199097 
0.265015 -0.265259 -0.223999 -0.324097 0.133423 -0.229004 
0.257202 -0.265259 -0.203125 -0.339844 0.138916 -0.254883 
0.250488 -0.254028 -0.211914 -0.355591 0.140015 -0.277466 
0.244141 -0.242676 -0.186890 -0.370850 0.138672 -0.297607 
0.235230 -0.230347 -0.155640 -0.386230 0.136719 -0.314453 
0.222656 -0.217163 -0.129395 -0.402222 0.132690 -0.325928 
0.208496 -0.201538 -0.101807 -0.386719 0.124268 -0.329590 
0.192261 -0.184692 -0.73486 -0.417969 0.110352 -0.325928 
0.176636 -0.165649 -0.43579 -0.431397 0.91675 -0.315796 
0.161377 -0.144287 -0.13916 -0.438965 0.71411 -0.301025 
0.145508 -0.121826 0.12329 -0.439331 0.83618 -0.283569 
0.130859 -0.97900 0.35278 -0.432739 0.52368 -0.263672 
0.118896 -0.73364 0.52979 -0.419312 0.35278 -0.272339 
0.109131 -0.49194 0.64697 -0.399048 0.16846 -0.250000 
0.103516 -0.25146 0.71167 -0.372803 -0.4395 -0.218750 
0.100464 -0.4761 0.68970 -0.342285 -0.29785 -0.199707 
0.98511 0.6470 0.63110 -0.308472 -0.57251 -0.180908 
0.98633 0.19043 0.50537 -0.278076 -0.81787 -0.152344 
0.98633 0.28564 0.33325 -0.252075 -0.103271 -0.120483 
0.90332 0.40283 0.14526 -0.230103 -0.119141 -0.94971 
0.80200 0.50171 -0.4517 -0.210327 -0.129639 -0.76904 
0.70679 0.58350 -0.22339 -0.192749 -0.133911 -0.62256 
0.62866 0.58350 -0.36377 -0.177368 -0.132568 -0.49438 
0.57251 0.66284 -0.46753 -0.163208 -0.125977 -0.38208 
0.51636 0.72998 -0.55786 -0.150879 -0.114136 -0.29175 
0.45776 0.78857 -0.55786 -0.140625 -0.98633 -0.22705 
0.41138 0.83496 -0.62622 -0.133057 -0.81055 -0.18433 
0.38574 0.85938 -0.67017 -0.128540 -0.62378 -0.15015 
0.38086 0.89600 -0.68970 -0.128540 -0.43213 -0.10620 
0.35278 0.94971 -0.66772 -0.127075 -0.24048 -0.2930 
0.29907 0.101685 -0.59448 -0.125366 -0.6470 0.10254 
0.25024 0.109009 -0.52490 -0.119507 -0.27466 0.28931 
0.21729 0.114868 -0.49438 -0.105591 0.3784 0.51880 
0.20630 0.115479 -0.46021 -0.83740 0.2319 0.46753 
0.21729 0.113403 -0.42603 -0.58228 -0.3662 0.73364 
0.24048 0.106812 -0.41748 -0.29785 -0.9644 0.104614 
0.26855 0.97168 -0.42236 0.1953 -0.14160 0.129883 
0.31006 0.86182 -0.41626 0.33691 -0.15869 0.153076 
0.9155 0.74951 -0.40161 0.63354 -0.12451 0.174072 
0.54443 0.62134 -0.40894 0.90942 -0.5371 0.192383 
0.54443 0.48828 -0.45410 0.115234 0.2319 0.208252 
0.70190 0.34058 -0.53101 0.135742 0.7690 0.221680 
0.86914 0.48950 -0.62744 0.151733 0.9033 0.232178 
0.102783 0.17700 -0.70923 0.163330 0.6104 0.239258 
0.115845 0.244 -0.74707 0.172485 -0.244 0.243042 
0.125610 -0.15625 -0.73120 0.181030 -0.7935 0.244507 
0.131470 -0.27222 -0.73120 0.190308 -0.15259 0.245728 
0.137695 -0.34302 -0.70313 0.201538 -0.22339 0.247803 
0.148438 -0.39673 -0.71167 0.215576 -0.30884 0.251099 
0.161377 -0.48706 -0.78369 0.200439 -0.41504 0.253174 
0.177124 -0.61890 -0.94116 0.231689 -0.52979 0.250855 
0.190430 -0.77759 -0.113770 0.248047 -0.39307 0.238037 
0.202271 -0.94360 -0.137451 0.262573 -0.78369 0.234741 
0.223145 -0.114746 -0.157837 0.265747 -0.78369 0.250244 
0.218994 -0.125488 -0.178467 0.250366 -0.75562 0.242920 
0.218140 -0.124756 -0.191650 0.233398 -0.78979 0.219238 
0.226563 -0.122803 -0.198120 0.225098 -0.88745 0.219238 
0.234985 -0.126587 -0.209961 0.221558 -0.98267 0.201416 
0.244385 -0.133911 -0.229004 0.220703 -0.107422 0.192261 
0.220581 -0.146362 -0.253052 0.221558 -0.113770 0.184692 
0.258545 -0.161621 -0.278076 0.221313 -0.114380 0.173218 
0.258545 -0.174683 -0.297485 0.216064 -0.106812 0.157959 
0.265015 -0.183228 -0.307129 0.203980 -0.89844 0.141602 
0.269531 -0.186157 -0.308472 0.185425 -0.64697 0.125854 
0.271484 -0.186157 -0.304321 0.162720 -0.36621 0.111450 
0.270996 -0.183350 -0.297241 0.140503 -0.12939 0.98511 
0.270996 -0.178223 -0.291016 0.122803 0.1587 0.86670 
0.271606 -0.174683 -0.291016 0.109253 0.8179 0.76050 
0.271362 -0.173584 -0.286621 0.97534 0.9888 0.65674 
0.270508 -0.173584 -0.283447 0.117554 0.9521 0.54321 
0.267090 -0.173340 -0.280273 0.75073 0.8423 0.41626 
0.260742 -0.172974 -0.277466 0.75073 0.6958 0.27954 
0.251953 -0.171021 -0.273560 0.62622 0.5371 0.14526 
0.242432 -0.167358 -0.266480 0.48584 0.3418 0.3052 
0.232666 -0.161621 -0.255371 0.32959 0.3418 -0.4761 
0.223877 -0.153809 -0.241211 0.17456 0.977 -0.9155 
0.214478 -0.146118 -0.226563 0.4150 -0.2319 -0.11108 
0.204956 -0.138550 -0.213379 -0.5981 -0.6348 -0.11108 
0.196289 -0.131470 -0.201904 -0.12695 -0.11230 -0.11719 
0.188232 -0.126465 -0.192627 -0.16235 -0.16113 -0.11475 
0.212524 -0.123291 -0.184937 -0.18188 -0.19653 -0.11353 
0.175903 -0.120239 -0.177734 -0.19653 -0.21118 -0.11230 
0.175903 -0.117798 -0.171021 -0.20508 -0.20508 -0.11230 
0.171143 -0.115356 -0.164551 -0.20264 -0.18433 -0.10986 
0.167114 -0.112915 -0.158936 -0.19287 -0.15503 -0.10498 
0.163208 -0.112915 -0.154541 -0.18311 -0.11597 -0.9521 
0.160034 -0.110596 -0.151733 -0.17090 -0.7690 -0.7935 
0.157105 -0.108154 -0.149658 -0.15503 -0.4150 -0.5981 
0.154175 -0.106934 -0.148071 -0.13916 -0.1221 -0.4272 
0.151611 -0.106445 -0.148071 -0.12085 0.1099 -0.2319 
0.149414 -0.105835 -0.146240 -0.10376 0.2563 0.122 
0.148560 -0.104858 -0.144409 -0.8057 0.2808 0.2686 
0.148193 -0.104370 -0.142700 -0.8057 0.2441 0.5005 
0.148682 -0.104004 -0.141602 -0.5371 0.1587 0.6714 
0.150879 -0.105347 -0.142822 -0.2197 0.732 0.7446 
0.153442 -0.108032 -0.146729 0.854 0.732 0.6592 
0.154907 -0.111206 -0.150757 0.1465 0.854 0.4517 
0.156006 -0.112549 -0.153198 -0.122 0.1953 0.2197 
0.156616 -0.112671 -0.154053 -0.2319 0.2686 0.366 
