0.128052 -0.110107 -0.213379 0.69336 -0.67749 0.25269 
0.138062 -0.105835 -0.211670 0.60791 -0.63354 0.22583 
0.141846 -0.104858 -0.210083 0.54688 -0.93140 0.19775 
0.141968 -0.104126 -0.208618 0.48706 -0.61890 0.17456 
0.139038 -0.101807 -0.207520 0.43091 -0.59814 0.15747 
0.137207 -0.98633 -0.205078 0.37109 -0.56030 0.14282 
0.135254 -0.95581 -0.201660 0.33569 -0.49805 0.14282 
0.135742 -0.91797 -0.197632 0.33447 -0.42236 0.13184 
0.135986 -0.88257 -0.193970 0.37476 -0.34180 0.12329 
0.137817 -0.85205 -0.190674 0.43823 -0.26001 0.11108 
0.137817 -0.81909 -0.184570 0.51147 -0.18555 0.8911 
0.140747 -0.78125 -0.175537 0.61035 -0.11719 0.6470 
0.142090 -0.75317 -0.165405 0.75806 -0.5005 0.5737 
0.139282 -0.75439 -0.160522 0.96436 0.2686 0.9155 
0.129150 -0.75439 -0.162720 0.121948 0.11108 0.16968 
0.124756 -0.85205 -0.167358 0.147095 0.19287 0.23926 
0.122070 -0.97778 -0.172485 0.165283 0.28809 0.27710 
0.121826 -0.119995 -0.172485 0.174194 0.38086 0.20996 
0.123169 -0.131348 -0.179443 0.180054 0.46875 0.8911 
0.125488 -0.131714 -0.181885 0.180786 0.50415 0.6104 
0.125122 -0.123169 -0.183228 0.180786 0.46997 0.18188 
0.127563 -0.121338 -0.178467 0.175049 0.34790 0.35034 
0.131592 -0.122314 -0.168945 0.167969 0.47607 0.49805 
0.138062 -0.124390 -0.158813 0.167969 0.27100 0.59692 
0.144775 -0.129272 -0.154297 0.178467 -0.4150 0.61646 
0.148682 -0.137695 -0.156372 0.196167 -0.21729 0.54688 
0.150146 -0.149170 -0.165771 0.213379 -0.34058 0.40771 
0.148438 -0.162598 -0.177734 0.223389 -0.40649 0.40771 
0.139160 -0.162964 -0.202271 0.222412 -0.41016 0.25879 
0.138550 -0.171387 -0.228638 0.198364 -0.33936 0.24170 
0.143066 -0.185059 -0.247437 0.152954 -0.21729 0.27710 
0.143066 -0.196167 -0.259033 0.107910 -0.6104 0.29053 
0.149658 -0.208252 -0.272461 0.63843 0.10254 0.31372 
0.157105 -0.188477 -0.285278 0.26855 0.27710 0.33691 
0.167603 -0.233398 -0.298218 -0.2808 0.45776 0.31250 
0.183350 -0.233398 -0.312012 -0.25757 0.63721 0.23560 
0.200073 -0.246338 -0.294556 -0.44556 0.81787 0.11108 
0.213867 -0.257202 -0.335327 -0.62988 0.100830 -0.7935 
0.224609 -0.265015 -0.335327 -0.83496 0.119141 -0.33447 
0.234253 -0.269287 -0.339966 -0.105957 0.135498 -0.62012 
0.242798 -0.269897 -0.339722 -0.99243 0.148193 -0.90820 
0.249023 -0.268799 -0.334839 -0.125244 0.157227 -0.118408 
0.254150 -0.266235 -0.325439 -0.156494 0.162720 -0.145020 
0.258667 -0.262695 -0.312744 -0.181885 0.164429 -0.172241 
0.261230 -0.257324 -0.296265 -0.204834 0.163574 -0.200684 
0.261230 -0.247437 -0.276855 -0.225464 0.163574 -0.229492 
0.256104 -0.234741 -0.254517 -0.242920 0.162720 -0.257935 
0.249023 -0.219849 -0.230713 -0.255371 0.163330 -0.252319 
0.239990 -0.204468 -0.206909 -0.264282 0.166382 -0.283569 
0.229736 -0.187378 -0.185059 -0.270752 0.173340 -0.304565 
0.218262 -0.171143 -0.162354 -0.273438 0.182739 -0.320801 
0.206055 -0.154175 -0.142456 -0.274902 0.193359 -0.333252 
0.191895 -0.137329 -0.122070 -0.277344 0.205200 -0.342163 
0.191895 -0.122681 -0.99243 -0.281738 0.218750 -0.347412 
0.173218 -0.106201 -0.76904 -0.289307 0.236816 -0.346558 
0.156982 -0.119385 -0.53101 -0.296753 0.255005 -0.337402 
0.142456 -0.88135 -0.34302 -0.298462 0.268921 -0.320801 
0.130249 -0.67627 -0.17578 -0.294922 0.274414 -0.298584 
0.119019 -0.49438 -0.3296 -0.287109 0.273926 -0.274536 
0.105957 -0.31738 -0.3296 -0.274536 0.265381 -0.252563 
0.90942 -0.13428 0.8057 -0.254395 0.247681 -0.235596 
0.75928 0.1099 0.16235 -0.259155 0.221558 -0.218750 
0.62256 0.13672 0.22095 -0.232178 0.189575 -0.194092 
0.55664 0.21484 0.29297 -0.200928 0.155151 -0.150391 
0.41382 0.33447 0.30273 -0.181885 0.152588 -0.105591 
0.27466 0.44189 0.27832 -0.165405 0.117920 -0.66772 
0.17578 0.52612 0.24780 -0.145752 0.86670 -0.35400 
0.11230 0.56885 0.23071 -0.121826 0.53589 -0.10010 
0.6836 0.57617 0.21729 -0.95825 0.25269 -0.20508 
0.3418 0.57129 0.20630 -0.68237 0.2686 0.10742 
0.488 0.56152 0.20386 -0.38086 -0.14526 0.27344 
-0.2075 0.54443 0.20508 -0.5859 -0.26489 0.41992 
-0.4150 0.51880 0.20996 0.26978 -0.33447 0.58105 
-0.4761 0.48462 0.20142 0.57739 -0.37231 0.78613 
-0.4761 0.43823 0.18433 0.83862 -0.40527 0.106567 
-0.2808 0.40771 0.17334 0.105103 -0.47729 0.143188 
0.1709 0.36255 0.14893 0.123779 -0.60669 0.184937 
0.10010 0.36255 0.10010 0.144531 -0.77881 0.226685 
0.22217 0.25757 0.2930 0.168701 -0.95947 0.264282 
0.38696 0.9888 0.26245 0.194946 -0.111328 0.295410 
0.59204 -0.10010 -0.5005 0.221558 -0.120483 0.318848 
0.81665 -0.33691 -0.18555 0.244629 -0.124756 0.333740 
0.106934 -0.57617 -0.34668 0.229004 -0.122314 0.338745 
0.131592 -0.80933 -0.51025 0.267700 -0.113770 0.335327 
0.152954 -0.102295 -0.66650 0.267700 -0.102783 0.327026 
0.170898 -0.118530 -0.81055 0.268066 -0.124390 0.317383 
0.182007 -0.126221 -0.100586 0.263306 -0.69580 0.302979 
0.205078 -0.147705 -0.104736 0.257080 -0.100830 0.311646 
0.223633 -0.160400 -0.110107 0.243042 -0.103027 0.326416 
0.229614 -0.174072 -0.131348 0.223999 -0.107300 0.315552 
0.241333 -0.184814 -0.160156 0.212524 -0.129517 0.315796 
0.258911 -0.199341 -0.179199 0.213379 -0.160889 0.284546 
0.267212 -0.214478 -0.199097 0.210571 -0.186401 0.253784 
0.270996 -0.224121 -0.217773 0.201538 -0.202759 0.229492 
0.272949 -0.230469 -0.235230 0.186523 -0.208618 0.209961 
0.272949 -0.234863 -0.251587 0.167969 -0.207275 0.190918 
0.273926 -0.237183 -0.263672 0.149902 -0.200562 0.170166 
0.273315 -0.237427 -0.271484 0.133301 -0.188721 0.148438 
0.270142 -0.237427 -0.275024 0.118408 -0.172241 0.126953 
0.264771 -0.235474 -0.275147 0.104858 -0.152588 0.106567 
0.257935 -0.232178 -0.273315 0.93506 -0.131836 0.87524 
0.251221 -0.228638 -0.269531 0.85083 -0.110352 0.69946 
0.245239 -0.225098 -0.269531 0.78491 -0.88745 0.53955 
0.239502 -0.221558 -0.263794 0.72388 -0.67749 0.39673 
0.233398 -0.217896 -0.256958 0.65552 -0.47974 0.26978 
0.226685 -0.213989 -0.250244 0.65552 -0.30884 0.16113 
0.220337 -0.209595 -0.242920 0.57373 -0.17456 0.6958 
0.214233 -0.204956 -0.235474 0.47363 -0.6958 -0.854 
0.208252 -0.199463 -0.226318 0.36255 -0.6958 -0.7202 
0.201660 -0.193481 -0.216797 0.24048 0.244 -0.11963 
0.194336 -0.186646 -0.207153 0.11719 0.4517 -0.15625 
0.187256 -0.180176 -0.197266 0.732 0.6226 -0.18555 
0.181396 -0.173828 -0.187378 -0.8423 0.6348 -0.18555 
0.176392 -0.167847 -0.179321 -0.16357 0.5371 -0.20874 
0.171753 -0.162476 -0.171265 -0.22583 0.4517 -0.23071 
0.168091 -0.157593 -0.162964 -0.27466 0.4150 -0.25269 
0.168091 -0.152710 -0.155273 -0.30640 0.4028 -0.27344 
0.165039 -0.148438 -0.148804 -0.32471 0.3784 -0.29053 
0.162109 -0.145020 -0.143311 -0.32959 0.3174 -0.30273 
0.159912 -0.145020 -0.138916 -0.32959 0.2197 -0.31006 
0.158203 -0.141846 -0.135254 -0.32471 0.1221 -0.31128 
0.156738 -0.138916 -0.131714 -0.31616 0.488 -0.30640 
0.154785 -0.136108 -0.129028 -0.30273 0.00 -0.29541 
0.153076 -0.133545 -0.129028 -0.27710 -0.122 -0.28076 
0.152344 -0.131714 -0.127319 -0.24536 0.00 -0.26489 
0.152466 -0.130981 -0.126953 -0.21240 0.488 -0.25269 
0.152710 -0.130737 -0.127563 -0.21240 0.1343 -0.24414 
0.152588 -0.130737 -0.128540 -0.18555 0.1831 -0.23315 
0.151733 -0.130371 -0.129761 -0.17090 0.1709 -0.20874 
0.151611 -0.130127 -0.130981 -0.17456 0.1709 -0.17578 
0.151733 -0.129761 -0.131348 -0.18066 0.977 -0.14526 
0.152100 -0.129883 -0.131836 -0.17822 -0.854 -0.11963 
0.152710 -0.129761 -0.132446 -0.16724 -0.2930 -0.10132 
0.153076 -0.130005 -0.132813 -0.15137 -0.4395 -0.10132 
0.153320 -0.130371 -0.133423 -0.12939 -0.5249 -0.9033 
0.153687 -0.130493 -0.134521 -0.10132 -0.5493 -0.8057 
0.153809 -0.130371 -0.135864 -0.7324 -0.5127 -0.6714 
0.153809 -0.130859 -0.137939 -0.5127 -0.4395 -0.5249 
0.153076 -0.131348 -0.140015 -0.4150 -0.3418 -0.3296 
0.152588 -0.131836 -0.141724 -0.4028 -0.2563 -0.1343 
0.152710 -0.132568 -0.142822 -0.3906 -0.1953 0.366 
0.153198 -0.132568 -0.144043 -0.3784 -0.1831 0.1831 
0.154419 -0.133545 -0.145264 -0.2930 -0.1709 0.2930 
0.155762 -0.134888 -0.147339 -0.2319 -0.1343 0.3296 
0.157105 -0.136108 -0.147339 -0.2319 -0.366 0.3296 
0.158203 -0.136963 -0.148193 -0.2441 0.1099 0.3052 
0.159058 -0.137329 -0.148193 -0.2686 0.2563 0.2808 
0.159668 -0.137451 -0.148438 -0.2686 0.3784 0.2686 
0.160156 -0.137329 -0.148193 -0.3052 0.4517 0.2319 
0.160522 -0.137451 -0.147827 -0.4028 0.4639 0.1953 
