-0.89722 0.5493 0.226685 0.15503 -0.3906 -0.11841 
-0.94604 0.6226 0.227539 0.13916 -0.3906 -0.11841 
-0.101074 0.7080 0.225952 0.15503 -0.5371 -0.7813 
-0.104126 0.9033 0.223389 0.18555 -0.2441 -0.1831 
-0.102173 0.9155 0.219727 0.21729 0.732 -0.1831 
-0.97656 0.7935 0.216797 0.21973 0.4883 0.2808 
-0.91553 0.8545 0.214111 0.17700 0.11230 0.3296 
-0.85571 0.6470 0.212280 0.10986 0.15015 -0.366 
-0.85571 0.6226 0.212280 0.3418 0.15625 -0.6592 
-0.83130 0.9521 0.216309 -0.2686 0.13306 -0.12939 
-0.84229 0.13672 0.221069 -0.4028 0.5615 -0.16113 
-0.88501 0.17334 0.222900 0.2075 -0.9033 -0.13672 
-0.92529 0.17334 0.223511 0.15381 -0.34668 -0.6592 
-0.93506 0.18677 0.226318 0.34668 -0.68604 0.3174 
-0.90942 0.20386 0.232544 0.53589 -0.91064 0.12573 
-0.86182 0.22095 0.232544 0.64453 -0.88989 0.17700 
-0.82275 0.22705 0.230469 0.63477 -0.75806 0.16724 
-0.78735 0.24048 0.228882 0.86182 -0.58594 0.9277 
-0.84839 0.21851 0.219971 0.32715 -0.37476 0.4395 
-0.82397 0.25146 0.222412 0.32715 -0.23682 0.1343 
-0.84961 0.23926 0.223877 0.3784 -0.11230 -0.1709 
-0.88745 0.24292 0.223999 -0.13916 -0.25391 -0.3174 
-0.92773 0.20874 0.222900 -0.25513 0.5859 -0.3662 
-0.98633 0.18433 0.230347 -0.42358 0.16968 -0.2563 
-0.101318 0.18311 0.236572 -0.54077 0.19409 -0.30640 
-0.100342 0.17212 0.240112 -0.49072 0.19897 0.610 
-0.96069 0.15869 0.239258 -0.37720 0.17700 0.3662 
-0.92407 0.16235 0.235718 -0.31738 0.15625 0.4028 
-0.88623 0.14648 0.236938 -0.36621 0.14648 0.4639 
-0.87280 0.13306 0.241943 -0.47852 0.13062 0.4517 
-0.87280 0.13184 0.249634 -0.58594 0.10010 0.3174 
-0.87524 0.14404 0.258789 -0.66406 0.6104 0.2441 
-0.89478 0.15381 0.269897 -0.71899 0.2197 0.2686 
-0.92407 0.15381 0.284058 -0.75928 -0.1221 0.3906 
-0.95947 0.15991 0.301880 -0.77393 -0.4639 0.6104 
-0.100098 0.19897 0.289673 -0.75806 -0.9888 0.10376 
-0.103760 0.25635 0.320923 -0.69580 -0.18921 0.17334 
-0.106812 0.29785 0.338745 -0.57983 -0.34058 0.25391 
-0.108643 0.31006 0.354126 -0.43091 -0.56396 0.32837 
-0.109497 0.31494 0.364746 -0.56885 -0.81909 0.39551 
-0.109619 0.30273 0.374268 -0.25635 -0.103394 0.45166 
-0.109985 0.29175 0.377686 -0.5859 -0.122681 0.50415 
-0.112061 0.25024 0.381958 0.12817 -0.103760 0.52979 
-0.112427 0.23438 0.386353 0.22217 -0.135010 0.54443 
-0.112061 0.22583 0.388916 0.25513 -0.139648 0.56763 
-0.110962 0.21606 0.389404 0.29419 -0.139893 0.59937 
-0.107788 0.21118 0.388550 0.35400 -0.139038 0.59937 
-0.104126 0.21362 0.385620 0.43335 -0.138916 0.63599 
-0.100220 0.20264 0.380127 0.53223 -0.140991 0.67871 
-0.96436 0.18799 0.371826 0.64453 -0.144653 0.71167 
-0.94727 0.17456 0.361572 0.76050 -0.148438 0.73364 
-0.94727 0.14526 0.347046 0.86060 -0.144043 0.75073 
-0.91309 0.11719 0.337036 0.88623 -0.133301 0.74829 
-0.88013 0.5981 0.329224 0.91309 -0.128906 0.72388 
-0.87280 0.5981 0.319824 0.101929 -0.123169 0.69458 
-0.84473 0.1343 0.314087 0.113281 -0.116821 0.67139 
-0.82031 0.488 0.339233 0.122070 -0.115967 0.65063 
-0.80811 0.610 0.300171 0.131348 -0.118652 0.62134 
-0.80811 0.1709 0.300171 0.143433 -0.124878 0.59937 
-0.81909 0.1831 0.288696 0.126465 -0.134033 0.59570 
-0.82397 0.1221 0.275879 0.172363 -0.147339 0.60181 
-0.81909 -0.1709 0.260132 0.172363 -0.162354 0.61035 
-0.80078 -0.5737 0.243774 0.186646 -0.176025 0.62134 
-0.75439 -0.6714 0.228271 0.199707 -0.186890 0.63599 
-0.68970 -0.6348 0.213257 0.210205 -0.186890 0.64087 
-0.61035 -0.3662 0.197998 0.218262 -0.193726 0.62744 
-0.52246 -0.610 0.182617 0.224731 -0.194092 0.91187 
-0.44556 0.2563 0.165283 0.229858 -0.188721 0.56396 
-0.37109 0.5615 0.146606 0.233398 -0.179321 0.56396 
-0.29663 0.9033 0.127563 0.235230 -0.167969 0.52368 
-0.21606 0.12329 0.108032 0.234375 -0.157105 0.48584 
-0.13550 0.15015 0.88135 0.230591 -0.148071 0.45288 
-0.13550 0.17334 0.69458 0.224243 -0.139648 0.42969 
-0.4761 0.20752 0.52856 0.215698 -0.129883 0.41504 
0.4517 0.24658 0.37842 0.204468 -0.118896 0.41016 
0.12695 0.24658 0.25269 0.190918 -0.107178 0.40771 
0.19653 0.27710 0.15259 0.175049 -0.93750 0.40405 
0.26611 0.30884 0.7080 0.157227 -0.78003 0.40039 
0.31494 0.33691 0.31006 0.138062 -0.61523 0.39429 
0.35400 0.35278 -0.244 0.116943 -0.45410 0.38574 
0.39551 0.37109 -0.5737 0.94604 -0.31128 0.37842 
0.43823 0.39063 -0.12207 0.102417 -0.18921 0.36621 
0.46875 0.39307 -0.16968 0.71167 -0.9888 0.34546 
0.48462 0.37598 -0.18433 0.45044 -0.3052 0.32593 
0.48462 0.36133 -0.17090 0.17456 -0.26245 0.31616 
0.47607 0.35522 -0.12329 -0.8911 0.5005 0.31372 
0.46265 0.35522 -0.5859 -0.34058 0.14526 0.30762 
0.44800 0.35522 0.1831 -0.58228 0.25269 0.29663 
0.43945 0.36011 0.13062 -0.81909 0.37476 0.28564 
0.43823 0.35767 0.26978 -0.104126 0.50293 0.28564 
0.43823 0.35034 0.41992 -0.122803 0.64697 0.27344 
0.42480 0.34302 0.54932 -0.138184 0.81787 0.25146 
0.39551 0.32837 0.65063 -0.151733 0.99609 0.21484 
0.39551 0.29297 0.73486 -0.164551 0.115356 0.16479 
0.35767 0.23926 0.82642 -0.177368 0.129028 0.9399 
0.30640 0.18677 0.95581 -0.189819 0.141480 0.366 
0.25757 0.18677 0.111694 -0.200562 0.152344 -0.9399 
0.20996 0.16113 0.128662 -0.208130 0.161255 -0.18921 
0.15869 0.16357 0.145020 -0.213379 0.168945 -0.28198 
0.10254 0.19165 0.128540 -0.216675 0.173584 -0.37231 
0.5249 0.23438 0.159790 -0.216919 0.174316 -0.46143 
0.00 0.26733 0.171387 -0.214722 0.172852 -0.55054 
-0.7324 0.26733 0.178711 -0.213501 0.171265 -0.63721 
-0.17090 0.23560 0.182861 -0.213501 0.171509 -0.71411 
-0.27100 0.19409 0.189209 -0.213623 0.174927 -0.78003 
-0.36133 0.15991 0.198975 -0.214844 0.181274 -0.83008 
-0.44434 0.14648 0.212402 -0.216187 0.159058 -0.86548 
-0.52734 0.14771 0.227173 -0.217529 0.190308 -0.88501 
-0.60425 0.15625 0.241211 -0.219482 0.201294 -0.89111 
-0.68970 0.16479 0.254517 -0.220459 0.210938 -0.89722 
-0.77881 0.14160 0.266357 -0.218506 0.216675 -0.89722 
-0.85938 0.10742 0.278931 -0.214233 0.218750 -0.90454 
-0.94116 0.5127 0.292236 -0.208984 0.216553 -0.90210 
-0.101318 -0.488 0.307373 -0.202515 0.211182 -0.89111 
-0.101318 -0.3784 0.322388 -0.195557 0.204102 -0.86914 
-0.107910 -0.6104 0.336670 -0.187988 0.194946 -0.84229 
-0.114136 -0.7568 0.349365 -0.179688 0.184204 -0.82275 
-0.119263 -0.8057 0.360962 -0.170898 0.173096 -0.81177 
-0.123901 -0.8057 0.369629 -0.160767 0.161377 -0.79712 
-0.128540 -0.8179 0.344727 -0.149414 0.148804 -0.77271 
-0.134033 -0.9644 0.381470 -0.136719 0.135498 -0.73608 
-0.138672 -0.11719 0.381470 -0.122803 0.121582 -0.67505 
-0.141724 -0.13550 0.386353 -0.106934 0.107056 -0.58960 
-0.142578 -0.14526 0.389160 -0.120483 0.93018 -0.49194 
-0.141113 -0.15259 0.389648 -0.89233 0.79834 -0.38940 
-0.137329 -0.16357 0.386108 -0.71777 0.68359 -0.29053 
-0.132568 -0.17578 0.378296 -0.55908 0.90576 -0.20874 
-0.127930 -0.18066 0.368408 -0.42480 0.52124 -0.14893 
-0.124146 -0.18188 0.357178 -0.32104 0.52124 -0.10010 
-0.121094 -0.18433 0.345093 -0.23071 0.45654 -0.5249 
-0.118042 -0.18555 0.332886 -0.15137 0.38940 -0.488 
-0.115112 -0.18677 0.321655 -0.8301 0.31738 -0.488 
-0.111938 -0.18921 0.310669 -0.1587 0.24048 0.4517 
-0.108398 -0.18677 0.299805 0.4517 0.17578 0.9155 
-0.105347 -0.18066 0.288330 0.9521 0.12817 0.13062 
-0.105347 -0.17456 0.276855 0.14160 0.9399 0.16357 
-0.102173 -0.17944 0.266357 0.17334 0.6958 0.18799 
-0.99365 -0.18921 0.257080 0.18433 0.4395 0.20020 
-0.97168 -0.20020 0.248413 0.18921 0.977 0.20264 
-0.95215 -0.20020 0.241089 0.19165 -0.3540 0.19897 
-0.93750 -0.21484 0.234375 0.18433 -0.7690 0.18433 
-0.92529 -0.23071 0.229370 0.16846 -0.10742 0.15991 
-0.92041 -0.24048 0.229370 0.14771 -0.12939 0.13306 
-0.91553 -0.23560 0.225830 0.13184 -0.14404 0.11108 
-0.91431 -0.23193 0.223389 0.11719 -0.15747 0.9888 
-0.91187 -0.22339 0.221680 0.11719 -0.17334 0.10010 
-0.90942 -0.21851 0.219360 0.10742 -0.18433 0.10986 
-0.89966 -0.21484 0.217041 0.10254 -0.18921 0.11841 
-0.88745 -0.21484 0.215332 0.9644 -0.17944 0.12451 
-0.86914 -0.21606 0.214355 0.9277 -0.17944 0.12329 
