0.248169 -0.38452 -0.58594 0.15503 0.610 0.7813 
0.246094 -0.38696 -0.58594 0.16113 0.4272 0.8057 
0.242920 -0.37598 -0.59204 0.15259 0.6836 0.8057 
0.244385 -0.35889 -0.58838 0.14771 0.9155 0.8423 
0.245239 -0.34668 -0.58472 0.14771 0.9399 0.9521 
0.247437 -0.35034 -0.59326 0.14771 0.7813 0.9766 
0.248779 -0.35645 -0.60913 0.15015 0.5859 0.9644 
0.250855 -0.36987 -0.62500 0.14038 0.3540 0.9521 
0.252930 -0.38086 -0.63232 0.11841 0.3540 0.8667 
0.254639 -0.39063 -0.62256 0.9521 -0.1221 0.6592 
0.255005 -0.39795 -0.61035 0.8545 -0.8301 0.3662 
0.254639 -0.39307 -0.59570 0.7690 -0.15503 0.3662 
0.256592 -0.37354 -0.59326 0.5981 -0.22095 -0.488 
0.259277 -0.37109 -0.58594 0.5615 -0.29907 -0.6714 
0.260986 -0.37598 -0.60669 0.5249 -0.33081 -0.15991 
0.260376 -0.39063 -0.64575 0.2197 -0.30273 -0.28931 
0.260376 -0.39551 -0.73730 -0.4761 -0.20996 -0.44434 
0.257446 -0.44434 -0.71777 -0.15381 -0.5615 -0.55664 
0.258667 -0.45410 -0.71777 -0.24658 0.10620 -0.59204 
0.257080 -0.45410 -0.74829 -0.26733 0.26855 -0.56396 
0.260254 -0.42358 -0.78369 -0.21484 0.40527 -0.50293 
0.266846 -0.39307 -0.82886 -0.13550 0.54565 -0.45166 
0.276001 -0.40649 -0.82886 -0.11719 0.68481 -0.47241 
0.287109 -0.45410 -0.86670 -0.13428 0.81543 -0.60791 
0.302002 -0.46631 -0.89966 -0.11475 0.97412 -0.80566 
0.318115 -0.37964 -0.96436 -0.4395 0.121826 -0.95581 
0.333740 -0.28931 -0.109375 -0.4395 0.153198 -0.100586 
0.348999 -0.30273 -0.118042 -0.488 0.148926 -0.105347 
0.364624 -0.31494 -0.119751 -0.6958 0.169556 -0.114136 
0.380493 -0.33447 -0.116089 -0.16968 0.200806 -0.123901 
0.398682 -0.34424 -0.108398 -0.23804 0.214111 -0.133545 
0.417847 -0.32959 -0.96313 -0.26245 0.219605 -0.145874 
0.434326 -0.33691 -0.81177 -0.22949 0.218384 -0.145874 
0.444092 -0.33447 -0.60059 -0.17822 0.211304 -0.166138 
0.445801 -0.30151 -0.41260 -0.18677 0.206787 -0.193604 
0.438477 -0.25757 -0.22705 -0.21606 0.202759 -0.217773 
0.458252 -0.16968 -0.5371 -0.21606 0.195923 -0.237183 
0.427002 -0.8545 0.12695 -0.19775 0.186157 -0.251709 
0.416260 -0.31006 0.26611 -0.20020 0.175781 -0.256226 
0.400879 0.8179 0.36133 -0.19897 0.158936 -0.254639 
0.381226 0.8179 0.45166 -0.15259 0.134521 -0.252075 
0.360352 0.15747 0.51270 -0.6592 0.102539 -0.250000 
0.338623 0.22461 0.54810 0.7568 0.65918 -0.252319 
0.316528 0.28320 0.54810 0.25879 0.27100 -0.260376 
0.292358 0.32959 0.58228 0.45166 -0.13184 -0.271606 
0.266357 0.38696 0.60791 0.31982 -0.51025 -0.282349 
0.239502 0.41260 0.64209 0.78369 -0.83862 -0.290527 
0.212646 0.42847 0.65796 0.78369 -0.109619 -0.294678 
0.187500 0.45776 0.64819 0.92041 -0.96436 -0.293701 
0.164917 0.48584 0.62012 0.103760 -0.139160 -0.287842 
0.144775 0.51147 0.56519 0.111328 -0.139160 -0.276978 
0.126343 0.53955 0.48340 0.114624 -0.143555 -0.260010 
0.109497 0.55664 0.39063 0.113403 -0.141724 -0.268555 
0.94360 0.54565 0.29907 0.108521 -0.135742 -0.242065 
0.80322 0.49683 0.20874 0.101196 -0.126831 -0.210815 
0.67871 0.48096 0.10620 0.92041 -0.115234 -0.182251 
0.88135 0.44922 -0.122 0.81299 -0.101318 -0.151611 
0.48584 0.40894 -0.11353 0.68237 -0.86426 -0.120972 
0.48584 0.38086 -0.21973 0.52002 -0.71289 -0.91675 
0.43091 0.36987 -0.31494 0.33447 -0.55786 -0.65063 
0.38940 0.36865 -0.39307 0.14038 -0.40283 -0.41748 
0.35278 0.36865 -0.47974 -0.4639 -0.24658 -0.22583 
0.32227 0.36377 -0.54810 -0.19897 -0.10132 -0.8789 
0.28076 0.37231 -0.57495 -0.31738 0.3540 0.366 
0.23804 0.38452 -0.58228 -0.41260 0.17700 0.6226 
0.19409 0.41992 -0.58228 -0.47729 0.32715 0.10986 
0.15015 0.45898 -0.58838 -0.50049 0.48096 0.15991 
0.11108 0.48584 -0.59204 -0.48950 0.63354 0.22705 
0.8545 0.50049 -0.60181 -0.48950 0.77515 0.32471 
0.9155 0.49683 -0.60425 -0.46265 0.89722 0.45898 
0.13550 0.47607 -0.59204 -0.43945 0.68848 0.62866 
0.21118 0.44556 -0.57007 -0.42847 0.100098 0.82397 
0.30640 0.41016 -0.53467 -0.43701 0.108765 0.102783 
0.42114 0.38452 -0.48096 -0.47119 0.116211 0.122314 
0.55786 0.35645 -0.40771 -0.53955 0.122803 0.107910 
0.71167 0.34546 -0.31128 -0.63721 0.129761 0.139160 
0.86670 0.34790 -0.20630 -0.75928 0.137817 0.152710 
0.70313 0.35522 -0.10132 -0.89478 0.146362 0.164551 
0.117065 0.35767 -0.488 -0.103394 0.154297 0.176025 
0.117065 0.36499 0.8545 -0.116455 0.159546 0.187988 
0.135376 0.38574 0.16724 -0.127930 0.160156 0.199951 
0.157837 0.41016 0.25513 -0.137939 0.155518 0.209839 
0.182983 0.41016 0.35400 -0.147339 0.146851 0.214844 
0.205933 0.42480 0.48462 -0.155884 0.135498 0.213867 
0.226563 0.44556 0.33447 -0.161865 0.123169 0.209106 
0.247070 0.46753 0.82275 -0.164551 0.110107 0.202637 
0.271973 0.42114 0.82275 -0.161499 0.94360 0.206299 
0.287109 0.48950 0.93384 -0.179810 0.89722 0.204224 
0.311646 0.48706 0.108887 -0.137085 0.91187 0.200073 
0.334595 0.44556 0.116333 -0.137085 0.111450 0.207275 
0.355957 0.44800 0.129883 -0.124634 0.126953 0.212158 
0.355225 0.51880 0.115234 -0.124634 0.152466 0.186401 
0.362305 0.50415 0.114014 -0.105713 0.121216 0.152710 
0.380493 0.47485 0.121582 -0.79102 0.106079 0.130981 
0.397461 0.41382 0.127075 -0.58228 0.91919 0.151855 
0.410278 0.34180 0.125854 -0.45044 0.82397 0.115234 
0.419434 0.28931 0.119263 -0.36499 0.72021 0.115234 
0.424805 0.24170 0.109985 -0.28320 0.55542 0.109375 
0.425049 0.19165 0.102295 -0.19043 0.34180 0.102173 
0.420898 0.15747 0.96558 -0.11475 0.14404 0.94482 
0.420898 0.14404 0.90698 -0.8057 -0.1099 0.86182 
0.412476 0.14648 0.86060 -0.7080 -0.12573 0.76660 
0.400757 0.15381 0.83008 -0.5981 -0.20630 0.65552 
0.386597 0.16235 0.81055 -0.3418 -0.25024 0.54321 
0.370850 0.16235 0.79590 0.732 -0.26123 0.43457 
0.354858 0.15259 0.77271 0.5493 -0.24658 0.34790 
0.340454 0.13184 0.73730 0.10376 -0.21362 0.29785 
0.326782 0.11230 0.73730 0.15381 -0.16846 0.26489 
0.313721 0.9521 0.68604 0.19409 -0.12695 0.23071 
0.302612 0.7446 0.63965 0.21851 -0.10010 0.20264 
0.292114 0.5371 0.59814 0.21851 -0.8789 0.18677 
0.281860 0.3418 0.55908 0.22827 -0.8789 0.17944 
0.272339 0.1709 0.52368 0.22217 -0.9766 0.17456 
0.263916 0.732 0.49683 0.20264 -0.11353 0.16846 
0.255981 0.00 0.48584 0.17944 -0.11353 0.15991 
0.249023 -0.244 0.47852 0.15747 -0.13184 0.15015 
0.243042 -0.488 0.47852 0.14038 -0.14526 0.13550 
0.237793 -0.488 0.48340 0.12451 -0.14893 0.13550 
0.233765 -0.244 0.48828 0.10864 -0.14282 0.11719 
0.230713 0.244 0.49194 0.9277 -0.12695 0.9644 
0.227905 0.854 0.49194 0.7935 -0.10254 0.7690 
0.227905 0.1587 0.48950 0.6592 -0.7568 0.5981 
0.225830 0.2197 0.48706 0.5615 -0.4639 0.4272 
0.223999 0.2319 0.49194 0.4639 -0.1953 0.2930 
0.222412 0.2808 0.49194 0.3784 0.366 0.2319 
0.221436 0.2808 0.48950 0.3540 0.1709 0.2563 
0.221436 0.3540 0.48950 0.4028 0.2075 0.3174 
0.222778 0.4028 0.48828 0.4883 0.1709 0.3784 
0.225708 0.4150 0.48828 0.5493 0.1343 0.4272 
0.228760 0.3784 0.49072 0.5615 0.1465 0.4639 
0.232422 0.3174 0.49072 0.5127 0.2075 0.4395 
0.236328 0.2563 0.49316 0.5127 0.3052 0.3662 
0.240234 0.2075 0.49194 0.4150 0.4028 0.2563 
0.243286 0.1587 0.48706 0.3052 0.4761 0.1343 
0.245605 0.977 0.48340 0.1709 0.5371 0.244 
0.248169 0.610 0.48096 0.122 0.5371 -0.610 
0.249756 0.610 0.48462 -0.1831 0.5615 -0.1465 
0.251099 0.854 0.49194 -0.3784 0.5493 -0.2075 
0.252197 0.1221 0.51147 -0.5371 0.4761 -0.2075 
0.253174 0.1709 0.53345 -0.6348 0.3784 -0.2197 
0.253784 0.2563 0.55176 -0.6714 0.3052 -0.1709 
0.254028 0.3418 0.56763 -0.6592 0.2808 -0.1099 
0.254028 0.3784 0.57983 -0.5859 0.2686 -0.732 
0.254517 0.3906 0.59082 -0.4761 0.2808 -0.366 
0.255249 0.3906 0.59326 -0.3540 0.2930 0.00 
0.255249 0.3662 0.59204 -0.2563 0.2930 0.122 
0.254761 0.3662 0.58472 -0.1709 0.2441 0.488 
0.254028 0.3662 0.57861 -0.977 0.1587 0.977 
0.253540 0.3540 0.57373 -0.366 0.366 0.1709 
0.253174 0.3540 0.57373 0.366 -0.977 0.2563 
