0.248657 -0.88623 -0.62378 0.18921 -0.37720 0.37231 
0.215088 -0.94482 -0.72998 0.33813 -0.39917 0.33447 
0.215088 -0.89478 -0.75073 0.59570 -0.17578 0.32471 
0.230957 -0.78125 -0.75562 0.82520 0.21118 0.29907 
0.242432 -0.70801 -0.73120 0.87769 0.39795 0.25513 
0.250244 -0.70801 -0.75684 0.74707 0.42725 0.18311 
0.256714 -0.72754 -0.77393 0.57861 0.43823 0.8789 
0.263428 -0.71167 -0.77271 0.43335 0.42236 -0.732 
0.266480 -0.71533 -0.77271 0.28564 0.32837 -0.9033 
0.264893 -0.74707 -0.73120 0.16479 0.18677 -0.16235 
0.263916 -0.74707 -0.67505 0.10498 0.1587 -0.22461 
0.263672 -0.71899 -0.61768 0.8057 -0.18799 -0.28687 
0.261963 -0.67627 -0.57251 0.8057 -0.40894 -0.33691 
0.262085 -0.63843 -0.55786 0.5371 -0.62378 -0.31372 
0.253418 -0.62622 -0.57617 0.366 -0.49194 -0.23926 
0.243042 -0.62500 -0.61035 -0.4272 -0.80444 -0.14526 
0.231201 -0.61279 -0.64331 -0.5005 -0.94116 -0.5615 
0.220093 -0.59570 -0.70190 -0.1465 -0.103638 -0.28931 
0.213867 -0.62622 -0.67139 0.6836 -0.110352 0.2319 
0.205688 -0.64209 -0.64941 0.15991 -0.109131 0.6714 
0.202026 -0.66895 -0.66650 0.23560 -0.107544 0.11230 
0.200562 -0.68848 -0.68237 0.29419 -0.103760 0.14648 
0.199707 -0.69336 -0.69824 0.31494 -0.99976 0.18433 
0.199707 -0.71655 -0.72876 0.30029 -0.98633 0.23071 
0.197266 -0.74219 -0.77637 0.28809 -0.97534 0.27710 
0.194946 -0.75317 -0.82275 0.30029 -0.93994 0.32471 
0.192871 -0.75317 -0.86304 0.31860 -0.89844 0.37476 
0.191772 -0.75562 -0.90210 0.30884 -0.88135 0.42480 
0.193726 -0.76782 -0.63110 0.26611 -0.88257 0.47241 
0.198364 -0.78613 -0.94360 0.21851 -0.88501 0.51636 
0.204956 -0.80200 -0.98877 0.18799 -0.86792 0.55298 
0.212280 -0.82886 -0.103638 0.17334 -0.83130 0.57617 
0.219482 -0.86426 -0.109863 0.15869 -0.77271 0.57861 
0.227173 -0.89844 -0.117554 0.15869 -0.69336 0.56396 
0.234497 -0.92163 -0.124756 0.14038 -0.59937 0.53101 
0.241821 -0.93384 -0.131958 0.11353 -0.49072 0.48340 
0.250610 -0.94238 -0.141968 0.7568 -0.49072 0.42725 
0.262451 -0.98389 -0.154541 0.4028 -0.35278 0.36987 
0.278687 -0.107544 -0.170898 0.1709 -0.16479 0.31860 
0.298462 -0.122070 -0.191528 0.2808 0.8423 0.58105 
0.317993 -0.139282 -0.214600 0.11108 0.40649 0.26855 
0.333130 -0.157105 -0.234253 0.28198 0.80566 0.20874 
0.314819 -0.172607 -0.248779 0.52124 0.127441 0.12451 
0.357910 -0.184814 -0.257324 0.81299 0.180542 0.1343 
0.357910 -0.195679 -0.257324 0.114014 0.239258 -0.13184 
0.368408 -0.197510 -0.234863 0.139893 0.288574 -0.32593 
0.379395 -0.193481 -0.217529 0.115112 0.292725 -0.57495 
0.387695 -0.193481 -0.204834 0.44189 0.277222 -0.90942 
0.390625 -0.190308 -0.181274 -0.15869 0.270142 -0.131592 
0.389648 -0.184082 -0.183350 -0.53955 0.271973 -0.174927 
0.384888 -0.174194 -0.152466 -0.85449 0.266113 -0.212280 
0.377563 -0.162842 -0.121216 -0.113281 0.252686 -0.238525 
0.366943 -0.151367 -0.95703 -0.103271 0.228271 -0.255615 
0.354858 -0.139893 -0.72266 -0.149902 0.197510 -0.266724 
0.341431 -0.126587 -0.49316 -0.149902 0.163330 -0.274536 
0.327026 -0.111816 -0.26978 -0.161499 0.125122 -0.281006 
0.308350 -0.93994 -0.8545 -0.167603 0.146484 -0.287231 
0.286011 -0.76294 0.6348 -0.167969 0.83984 -0.294312 
0.264404 -0.58228 0.19531 -0.165527 0.40283 -0.300781 
0.247192 -0.39673 0.29785 -0.159424 -0.2319 -0.305420 
0.231445 -0.24048 0.36865 -0.147705 -0.38818 -0.307251 
0.217773 -0.12695 0.41992 -0.133789 -0.65918 -0.307251 
0.204712 -0.5371 0.45532 -0.122803 -0.84106 -0.306519 
0.191772 -0.610 0.46021 -0.114990 -0.94849 -0.303345 
0.210815 0.3418 0.47363 -0.108643 -0.99365 -0.297241 
0.179565 0.6958 0.48096 -0.104248 -0.98022 -0.288208 
0.166992 0.9766 0.46753 -0.101685 -0.92285 -0.276855 
0.156128 0.11475 0.44678 -0.99243 -0.85571 -0.262451 
0.146606 0.11475 0.43213 -0.96558 -0.79102 -0.245483 
0.138184 0.10986 0.42358 -0.93384 -0.70679 -0.224121 
0.129150 0.8545 0.39673 -0.90332 -0.58716 -0.196289 
0.116211 0.10498 0.33569 -0.88135 -0.44189 -0.167480 
0.103394 0.14648 0.33569 -0.86792 -0.32227 -0.140747 
0.89355 0.20142 0.26733 -0.86548 -0.22583 -0.116699 
0.75195 0.25757 0.20020 -0.87280 -0.15015 -0.94360 
0.61523 0.31372 0.13672 -0.87280 -0.10864 -0.73364 
0.48584 0.36743 0.7813 -0.87280 -0.10498 -0.53589 
0.35034 0.41626 0.2930 -0.84595 -0.14404 -0.34790 
0.22217 0.46875 -0.1831 -0.79590 -0.14404 -0.16846 
0.10376 0.52002 -0.6104 -0.72632 -0.22949 0.1465 
-0.977 0.56396 -0.10376 -0.62500 -0.35034 0.21973 
-0.10742 0.59448 -0.14038 -0.48584 -0.48950 0.14648 
-0.18555 0.61523 -0.17212 -0.31860 -0.62256 0.45898 
-0.23926 0.62012 -0.20020 -0.13672 -0.72754 0.72388 
-0.26489 0.59570 -0.22217 0.4395 -0.79224 0.99854 
-0.24902 0.54443 -0.23682 0.21240 -0.80933 0.127197 
-0.24902 0.46387 -0.24292 0.36743 -0.78125 0.153809 
-0.19409 0.35156 -0.23682 0.51636 -0.71411 0.178955 
-0.8667 0.54077 -0.23560 0.66284 -0.61401 0.201904 
0.7568 0.9521 -0.24414 0.80566 -0.48462 0.222046 
0.27222 0.9521 -0.25391 0.93506 -0.33081 0.239746 
0.50903 -0.3296 -0.26855 0.103516 -0.15991 0.253784 
0.76904 -0.15869 -0.27588 0.110352 0.2686 0.263916 
0.107300 -0.26978 -0.27588 0.113525 0.22339 0.269653 
0.140747 -0.35767 -0.27100 0.113403 0.40894 0.271118 
0.177124 -0.43457 -0.25513 0.111816 0.56763 0.268921 
0.214844 -0.51270 -0.24536 0.111816 0.69824 0.262573 
0.252441 -0.58472 -0.41260 0.110107 0.70068 0.252563 
0.298950 -0.79590 -0.28442 0.107544 0.66772 0.263184 
0.335205 -0.83008 -0.29419 0.95337 0.97778 0.260376 
0.364258 -0.86792 -0.38208 0.76538 0.129028 0.239136 
0.384766 -0.87524 -0.40894 0.60913 0.136597 0.241577 
0.394287 -0.86182 -0.39063 0.54565 0.128784 0.216309 
0.395752 -0.84839 -0.41382 0.48828 0.110352 0.185059 
0.401855 -0.89844 -0.25879 0.42847 0.87036 0.170898 
0.400757 -0.91797 -0.44678 0.15625 0.74341 0.175049 
0.399414 -0.97534 -0.61401 -0.8667 0.15259 0.184448 
0.399414 -0.101440 -0.75317 0.2197 -0.50293 0.187378 
0.399292 -0.107056 -0.90576 0.34058 -0.101563 0.177246 
0.395752 -0.112793 -0.103149 0.58228 -0.132690 0.160522 
0.391357 -0.117676 -0.112305 0.65430 -0.142090 0.146362 
0.385254 -0.117676 -0.123169 0.61157 -0.135620 0.135010 
0.376587 -0.120117 -0.98145 0.52124 -0.127563 0.120972 
0.365845 -0.120605 -0.136230 0.40527 -0.120972 0.102905 
0.352661 -0.117188 -0.136230 0.30029 -0.121216 0.79102 
0.342285 -0.118652 -0.139404 0.22095 -0.118042 0.56396 
0.335205 -0.121826 -0.140747 0.15869 -0.108643 0.39795 
0.328980 -0.124268 -0.143311 0.15869 -0.96313 0.29297 
0.323608 -0.125854 -0.145020 0.14893 -0.79346 0.21729 
0.317383 -0.125366 -0.144165 0.20264 -0.92041 0.12939 
0.308228 -0.123169 -0.140625 0.27466 -0.44067 0.1953 
0.296509 -0.119019 -0.135620 0.30029 -0.44067 -0.9277 
0.284058 -0.114380 -0.130371 0.26733 -0.29175 -0.18311 
0.272949 -0.109741 -0.124390 0.21118 -0.15747 -0.24292 
0.263672 -0.105591 -0.117310 0.16724 -0.4150 -0.24292 
0.255615 -0.101929 -0.108765 0.14526 0.5859 -0.27222 
0.247314 -0.97168 -0.99854 0.13550 0.16235 -0.27832 
0.239624 -0.92163 -0.91187 0.11475 0.25513 -0.29907 
0.239624 -0.87769 -0.83008 0.7690 0.31738 -0.33447 
0.233276 -0.83374 -0.75439 0.4761 0.37231 -0.35889 
0.226807 -0.78857 -0.68970 0.3540 0.40649 -0.36133 
0.220581 -0.74585 -0.63599 0.3052 0.41260 -0.34424 
0.215088 -0.74585 -0.59570 0.2808 0.38574 -0.31494 
0.210938 -0.70801 -0.57007 0.3296 0.33936 -0.28076 
0.207397 -0.67505 -0.54810 0.4028 0.28320 -0.24536 
0.204590 -0.65308 -0.54810 0.4150 0.22461 -0.20630 
0.203980 -0.64453 -0.53833 0.4150 0.16846 -0.16846 
0.204956 -0.65063 -0.54688 0.4517 0.12085 -0.13062 
0.206787 -0.66650 -0.55298 0.4028 0.9399 -0.9155 
0.209839 -0.68604 -0.56152 0.4028 0.9033 -0.5737 
0.212891 -0.70435 -0.56519 0.2563 0.10254 -0.3906 
0.215332 -0.71411 -0.56763 0.366 0.10864 -0.3052 
0.217407 -0.72510 -0.56396 -0.1709 0.10864 -0.2075 
0.219360 -0.73120 -0.55786 -0.2930 0.11597 -0.854 
0.220703 -0.73364 -0.55542 -0.2808 0.12329 -0.31006 
0.222290 -0.73364 -0.55542 -0.2319 0.12451 0.244 
0.223511 -0.73608 -0.56396 -0.1343 0.12085 0.1099 
0.224609 -0.73975 -0.57495 -0.122 0.11719 0.2075 
0.226074 -0.74829 -0.59326 0.610 0.11353 0.2686 
0.228027 -0.75684 -0.60913 0.488 0.10864 0.3052 
