0.236084 0.5249 0.61646 -0.42236 0.31494 0.26245 
0.237183 0.6226 0.62622 -0.50415 0.34180 0.22705 
0.238037 0.5859 0.62378 -0.55908 0.35400 0.22705 
0.239502 0.5493 0.62622 -0.57129 0.34424 0.19653 
0.240723 0.4150 0.62744 -0.56641 0.32349 0.17212 
0.242554 0.3906 0.64331 -0.55786 0.29297 0.15625 
0.244019 0.3418 0.65552 -0.53223 0.25879 0.14893 
0.244019 0.2563 0.66040 -0.47241 0.22949 0.14526 
0.244385 0.2563 0.66040 -0.39795 0.19775 0.14404 
0.244141 0.2563 0.65063 -0.30640 0.17700 0.14648 
0.242310 0.2563 0.63110 -0.19409 0.17578 0.15991 
0.238037 0.2930 0.61523 -0.7202 0.20020 0.18921 
0.232178 0.3418 0.60669 0.4883 0.23071 0.23315 
0.227173 0.4395 0.60669 0.16113 0.26001 0.27954 
0.223022 0.4150 0.60181 0.24170 0.27588 0.31738 
0.220581 0.3418 0.61646 0.27832 0.26855 0.33691 
0.218872 0.3296 0.62988 0.29907 0.24902 0.35278 
0.216553 0.3418 0.62378 0.29907 0.23438 0.38452 
0.212769 0.5249 0.61279 0.33325 0.19043 0.43213 
0.214111 0.4272 0.64087 0.40527 0.13672 0.45288 
0.212280 0.3296 0.67627 0.52734 0.13672 0.47241 
0.211182 0.1953 0.70068 0.63110 0.4395 0.49561 
0.211548 0.1099 0.72266 0.67871 -0.5127 0.51514 
0.212646 0.366 0.73853 0.66895 -0.15137 0.51514 
0.216919 -0.1709 0.75195 0.63721 -0.23315 0.53467 
0.220825 -0.3540 0.74585 0.60181 -0.28809 0.56641 
0.232422 -0.7446 0.72021 0.55298 -0.28320 0.60547 
0.243408 -0.8301 0.71411 0.47607 -0.23315 0.64453 
0.243408 -0.11108 0.70068 0.37476 -0.13306 0.68970 
0.249268 -0.11475 0.68237 0.26978 -0.488 0.76172 
0.264771 -0.18799 0.75928 0.14526 0.24536 0.90698 
0.276855 -0.18799 0.67871 -0.12207 0.62378 0.112671 
0.281006 -0.26123 0.57983 -0.35889 0.76538 0.117065 
0.288208 -0.29053 0.58105 -0.39185 0.81421 0.111572 
0.301636 -0.31616 0.58105 -0.35156 0.77148 0.101807 
0.318359 -0.36621 0.59937 -0.30396 0.65430 0.88135 
0.337524 -0.41504 0.59204 -0.23071 0.48828 0.69214 
0.356689 -0.46997 0.60425 -0.16602 0.26855 0.43579 
0.380981 -0.50659 0.66040 -0.16602 0.366 0.11719 
0.411621 -0.53833 0.75562 -0.14160 -0.19531 -0.18799 
0.440552 -0.55420 0.87524 -0.11353 -0.28198 -0.45410 
0.465576 -0.58228 0.98389 -0.10010 -0.28198 -0.68604 
0.484375 -0.60059 0.106323 -0.13306 -0.29907 -0.86670 
0.495117 -0.60181 0.112061 -0.19653 -0.28198 -0.68359 
0.497437 -0.59082 0.115845 -0.24780 -0.28198 -0.110596 
0.488647 -0.58472 0.117432 -0.22949 -0.34668 -0.110596 
0.469482 -0.56641 0.118774 -0.13916 -0.45532 -0.121826 
0.483032 -0.56396 0.121704 -0.7568 -0.57739 -0.135742 
0.463501 -0.52490 0.122925 -0.2808 -0.68848 -0.159302 
0.432251 -0.49072 0.124146 0.5127 -0.72876 -0.184204 
0.407349 -0.45654 0.123535 0.13916 -0.71777 -0.206055 
0.380005 -0.41992 0.119751 0.21851 -0.67993 -0.225464 
0.349731 -0.41992 0.114868 0.28931 -0.63110 -0.242920 
0.317871 -0.38086 0.109619 0.32227 -0.59814 -0.256836 
0.285645 -0.34058 0.104858 0.31738 -0.58594 -0.265625 
0.253906 -0.29175 0.100586 0.29297 -0.59448 -0.268066 
0.223999 -0.23193 0.100586 0.26489 -0.62012 -0.264038 
0.196655 -0.17700 0.95337 0.25146 -0.65186 -0.254395 
0.171875 -0.12451 0.89722 0.25391 -0.68237 -0.238892 
0.152466 -0.8301 0.82520 0.25391 -0.70557 -0.215332 
0.132935 -0.4395 0.74219 0.26855 -0.71533 -0.187012 
0.112427 -0.2075 0.65063 0.27466 -0.73486 -0.155762 
0.91553 -0.488 0.57373 0.22339 -0.73486 -0.120728 
0.72998 0.3296 0.50293 0.9033 -0.79102 -0.81543 
0.55176 0.10498 0.46021 -0.6958 -0.84595 -0.70313 
0.37720 0.19287 0.43579 -0.20264 -0.89966 -0.58105 
0.20508 0.28076 0.42236 -0.29541 -0.96313 0.4395 
0.3906 0.37842 0.41748 -0.34668 -0.103638 0.45044 
0.21484 0.47607 0.41992 -0.35767 -0.111694 0.81543 
-0.20386 0.55542 0.41016 -0.33813 -0.120605 0.113892 
-0.20386 0.60791 0.38574 -0.28076 -0.128418 0.141480 
-0.27954 0.64819 0.34180 -0.18799 -0.132446 0.163574 
-0.32227 0.67871 0.28564 -0.7568 -0.131958 0.180298 
-0.34546 0.67871 0.22583 0.3784 -0.126831 0.193726 
-0.35400 0.70435 0.16113 0.13306 -0.118042 0.204590 
-0.33936 0.71899 0.10620 0.21606 -0.106079 0.213867 
-0.29663 0.70190 0.9277 0.30273 -0.92896 0.220947 
-0.22339 0.66528 0.9277 0.39185 -0.77148 0.225952 
-0.11353 0.61157 0.12085 0.47119 -0.57373 0.229004 
0.2808 0.52490 0.13672 0.53833 -0.33936 0.231079 
0.20020 0.40283 0.13916 0.53833 -0.6714 0.233032 
0.37476 0.26855 0.18311 0.58472 0.25024 0.234375 
0.57495 0.13794 0.25757 0.59204 0.28442 0.234497 
0.78857 0.366 0.32837 0.57251 0.59692 0.234253 
0.100830 -0.13184 0.40771 0.53467 0.95337 0.234497 
0.124878 -0.27466 0.49072 0.46997 0.131226 0.234741 
0.151245 -0.40161 0.57495 0.38574 0.167725 0.232056 
0.181641 -0.58838 0.60303 0.30151 0.195435 0.232056 
0.227783 -0.73608 0.68604 0.18921 0.229614 0.238281 
0.261353 -0.89722 0.83862 -0.2441 0.276855 0.265381 
0.255615 -0.105713 0.84473 -0.32471 0.295532 0.283203 
0.286865 -0.116943 0.84473 -0.42358 0.279419 0.280518 
0.318115 -0.128662 0.87402 -0.28076 0.256226 0.266113 
0.346069 -0.139648 0.92651 -0.9521 0.230469 0.250977 
0.365723 -0.148438 0.98511 -0.610 0.199585 0.235596 
0.378784 -0.148438 0.103271 -0.732 0.165649 0.216187 
0.388428 -0.152222 0.107910 -0.3662 0.133911 0.189575 
0.394287 -0.154419 0.108154 -0.4883 0.103149 0.158203 
0.399780 -0.155762 0.108154 -0.732 0.73853 0.128784 
0.401489 -0.152710 0.110596 0.6958 0.48950 0.103516 
0.396240 -0.148926 0.111206 0.15625 0.29297 0.81299 
0.385498 -0.144897 0.109741 0.15625 0.13062 0.61035 
0.374268 -0.141113 0.106445 0.22827 0.1465 0.44189 
0.363647 -0.138184 0.102295 0.26245 0.25513 0.31738 
0.353760 -0.135742 0.98267 0.23804 -0.11353 0.23315 
0.344482 -0.133301 0.94116 0.15747 -0.11353 0.17212 
0.335205 -0.129883 0.90332 0.6470 -0.15625 0.12329 
0.325073 -0.125488 0.87891 -0.244 -0.17822 0.8301 
0.314087 -0.120361 0.86060 -0.3296 -0.17578 0.8301 
0.303101 -0.115356 0.83618 -0.3662 -0.14771 0.5005 
0.292480 -0.110352 0.80811 -0.1709 -0.9399 0.2319 
0.282105 -0.106445 0.78247 0.1831 -0.2441 0.00 
0.282105 -0.102539 0.76538 0.4028 0.3784 -0.1953 
0.271973 -0.98633 0.75684 0.3296 0.7690 -0.4028 
0.262817 -0.95093 0.74829 0.1099 0.9155 -0.5615 
0.255005 -0.123047 0.74585 -0.244 0.8789 -0.6470 
0.247681 -0.91797 0.75439 -0.366 0.6104 -0.6836 
0.240845 -0.88989 0.75806 -0.122 0.1221 -0.7080 
0.234497 -0.86792 0.75928 -0.244 -0.5493 -0.6958 
0.228882 -0.85205 0.75928 -0.1343 -0.12817 -0.6470 
0.223999 -0.84229 0.75806 -0.3052 -0.19653 -0.5859 
0.220581 -0.83618 0.75684 -0.3906 -0.25269 -0.5005 
0.218384 -0.83008 0.75562 -0.3906 -0.28687 -0.4150 
0.216919 -0.82886 0.75439 -0.2930 -0.29907 -0.3662 
0.215698 -0.82886 0.76050 -0.1343 -0.29175 -0.4150 
0.214355 -0.82397 0.76538 -0.122 -0.26733 -0.5371 
0.211914 -0.81665 0.76172 0.122 -0.26733 -0.6592 
0.210083 -0.80811 0.75439 -0.244 -0.22827 -0.7446 
0.209229 -0.80078 0.74951 -0.366 -0.18066 -0.8057 
0.208862 -0.79590 0.74585 0.366 -0.12817 -0.8057 
0.208740 -0.78979 0.74585 0.1221 -0.7080 -0.8057 
0.208862 -0.78613 0.74707 0.1709 -0.1343 -0.7690 
0.209473 -0.78369 0.74951 0.2563 0.3662 -0.6836 
0.209473 -0.78247 0.75684 0.4028 0.7568 -0.5981 
0.210449 -0.78735 0.76538 0.5615 0.10376 -0.4883 
0.211426 -0.79102 0.77393 0.5005 0.12451 -0.3784 
0.212280 -0.79346 0.77148 0.854 0.14160 -0.2197 
0.213745 -0.79346 0.76294 -0.4028 0.16357 0.488 
0.215210 -0.79712 0.76294 -0.7080 0.19409 0.3296 
0.217529 -0.80200 0.77026 -0.7446 0.22583 0.4883 
0.219849 -0.81177 0.77026 -0.6592 0.25513 0.4395 
0.221680 -0.81909 0.79102 -0.6104 0.28564 0.1831 
0.223022 -0.81909 0.81421 -0.5005 0.31372 -0.1709 
0.224487 -0.81909 0.83130 -0.1587 0.33203 -0.5737 
0.225952 -0.81787 0.84473 -0.1587 0.34424 -0.9644 
0.226196 -0.81543 0.85571 0.4150 0.34912 -0.12085 
0.225830 -0.80933 0.86548 0.9644 0.34302 -0.12451 
0.224976 -0.79956 0.86182 0.13550 0.34302 -0.11108 
0.224609 -0.79346 0.85327 0.16724 0.31982 -0.8545 
0.224976 -0.78735 0.84717 0.19653 0.28442 -0.5127 
