0.210083 -0.75073 -0.131714 -0.16724 0.31494 0.23315 
0.211792 -0.76050 -0.130615 -0.19531 0.31616 0.24658 
0.213745 -0.78613 -0.128052 -0.19775 0.59082 0.23438 
0.214355 -0.78979 -0.125244 -0.18433 0.27832 0.20996 
0.215576 -0.77271 -0.124023 -0.15747 0.21729 0.18433 
0.215698 -0.75928 -0.124023 -0.12207 0.14893 0.15869 
0.215698 -0.75439 -0.123901 -0.8545 0.7813 0.15869 
0.216431 -0.73608 -0.123901 -0.5127 0.488 0.13306 
0.215942 -0.70923 -0.122681 -0.1587 -0.6836 0.10498 
0.216675 -0.68115 -0.120972 0.2441 -0.14038 0.6470 
0.216675 -0.67017 -0.120605 0.6592 -0.19287 0.610 
0.217407 -0.68481 -0.122070 0.8911 -0.21118 -0.7202 
0.214844 -0.72144 -0.124634 0.8301 -0.20386 -0.16113 
0.210938 -0.76172 -0.127563 0.5737 -0.18677 -0.22949 
0.207397 -0.76172 -0.130371 0.2075 -0.16479 -0.25879 
0.204224 -0.78857 -0.133057 -0.2075 -0.13794 -0.24414 
0.202026 -0.80078 -0.132690 -0.6592 -0.8911 -0.18555 
0.203613 -0.83008 -0.132690 -0.10864 -0.4150 -0.11597 
0.201416 -0.82275 -0.134277 -0.12329 0.1587 -0.5005 
0.202637 -0.82764 -0.134277 -0.11108 0.6714 -0.1587 
0.204468 -0.81543 -0.133179 -0.11108 0.10864 -0.977 
0.205322 -0.80811 -0.133179 -0.5615 0.14893 -0.1221 
0.206543 -0.82275 -0.134888 0.1099 0.18433 -0.2075 
0.209229 -0.83984 -0.137451 0.4883 0.21240 -0.2808 
0.212158 -0.85449 -0.139771 0.6226 0.21240 -0.2075 
0.215210 -0.85938 -0.141602 0.6226 0.22949 -0.122 
0.219238 -0.85083 -0.142822 0.5493 0.23438 -0.29297 
0.222900 -0.83618 -0.144653 0.4272 0.22705 0.1953 
0.226807 -0.82642 -0.147827 0.2930 0.21118 0.3662 
0.232056 -0.82886 -0.152466 0.2563 0.18555 0.4883 
0.238647 -0.84717 -0.159424 0.4272 0.15381 0.5981 
0.247070 -0.87891 -0.169434 0.7813 0.12085 0.7690 
0.247070 -0.93018 -0.181030 0.11475 0.9033 0.10376 
0.257324 -0.69824 -0.193115 0.13184 0.5859 0.12451 
0.269531 -0.108521 -0.204224 0.12329 0.2441 0.12085 
0.282715 -0.108521 -0.213745 0.8667 -0.122 0.8667 
0.294189 -0.115479 -0.220825 0.1587 -0.1465 0.2319 
0.304199 -0.119873 -0.225342 -0.7813 -0.1587 -0.5859 
0.313110 -0.123047 -0.225342 -0.17212 -0.1587 -0.14404 
0.321045 -0.125122 -0.228149 -0.25513 -0.2686 -0.22461 
0.327759 -0.127197 -0.229980 -0.1465 -0.5127 -0.29053 
0.333008 -0.129272 -0.230713 -0.39429 -0.9888 -0.34302 
0.337158 -0.130615 -0.229980 -0.39429 -0.17456 -0.39307 
0.339966 -0.130493 -0.226685 -0.46387 -0.27466 -0.45288 
0.340332 -0.128052 -0.220581 -0.53833 -0.6958 -0.52734 
0.338623 -0.124023 -0.212280 -0.61401 -0.38208 -0.61401 
0.335449 -0.119263 -0.203491 -0.68970 -0.47974 -0.71411 
0.330444 -0.113525 -0.193726 -0.76172 -0.56641 -0.81787 
0.324707 -0.106934 -0.183105 -0.82764 -0.64331 -0.81787 
0.318848 -0.100464 -0.172485 -0.88379 -0.70801 -0.91797 
0.312866 -0.94482 -0.161377 -0.92285 -0.76294 -0.100952 
0.338257 -0.89600 -0.151001 -0.95093 -0.81177 -0.109619 
0.302246 -0.85449 -0.141113 -0.97290 -0.85327 -0.117920 
0.302246 -0.81665 -0.131348 -0.99365 -0.88257 -0.125732 
0.297485 -0.77148 -0.121460 -0.101685 -0.89600 -0.133179 
0.291748 -0.70679 -0.110962 -0.104370 -0.89478 -0.140503 
0.285522 -0.70679 -0.100098 -0.106812 -0.88867 -0.147339 
0.277588 -0.63599 -0.89478 -0.107666 -0.88745 -0.153076 
0.266357 -0.56396 -0.80322 -0.106201 -0.90454 -0.156128 
0.252686 -0.49316 -0.80322 -0.101318 -0.95703 -0.154785 
0.239014 -0.43945 -0.74341 -0.93018 -0.106445 -0.149170 
0.225830 -0.40771 -0.70313 -0.83618 -0.120972 -0.141480 
0.212524 -0.36377 -0.67505 -0.75439 -0.137085 -0.133423 
0.198608 -0.31738 -0.65674 -0.75439 -0.153564 -0.126709 
0.182983 -0.27222 -0.63965 -0.68604 -0.137085 -0.121704 
0.165649 -0.21240 -0.60669 -0.63599 -0.179077 -0.118042 
0.146729 -0.14526 -0.57251 -0.60425 -0.179077 -0.115112 
0.125488 -0.7813 -0.55054 -0.57861 -0.184937 -0.111938 
0.102661 0.00 -0.54077 -0.54810 -0.186768 -0.107544 
0.79712 0.8057 -0.53955 -0.50415 -0.184692 -0.107544 
0.59204 0.14038 -0.56030 -0.44189 -0.179443 -0.101074 
0.41748 0.17212 -0.60425 -0.36621 -0.172363 -0.92285 
0.59082 0.17944 -0.65796 -0.28198 -0.165161 -0.81543 
0.15991 0.17334 -0.72266 -0.20630 -0.157959 -0.69092 
0.15991 0.15991 -0.78247 -0.14893 -0.150391 -0.56274 
0.6226 0.15625 -0.82275 -0.11353 -0.142090 -0.43335 
-0.2686 0.16235 -0.83984 -0.9644 -0.131836 -0.31128 
-0.10620 0.16235 -0.83984 -0.8057 -0.118896 -0.20264 
-0.18555 0.17334 -0.82764 -0.5859 -0.102905 -0.10986 
-0.26123 0.18799 -0.81299 -0.2319 -0.84351 -0.2930 
-0.33203 0.20386 -0.80322 0.3052 -0.63477 0.4028 
-0.39429 0.21362 -0.80322 0.9766 -0.40894 0.10376 
-0.44067 0.22461 -0.80811 0.16968 -0.16968 0.17212 
-0.46509 0.22339 -0.82520 0.24170 0.6470 0.25635 
-0.46143 0.21484 -0.84717 0.24170 0.27832 0.36987 
-0.43823 0.20020 -0.87036 0.31372 0.46875 0.50659 
-0.37964 0.18188 -0.88989 0.38086 0.32349 0.64941 
-0.28931 0.15625 -0.89844 0.43701 0.63599 0.77637 
-0.18555 0.13306 -0.89111 0.47729 0.78613 0.87646 
-0.7324 0.11597 -0.87158 0.50171 0.93506 0.63843 
0.4639 0.10620 -0.84839 0.52124 0.108521 0.102051 
0.17090 0.9033 -0.83374 0.55054 0.121704 0.102051 
0.30762 0.5249 -0.83618 0.61646 0.130493 0.111206 
0.15869 -0.1099 -0.85938 0.72266 0.134033 0.123535 
0.35400 -0.9521 -0.89600 0.83862 0.133057 0.137695 
0.66650 -0.20508 -0.93262 0.93140 0.129150 0.151245 
0.88501 -0.29907 -0.95947 0.98755 0.125122 0.162476 
0.112671 -0.6592 -0.97900 0.100708 0.122803 0.170166 
0.135986 -0.37842 -0.99731 0.101563 0.123535 0.174072 
0.157471 -0.45044 -0.103394 0.103271 0.126953 0.175293 
0.176880 -0.52734 -0.109497 0.106445 0.131226 0.173706 
0.194946 -0.61035 -0.117188 0.111206 0.134766 0.170044 
0.212524 -0.71899 -0.117188 0.115723 0.137329 0.164551 
0.229980 -0.83740 -0.125732 0.117188 0.138916 0.156250 
0.245117 -0.93018 -0.134155 0.114502 0.139282 0.143799 
0.253174 -0.95947 -0.141480 0.114502 0.134521 0.133179 
0.262939 -0.106567 -0.148193 0.105957 0.140259 0.137573 
0.264771 -0.107300 -0.149414 0.97900 0.150391 0.128174 
0.267700 -0.103394 -0.158691 0.82886 0.150391 0.109985 
0.274292 -0.103149 -0.160156 0.73975 0.141724 0.92407 
0.281128 -0.105103 -0.161987 0.75439 0.132324 0.80322 
0.290649 -0.113037 -0.169678 0.77271 0.122437 0.77393 
0.299072 -0.120483 -0.178345 0.78735 0.115479 0.77393 
0.307129 -0.126221 -0.188110 0.75928 0.110474 0.74707 
0.284546 -0.127930 -0.191895 0.69946 0.102417 0.68726 
0.319946 -0.125854 -0.191895 0.62500 0.98145 0.61768 
0.319946 -0.123413 -0.192383 0.55298 0.97290 0.53223 
0.322998 -0.124023 -0.195068 0.52124 0.97656 0.44434 
0.326416 -0.97290 -0.199463 0.52979 0.97656 0.36987 
0.330200 -0.128540 -0.204834 0.53589 0.96069 0.31006 
0.334351 -0.135132 -0.209351 0.51880 0.92285 0.25879 
0.337647 -0.141480 -0.212280 0.47729 0.86182 0.20752 
0.339233 -0.145386 -0.212158 0.41504 0.78857 0.15259 
0.337769 -0.145630 -0.212158 0.33203 0.71167 0.9155 
0.333252 -0.142578 -0.208252 0.23926 0.62866 0.2808 
0.325928 -0.136719 -0.201660 0.15503 0.54077 -0.2808 
0.317017 -0.130127 -0.193848 0.15503 0.44556 -0.7446 
0.307007 -0.123535 -0.185669 0.8545 0.34912 -0.10864 
0.296143 -0.117676 -0.177979 0.2808 0.56274 -0.12085 
0.284668 -0.112915 -0.171509 -0.1221 0.14893 -0.10742 
0.274414 -0.109741 -0.165527 -0.3418 0.14893 -0.7324 
0.266113 -0.106812 -0.159790 -0.3784 0.5127 -0.3540 
0.258545 -0.104004 -0.153809 -0.3540 -0.4028 -0.1343 
0.250977 -0.101074 -0.147461 -0.3906 -0.11353 -0.1343 
0.243408 -0.98145 -0.141357 -0.4517 -0.16479 -0.1221 
0.235474 -0.95093 -0.135498 -0.5249 -0.19287 -0.2930 
0.227295 -0.92041 -0.129883 -0.5859 -0.19531 -0.5737 
0.227295 -0.89233 -0.125122 -0.6348 -0.17700 -0.8911 
0.219238 -0.86548 -0.120972 -0.6470 -0.14893 -0.11353 
0.212280 -0.84351 -0.117676 -0.6226 -0.11841 -0.12573 
0.206665 -0.82520 -0.114624 -0.5859 -0.9155 -0.12939 
0.202148 -0.82520 -0.112183 -0.5493 -0.7080 -0.12573 
0.197998 -0.81421 -0.110107 -0.4517 -0.6104 -0.11108 
0.194336 -0.80688 -0.108398 -0.3174 -0.6348 -0.8911 
0.192139 -0.80200 -0.108398 -0.1709 -0.7446 -0.6470 
0.190918 -0.79956 -0.107056 -0.488 -0.8423 -0.4395 
0.189697 -0.80322 -0.106567 -0.30762 -0.8667 -0.3052 
0.188965 -0.81177 -0.106812 0.488 -0.7813 -0.2197 
0.188599 -0.82642 -0.107544 0.1343 -0.6226 -0.1709 
0.188599 -0.84106 -0.108276 0.1709 -0.4517 -0.1099 
