0.92041 0.17212 0.225830 -0.18066 0.67017 -0.29663 
0.95337 0.19897 0.222046 -0.11353 0.79712 -0.36255 
0.94849 0.22827 0.219971 -0.12207 0.87524 -0.41138 
0.94971 0.22827 0.222534 -0.18066 0.88989 -0.45288 
0.94727 0.28076 0.228027 -0.22461 0.83618 -0.47729 
0.94360 0.33936 0.233765 -0.21484 0.69702 -0.48584 
0.93384 0.38330 0.233765 -0.15381 0.48706 -0.49805 
0.92407 0.39795 0.237427 -0.6104 0.24170 -0.51392 
0.91675 0.37964 0.238525 -0.27466 -0.488 -0.52490 
0.90942 0.36987 0.239624 0.3784 -0.21851 -0.52979 
0.88745 0.38452 0.238770 0.12817 -0.39917 -0.52490 
0.85815 0.41870 0.238770 0.19043 -0.55420 -0.49683 
0.82031 0.46143 0.239990 0.20630 -0.38574 -0.44556 
0.79102 0.50171 0.242554 0.19165 -0.69824 -0.36499 
0.75806 0.51270 0.245850 0.15869 -0.84961 -0.57129 
0.76172 0.50659 0.247437 0.12573 -0.98755 -0.14526 
0.76294 0.47241 0.246704 0.9155 -0.111084 -0.14526 
0.74829 0.44434 0.245605 0.8789 -0.120117 -0.3784 
0.72388 0.43335 0.246338 0.10986 -0.124268 0.6592 
0.68481 0.34058 0.242920 0.17090 -0.123047 0.16846 
0.67139 0.42603 0.246826 0.25513 -0.117432 0.22217 
0.67139 0.45898 0.250244 0.40527 -0.114136 0.29053 
0.66528 0.53955 0.259399 0.66406 -0.111084 0.36133 
0.64209 0.32837 0.264038 0.102905 -0.113159 0.44922 
0.60913 0.64087 0.262939 0.153320 -0.118896 0.58105 
0.61523 0.67749 0.256958 0.209351 -0.128906 0.73120 
0.65796 0.69092 0.276733 0.262573 -0.143066 0.88501 
0.74585 0.71655 0.245483 0.305298 -0.159424 0.103149 
0.86182 0.75439 0.225952 0.329468 -0.170654 0.117188 
0.68848 0.112183 0.179321 0.332031 -0.174561 0.155518 
0.100586 0.72388 0.165283 0.297974 -0.176636 0.162231 
0.134033 0.64697 0.165283 0.235474 -0.173218 0.139404 
0.121826 0.81909 0.163086 0.177979 -0.170898 0.139038 
0.113525 0.77148 0.159912 0.129150 -0.169922 0.153809 
0.120239 0.85083 0.173828 0.95703 -0.169922 0.160156 
0.121826 0.79224 0.174316 0.82275 -0.171997 0.163696 
0.125244 0.79224 0.174072 0.69214 -0.174316 0.171265 
0.126099 0.75684 0.174316 0.66284 -0.176392 0.171265 
0.125854 0.72754 0.168457 0.74463 -0.176880 0.179077 
0.133789 0.68726 0.163818 0.84351 -0.177368 0.184326 
0.143311 0.62012 0.155151 0.87769 -0.180298 0.189209 
0.152344 0.57861 0.145874 0.86304 -0.180908 0.192627 
0.152344 0.53955 0.137573 0.82764 -0.180542 0.192627 
0.162842 0.50903 0.131958 0.77515 -0.184204 0.191162 
0.172119 0.49194 0.128418 0.70313 -0.194214 0.188843 
0.182007 0.49194 0.129883 0.65063 -0.206299 0.186035 
0.189087 0.46875 0.135864 0.58594 -0.220703 0.182129 
0.196411 0.44922 0.137207 0.47974 -0.236450 0.182251 
0.200439 0.41504 0.137207 0.40527 -0.246704 0.184937 
0.200684 0.41016 0.138428 0.36377 -0.248657 0.184570 
0.201416 0.42236 0.139282 0.34790 -0.242676 0.182495 
0.201904 0.43213 0.139160 0.34302 -0.227051 0.178345 
0.203491 0.42358 0.137695 0.34302 -0.202271 0.172974 
0.204346 0.40649 0.133545 0.31860 -0.199463 0.165894 
0.203857 0.37231 0.127808 0.26611 -0.156616 0.155884 
0.204834 0.33447 0.122925 0.19531 -0.125366 0.143799 
0.208374 0.30151 0.120972 0.11597 -0.78003 0.130127 
0.214600 0.27954 0.122681 0.4639 -0.31616 0.145630 
0.222168 0.26733 0.128174 -0.488 0.11597 0.114380 
0.229126 0.27710 0.137085 -0.4639 0.52979 0.96436 
0.233887 0.26855 0.146484 -0.8423 0.97412 0.75684 
0.237915 0.26245 0.154907 -0.13428 0.148438 0.52734 
0.244263 0.25146 0.163696 -0.18921 0.203857 0.29053 
0.244263 0.24292 0.171143 -0.23926 0.258301 0.8057 
0.254028 0.23682 0.184937 -0.26855 0.306519 -0.7568 
0.267456 0.24292 0.208496 -0.30762 0.347534 -0.17822 
0.279541 0.24292 0.244385 -0.45654 0.382813 -0.25391 
0.293213 0.24536 0.266357 -0.79834 0.410034 -0.29297 
0.311890 0.33691 0.274414 -0.110596 0.435669 -0.24292 
0.326294 0.40405 0.256226 -0.116455 0.454468 -0.10864 
0.330078 0.41382 0.287476 -0.96313 0.462036 0.1953 
0.322754 0.39063 0.307495 -0.94727 0.455933 0.7080 
0.306641 0.36011 0.328247 -0.64941 0.433960 0.2197 
0.287720 0.32349 0.343018 -0.33691 0.385010 -0.10864 
0.264404 0.13184 0.368164 -0.21973 0.308960 -0.25757 
0.248413 0.27588 0.339233 -0.38818 0.310059 -0.38574 
0.231323 0.16846 0.316528 -0.9521 0.278809 -0.46509 
0.210815 0.11963 0.312012 0.32471 0.249634 -0.50659 
0.194580 0.7568 0.306641 0.66406 0.218140 -0.50049 
0.174438 0.5249 0.298462 0.81665 0.190918 -0.50537 
0.155029 0.2441 0.288452 0.89600 0.174805 -0.50537 
0.135132 0.2075 0.280396 0.97168 0.165894 -0.50537 
0.146362 0.5005 0.274658 0.107178 0.159058 -0.47974 
0.98389 0.8789 0.270996 0.120728 0.151978 -0.42969 
0.98389 0.10864 0.268799 0.137207 0.140503 -0.36255 
0.83374 0.12939 0.265137 0.154419 0.120972 -0.31494 
0.71045 0.12939 0.260620 0.169800 0.96924 -0.28076 
0.63477 0.12939 0.252075 0.181763 0.72144 -0.25635 
0.58350 0.12329 0.240845 0.191895 0.52124 -0.25513 
0.56274 0.13550 0.227539 0.197388 0.42969 -0.28442 
0.56763 0.16479 0.240723 0.198120 0.43335 -0.32593 
0.55054 0.19287 0.209473 0.198486 0.48828 -0.36621 
0.50293 0.21118 0.191040 0.198120 0.53711 -0.40527 
0.44556 0.23071 0.174683 0.196899 0.54443 -0.44556 
0.39063 0.25391 0.161377 0.196899 0.52002 -0.47241 
0.34180 0.27222 0.149048 0.194336 0.47852 -0.46631 
0.29785 0.28931 0.138306 0.189575 0.41626 -0.42603 
0.26978 0.30884 0.128296 0.184082 0.41626 -0.36987 
0.27954 0.32959 0.116943 0.179077 0.36133 -0.30884 
0.32837 0.35767 0.104248 0.173462 0.33569 -0.25757 
0.39063 0.39063 0.89966 0.166992 0.33813 -0.22583 
0.45654 0.42236 0.75439 0.159546 0.36133 -0.22583 
0.51880 0.45288 0.61646 0.150879 0.41260 -0.21973 
0.57007 0.46509 0.49927 0.139404 0.48950 -0.23560 
0.60669 0.46631 0.40039 0.125244 0.58350 -0.26611 
0.60669 0.45410 0.32104 0.109253 0.71411 -0.30640 
0.62500 0.44312 0.24536 0.89844 0.88745 -0.34302 
0.62378 0.43213 0.16113 0.69336 0.107056 -0.37231 
0.59937 0.43213 0.7324 0.49316 0.123413 -0.39673 
0.55786 0.41748 -0.1587 0.29175 0.135010 -0.41626 
0.50537 0.39063 -0.9766 0.8911 0.139404 -0.42725 
0.44434 0.36133 -0.15381 -0.10620 0.137939 -0.42114 
0.37231 0.32837 -0.15381 -0.30029 0.132080 -0.39429 
0.30396 0.31006 -0.18433 -0.17090 0.122192 -0.34546 
0.23804 0.29297 -0.19043 -0.34180 0.111938 -0.29297 
0.17700 0.26855 -0.16968 -0.65430 0.105103 -0.23682 
0.11963 0.24170 -0.13672 -0.83862 0.102539 -0.17944 
0.7080 0.20508 -0.8057 -0.104004 0.106812 -0.12695 
0.4883 0.17090 -0.1709 -0.126953 0.117798 -0.8179 
0.2441 0.13794 0.6470 -0.152466 0.117798 -0.4517 
0.488 0.10864 0.18677 -0.177246 0.131470 -0.1831 
-0.488 0.8545 0.35156 -0.199829 0.145142 -0.31006 
-0.732 0.6958 0.54932 -0.221436 0.157715 0.244 
-0.1465 0.6470 0.76416 -0.240845 0.169189 0.1099 
-0.3784 0.5371 0.99609 -0.257813 0.179199 0.244 
-0.6226 0.2930 0.124390 -0.273438 0.187134 -0.3174 
-0.6226 0.1099 0.149414 -0.286377 0.191528 -0.10376 
-0.8911 -0.732 0.177734 -0.297363 0.192749 -0.20996 
-0.13428 -0.1953 0.209229 -0.306641 0.190186 -0.33081 
-0.20386 -0.1831 0.244507 -0.312744 0.183350 -0.44434 
-0.29053 -0.1831 0.278687 -0.314819 0.172730 -0.53223 
-0.37598 -0.1099 0.251099 -0.311768 0.161865 -0.58472 
-0.47485 -0.610 0.314209 -0.305176 0.149658 -0.60669 
-0.55054 -0.366 0.345459 -0.293945 0.137451 -0.60669 
-0.60547 -0.122 0.373291 -0.278320 0.126465 -0.58960 
-0.64697 -0.122 0.395752 -0.259766 0.115845 -0.56396 
-0.67383 -0.488 0.414063 -0.259766 0.104736 -0.53345 
-0.65918 -0.1831 0.427490 -0.239380 0.102539 -0.42480 
-0.55908 -0.20264 0.433472 -0.219727 0.120239 -0.23071 
-0.71533 -0.8423 0.447998 -0.200439 0.136719 -0.36255 
-0.70190 -0.4883 0.454834 -0.183716 0.199219 -0.40527 
-0.70435 -0.9277 0.456909 -0.158691 0.216797 -0.55542 
-0.74341 -0.10864 0.451294 -0.130127 0.203491 -0.7568 
-0.74707 -0.9644 0.443726 -0.102539 0.180176 -0.7568 
-0.71899 -0.9277 0.433838 -0.77515 0.154785 0.00 
-0.68726 -0.10132 0.420044 -0.54565 0.129395 0.4639 
-0.67139 -0.10376 0.402710 -0.34302 0.104004 0.8911 
-0.67139 -0.10620 0.383911 -0.16724 0.78613 0.10986 
-0.65308 -0.11108 0.364624 -0.2686 0.54321 0.10986 
-0.62988 -0.11841 0.345703 0.7202 0.31616 0.10742 
