-0.35645 0.70313 0.274170 -0.13428 0.81909 -0.48950 
-0.37476 0.70313 0.267456 -0.10376 0.68481 -0.46021 
-0.39917 0.72266 0.259155 -0.6592 0.55054 -0.42480 
-0.38818 0.68359 0.250855 -0.5005 0.37598 -0.39795 
-0.36621 0.63721 0.276001 -0.5615 0.20508 -0.37720 
-0.36011 0.61523 0.244751 -0.9766 0.6836 -0.36133 
-0.39551 0.62744 0.240356 -0.14404 -0.488 -0.35645 
-0.41016 0.68481 0.240601 -0.16357 -0.3540 -0.35400 
-0.40894 0.72266 0.241943 -0.16357 -0.5737 -0.33447 
-0.41504 0.74341 0.244751 -0.15625 -0.8545 -0.29297 
-0.42725 0.75806 0.248413 -0.11597 -0.13062 -0.22827 
-0.44189 0.76904 0.251953 -0.2563 -0.13062 -0.14526 
-0.45166 0.75073 0.254395 0.11230 -0.20630 -0.4028 
-0.45410 0.71533 0.253784 0.27466 -0.30029 -0.23804 
-0.43701 0.65918 0.251343 0.44678 -0.41992 0.17090 
-0.41260 0.60059 0.245972 0.61646 -0.56396 0.17090 
-0.40039 0.53955 0.234619 0.74463 -0.71289 0.23682 
-0.36255 0.52979 0.225952 0.79346 -0.89355 0.27100 
-0.32959 0.56641 0.221191 0.75439 -0.99243 0.28198 
-0.32959 0.62012 0.218750 0.64941 -0.99365 0.28198 
-0.29907 0.67139 0.216309 0.51514 -0.93262 0.29297 
-0.28809 0.70313 0.206543 0.36987 -0.82153 0.30518 
-0.31982 0.69946 0.212524 0.19287 -0.64331 0.31372 
-0.28687 0.69946 0.211548 -0.1709 -0.46875 0.29419 
-0.30884 0.68359 0.208984 -0.18555 -0.21240 0.26367 
-0.31738 0.66406 0.204102 -0.36133 0.6348 0.23315 
-0.33325 0.64697 0.204102 -0.54199 0.31494 0.20386 
-0.34058 0.63843 0.200317 -0.68848 0.50659 0.17944 
-0.34790 0.63721 0.197144 -0.76050 0.61646 0.16479 
-0.33569 0.56885 0.194580 -0.76050 0.63843 0.11230 
-0.31860 0.57617 0.201294 -0.80566 0.55176 0.5493 
-0.30884 0.64453 0.210938 -0.89355 0.43945 0.5249 
-0.32837 0.71045 0.223145 -0.94116 0.36255 0.9399 
-0.34668 0.75439 0.237061 -0.96191 0.36255 0.13794 
-0.37231 0.80688 0.250977 -0.102539 0.35278 0.18677 
-0.39551 0.86792 0.266968 -0.113647 0.38818 0.25513 
-0.41138 0.90088 0.287354 -0.125610 0.43213 0.25513 
-0.42114 0.89600 0.311523 -0.135376 0.44556 0.32104 
-0.42725 0.89478 0.338013 -0.141357 0.41626 0.38086 
-0.41504 0.88623 0.363647 -0.145264 0.36987 0.45166 
-0.41504 0.89233 0.386841 -0.147949 0.30884 0.52002 
-0.41748 0.89844 0.407715 -0.147827 0.22827 0.58594 
-0.44312 0.87402 0.426636 -0.145630 0.12573 0.65674 
-0.44434 0.85938 0.442993 -0.141235 -0.2197 0.69946 
-0.44678 0.85938 0.455566 -0.133179 -0.22217 0.72144 
-0.43213 0.83130 0.464355 -0.118652 -0.44678 0.72510 
-0.43457 0.79956 0.468262 -0.98877 -0.69214 0.73120 
-0.42969 0.73608 0.468262 -0.78369 -0.92896 0.75073 
-0.41016 0.68237 0.466553 -0.59570 -0.115601 0.78613 
-0.38574 0.61157 0.460571 -0.45044 -0.136597 0.80933 
-0.35156 0.50781 0.456665 -0.45044 -0.175537 0.80322 
-0.34668 0.43091 0.459351 -0.53345 -0.224976 0.76782 
-0.26611 0.33081 0.432129 -0.92651 -0.243042 0.74463 
-0.21484 0.16479 0.405518 -0.98022 -0.237671 0.72998 
-0.18555 0.3296 0.381348 -0.73730 -0.237671 0.72876 
-0.15869 -0.6348 0.360352 -0.29053 -0.217896 0.73364 
-0.16846 -0.14160 0.342773 0.26855 -0.192017 0.72876 
-0.20142 -0.19653 0.325684 0.80078 -0.167969 0.72876 
-0.22949 -0.23926 0.307373 0.123779 -0.150635 0.70435 
-0.24536 -0.24658 0.287598 0.157349 -0.140869 0.65674 
-0.26367 -0.25269 0.270630 0.181641 -0.137451 0.61035 
-0.26367 -0.24292 0.254395 0.197876 -0.140991 0.58228 
-0.27344 -0.22461 0.236938 0.212769 -0.147217 0.57373 
-0.27466 -0.20508 0.221802 0.231567 -0.149658 0.58228 
-0.28809 -0.19043 0.207031 0.251343 -0.149414 0.60669 
-0.29541 -0.19043 0.190796 0.269165 -0.146729 0.63599 
-0.29419 -0.17212 0.174683 0.284912 -0.138428 0.66406 
-0.29541 -0.15381 0.158203 0.296387 -0.123779 0.69702 
-0.27832 -0.11108 0.158203 0.302246 -0.104492 0.72998 
-0.24292 -0.5371 0.139160 0.304932 -0.80322 0.76294 
-0.18677 -0.977 0.118652 0.307739 -0.52979 0.78247 
-0.14160 0.4883 0.97778 0.310181 -0.25513 0.79346 
-0.9277 0.11108 0.77271 0.310181 -0.1221 0.78979 
-0.2319 0.17578 0.59082 0.311401 -0.15503 0.74951 
0.3296 0.21851 0.41138 0.305176 0.26611 0.66040 
0.8423 0.24536 0.25391 0.287964 0.26611 0.52979 
0.13184 0.26367 0.9888 0.258789 0.34912 0.38574 
0.15381 0.28442 -0.3784 0.224731 0.43457 0.58960 
0.16602 0.29541 -0.15869 0.193604 0.51758 0.27710 
0.18555 0.30396 -0.25635 0.167847 0.59204 0.21851 
0.21484 0.32227 -0.31128 0.142700 0.63843 0.19531 
0.24292 0.33569 -0.33813 0.115234 0.62500 0.19409 
0.24414 0.32837 -0.33325 0.86548 0.57007 0.20508 
0.24414 0.31250 -0.33325 0.58716 0.50781 0.22461 
0.23071 0.60303 -0.33813 0.32593 0.46753 0.25757 
0.20020 0.27588 -0.33813 0.5493 0.45654 0.30029 
0.17822 0.27588 -0.32104 -0.23193 0.46631 0.34180 
0.16479 0.26489 -0.27466 -0.52979 0.48950 0.37720 
0.17334 0.26123 -0.18677 -0.82275 0.52246 0.40283 
0.19287 0.26001 -0.18677 -0.111206 0.56030 0.42603 
0.22217 0.25269 -0.7202 -0.138062 0.59204 0.45044 
0.25024 0.24170 0.5615 -0.128052 0.61401 0.47729 
0.27466 0.22705 0.19287 -0.172363 0.62622 0.50171 
0.30151 0.20752 0.31982 -0.172363 0.64941 0.51270 
0.31128 0.18677 0.41138 -0.178711 0.69946 0.50903 
0.32837 0.17578 0.43701 -0.183838 0.77515 0.50537 
0.22705 0.15015 0.42236 -0.190674 0.77515 0.48340 
0.5127 0.13550 0.44922 -0.204834 0.88989 0.45288 
-0.14282 0.15381 0.51514 -0.227539 0.106689 0.42358 
-0.28687 0.13550 0.65552 -0.252197 0.127930 0.42358 
-0.33569 0.6958 0.91431 -0.277954 0.149536 0.37109 
-0.28564 -0.1343 0.127075 -0.303833 0.175415 0.29785 
-0.19775 -0.8057 0.168213 -0.330078 0.207886 0.19897 
-0.14404 -0.9644 0.210327 -0.354004 0.244751 0.5615 
-0.14404 -0.10742 0.253784 -0.371582 0.280273 -0.13428 
-0.15625 -0.12085 0.299561 -0.384155 0.307495 -0.38574 
-0.22827 -0.13672 0.347290 -0.393799 0.323486 -0.67139 
-0.36743 -0.13672 0.394165 -0.396240 0.331055 -0.91797 
-0.52734 -0.16357 0.437744 -0.388550 0.331909 -0.108154 
-0.67871 -0.20020 0.441895 -0.369873 0.326782 -0.115356 
-0.79224 -0.21729 0.473145 -0.339844 0.320435 -0.109009 
-0.77393 -0.37476 0.498047 -0.293701 0.346680 -0.75684 
-0.93872 -0.30884 0.521729 -0.307495 0.386230 -0.73364 
-0.102661 -0.25146 0.519287 -0.228516 0.380859 -0.78125 
-0.112427 -0.24414 0.506104 -0.197266 0.348633 -0.74463 
-0.117188 -0.28809 0.487183 -0.147949 0.312378 -0.65186 
-0.120605 -0.30029 0.468140 -0.105469 0.306152 -0.61768 
-0.123291 -0.30151 0.450317 -0.79102 0.274902 -0.62988 
-0.127319 -0.29419 0.432251 -0.63110 0.238403 -0.62866 
-0.131470 -0.28931 0.412476 -0.47974 0.200317 -0.88745 
-0.134521 -0.28809 0.390991 -0.30884 0.157227 -0.47729 
-0.136108 -0.28442 0.369873 -0.13306 0.109863 -0.47729 
-0.133667 -0.26978 0.348633 0.3418 0.64209 -0.35645 
-0.129761 -0.25391 0.326782 0.18066 0.26245 -0.23438 
-0.156250 -0.24048 0.305298 0.30029 -0.2563 -0.13306 
-0.125000 -0.22827 0.284058 0.38818 -0.23193 -0.5615 
-0.120239 -0.21118 0.265015 0.45776 -0.35400 0.366 
-0.115967 -0.19043 0.249634 0.49561 -0.38696 0.3784 
-0.111450 -0.19043 0.237427 0.48706 -0.37231 0.5005 
-0.107300 -0.17944 0.228027 0.45044 -0.34790 0.5371 
-0.103271 -0.16724 0.220703 0.41016 -0.34546 0.5981 
-0.99976 -0.15381 0.246582 0.37842 -0.38208 0.5981 
-0.97168 -0.13550 0.215332 0.35400 -0.46387 0.5127 
-0.94849 -0.11841 0.210449 0.34180 -0.58105 0.3174 
-0.89111 -0.8667 0.206543 0.35400 -0.73364 0.5127 
-0.93018 -0.12451 0.199707 0.35400 -0.72876 0.6226 
-0.90576 -0.11108 0.200195 0.41016 -0.62744 0.3418 
-0.88501 -0.10986 0.196655 0.36621 -0.84229 0.5371 
-0.89355 -0.11841 0.195313 0.33936 -0.52979 0.9521 
-0.87646 -0.11353 0.194458 0.32715 -0.41260 0.14648 
-0.82642 -0.9033 0.196411 0.29785 -0.28076 0.19043 
-0.76660 -0.8179 0.201904 0.24902 -0.15259 0.19531 
-0.70801 -0.8057 0.208862 0.18677 -0.2319 0.19531 
-0.67505 -0.8667 0.216309 0.12817 0.9155 0.16846 
-0.66162 -0.10620 0.222290 0.8667 0.17944 0.13062 
-0.65430 -0.9033 0.224365 0.5859 0.22461 0.8667 
-0.65430 -0.7202 0.230835 0.4517 0.18433 -0.1099 
-0.67139 -0.8667 0.237183 0.4395 0.11475 -0.14526 
-0.75317 -0.8301 0.243286 0.2808 0.7690 -0.25757 
-0.79102 -0.8301 0.245972 0.3174 0.5859 -0.29541 
