0.129517 -0.103882 -0.201782 0.4028 -0.10254 0.1831 
0.128906 -0.102051 -0.201172 0.2563 -0.9155 0.10254 
0.126709 -0.98633 -0.198120 0.610 -0.9399 0.17822 
0.129272 -0.94727 -0.198120 0.2319 -0.10132 0.22217 
0.130493 -0.92896 -0.195313 0.7324 -0.7935 0.23926 
0.130371 -0.92041 -0.194946 0.11597 -0.488 0.23193 
0.130493 -0.92407 -0.194702 0.11597 0.10986 0.19409 
0.131348 -0.92773 -0.193604 0.11963 0.26611 0.13184 
0.132324 -0.90942 -0.191528 0.10376 0.12939 0.5371 
0.133911 -0.87769 -0.188477 0.8057 0.44189 -0.2930 
0.137695 -0.85449 -0.187134 0.5249 0.62134 -0.11597 
0.143555 -0.84595 -0.187988 0.1465 0.80200 -0.20996 
0.148926 -0.85083 -0.187256 -0.6470 0.97412 -0.122 
0.151978 -0.86060 -0.185669 -0.17944 0.113647 -0.31372 
0.153809 -0.87158 -0.184814 -0.28809 0.128052 -0.41138 
0.154785 -0.88379 -0.183105 -0.37964 0.139282 -0.48828 
0.155518 -0.91309 -0.180420 -0.46021 0.146729 -0.54077 
0.155518 -0.93872 -0.177734 -0.51880 0.150024 -0.57251 
0.155273 -0.95703 -0.176758 -0.53345 0.149414 -0.56519 
0.156128 -0.97778 -0.174072 -0.49561 0.142822 -0.52856 
0.155762 -0.97778 -0.172241 -0.40771 0.131714 -0.46509 
0.157837 -0.100830 -0.173218 -0.27710 0.117554 -0.38818 
0.162109 -0.101929 -0.176880 -0.11963 0.101563 -0.30396 
0.167480 -0.100586 -0.179932 0.1465 0.85327 -0.22217 
0.172363 -0.98999 -0.179932 0.11108 0.71289 -0.15747 
0.177124 -0.98999 -0.183228 0.18799 0.59448 -0.11597 
0.181396 -0.100708 -0.187866 0.27954 0.49072 -0.9155 
0.187012 -0.100830 -0.196899 0.27954 0.41626 -0.4150 
0.193481 -0.106567 -0.207642 0.38330 0.36011 0.1465 
0.202759 -0.119019 -0.220825 0.48462 0.33081 0.4150 
0.213379 -0.133423 -0.235840 0.59937 0.33081 0.2930 
0.225220 -0.144287 -0.253662 0.70190 0.35034 -0.2441 
0.235596 -0.147339 -0.271973 0.72876 0.42603 -0.11963 
0.245117 -0.145508 -0.284790 0.61279 0.54199 -0.25513 
0.252930 -0.140259 -0.290772 0.36621 0.66772 -0.25513 
0.257690 -0.134399 -0.292114 0.11597 0.75562 -0.39063 
0.260498 -0.130493 -0.293701 -0.3418 0.76416 -0.48096 
0.265869 -0.129517 -0.296387 -0.9033 0.66895 -0.50293 
0.265869 -0.130859 -0.298340 -0.10864 0.47119 -0.46265 
0.271118 -0.133057 -0.298950 -0.13672 0.21118 -0.38330 
0.275757 -0.135132 -0.296143 -0.18066 -0.8057 -0.29663 
0.278198 -0.134766 -0.290527 -0.23560 -0.37109 -0.23315 
0.279175 -0.134766 -0.282471 -0.30029 -0.62256 -0.20264 
0.277466 -0.133545 -0.306152 -0.36621 -0.80688 -0.21240 
0.274780 -0.131226 -0.267090 -0.44556 -0.92773 -0.25757 
0.271851 -0.129395 -0.267090 -0.55054 -0.98999 -0.32715 
0.269775 -0.126343 -0.257813 -0.67261 -0.100708 -0.40527 
0.268677 -0.123291 -0.247803 -0.78369 -0.100830 -0.48706 
0.268311 -0.121582 -0.238892 -0.78369 -0.102539 -0.57251 
0.266724 -0.122192 -0.232056 -0.86182 -0.105835 -0.65186 
0.263550 -0.122681 -0.224365 -0.93628 -0.109131 -0.72876 
0.257568 -0.120972 -0.213379 -0.104980 -0.110718 -0.82031 
0.248413 -0.115479 -0.198608 -0.120361 -0.110718 -0.92285 
0.236694 -0.107422 -0.181396 -0.135986 -0.110474 -0.71777 
0.223145 -0.97412 -0.163452 -0.148926 -0.109497 -0.112915 
0.208740 -0.86914 -0.145874 -0.158569 -0.108521 -0.112915 
0.193237 -0.76782 -0.129028 -0.165161 -0.107910 -0.120728 
0.178345 -0.64697 -0.114014 -0.168945 -0.109497 -0.125122 
0.163940 -0.53467 -0.99243 -0.169678 -0.115356 -0.124146 
0.163940 -0.41992 -0.85083 -0.167236 -0.125488 -0.117798 
0.149780 -0.30518 -0.71899 -0.162109 -0.138062 -0.107666 
0.135132 -0.20874 -0.59937 -0.154663 -0.151001 -0.95093 
0.120239 -0.11475 -0.50537 -0.146118 -0.162231 -0.81421 
0.105469 -0.11475 -0.43213 -0.136230 -0.170898 -0.67261 
0.91187 -0.3052 -0.38696 -0.124268 -0.176636 -0.53467 
0.77026 0.3418 -0.36987 -0.110352 -0.178345 -0.40527 
0.63599 0.8545 -0.36987 -0.95703 -0.175903 -0.28564 
0.51636 0.11963 -0.38330 -0.80566 -0.171021 -0.17944 
0.41626 0.13184 -0.42114 -0.65796 -0.164917 -0.8179 
0.33813 0.12695 -0.47119 -0.65796 -0.157471 0.732 
0.27222 0.10742 -0.52246 -0.52612 -0.148315 0.8423 
0.21484 0.7080 -0.56763 -0.41016 -0.137695 0.14404 
0.16602 0.3296 -0.60303 -0.30884 -0.155884 0.18677 
0.12207 0.122 -0.62988 -0.22217 -0.124634 0.20752 
0.8057 -0.1587 -0.64087 -0.15015 -0.109009 0.20752 
0.4395 -0.2808 -0.64209 -0.8545 -0.90698 0.19409 
0.1099 -0.3906 -0.64575 -0.1953 -0.70557 0.19409 
-0.2075 -0.4150 -0.65186 0.5371 -0.49561 0.18066 
-0.4883 -0.4395 -0.66040 0.13428 -0.29297 0.18799 
-0.6714 -0.5249 -0.68237 0.23071 -0.11597 0.22705 
-0.6714 -0.6592 -0.70923 0.34058 0.2197 0.30029 
-0.6348 -0.10254 -0.73975 0.45898 0.11841 0.40161 
-0.3784 -0.14404 -0.76538 0.57251 0.18188 0.51025 
0.488 -0.16968 -0.78857 0.66406 0.23804 0.60669 
0.5737 -0.16968 -0.79102 0.72266 0.30884 0.67749 
0.10986 -0.16968 -0.78003 0.74707 0.41504 0.70435 
0.15137 -0.14404 -0.76172 0.74951 0.57007 0.68481 
0.18311 -0.9399 -0.76172 0.76660 0.76416 0.65063 
0.21362 -0.5371 -0.73242 0.84473 0.96069 0.64331 
0.27832 -0.5981 -0.74341 0.69214 0.110596 0.68604 
0.39429 -0.13062 -0.81055 0.121338 0.119751 0.75684 
0.55420 -0.24780 -0.93750 0.121338 0.125000 0.82520 
0.74463 -0.39917 -0.110962 0.138672 0.128784 0.86670 
0.95947 -0.54565 -0.126831 0.147339 0.133301 0.87769 
0.118408 -0.65063 -0.138428 0.146973 0.133301 0.86060 
0.137207 -0.73120 -0.149170 0.144165 0.138794 0.82886 
0.153442 -0.81055 -0.161499 0.145020 0.144653 0.79224 
0.167603 -0.89722 -0.175171 0.149902 0.149902 0.79224 
0.181030 -0.99365 -0.190796 0.156372 0.156128 0.74951 
0.192139 -0.106201 -0.208374 0.161255 0.163818 0.68970 
0.209473 -0.130859 -0.223267 0.160767 0.162109 0.58228 
0.190796 -0.139893 -0.233765 0.149536 0.168091 0.75684 
0.222046 -0.140869 -0.242676 0.135376 0.180908 0.87158 
0.236572 -0.134644 -0.247925 0.123169 0.175415 0.75195 
0.254150 -0.135254 -0.245361 0.121216 0.159668 0.54443 
0.267700 -0.135254 -0.250000 0.122192 0.147461 0.36743 
0.275147 -0.137329 -0.261963 0.124146 0.138916 0.21729 
0.273315 -0.141968 -0.266602 0.123535 0.132813 0.9399 
0.281250 -0.153931 -0.266602 0.111816 0.142944 0.8911 
0.276733 -0.160034 -0.274414 0.90942 0.146118 -0.2441 
0.274780 -0.157105 -0.279541 0.68604 0.141968 -0.15137 
0.270386 -0.148804 -0.271484 0.77148 0.135742 -0.22827 
0.262573 -0.135254 -0.259033 0.45898 0.124878 -0.24658 
0.255371 -0.120483 -0.243774 0.27588 0.109619 -0.21362 
0.250244 -0.109619 -0.230103 0.19165 0.123901 -0.14771 
0.248413 -0.105835 -0.222656 0.21484 0.92651 -0.7568 
0.248535 -0.109375 -0.221924 0.28320 0.77026 -0.2563 
0.248779 -0.115723 -0.224854 0.32471 0.62988 -0.244 
0.247437 -0.121826 -0.227905 0.31982 0.50659 -0.244 
0.244263 -0.125488 -0.228760 0.27588 0.40161 0.122 
0.239868 -0.125610 -0.226685 0.20386 0.30762 -0.366 
0.233643 -0.123291 -0.221680 0.12451 0.22461 -0.1221 
0.227661 -0.119507 -0.215332 0.5981 0.15503 -0.2197 
0.227661 -0.115601 -0.209229 0.1953 0.10254 -0.3540 
0.221924 -0.113037 -0.204102 0.366 0.6958 -0.5371 
0.217407 -0.112061 -0.200806 0.854 0.5249 -0.7813 
0.213623 -0.112061 -0.198608 0.2197 0.4272 -0.10376 
0.210815 -0.111328 -0.195679 0.3052 0.3174 -0.12451 
0.208496 -0.110596 -0.191650 0.2441 0.2197 -0.13672 
0.206177 -0.109131 -0.191650 0.732 0.2075 -0.14893 
0.203735 -0.106934 -0.186035 -0.1587 0.3784 -0.17212 
0.202026 -0.103882 -0.179199 -0.4150 0.9033 -0.21729 
0.200317 -0.100464 -0.171509 -0.6714 0.17822 -0.28076 
0.198486 -0.97412 -0.165283 -0.6714 0.28564 -0.34790 
0.197632 -0.94849 -0.161499 -0.8545 0.6958 -0.40039 
0.197021 -0.93872 -0.159790 -0.8911 0.44556 -0.42969 
0.197144 -0.93628 -0.159058 -0.7690 0.44556 -0.42969 
0.196533 -0.93628 -0.158203 -0.6226 0.47363 -0.40771 
0.195435 -0.93262 -0.156982 -0.5127 0.46387 -0.36987 
0.193726 -0.92773 -0.155151 -0.5005 0.42114 -0.32471 
0.192139 -0.91675 -0.152344 -0.5371 0.35156 -0.32471 
0.190308 -0.90088 -0.149658 -0.5371 0.26855 -0.28076 
0.188232 -0.88257 -0.147949 -0.5127 0.19165 -0.24048 
0.217773 -0.87402 -0.147217 -0.5005 0.11719 -0.20630 
0.186523 -0.87524 -0.147461 -0.4639 0.4150 -0.17456 
0.185059 -0.88013 -0.148804 -0.3784 -0.3540 -0.14038 
0.183472 -0.88257 -0.150024 -0.3174 -0.10742 -0.10620 
0.182495 -0.88257 -0.151001 -0.2930 -0.16357 -0.7324 
0.182007 -0.88867 -0.151978 -0.3662 -0.19531 -0.5127 
0.181763 -0.89478 -0.152344 -0.5127 -0.20386 -0.4028 
