0.204712 -0.24902 0.145996 0.8911 0.43579 -0.3418 
0.203125 -0.25879 0.148560 0.16724 0.33936 -0.1343 
0.201782 -0.23193 0.148071 0.23438 0.24658 -0.244 
0.199829 -0.20020 0.148071 0.24780 0.17944 0.1831 
0.197876 -0.15625 0.146973 0.20142 0.13306 0.5005 
0.197632 -0.12817 0.150635 0.19409 0.8423 0.8423 
0.197876 -0.11597 0.156006 0.19409 0.3784 0.11108 
0.199341 -0.11353 0.157959 0.22827 0.1953 0.11230 
0.199463 -0.13306 0.159302 0.24170 0.3540 0.9521 
0.200684 -0.14648 0.160767 0.24292 0.5127 0.8423 
0.203491 -0.15137 0.161865 0.25146 0.5127 0.9644 
0.209595 -0.13916 0.164551 0.27466 0.1343 0.11719 
0.217407 -0.11963 0.168945 0.33081 -0.11719 0.12939 
0.224854 -0.10010 0.172485 0.43091 -0.32837 0.12939 
0.232544 -0.6714 0.175171 0.55542 -0.60791 0.12817 
0.237793 -0.3296 0.175781 0.68237 -0.94360 0.12329 
0.241821 -0.244 0.175537 0.78613 -0.131470 0.12695 
0.241821 0.1953 0.174194 0.84595 -0.167358 0.15625 
0.244507 0.4150 0.170166 0.84595 -0.196655 0.23315 
0.248413 0.5249 0.166626 0.77759 -0.218994 0.36255 
0.255981 0.9277 0.159790 0.66040 -0.235474 0.52246 
0.264282 0.9277 0.154297 0.54688 -0.247437 0.66406 
0.276978 0.13794 0.150513 0.44189 -0.258423 0.74463 
0.283936 -0.4395 0.143555 0.41992 -0.266602 0.67505 
0.300415 -0.13062 0.143555 0.56885 -0.269409 0.47241 
0.314087 -0.5249 0.129395 0.64697 -0.267700 0.30762 
0.326294 -0.366 0.116211 0.92407 -0.262695 0.19653 
0.343018 -0.2319 0.108032 0.61157 -0.258423 0.5615 
0.356567 -0.4272 0.102539 0.57861 -0.257568 -0.12695 
0.365234 -0.5737 0.97778 0.61035 -0.263306 -0.30762 
0.370850 -0.8789 0.91431 0.69702 -0.271973 -0.46265 
0.378052 -0.14648 0.85449 0.79224 -0.271973 -0.61401 
0.391113 -0.20020 0.80566 0.86914 -0.280151 -0.48096 
0.404175 -0.22827 0.76294 0.94482 -0.287109 -0.67749 
0.411621 -0.22827 0.72388 0.101685 -0.294189 -0.98999 
0.411987 -0.22705 0.69092 0.107178 -0.305176 -0.117554 
0.408447 -0.26001 0.67993 0.108765 -0.320313 -0.132080 
0.432007 -0.26245 0.67261 0.105713 -0.335327 -0.140869 
0.400757 -0.23438 0.59570 0.95825 -0.350220 -0.147827 
0.394043 -0.19897 0.50415 0.76050 -0.366577 -0.155396 
0.388794 -0.17334 0.48096 0.46997 -0.388916 -0.166138 
0.388550 -0.17090 0.54443 0.17700 -0.419678 -0.180786 
0.382813 -0.17090 0.65063 -0.366 -0.456421 -0.197998 
0.368164 -0.17456 0.69824 -0.3052 -0.496704 -0.213989 
0.343628 -0.14404 0.66162 0.1831 -0.537598 -0.223267 
0.313721 -0.9521 0.66162 0.4883 -0.571045 -0.226929 
0.287476 -0.8667 0.57495 0.6836 -0.589111 -0.231323 
0.265869 -0.6592 0.48340 0.7935 -0.589478 -0.236328 
0.242432 -0.5737 0.35889 0.7935 -0.571655 -0.239990 
0.217041 -0.5249 0.21973 0.5737 -0.539551 -0.240845 
0.191895 -0.2808 0.8423 -0.732 -0.561523 -0.236938 
0.166870 0.366 -0.2808 -0.9521 -0.489014 -0.228638 
0.144043 0.4028 -0.13184 -0.18799 -0.457764 -0.217651 
0.123901 0.8423 -0.21118 -0.26245 -0.420166 -0.204956 
0.105225 0.13550 -0.27100 -0.30884 -0.388428 -0.191284 
0.86548 0.19287 -0.31860 -0.34058 -0.362671 -0.191284 
0.69214 0.24902 -0.35767 -0.36621 -0.341187 -0.176758 
0.52368 0.30762 -0.38696 -0.38086 -0.322754 -0.161011 
0.35767 0.37231 -0.41382 -0.37720 -0.306152 -0.143921 
0.52246 0.43457 -0.42725 -0.34546 -0.291504 -0.125122 
0.20996 0.47974 -0.43213 -0.28320 -0.278931 -0.104370 
0.7080 0.51636 -0.43335 -0.20142 -0.267334 -0.81787 
-0.6470 0.53345 -0.44067 -0.11108 -0.256226 -0.58472 
-0.19287 0.53345 -0.44189 -0.1709 -0.244995 -0.35156 
-0.30518 0.53955 -0.43945 0.8057 -0.231201 -0.12085 
-0.40283 0.54565 -0.43335 0.18677 -0.212524 0.10498 
-0.47241 0.55054 -0.43335 0.30151 -0.190308 0.32593 
-0.47607 0.53711 -0.44678 0.40649 -0.166748 0.53833 
-0.45532 0.55420 -0.43335 0.52368 -0.143188 0.73853 
-0.41504 0.56274 -0.42725 0.35278 -0.119629 0.92773 
-0.35278 0.55786 -0.43945 0.66528 -0.96558 0.110718 
-0.27588 0.53589 -0.46753 0.82397 -0.105591 0.127686 
-0.17334 0.49927 -0.51880 0.99365 -0.83862 0.142944 
-0.5249 0.43945 -0.59082 0.115967 -0.52612 0.156006 
0.8545 0.37964 -0.67383 0.130981 -0.31006 0.167114 
0.23315 0.31860 -0.77637 0.143799 -0.9766 0.176025 
0.38818 0.25391 -0.87524 0.154297 0.11353 0.176025 
0.55664 0.19287 -0.95581 0.162109 0.30884 0.182495 
0.74951 0.13184 -0.101807 0.168335 0.47363 0.186157 
0.62622 0.6104 -0.107910 0.174561 0.59692 0.187866 
0.112671 0.1099 -0.115723 0.180054 0.68237 0.188232 
0.112671 -0.3418 -0.125122 0.184204 0.73608 0.189209 
0.130005 -0.8301 -0.134644 0.187622 0.75073 0.191772 
0.145752 -0.13428 -0.143188 0.190918 0.72998 0.195435 
0.161377 -0.13428 -0.150757 0.194458 0.69336 0.198364 
0.177612 -0.18799 -0.157227 0.197998 0.66895 0.199097 
0.194092 -0.23560 -0.163696 0.200806 0.67749 0.195923 
0.211060 -0.25146 -0.163696 0.203125 0.63843 0.184814 
0.224731 -0.34668 -0.167725 0.202026 0.65308 0.185791 
0.250122 -0.45166 -0.179932 0.195679 0.78857 0.206177 
0.252808 -0.48340 -0.193848 0.189819 0.88623 0.202881 
0.263916 -0.48340 -0.216553 0.189819 0.84595 0.177856 
0.278564 -0.53467 -0.225708 0.194702 0.74829 0.150635 
0.291748 -0.62988 -0.234619 0.199951 0.67993 0.134644 
0.298828 -0.70923 -0.243286 0.199097 0.67993 0.125732 
0.300659 -0.76050 -0.253052 0.191406 0.64331 0.116455 
0.302979 -0.79956 -0.263306 0.181885 0.57983 0.109375 
0.303955 -0.84106 -0.269043 0.176147 0.51758 0.109375 
0.302490 -0.89233 -0.274170 0.173218 0.44556 0.105591 
0.301025 -0.94482 -0.278564 0.172119 0.35645 0.102783 
0.299316 -0.101196 -0.282837 0.169189 0.27222 0.98877 
0.299438 -0.106934 -0.287476 0.161133 0.21240 0.91553 
0.299438 -0.110962 -0.291260 0.145386 0.20020 0.80078 
0.298584 -0.113281 -0.291504 0.122314 0.24292 0.65063 
0.294312 -0.112915 -0.287231 0.94360 0.32104 0.48340 
0.286987 -0.112915 -0.276733 0.66162 0.39917 0.32471 
0.277588 -0.109863 -0.260864 0.41748 0.43579 0.19409 
0.266357 -0.104858 -0.275757 0.23193 0.41870 0.10498 
0.254395 -0.98999 -0.229858 0.11475 0.34790 0.5859 
0.243286 -0.92896 -0.229858 0.5615 0.23682 0.4517 
0.233398 -0.87891 -0.218628 0.2686 0.10986 0.4761 
0.224609 -0.84717 -0.210571 0.30762 -0.122 0.5127 
0.216797 -0.82642 -0.204346 -0.488 -0.8301 0.4883 
0.210083 -0.80566 -0.199097 -0.4761 -0.13428 0.3662 
0.204102 -0.78735 -0.193604 -0.10132 -0.16357 0.1465 
0.197998 -0.77271 -0.187622 -0.16479 -0.16357 -0.1099 
0.192505 -0.75317 -0.180542 -0.23071 -0.17334 -0.3662 
0.187744 -0.72876 -0.173218 -0.28931 -0.17334 -0.5371 
0.182983 -0.70313 -0.166260 -0.33203 -0.16479 -0.6470 
0.179077 -0.67505 -0.159546 -0.35278 -0.14893 -0.6470 
0.175903 -0.64697 -0.153809 -0.35278 -0.12573 -0.6836 
0.173706 -0.62134 -0.149170 -0.33325 -0.9521 -0.6592 
0.171997 -0.60059 -0.145874 -0.30151 -0.6226 -0.5737 
0.171997 -0.58594 -0.144043 -0.26245 -0.2686 -0.4639 
0.171387 -0.57861 -0.142822 -0.22095 0.1099 -0.3418 
0.171997 -0.57373 -0.142456 -0.18188 0.4517 -0.2808 
0.173218 -0.57373 -0.142334 -0.14648 0.7813 -0.2563 
0.174438 -0.57007 -0.142212 -0.11841 0.10986 -0.2808 
0.175903 -0.56396 -0.142334 -0.8911 0.13184 -0.3296 
0.177490 -0.55908 -0.142822 -0.6226 0.14404 -0.3662 
0.178589 -0.56396 -0.142822 -0.3784 0.14893 -0.3662 
0.179688 -0.57129 -0.143555 -0.1831 0.14648 -0.2930 
0.180908 -0.57983 -0.144897 -0.31250 0.13672 -0.1465 
0.182251 -0.59204 -0.146240 0.00 0.12329 0.366 
0.183838 -0.60425 -0.147949 0.1831 0.10986 0.2075 
0.185913 -0.61646 -0.150146 0.3540 0.10010 0.3174 
0.188355 -0.62744 -0.151733 0.4883 0.10010 0.3662 
0.190430 -0.63721 -0.153564 0.5859 0.9521 0.3540 
0.192383 -0.64819 -0.155396 0.6104 0.9521 0.2686 
0.193726 -0.66040 -0.156616 0.5615 0.9766 0.1709 
0.194214 -0.67017 -0.157349 0.4517 0.10498 0.1709 
0.194458 -0.67261 -0.157593 0.3418 0.11475 0.977 
0.194458 -0.67383 -0.157959 0.3052 0.11963 0.610 
0.194336 -0.67627 -0.158447 0.3662 0.12085 0.732 
0.194336 -0.67627 -0.158936 0.4761 0.11475 0.1099 
0.194580 -0.67993 -0.159790 0.5981 0.10620 0.1221 
0.194824 -0.68237 -0.160767 0.6592 0.9766 0.1221 
0.194946 -0.68237 -0.161743 0.6470 0.8911 0.1221 
0.194458 -0.68726 -0.162598 0.5981 0.8057 0.977 
0.194458 -0.69092 -0.163208 0.5371 0.7080 0.977 
