0.242310 -0.18188 0.51025 -0.18677 0.3662 0.3418 
0.242188 -0.18188 0.49805 -0.22949 0.3906 0.2808 
0.238037 -0.15015 0.49561 -0.24536 0.5005 0.5615 
0.238037 -0.14771 0.48706 -0.24902 0.7690 0.7568 
0.238770 -0.15137 0.48096 -0.25024 0.11719 0.8789 
0.239380 -0.16602 0.48096 -0.26611 0.15259 0.9644 
0.239990 -0.16968 0.48096 -0.27832 0.17700 0.10376 
0.239014 -0.17456 0.47852 -0.28320 0.18433 0.11353 
0.238647 -0.17700 0.47974 -0.28320 0.18066 0.12207 
0.239868 -0.18555 0.47852 -0.27954 0.17822 0.13550 
0.241089 -0.18555 0.46753 -0.24170 0.18066 0.16968 
0.241211 -0.17700 0.44189 -0.17456 0.18066 0.24170 
0.239258 -0.17334 0.40894 -0.7813 0.19653 0.35278 
0.238525 -0.16602 0.37964 0.3174 0.23071 0.51025 
0.238037 -0.17700 0.38086 0.11719 0.26978 0.35400 
0.236084 -0.19531 0.42480 0.19409 0.28687 0.66650 
0.233398 -0.21362 0.47729 0.27588 0.24536 0.75562 
0.228760 -0.20996 0.51147 0.37231 0.16479 0.76050 
0.224365 -0.20020 0.52490 0.46875 0.9155 0.72388 
0.224365 -0.18677 0.51270 0.54688 0.4272 0.67627 
0.221069 -0.18066 0.48096 0.62134 0.488 0.65430 
0.219849 -0.17578 0.46509 0.69702 -0.4883 0.66284 
0.218628 -0.17578 0.47974 0.76904 -0.13306 0.70679 
0.222168 -0.21729 0.50781 0.79224 -0.26489 0.75928 
0.227661 -0.27344 0.52612 0.75806 -0.42358 0.80444 
0.232422 -0.31738 0.52368 0.68848 -0.58594 0.82153 
0.236450 -0.34546 0.52368 0.61523 -0.71899 0.79346 
0.239014 -0.36499 0.50415 0.53955 -0.83618 0.71899 
0.239136 -0.41626 0.50659 0.44189 -0.98389 0.58472 
0.246948 -0.37231 0.46387 0.44189 -0.106812 0.43945 
0.259155 -0.40039 0.43213 0.36255 -0.109985 0.31982 
0.276733 -0.44067 0.42236 0.32837 -0.110596 0.22217 
0.295776 -0.48828 0.40649 0.30396 -0.110596 0.14160 
0.314941 -0.54443 0.38086 0.27710 -0.109253 0.7446 
0.333862 -0.58472 0.36621 0.24292 -0.106445 0.977 
0.353760 -0.62012 0.34790 0.21240 -0.100464 0.24658 
0.374634 -0.65674 0.32471 0.19043 -0.89844 -0.6592 
0.394165 -0.71533 0.28320 0.14893 -0.75317 -0.15503 
0.380737 -0.78613 0.20020 0.3906 -0.59570 -0.25757 
0.428467 -0.85449 0.10742 -0.15625 -0.44189 -0.37842 
0.428467 -0.92896 -0.3906 -0.40894 -0.29419 -0.52002 
0.451172 -0.90576 0.3418 -0.64941 -0.18555 -0.67627 
0.465576 -0.85571 0.11597 -0.88379 -0.6714 -0.81177 
0.462524 -0.79468 0.17944 -0.106323 0.12085 -0.91431 
0.458618 -0.79468 0.19409 -0.114990 0.32959 -0.103638 
0.450195 -0.73853 0.20874 -0.111450 0.53223 -0.119385 
0.435547 -0.68115 0.24048 -0.100464 0.69946 -0.138306 
0.417358 -0.61768 0.24048 -0.89111 0.80811 -0.158813 
0.397583 -0.55176 0.27832 -0.78857 0.86304 -0.178223 
0.377441 -0.47974 0.32104 -0.66895 0.87402 -0.194946 
0.356079 -0.40405 0.36377 -0.66895 0.84961 -0.208374 
0.332886 -0.32349 0.41504 -0.50781 0.79590 -0.217896 
0.308716 -0.25269 0.46265 -0.32104 0.72144 -0.223511 
0.284790 -0.18799 0.49316 -0.13550 0.63354 -0.225586 
0.262085 -0.14038 0.52124 0.2197 0.63354 -0.224121 
0.241455 -0.9521 0.54932 0.13062 0.53711 -0.219360 
0.223022 -0.5005 0.58716 0.18799 0.44434 -0.242065 
0.206421 -0.1831 0.64575 0.20142 0.34058 -0.210815 
0.191650 0.1099 0.74341 0.17334 0.19897 -0.198608 
0.181274 0.3296 0.85938 0.12329 0.854 -0.183472 
0.173096 0.4639 0.95215 0.10254 -0.20752 -0.164917 
0.173096 0.5859 0.100342 0.15259 -0.40894 -0.142334 
0.164063 0.6592 0.100342 0.25391 -0.59937 -0.117676 
0.153442 0.7080 0.96436 0.37354 -0.77148 -0.92041 
0.142578 0.8301 0.90942 0.49316 -0.90210 -0.66284 
0.131104 0.8301 0.86304 0.57495 -0.100830 -0.41382 
0.119873 0.10376 0.81421 0.58594 -0.111450 -0.18799 
0.110107 0.11475 0.77148 0.52856 -0.122192 -0.1099 
0.102295 0.10986 0.77148 0.41260 -0.133057 0.9521 
0.98511 0.9521 0.72998 0.27100 -0.142212 0.12939 
0.98145 0.7202 0.67261 0.13672 -0.148315 0.9644 
0.98389 0.4272 0.59937 0.13672 -0.150269 0.1953 
0.96069 0.1953 0.51392 0.1953 -0.147949 -0.7324 
0.90088 0.1709 0.42358 -0.6958 -0.140991 -0.15625 
0.80933 0.3906 0.33325 -0.12085 -0.129150 -0.20630 
0.69946 0.9399 0.24658 -0.11963 -0.129150 -0.21118 
0.57007 0.17578 0.16602 -0.7446 -0.113525 -0.16113 
0.42236 0.27588 0.7813 -0.1953 -0.95703 -0.6104 
0.26245 0.38696 -0.1343 0.122 -0.77515 -0.6104 
0.10376 0.51514 -0.8423 -0.3540 -0.59814 0.9277 
-0.3418 0.64331 -0.12573 -0.10620 -0.43335 0.29907 
-0.12451 0.74707 -0.14526 -0.18066 -0.28076 0.56030 
-0.12451 0.78857 -0.15259 -0.22705 -0.13794 0.86182 
-0.16602 0.75195 -0.15381 -0.24414 -0.366 0.117920 
-0.15137 0.65430 -0.13306 -0.25024 0.12207 0.147583 
-0.7080 0.84229 -0.9155 -0.23926 0.25146 0.172974 
0.5005 0.52979 -0.5127 -0.19287 0.38696 0.192871 
0.19043 0.41260 -0.1709 -0.12207 0.52734 0.207153 
0.34668 0.30518 -0.30762 -0.4761 0.67383 0.215210 
0.52002 0.20996 0.488 0.1221 0.81299 0.218018 
0.71777 0.10376 0.2808 0.3662 0.92896 0.216309 
0.93872 -0.2197 0.8179 0.2563 0.101196 0.209351 
0.118652 -0.16602 0.15503 0.854 0.106689 0.196045 
0.144165 -0.29663 0.21851 0.854 0.111572 0.177002 
0.168701 -0.38818 0.28931 0.2197 0.115845 0.155518 
0.191406 -0.43945 0.36987 0.8057 0.114258 0.133057 
0.206299 -0.55420 0.31982 0.17090 0.114258 0.116577 
0.251831 -0.60303 0.50781 0.21484 0.103516 0.139893 
0.294678 -0.67261 0.60059 -0.1343 0.110718 0.144409 
0.329590 -0.79102 0.47241 -0.32715 0.124023 0.175659 
0.354980 -0.92529 0.32593 -0.41504 0.102173 0.187866 
0.383545 -0.99243 0.35400 -0.15991 0.60547 0.165161 
0.379272 -0.107056 0.46265 0.12451 0.20264 0.124023 
0.409668 -0.105713 0.57251 0.20996 -0.6470 0.84351 
0.440918 -0.101685 0.54321 0.13062 -0.13062 0.56152 
0.460205 -0.123047 0.50659 0.14648 -0.16357 0.35034 
0.468750 -0.83008 0.50659 0.29053 -0.7080 0.19287 
0.465088 -0.83008 0.47119 0.38452 0.10498 0.7690 
0.454712 -0.76416 0.39551 0.40649 0.30273 0.366 
0.445313 -0.72144 0.33569 0.38696 0.44312 -0.3784 
0.439209 -0.70435 0.33569 0.34790 0.49683 -0.5981 
0.434204 -0.68359 0.32593 0.30029 0.48950 -0.6104 
0.427612 -0.65796 0.34546 0.25513 0.44678 -0.4150 
0.418579 -0.62500 0.38574 0.21362 0.38452 -0.1831 
0.405884 -0.58472 0.42236 0.21362 0.31738 -0.1099 
0.390137 -0.54077 0.43945 0.18188 0.57007 -0.2563 
0.371826 -0.51025 0.42969 0.16113 0.19287 -0.5615 
0.353760 -0.48462 0.39551 0.13550 0.19287 -0.8667 
0.335693 -0.46265 0.34546 0.10132 0.10620 -0.10986 
0.318604 -0.43945 0.31494 0.8545 -0.610 -0.10742 
0.302856 -0.41870 0.29419 0.7813 -0.12451 -0.10742 
0.289185 -0.40527 0.27588 0.6714 -0.23315 -0.8423 
0.278687 -0.39673 0.25513 0.5249 -0.31860 -0.6348 
0.270874 -0.38696 0.24414 0.4395 -0.37109 -0.5493 
0.264282 -0.37720 0.24658 0.3784 -0.39063 -0.5615 
0.264282 -0.36987 0.25024 0.2563 -0.37842 -0.6714 
0.258301 -0.36255 0.25513 0.1587 -0.34180 -0.7813 
0.252563 -0.35767 0.26001 0.1465 -0.28931 -0.8423 
0.248047 -0.35767 0.26733 0.1831 -0.22583 -0.8423 
0.244507 -0.35278 0.27710 0.1587 -0.15625 -0.7935 
0.241211 -0.34912 0.28564 0.732 -0.9155 -0.6836 
0.238770 -0.34302 0.28564 -0.366 -0.3540 -0.5737 
0.237549 -0.33569 0.29541 -0.1099 0.1099 -0.4639 
0.236816 -0.33081 0.30640 -0.1221 0.4639 -0.3784 
0.236816 -0.33081 0.31982 -0.854 0.6836 -0.3296 
0.237915 -0.33569 0.32837 -0.854 0.7690 -0.3174 
0.239624 -0.34424 0.33813 -0.244 0.7202 -0.3662 
0.241455 -0.35156 0.35278 0.122 0.5859 -0.4517 
0.242310 -0.35278 0.36499 0.122 0.5859 -0.5371 
0.242432 -0.35034 0.37964 0.00 0.3906 -0.6104 
0.242432 -0.34790 0.38208 0.610 0.1831 -0.6470 
0.243164 -0.34790 0.37720 0.1831 0.244 -0.6470 
0.244751 -0.35156 0.36377 0.2930 -0.732 -0.6470 
0.246094 -0.36011 0.35156 0.3662 -0.610 -0.6348 
0.247192 -0.36255 0.33936 0.3662 0.488 -0.6470 
0.246948 -0.36011 0.33081 0.2930 0.2563 -0.6714 
0.246948 -0.34912 0.33569 0.2075 0.5249 -0.7080 
0.245728 -0.33203 0.35156 0.1831 0.8789 -0.7324 
0.244751 -0.31982 0.35767 0.3174 0.12573 -0.7446 
0.244629 -0.31982 0.35156 0.6104 0.16235 -0.7446 
