0.69824 -0.39795 -0.240723 -0.33081 0.51392 0.46265 
0.68481 -0.38452 -0.237305 -0.41992 0.60303 0.48218 
0.67749 -0.38330 -0.234375 -0.45044 0.35156 0.49072 
0.70068 -0.37842 -0.232178 -0.46387 0.68726 0.47729 
0.73975 -0.35767 -0.231079 -0.45410 0.68726 0.44189 
0.76904 -0.35156 -0.230103 -0.41382 0.65796 0.39917 
0.80688 -0.33936 -0.230103 -0.34546 0.61523 0.36011 
0.83374 -0.32227 -0.229980 -0.26489 0.56274 0.36011 
0.85083 -0.31128 -0.230713 -0.18921 0.50537 0.32227 
0.86914 -0.31128 -0.231201 -0.13794 0.44434 0.28564 
0.88013 -0.31006 -0.230103 -0.10986 0.38208 0.24536 
0.88013 -0.30884 -0.227661 -0.8911 0.32593 0.19897 
0.88013 -0.31006 -0.223877 -0.6226 0.27466 0.15015 
0.87891 -0.366 -0.221069 -0.1099 0.23071 0.10498 
0.87402 -0.33325 -0.221191 0.6836 0.20142 0.7080 
0.86548 -0.33325 -0.222290 0.15259 0.18677 0.4395 
0.86060 -0.35034 -0.225342 0.21729 0.20020 0.1953 
0.84839 -0.36499 -0.227783 0.25513 0.22583 0.488 
0.86548 -0.36987 -0.227783 0.27466 0.26978 -0.732 
0.86548 -0.37109 -0.231201 0.26855 0.32837 -0.488 
0.87158 -0.38452 -0.234009 0.26733 0.37109 0.610 
0.89966 -0.41260 -0.237305 0.26733 0.40405 0.1465 
0.93872 -0.43213 -0.243164 0.29907 0.43457 -0.488 
0.96436 -0.52002 -0.249634 0.34058 0.45288 -0.7935 
0.103882 -0.47485 -0.255981 0.40161 0.43091 -0.12329 
0.103027 -0.44922 -0.262207 0.43335 0.43091 -0.13794 
0.102905 -0.43945 -0.269775 0.45288 0.38452 -0.13428 
0.103516 -0.45654 -0.279663 0.47607 0.31250 -0.12451 
0.104980 -0.46753 -0.291626 0.49072 0.24292 -0.12451 
0.109375 -0.47607 -0.304932 0.47363 0.19531 -0.11353 
0.116089 -0.49927 -0.318970 0.42114 0.17944 -0.12451 
0.121216 -0.52979 -0.333618 0.35034 0.20874 -0.16968 
0.123169 -0.56763 -0.348389 0.27954 0.27588 -0.24658 
0.123169 -0.62622 -0.363159 0.21973 0.36255 -0.32959 
0.123291 -0.68848 -0.377930 0.17334 0.45776 -0.39551 
0.126953 -0.73364 -0.392090 0.13062 0.55298 -0.44189 
0.132568 -0.73364 -0.403198 0.6226 0.62256 -0.47607 
0.136475 -0.74951 -0.408203 -0.6836 0.65308 -0.48828 
0.139282 -0.75317 -0.407349 -0.25269 0.63721 -0.47241 
0.140625 -0.74097 -0.407349 -0.45288 0.57495 -0.41260 
0.143066 -0.71899 -0.403564 -0.64941 0.46631 -0.33447 
0.151733 -0.72266 -0.395752 -0.80933 0.33325 -0.30518 
0.159790 -0.70435 -0.384766 -0.90942 0.20386 -0.30151 
0.165405 -0.67871 -0.374023 -0.90942 0.8545 -0.30640 
0.169312 -0.66284 -0.361816 -0.95459 0.28320 -0.32349 
0.173218 -0.63477 -0.347778 -0.95703 -0.14771 -0.35156 
0.175537 -0.58472 -0.332275 -0.92896 -0.14771 -0.38696 
0.175659 -0.52124 -0.316162 -0.88501 -0.26001 -0.42114 
0.175415 -0.47241 -0.301147 -0.82520 -0.36377 -0.45654 
0.176025 -0.43945 -0.289429 -0.76782 -0.45654 -0.45654 
0.175049 -0.42725 -0.280029 -0.74951 -0.54199 -0.49805 
0.172852 -0.43335 -0.271362 -0.78491 -0.61646 -0.53589 
0.167358 -0.42847 -0.260254 -0.86914 -0.69946 -0.55664 
0.161377 -0.38940 -0.246338 -0.97778 -0.82031 -0.56152 
0.161377 -0.33447 -0.230103 -0.107544 -0.98022 -0.55298 
0.156250 -0.57861 -0.214233 -0.114136 -0.116089 -0.54443 
0.150635 -0.18921 -0.198486 -0.118774 -0.133789 -0.54443 
0.144043 -0.18921 -0.182129 -0.122803 -0.148926 -0.56152 
0.136597 -0.12085 -0.166382 -0.125732 -0.160400 -0.59204 
0.127686 -0.5981 -0.183594 -0.126343 -0.167969 -0.63232 
0.118164 -0.1831 -0.152344 -0.124023 -0.172119 -0.66895 
0.107910 0.1465 -0.139771 -0.119507 -0.173462 -0.69580 
0.96802 0.3784 -0.129395 -0.114502 -0.172241 -0.71167 
0.86914 0.6226 -0.120972 -0.110596 -0.168579 -0.71045 
0.77271 0.8545 -0.112671 -0.110596 -0.163208 -0.69336 
0.66162 0.10986 -0.104248 -0.107422 -0.156860 -0.65918 
0.53955 0.12573 -0.97168 -0.102539 -0.181519 -0.60181 
0.42114 0.13306 -0.91797 -0.94849 -0.150269 -0.52368 
0.30884 0.13916 -0.87891 -0.84961 -0.143799 -0.43823 
0.20386 0.14038 -0.84839 -0.73853 -0.137939 -0.34912 
0.10132 0.13794 -0.82153 -0.62256 -0.132324 -0.57617 
0.244 0.13428 -0.79224 -0.50659 -0.126099 -0.26367 
-0.8911 0.13794 -0.75439 -0.39185 -0.118286 -0.18433 
-0.17212 0.14282 -0.70923 -0.27832 -0.108887 -0.11597 
-0.23804 0.14893 -0.66772 -0.16357 -0.97656 -0.5981 
-0.23804 0.15503 -0.63232 -0.5371 -0.84351 -0.1709 
-0.29541 0.15747 -0.60181 0.4517 -0.69092 0.1465 
-0.34912 0.15747 -0.58350 0.14404 -0.52490 0.4395 
-0.39185 0.15747 -0.58716 0.24780 -0.36133 0.8057 
-0.42236 0.15625 -0.60669 0.35522 -0.20752 0.13428 
-0.43945 0.15137 -0.33325 0.46265 -0.6592 0.20996 
-0.43579 0.14160 -0.68359 0.57373 0.5859 0.30151 
-0.40283 0.14160 -0.68359 0.68481 0.16357 0.40283 
-0.34546 0.14038 -0.71411 0.79346 0.25757 0.49805 
-0.26733 0.13062 -0.75195 0.89600 0.35522 0.57007 
-0.18311 0.11353 -0.80444 0.89600 0.46021 0.61890 
-0.9888 0.9033 -0.87891 0.99487 0.57861 0.64941 
-0.122 0.5737 -0.96436 0.109375 0.39429 0.66650 
0.10986 0.1709 -0.107666 0.119141 0.70679 0.67017 
0.23682 -0.2563 -0.119995 0.128052 0.83984 0.66162 
0.36987 -0.7568 -0.131836 0.135620 0.96924 0.64087 
0.50537 -0.13184 -0.142090 0.140869 0.109985 0.91675 
0.62866 -0.17822 -0.154907 0.142578 0.122559 0.60425 
0.73120 -0.22583 -0.167114 0.143188 0.133789 0.55908 
0.81177 -0.27954 -0.180298 0.143311 0.145874 0.51514 
0.87891 -0.31250 -0.193237 0.143555 0.156982 0.48218 
0.87891 -0.33691 -0.203613 0.144531 0.165283 0.46997 
0.94971 -0.36133 -0.211548 0.146484 0.170166 0.47363 
0.103882 -0.40405 -0.217896 0.148193 0.172852 0.47729 
0.112793 -0.40405 -0.223267 0.148682 0.175049 0.45776 
0.121582 -0.46265 -0.230469 0.148438 0.177856 0.41382 
0.130493 -0.51880 -0.245972 0.147583 0.178955 0.34180 
0.127808 -0.52734 -0.242432 0.147583 0.175293 0.28076 
0.156006 -0.67383 -0.242432 0.140747 0.182861 0.50415 
0.146362 -0.64819 -0.255005 0.134277 0.182861 0.58228 
0.146484 -0.59326 -0.272705 0.135010 0.158691 0.46997 
0.156738 -0.65186 -0.276855 0.135010 0.133911 0.36865 
0.161499 -0.73608 -0.288086 0.139648 0.110840 0.32715 
0.161743 -0.83252 -0.308228 0.145752 0.118652 0.30762 
0.160889 -0.94482 -0.331909 0.150635 0.87402 0.29907 
0.160889 -0.104980 -0.355957 0.152466 0.64941 0.30396 
0.161499 -0.114380 -0.377686 0.149658 0.46631 0.30273 
0.161987 -0.121826 -0.395142 0.140015 0.36621 0.27954 
0.162964 -0.125854 -0.404663 0.124146 0.34302 0.27954 
0.163818 -0.126221 -0.405518 0.104004 0.37842 0.23071 
0.163574 -0.123901 -0.400391 0.82764 0.44678 0.15625 
0.162231 -0.120117 -0.391235 0.63599 0.52002 0.7080 
0.162231 -0.116577 -0.379028 0.48340 0.56641 -0.244 
0.160278 -0.112793 -0.366943 0.37231 0.57007 -0.4761 
0.157959 -0.109619 -0.355103 0.29419 0.52612 -0.6836 
0.155396 -0.107056 -0.343384 0.23926 0.44312 -0.7324 
0.152710 -0.107056 -0.332153 0.18677 0.33813 -0.6714 
0.149292 -0.104492 -0.320313 0.12939 0.22583 -0.5981 
0.145020 -0.101807 -0.339722 0.7324 0.11230 -0.5615 
0.139893 -0.98999 -0.308472 0.2075 0.488 -0.5737 
0.133911 -0.96069 -0.296265 -0.2319 -0.9033 -0.5859 
0.127563 -0.93140 -0.283325 -0.6104 -0.16479 -0.5249 
0.121216 -0.89844 -0.270874 -0.6104 -0.22095 -0.4395 
0.115356 -0.86670 -0.259033 -0.9399 -0.26489 -0.3418 
0.110474 -0.83374 -0.247803 -0.11841 -0.29663 -0.2197 
0.106812 -0.79956 -0.237427 -0.13062 -0.366 -0.1099 
0.104492 -0.76660 -0.228760 -0.12573 -0.31616 -0.488 
0.103027 -0.74463 -0.222168 -0.10742 -0.32227 -0.31128 
0.101318 -0.73364 -0.217896 -0.8423 -0.31250 0.488 
0.100830 -0.72510 -0.214722 -0.6470 -0.28687 0.488 
0.101563 -0.71777 -0.212524 -0.5005 -0.24902 0.488 
0.103271 -0.71411 -0.210815 -0.4517 -0.20020 -0.122 
0.104858 -0.70923 -0.209351 -0.4761 -0.14160 -0.1343 
0.104858 -0.70435 -0.208252 -0.5127 -0.8057 -0.2930 
0.105713 -0.70313 -0.208008 -0.5737 -0.2441 -0.4517 
0.106567 -0.69946 -0.207886 -0.6226 0.2197 -0.5859 
0.107544 -0.69336 -0.207886 -0.6836 0.5615 -0.6592 
0.108398 -0.69336 -0.208374 -0.7202 0.7446 -0.6836 
0.109375 -0.69336 -0.209229 -0.7080 0.7813 -0.6958 
0.110107 -0.69214 -0.210205 -0.6714 0.7080 -0.6592 
0.111328 -0.69336 -0.210205 -0.6714 0.5615 -0.6226 
0.112549 -0.69458 -0.211060 -0.6958 0.3906 -0.5737 
0.113770 -0.69458 -0.211670 -0.6836 0.2075 -0.5371 
0.114868 -0.69580 -0.211792 -0.6836 0.854 -0.5249 
0.114990 -0.69580 -0.212036 -0.6470 0.610 -0.5249 
