0.239258 0.4272 0.210815 -0.78857 0.219971 0.21973 
0.244751 0.2319 0.209961 -0.74829 0.205811 0.8179 
0.242554 0.2319 0.209961 -0.72632 0.187500 -0.4883 
0.239990 0.977 0.211914 -0.71167 0.164551 -0.15015 
0.236938 0.366 0.215576 -0.70679 0.139648 -0.20630 
0.228516 -0.2197 0.215576 -0.71899 0.115845 -0.23804 
0.226807 0.854 0.220703 -0.70313 0.96313 -0.24292 
0.224609 0.00 0.223022 -0.70068 0.82153 -0.26245 
0.219238 -0.6714 0.221436 -0.70068 0.72510 -0.34424 
0.221924 -0.10986 0.218872 -0.70557 0.60181 -0.44434 
0.219971 -0.7935 0.226196 -0.68237 0.45776 -0.53833 
0.213013 -0.1953 0.235352 -0.59082 0.52612 -0.58838 
0.206177 0.1953 0.242676 -0.38330 0.21362 -0.57739 
0.200806 0.2686 0.249512 -0.6836 -0.16113 -0.54688 
0.197876 0.2808 0.255005 0.30151 -0.58472 -0.53467 
0.195557 0.732 0.256348 0.64575 -0.96924 -0.53467 
0.198853 -0.977 0.246704 0.92041 -0.128418 -0.54932 
0.211182 0.1953 0.237793 0.105469 -0.154785 -0.57007 
0.197388 0.9766 0.229858 0.101074 -0.167358 -0.57861 
0.228638 0.18677 0.222290 0.86304 -0.165039 -0.58960 
0.244629 0.28931 0.226074 0.67139 -0.147827 -0.60791 
0.268433 0.29663 0.230835 0.48218 -0.132324 -0.62500 
0.285522 0.1221 0.236206 0.37720 -0.112915 -0.64087 
0.304321 0.32471 0.235230 0.42969 -0.92407 -0.68970 
0.314453 0.15869 0.238281 0.55908 -0.80688 -0.80566 
0.320190 0.17334 0.236450 0.66528 -0.76050 -0.85327 
0.322876 0.25879 0.236450 0.76904 -0.75806 -0.89355 
0.323975 0.22705 0.235840 0.85449 -0.80322 -0.98633 
0.320313 0.17822 0.234253 0.93018 -0.88135 -0.113770 
0.312378 0.16357 0.232910 0.93018 -0.98389 -0.130249 
0.302246 0.15625 0.232910 0.99731 -0.110840 -0.143555 
0.290161 0.14771 0.233032 0.106079 -0.93994 -0.153076 
0.276978 0.14282 0.233032 0.112671 -0.140991 -0.159546 
0.262695 0.13184 0.232788 0.120728 -0.140991 -0.162964 
0.248291 0.10254 0.232910 0.131470 -0.157105 -0.164551 
0.234253 0.7690 0.232300 0.144775 -0.173828 -0.165527 
0.222412 0.6348 0.229370 0.161987 -0.189819 -0.165527 
0.210449 0.4883 0.224365 0.183716 -0.205444 -0.166382 
0.197632 0.3906 0.218994 0.210205 -0.221558 -0.168091 
0.218384 0.4639 0.209839 0.237793 -0.235840 -0.170288 
0.187134 0.7080 0.193115 0.262573 -0.247070 -0.171997 
0.177612 0.8301 0.171021 0.280273 -0.253540 -0.172852 
0.166626 0.7324 0.148438 0.281982 -0.255249 -0.173828 
0.156982 0.6470 0.129150 0.265991 -0.253418 -0.177002 
0.147217 0.6470 0.114380 0.241699 -0.247559 -0.181152 
0.136353 0.5249 0.102661 0.219116 -0.238281 -0.184692 
0.125488 0.5127 0.122314 0.202759 -0.226807 -0.186523 
0.115112 0.7446 0.91064 0.192017 -0.213623 -0.185791 
0.104248 0.10376 0.77881 0.183716 -0.199219 -0.182129 
0.92285 0.13794 0.63477 0.175903 -0.183594 -0.175781 
0.80322 0.16724 0.49438 0.168579 -0.166260 -0.167236 
0.68848 0.18921 0.36865 0.168579 -0.146729 -0.157105 
0.58228 0.21729 0.24048 0.162476 -0.125244 -0.145508 
0.48706 0.25269 0.10986 0.157227 -0.133789 -0.132568 
0.40649 0.26489 -0.1831 0.151489 -0.102539 -0.119263 
0.32837 0.31494 -0.16235 0.145142 -0.79224 -0.104126 
0.26245 0.35156 -0.30396 0.136230 -0.55176 -0.119385 
0.20752 0.36743 -0.41260 0.122192 -0.30029 -0.88135 
0.16724 0.38696 -0.49805 0.103149 -0.1343 -0.72510 
0.11597 0.40894 -0.57129 0.81299 0.30151 -0.55664 
0.6592 0.42603 -0.63110 0.58228 0.63477 -0.37476 
0.3906 0.44922 -0.66895 0.34302 0.97412 -0.17700 
0.3906 0.46265 -0.66650 0.9033 0.130493 0.4395 
0.2930 0.46021 -0.64819 -0.16113 0.163086 0.27832 
0.4639 0.43701 -0.64941 -0.38208 0.194336 0.51392 
0.9766 0.43701 -0.64941 -0.60425 0.219971 0.73975 
0.17822 0.42114 -0.60547 -0.84961 0.237305 0.94360 
0.26123 0.40527 -0.50537 -0.109619 0.247070 0.112671 
0.35889 0.38330 -0.50537 -0.131958 0.250732 0.128540 
0.45288 0.37842 -0.36621 -0.152710 0.249512 0.141480 
0.53467 0.36743 -0.18799 -0.139160 0.244019 0.151123 
0.61890 0.33569 0.1465 -0.183228 0.235230 0.158325 
0.71655 0.29297 0.23193 -0.183228 0.223755 0.163452 
0.83252 0.26001 0.46387 -0.192627 0.242920 0.166626 
0.95703 0.24780 0.70923 -0.200562 0.199585 0.168457 
0.109131 0.25879 0.97046 -0.208252 0.199585 0.169922 
0.124146 0.28564 0.123413 -0.214355 0.188843 0.170410 
0.141357 0.33081 0.148438 -0.217041 0.180664 0.168823 
0.158936 0.37354 0.169434 -0.215332 0.175537 0.168823 
0.176025 0.42236 0.185913 -0.209839 0.172607 0.165039 
0.190918 0.47119 0.198364 -0.203491 0.170044 0.159302 
0.202148 0.50171 0.206299 -0.197998 0.166504 0.151855 
0.210938 0.50293 0.212769 -0.194092 0.161133 0.142700 
0.210938 0.54321 0.218384 -0.191772 0.152222 0.133789 
0.214478 0.35767 0.245239 -0.187866 0.146118 0.134033 
0.238647 0.48218 0.248413 -0.194092 0.164429 0.156738 
0.233032 0.48218 0.258423 -0.181519 0.167603 0.137207 
0.240601 0.56152 0.277100 -0.160645 0.157837 0.110352 
0.260498 0.59326 0.258911 -0.145630 0.160034 0.97290 
0.274536 0.62500 0.290161 -0.134277 0.171021 0.88013 
0.281738 0.68115 0.295288 -0.122314 0.175781 0.75073 
0.288330 0.70557 0.299316 -0.107910 0.172363 0.62866 
0.293701 0.67871 0.302368 -0.125000 0.163696 0.57129 
0.296509 0.68237 0.303955 -0.93750 0.153076 0.52368 
0.298950 0.67993 0.304565 -0.81299 0.140259 0.46021 
0.301025 0.66284 0.302490 -0.68970 0.125366 0.41260 
0.302002 0.64819 0.297730 -0.56030 0.125366 0.37354 
0.301270 0.63599 0.290772 -0.43335 0.109009 0.31372 
0.298218 0.62012 0.282959 -0.31860 0.91064 0.55054 
0.292725 0.60303 0.274658 -0.21362 0.71289 0.16113 
0.284424 0.57861 0.266235 -0.10864 0.49927 0.16113 
0.273926 0.55054 0.257080 -0.366 0.27954 0.9155 
0.261353 0.51880 0.247925 0.9888 0.5859 0.3418 
0.278931 0.48218 0.238770 0.19653 -0.14771 0.488 
0.247681 0.44678 0.228760 0.28564 -0.31860 0.366 
0.233887 0.41626 0.218018 0.36011 -0.45044 0.1831 
0.221069 0.37964 0.207886 0.41870 -0.54199 0.3540 
0.209717 0.37964 0.197998 0.45532 -0.59570 0.5005 
0.199463 0.35034 0.189209 0.46509 -0.61523 0.6104 
0.190552 0.32471 0.212646 0.44800 -0.60669 0.6836 
0.182861 0.30640 0.175171 0.40771 -0.57495 0.7568 
0.176636 0.28931 0.175171 0.35767 -0.53101 0.8179 
0.171387 0.27588 0.171021 0.62378 -0.48340 0.8667 
0.167236 0.26978 0.167480 0.27588 -0.43579 0.8911 
0.164185 0.26489 0.164673 0.27588 -0.38818 0.8667 
0.161865 0.26001 0.161987 0.24536 -0.34058 0.8301 
0.160522 0.25391 0.160278 0.21973 -0.60547 0.7690 
0.159424 0.24902 0.159180 0.19653 -0.29297 0.7080 
0.159058 0.24048 0.158325 0.17456 -0.24658 0.6470 
0.159058 0.23560 0.157959 0.15381 -0.20142 0.5493 
0.159180 0.23438 0.157593 0.13184 -0.15869 0.4028 
0.159668 0.23438 0.158081 0.10864 -0.11963 0.4028 
0.160034 0.23682 0.158936 0.8179 -0.8423 0.1953 
0.160522 0.24414 0.160156 0.5371 -0.5615 -0.122 
0.161255 0.25269 0.161743 0.3052 -0.3418 -0.1953 
0.161255 0.26123 0.163452 0.1343 -0.1831 -0.3662 
0.161743 0.26855 0.164673 0.366 -0.732 -0.5249 
0.162231 0.27100 0.166382 -0.122 0.244 -0.6470 
0.163086 0.27100 0.167603 -0.122 0.1343 -0.7446 
0.163940 0.27832 0.169067 -0.244 0.3052 -0.8179 
0.164795 0.28564 0.170654 -0.366 0.5127 -0.8667 
0.166138 0.29419 0.172119 -0.366 0.7324 -0.8667 
0.166992 0.30151 0.172119 -0.244 0.9033 -0.8301 
0.167847 0.30518 0.173462 -0.31128 0.10132 -0.7813 
0.168701 0.30518 0.174316 0.610 0.10620 -0.7324 
0.169556 0.30884 0.175293 0.610 0.10376 -0.6592 
0.170776 0.31128 0.176270 0.1099 0.9766 -0.5859 
0.173096 0.31006 0.176758 0.1465 0.9033 -0.5005 
0.175537 0.31250 0.177490 0.1587 0.9033 -0.4517 
0.177856 0.31738 0.178467 0.1343 0.8179 -0.4272 
0.179443 0.32227 0.178955 0.1221 0.7080 -0.4150 
0.180542 0.32471 0.178955 0.1343 0.5737 -0.4150 
0.181030 0.32471 0.178345 0.1587 0.4272 -0.4150 
0.180908 0.32593 0.177612 0.1709 0.2930 -0.4150 
0.180420 0.32837 0.177246 0.1221 0.1953 -0.4272 
0.180054 0.33447 0.177979 0.366 0.1465 -0.4639 
0.180054 0.33813 0.179077 -0.244 0.1465 -0.5005 
0.178955 0.33936 0.180176 -0.122 0.1953 -0.5371 
0.177124 0.34180 0.180664 0.610 0.3296 -0.5371 
0.175537 0.34302 0.180664 0.1831 0.5127 -0.4761 
