0.31860 0.54932 0.222046 0.6470 -0.42603 0.11108 
0.33813 0.56641 0.220337 0.3662 -0.46509 0.11108 
0.35889 0.59204 0.220825 0.1099 -0.46753 0.7202 
0.36987 0.59082 0.221680 -0.3052 -0.42480 0.3540 
0.38330 0.59448 0.223511 -0.8301 -0.34668 0.3540 
0.38330 0.59448 0.226440 -0.11230 -0.25391 0.6836 
0.37842 0.59570 0.227173 -0.12085 -0.17578 0.9888 
0.39063 0.59937 0.227539 -0.8911 -0.13428 0.13428 
0.40771 0.59937 0.227417 -0.5981 -0.11597 0.17334 
0.43091 0.59448 0.229370 -0.5493 -0.11963 0.20264 
0.44922 0.59204 0.232544 -0.6104 -0.13428 0.22827 
0.46143 0.60791 0.236816 -0.6714 -0.15259 0.25391 
0.48096 0.63721 0.236816 -0.6592 -0.19165 0.28198 
0.51147 0.66650 0.241699 -0.5249 -0.23438 0.30884 
0.53223 0.67993 0.246094 -0.3418 -0.27100 0.33569 
0.54932 0.68115 0.248047 -0.3418 -0.29175 0.35645 
0.56152 0.67505 0.248047 -0.2808 -0.28442 0.37109 
0.56641 0.66528 0.246216 -0.5371 -0.24780 0.38452 
0.56641 0.64819 0.242676 -0.10620 -0.24780 0.38574 
0.56885 0.62012 0.237549 -0.18433 -0.19043 0.36865 
0.56763 0.57983 0.232056 -0.28809 -0.12207 0.33569 
0.57739 0.54810 0.227783 -0.41504 -0.3540 0.60669 
0.58716 0.52368 0.227173 -0.55542 0.3418 0.29419 
0.59814 0.50415 0.229492 -0.67139 0.6958 0.23193 
0.59814 0.51147 0.233521 -0.73120 0.9399 0.15747 
0.59814 0.51880 0.235474 -0.76538 0.11475 0.13184 
0.59814 0.51880 0.237427 -0.76782 0.15259 0.13916 
0.61035 0.51758 0.239502 -0.76172 0.21118 0.14038 
0.62988 0.50171 0.242432 -0.76660 0.27588 0.13062 
0.64575 0.50171 0.247192 -0.78369 0.36255 0.10864 
0.66284 0.47363 0.254639 -0.82886 0.48828 0.7080 
0.69946 0.45532 0.264038 -0.90942 0.65918 0.2930 
0.74341 0.44312 0.276367 -0.101196 0.87158 -0.1099 
0.78369 0.46143 0.276367 -0.113403 0.108276 -0.3174 
0.80200 0.47363 0.291016 -0.94482 0.124756 -0.1587 
0.81055 0.48218 0.307129 -0.135864 0.133911 0.2686 
0.80200 0.49438 0.323364 -0.135864 0.132690 0.8667 
0.78125 0.49805 0.341064 -0.141724 0.121216 0.15259 
0.75562 0.47852 0.359009 -0.142578 0.102539 0.21606 
0.74219 0.43823 0.375977 -0.138550 0.111816 0.26611 
0.71777 0.39917 0.390625 -0.131104 0.80566 0.28931 
0.68726 0.36621 0.402832 -0.119995 0.57739 0.28809 
0.64331 0.33691 0.412720 -0.105469 0.32349 0.27954 
0.59326 0.30762 0.420044 -0.86792 0.2808 0.27954 
0.54810 0.28442 0.423950 -0.63721 -0.29419 0.27222 
0.52124 0.27588 0.424194 -0.38086 -0.59570 0.25757 
0.49805 0.26245 0.421143 -0.14893 -0.84717 0.23193 
0.49805 0.23315 0.415283 0.3662 -0.104858 0.19775 
0.47363 0.19897 0.406982 0.19165 -0.120361 0.15869 
0.43701 0.16602 0.397949 0.33813 -0.133057 0.11841 
0.39917 0.13794 0.388550 0.47852 -0.144165 0.8423 
0.36011 0.13794 0.378540 0.60425 -0.154053 0.6226 
0.32104 0.11353 0.399170 0.71167 -0.162231 0.5371 
0.27222 0.9399 0.356323 0.81299 -0.168213 0.6104 
0.22949 0.6470 0.356323 0.91309 -0.171631 0.7446 
0.19043 0.3906 0.341553 0.101318 -0.173950 0.8423 
0.17822 0.2441 0.324829 0.111694 -0.174438 0.9155 
0.14282 0.244 0.306519 0.111694 -0.172485 0.7568 
0.12207 -0.2441 0.286621 0.121460 -0.166260 0.3784 
0.11353 -0.5249 0.267090 0.128174 -0.156738 -0.2197 
0.10376 -0.8911 0.247437 0.131348 -0.177368 -0.8911 
0.8301 -0.11841 0.227051 0.133423 -0.146118 -0.15869 
0.5493 -0.13428 0.206299 0.137817 -0.136841 -0.22461 
0.2808 -0.12451 0.186890 0.144775 -0.128784 -0.26611 
0.1709 -0.9766 0.167603 0.150635 -0.120239 -0.26611 
0.2930 -0.5981 0.147827 0.153442 -0.109497 -0.27466 
0.5249 -0.2808 0.128052 0.154907 -0.97290 -0.25513 
0.10132 0.00 0.107788 0.156128 -0.85938 -0.22217 
0.10132 0.2563 0.88379 0.156250 -0.75684 -0.18677 
0.17090 0.4272 0.71655 0.152222 -0.66650 -0.15747 
0.26001 0.6714 0.59448 0.143066 -0.56519 -0.14282 
0.35400 0.9033 0.50293 0.131470 -0.44922 -0.14893 
0.43213 0.9033 0.43701 0.121094 -0.31250 -0.16846 
0.48706 0.11841 0.39429 0.111938 -0.16113 -0.19165 
0.51514 0.14648 0.35645 0.103271 -0.488 -0.20996 
0.52246 0.17700 0.35645 0.95215 0.14771 -0.21240 
0.52002 0.21118 0.31982 0.87402 0.27588 -0.19653 
0.51636 0.23438 0.28320 0.79834 0.37598 -0.16602 
0.51758 0.24780 0.24902 0.79834 0.44678 -0.12451 
0.52856 0.25146 0.22339 0.71411 0.49561 -0.8057 
0.54321 0.25024 0.18677 0.60913 0.54688 -0.4639 
0.55176 0.23560 0.15869 0.48218 0.59692 -0.2441 
0.54810 0.21729 0.12573 0.34058 0.59692 -0.1465 
0.54321 0.21973 0.9766 0.19775 0.65674 -0.610 
0.53223 0.24170 0.8423 0.3784 0.71899 -0.30396 
0.52490 0.26489 0.10010 -0.13428 0.77148 0.854 
0.51270 0.28198 0.13062 -0.31372 0.81665 0.2686 
0.50171 0.28076 0.17578 -0.49561 0.86060 0.4761 
0.49072 0.26001 0.23438 -0.66895 0.91064 0.6592 
0.47852 0.23926 0.30884 -0.82642 0.98389 0.8057 
0.47852 0.21973 0.39307 -0.97046 0.108154 0.9521 
0.46387 0.19653 0.47974 -0.110596 0.118896 0.10254 
0.45044 0.17578 0.57129 -0.123291 0.131592 0.9766 
0.44556 0.17578 0.67017 -0.135742 0.146240 0.8301 
0.43091 0.15625 0.77026 -0.147705 0.160034 0.6226 
0.41748 0.14038 0.87402 -0.158081 0.173096 0.3418 
0.41748 0.12695 0.87402 -0.168335 0.186401 0.00 
0.41870 0.10986 0.99121 -0.178589 0.199097 -0.5005 
0.40894 0.8667 0.110474 -0.156372 0.211426 -0.11841 
0.38452 0.6836 0.122559 -0.195801 0.221680 -0.20386 
0.33691 0.6226 0.136108 -0.195801 0.228149 -0.29663 
0.27100 0.5615 0.151733 -0.202759 0.232422 -0.38452 
0.18433 0.5005 0.169189 -0.208008 0.237061 -0.45288 
0.8423 0.4150 0.188355 -0.212402 0.237061 -0.49438 
-0.1709 0.2930 0.207764 -0.214844 0.243164 -0.51514 
-0.10986 0.1099 0.227051 -0.214478 0.251343 -0.52490 
-0.20630 -0.2075 0.245972 -0.212646 0.259521 -0.52490 
-0.29541 -0.5371 0.265625 -0.209595 0.266235 -0.53345 
-0.38696 -0.8545 0.285522 -0.206055 0.269531 -0.54565 
-0.48218 -0.10986 0.303711 -0.200806 0.267456 -0.56641 
-0.58838 -0.13916 0.318604 -0.192749 0.260132 -0.59692 
-0.58838 -0.16235 0.329468 -0.183105 0.248291 -0.62988 
-0.70068 -0.18433 0.338379 -0.173950 0.235352 -0.65186 
-0.81543 -0.21240 0.347534 -0.166870 0.221924 -0.65308 
-0.92285 -0.21240 0.358032 -0.159912 0.208130 -0.63354 
-0.100342 -0.23193 0.369019 -0.152222 0.194458 -0.58716 
-0.105103 -0.24414 0.348267 -0.142944 0.180664 -0.52002 
-0.107910 -0.26611 0.379517 -0.131104 0.165527 -0.44067 
-0.108154 -0.29297 0.388062 -0.116211 0.149902 -0.35645 
-0.106445 -0.32837 0.393677 -0.98999 0.134033 -0.27100 
-0.104492 -0.36377 0.394897 -0.113403 0.118042 -0.19165 
-0.101440 -0.38818 0.392700 -0.82153 0.103149 -0.12329 
-0.97900 -0.40405 0.388550 -0.67871 0.120361 -0.6958 
-0.94727 -0.41626 0.383301 -0.56641 0.76172 -0.2930 
-0.91553 -0.42358 0.378052 -0.48096 0.76172 -0.122 
-0.88257 -0.42603 0.372681 -0.41260 0.64087 0.1953 
-0.85571 -0.42480 0.366577 -0.35034 0.52734 0.3906 
-0.82764 -0.41748 0.359497 -0.28320 0.41870 0.3906 
-0.79956 -0.40771 0.350952 -0.21118 0.31494 0.5981 
-0.77515 -0.40527 0.341187 -0.13794 0.21729 0.8301 
-0.74951 -0.40405 0.331055 -0.7080 0.12695 0.10742 
-0.72388 -0.40527 0.320679 -0.1221 0.4272 0.12939 
-0.72388 -0.40405 0.310791 0.4028 -0.4150 0.14771 
-0.69458 -0.40283 0.301270 0.9033 -0.12207 0.15869 
-0.66528 -0.39673 0.291992 0.13550 -0.19287 0.16357 
-0.63721 -0.39673 0.283447 0.16968 -0.24658 0.15869 
-0.61035 -0.39063 0.275269 0.18921 -0.28076 0.14648 
-0.59204 -0.39185 0.268188 0.19653 -0.29175 0.12573 
-0.57617 -0.38818 0.261353 0.20020 -0.28320 0.9888 
-0.57129 -0.37964 0.261353 0.20264 -0.26245 0.6836 
-0.57495 -0.36987 0.255005 0.19653 -0.24048 0.3906 
-0.58350 -0.35889 0.249634 0.18311 -0.22705 0.1221 
-0.60059 -0.34790 0.245239 0.18311 -0.22705 -0.732 
-0.61646 -0.33813 0.242065 0.16846 -0.24048 -0.1831 
-0.62866 -0.32715 0.239380 0.16357 -0.25879 -0.2075 
-0.63232 -0.31616 0.236816 0.16357 -0.25879 -0.1953 
-0.63354 -0.30396 0.234741 0.16113 -0.27100 -0.1343 
-0.63477 -0.29541 0.232422 0.15869 -0.27344 -0.122 
-0.63721 -0.28564 0.229736 0.15869 -0.26123 -0.30151 
-0.63599 -0.27954 0.227905 0.15503 -0.23560 0.1099 
