0.164917 -0.117554 -0.185425 -0.55786 0.29907 0.3174 
0.164429 -0.114624 -0.177734 -0.54688 0.51147 -0.4761 
0.166870 -0.109863 -0.173096 -0.50781 0.68359 -0.9888 
0.166870 -0.105347 -0.167725 -0.44067 0.79956 -0.11719 
0.168823 -0.104370 -0.162964 -0.40405 0.86304 -0.12695 
0.172607 -0.104614 -0.161255 -0.39063 0.89355 -0.13550 
0.179443 -0.104614 -0.159058 -0.39429 0.88989 -0.13550 
0.187134 -0.102173 -0.154541 -0.42969 0.84961 -0.12451 
0.195801 -0.94604 -0.146240 -0.47363 0.77881 -0.10742 
0.201904 -0.84595 -0.146240 -0.48340 0.68726 -0.8301 
0.208130 -0.74341 -0.139038 -0.43335 0.58350 -0.5615 
0.212769 -0.63110 -0.133301 -0.33691 0.48096 -0.3784 
0.213867 -0.55420 -0.131104 -0.52002 0.41138 -0.3296 
0.210815 -0.52490 -0.134766 -0.20752 0.40039 -0.2686 
0.203980 -0.53345 -0.141602 -0.8545 0.43579 -0.488 
0.194092 -0.57495 -0.149536 -0.2563 0.49438 0.3296 
0.185547 -0.61523 -0.156616 -0.5005 0.49438 0.8667 
0.180176 -0.65430 -0.160645 -0.14893 0.56396 0.12451 
0.172363 -0.71411 -0.159058 -0.29541 0.61523 0.12939 
0.167480 -0.78247 -0.156616 -0.41748 0.66406 0.12939 
0.167969 -0.80933 -0.154053 -0.45898 0.69092 0.5859 
0.165894 -0.81909 -0.152832 -0.42969 0.67749 -0.8667 
0.157837 -0.94482 -0.151855 -0.36621 0.66528 -0.30273 
0.184937 -0.97778 -0.153564 -0.25269 0.65430 -0.59082 
0.153687 -0.85571 -0.146484 -0.4150 0.62500 -0.80811 
0.157471 -0.70679 -0.134644 0.18188 0.57007 -0.83008 
0.161621 -0.64087 -0.125854 0.30151 0.46875 -0.68726 
0.163696 -0.64087 -0.122925 0.36865 0.33325 -0.52124 
0.163452 -0.64575 -0.122925 0.47485 0.18799 -0.41748 
0.163574 -0.63477 -0.93872 0.62256 0.5371 -0.35522 
0.165527 -0.58105 -0.125122 0.77881 -0.1587 -0.30518 
0.175293 -0.55664 -0.120361 0.81909 -0.32959 -0.19409 
0.172974 -0.56641 -0.122437 0.81665 -0.72876 -0.11597 
0.178101 -0.63843 -0.120483 0.66040 -0.114502 -0.8545 
0.170532 -0.46509 -0.145508 0.66040 -0.142822 0.6470 
0.174805 -0.49316 -0.159180 0.23438 -0.135498 0.20630 
0.178467 -0.62012 -0.178711 -0.28076 -0.172607 0.28809 
0.185913 -0.69946 -0.194214 -0.57373 -0.172607 0.36987 
0.196899 -0.81787 -0.209595 -0.68115 -0.169678 0.43823 
0.207642 -0.92651 -0.227417 -0.63232 -0.159790 0.47974 
0.219360 -0.104858 -0.249878 -0.46753 -0.141968 0.47974 
0.230225 -0.112671 -0.275391 -0.26367 -0.115601 0.49316 
0.239258 -0.121948 -0.302368 -0.7690 -0.81665 0.48950 
0.247314 -0.129395 -0.327515 0.8179 -0.40894 0.45776 
0.226074 -0.137695 -0.346313 0.23438 0.7813 0.36621 
0.257324 -0.147095 -0.359985 0.36865 0.65674 0.19775 
0.270630 -0.159058 -0.369141 0.45166 0.127319 -0.3540 
0.286133 -0.170654 -0.370850 0.49316 0.194092 -0.32471 
0.306152 -0.170654 -0.363892 0.49316 0.266235 -0.62988 
0.325073 -0.180664 -0.343872 0.42358 0.341675 -0.91431 
0.338989 -0.187012 -0.360474 0.18555 0.406372 -0.118164 
0.347534 -0.187256 -0.327148 -0.10620 0.447144 -0.142212 
0.351196 -0.184814 -0.327148 -0.28198 0.458008 -0.162476 
0.346680 -0.178467 -0.300903 -0.20264 0.452515 -0.181274 
0.337769 -0.166260 -0.262817 -0.52979 0.442139 -0.197144 
0.326538 -0.154297 -0.225830 -0.84229 0.426636 -0.205566 
0.313965 -0.138062 -0.192139 -0.113525 0.397949 -0.209229 
0.299072 -0.118774 -0.160522 -0.132446 0.382568 -0.211670 
0.280884 -0.101685 -0.130859 -0.141480 0.351318 -0.215942 
0.261597 -0.85205 -0.101563 -0.143799 0.291382 -0.220947 
0.243652 -0.71045 -0.77148 -0.144165 0.227295 -0.224854 
0.228027 -0.58350 -0.57861 -0.141602 0.166016 -0.228027 
0.213501 -0.47363 -0.42480 -0.135010 0.109619 -0.228027 
0.201416 -0.37598 -0.32837 -0.123169 0.61646 -0.231445 
0.191650 -0.31250 -0.26978 -0.106689 0.25635 -0.236694 
0.213989 -0.27344 -0.26489 -0.89966 0.3418 -0.243652 
0.182739 -0.25146 -0.24048 -0.75439 -0.7690 -0.250244 
0.173218 -0.22217 -0.19043 -0.67749 -0.9155 -0.254272 
0.164185 -0.19775 -0.13672 -0.66650 -0.1953 -0.253296 
0.155396 -0.19775 -0.10132 -0.69946 0.8789 -0.246094 
0.145996 -0.17456 -0.5615 -0.75562 0.16724 -0.234009 
0.137085 -0.13794 -0.30884 -0.81421 0.18921 -0.219360 
0.128418 -0.9644 0.5371 -0.85693 0.15869 -0.203369 
0.117920 -0.4639 0.5371 -0.87036 0.9399 -0.187744 
0.106201 0.2686 0.10498 -0.85327 -0.1099 -0.172974 
0.92896 0.11597 0.14771 -0.80200 -0.14038 -0.159180 
0.77759 0.20752 0.16968 -0.80200 -0.27832 -0.145142 
0.62378 0.28809 0.18066 -0.72632 -0.41870 -0.129150 
0.48462 0.35400 0.18066 -0.63965 -0.56030 -0.110718 
0.36011 0.40894 0.16724 -0.55054 -0.56030 -0.90576 
0.23071 0.45654 0.14893 -0.46143 -0.69336 -0.70313 
0.9644 0.50537 0.13550 -0.38696 -0.81421 -0.80444 
-0.2441 0.55298 0.12085 -0.32349 -0.92529 -0.57251 
-0.13550 0.58350 0.10376 -0.25024 -0.102661 -0.26001 
-0.24170 0.59326 0.8057 -0.16968 -0.112061 -0.122 
-0.3174 0.57373 0.5859 -0.8423 -0.121338 0.28564 
-0.41382 0.53101 0.1221 0.610 -0.129761 0.60791 
-0.41382 0.46631 -0.5615 0.12085 -0.136230 0.95825 
-0.44312 0.37964 -0.14771 0.25757 -0.139771 0.131592 
-0.43335 0.59204 -0.25513 0.39795 -0.139893 0.166626 
-0.36011 0.27954 -0.35156 0.53467 -0.136230 0.199707 
-0.18921 0.16724 -0.45288 0.67261 -0.128418 0.227783 
0.7568 0.5005 -0.55664 0.82153 -0.115234 0.247314 
0.38452 -0.8301 -0.37231 0.96924 -0.97778 0.256714 
0.72388 -0.20874 -0.68481 0.108887 -0.78613 0.260010 
0.106689 -0.34668 -0.82886 0.116333 -0.62012 0.261719 
0.144897 -0.48340 -0.95581 0.120483 -0.50049 0.264526 
0.186890 -0.61035 -0.106689 0.120483 -0.39795 0.266235 
0.228149 -0.74097 -0.115601 0.125977 -0.29663 0.261841 
0.266846 -0.85571 -0.122314 0.132568 -0.20386 0.248413 
0.296265 -0.95459 -0.139648 0.137573 -0.19043 0.230103 
0.326660 -0.113647 -0.134399 0.140015 -0.19043 0.228882 
0.335449 -0.111938 -0.136230 0.134399 -0.977 0.242432 
0.343994 -0.110229 -0.147705 0.121460 0.13062 0.216675 
0.346069 -0.103760 -0.158936 0.112549 0.9766 0.185425 
0.345703 -0.99121 -0.166626 0.111938 -0.5249 0.161621 
0.339844 -0.92407 -0.174561 0.110107 -0.19653 0.144531 
0.333252 -0.87280 -0.184326 0.106689 -0.32227 0.128906 
0.333252 -0.85449 -0.195313 0.107300 -0.43457 0.113403 
0.326538 -0.86548 -0.209106 0.109863 -0.53955 0.98755 
0.317505 -0.91187 -0.220337 0.115601 -0.59814 0.81299 
0.308716 -0.68604 -0.226685 0.120972 -0.58716 0.61768 
0.304321 -0.99854 -0.228516 0.118530 -0.49072 0.48340 
0.300171 -0.107178 -0.227661 0.108398 -0.28687 0.43213 
0.296021 -0.110352 -0.228149 0.92285 -0.2319 0.41504 
0.291626 -0.109253 -0.228149 0.75439 0.21729 0.37231 
0.287109 -0.107300 -0.223755 0.58472 0.47607 0.31738 
0.283691 -0.107422 -0.217285 0.35034 0.53467 0.29785 
0.278809 -0.104126 -0.210205 0.35034 0.38208 0.28809 
0.277466 -0.102417 -0.207764 0.12085 0.19775 0.27588 
0.276489 -0.102661 -0.204712 0.122 0.15625 0.24902 
0.274048 -0.103271 -0.196167 -0.610 0.17822 0.18311 
0.271240 -0.103516 -0.185791 -0.4028 0.17822 0.8911 
0.268799 -0.102539 -0.177246 -0.16235 0.19287 0.30029 
0.266724 -0.100098 -0.168945 -0.29297 0.23682 -0.10742 
0.264771 -0.97046 -0.160522 -0.37720 0.31128 -0.10742 
0.262939 -0.93872 -0.153442 -0.41504 0.38452 -0.17822 
0.259155 -0.90820 -0.147827 -0.41992 0.45044 -0.22827 
0.255249 -0.88013 -0.143555 -0.41626 0.48828 -0.27100 
0.255249 -0.85815 -0.139648 -0.41504 0.49683 -0.29785 
0.252563 -0.83374 -0.135864 -0.40527 0.50049 -0.30518 
0.249756 -0.80688 -0.131714 -0.39185 0.50659 -0.31006 
0.245605 -0.78003 -0.127686 -0.38452 0.52246 -0.32715 
0.240723 -0.78003 -0.125122 -0.38574 0.54688 -0.35400 
0.235962 -0.75439 -0.154297 -0.37598 0.57617 -0.37720 
0.231201 -0.73242 -0.120972 -0.34912 0.60425 -0.38330 
0.227417 -0.71533 -0.120972 -0.32104 0.62012 -0.36743 
0.224365 -0.69824 -0.119141 -0.29663 0.62378 -0.33813 
0.220825 -0.68237 -0.116577 -0.28198 0.61768 -0.30151 
0.218018 -0.66162 -0.113403 -0.28198 0.60425 -0.26123 
0.215576 -0.63599 -0.110107 -0.28198 0.59204 -0.22217 
0.212891 -0.61035 -0.105957 -0.28442 0.58350 -0.18799 
0.210205 -0.58594 -0.101318 -0.28564 0.57861 -0.15991 
0.207764 -0.56274 -0.96313 -0.28320 0.57861 -0.13062 
0.207153 -0.53955 -0.91187 -0.27954 0.56519 -0.9155 
0.208374 -0.51636 -0.86670 -0.26611 0.53467 -0.4639 
0.209595 -0.49194 -0.82642 -0.23926 0.48706 -0.4639 
0.209961 -0.48218 -0.81055 -0.21240 0.40649 -0.1099 
0.210327 -0.48706 -0.81543 -0.18433 0.30762 0.2686 
0.210571 -0.50903 -0.83130 -0.14893 0.21362 0.6714 
