0.196899 -0.82397 -0.142700 -0.9644 0.7324 0.25024 
0.197510 -0.80688 -0.144043 -0.14771 0.12939 0.25024 
0.197876 -0.80933 -0.144653 -0.17944 0.20386 0.24536 
0.198486 -0.81909 -0.145386 -0.22339 0.24292 0.22339 
0.198486 -0.83618 -0.143677 -0.23193 0.23193 0.17822 
0.200195 -0.84839 -0.141724 -0.19897 0.17456 0.13062 
0.201904 -0.84717 -0.141113 -0.15503 0.10132 0.10132 
0.202271 -0.83618 -0.140503 -0.11719 0.3296 0.7935 
0.202148 -0.83618 -0.139282 -0.8545 -0.2075 0.5493 
0.201416 -0.81787 -0.138306 -0.5371 -0.5737 0.2930 
0.199829 -0.79590 -0.138062 -0.2563 -0.9033 -0.122 
0.197876 -0.76904 -0.138062 -0.488 -0.12939 -0.4028 
0.197266 -0.74951 -0.136963 0.1343 -0.16113 -0.7202 
0.196167 -0.73853 -0.135742 0.3662 -0.18188 -0.9888 
0.194824 -0.74463 -0.135742 0.3662 -0.18311 -0.11230 
0.194824 -0.75684 -0.137329 0.6104 -0.15747 -0.10010 
0.194824 -0.77637 -0.137451 0.7813 -0.11719 -0.5859 
0.195068 -0.80322 -0.139648 0.8423 -0.7690 -0.732 
0.193481 -0.82397 -0.142212 0.8789 -0.7690 0.4272 
0.196411 -0.88135 -0.139038 0.8057 -0.6104 0.8057 
0.194580 -0.93140 -0.139038 0.10010 -0.9155 0.10986 
0.195435 -0.92651 -0.140747 0.15381 -0.13916 0.10986 
0.195923 -0.93018 -0.144165 0.20996 -0.17822 0.13062 
0.196655 -0.93872 -0.148315 0.24658 -0.18066 0.12573 
0.198242 -0.95093 -0.152222 0.23926 -0.15137 0.9399 
0.198242 -0.96436 -0.156738 0.21118 -0.10620 0.5859 
0.200195 -0.97778 -0.162354 0.18433 -0.6470 0.3906 
0.202759 -0.99243 -0.168579 0.16602 -0.3296 0.3906 
0.205444 -0.99731 -0.174805 0.15503 0.366 0.5005 
0.208862 -0.99731 -0.180786 0.14893 0.6104 0.6470 
0.213379 -0.99731 -0.156494 0.14526 0.13916 0.7080 
0.219238 -0.99976 -0.196655 0.13916 0.24170 0.6226 
0.226440 -0.101685 -0.196655 0.13062 0.36743 0.3784 
0.235596 -0.105103 -0.207520 0.11475 0.50781 -0.610 
0.246948 -0.110596 -0.221069 0.9766 0.66040 -0.6348 
0.260864 -0.118896 -0.236694 0.9766 0.81665 -0.13428 
0.276978 -0.126099 -0.249390 0.8789 0.97046 -0.23804 
0.291870 -0.131836 -0.256592 0.4395 0.114014 -0.37476 
0.305298 -0.137939 -0.261230 -0.5249 0.100098 -0.50659 
0.316406 -0.141724 -0.263306 -0.17700 0.131348 -0.60425 
0.324463 -0.142212 -0.261963 -0.31372 0.142456 -0.37109 
0.330200 -0.140869 -0.257690 -0.43457 0.144409 -0.75439 
0.333984 -0.139282 -0.252075 -0.53589 0.139404 -0.75439 
0.336670 -0.137451 -0.246216 -0.62500 0.128662 -0.80933 
0.338501 -0.136719 -0.238770 -0.71411 0.113037 -0.84839 
0.339111 -0.136230 -0.229980 -0.81421 0.94116 -0.89355 
0.338623 -0.134521 -0.218140 -0.91797 0.74341 -0.94849 
0.338623 -0.131470 -0.203857 -0.102417 0.56274 -0.101685 
0.335938 -0.126587 -0.188965 -0.111328 0.42236 -0.111450 
0.331543 -0.153198 -0.173340 -0.117432 0.33569 -0.123901 
0.326904 -0.121948 -0.158203 -0.121826 0.32715 -0.138306 
0.320801 -0.115356 -0.142944 -0.124512 0.39307 -0.153564 
0.312378 -0.110962 -0.126709 -0.128784 0.52490 -0.171875 
0.301636 -0.109863 -0.126709 -0.137329 0.70801 -0.194824 
0.287964 -0.104126 -0.110107 -0.147461 0.92529 -0.217163 
0.275269 -0.98877 -0.93262 -0.125244 0.117310 -0.236450 
0.265503 -0.93872 -0.75806 -0.165405 0.143066 -0.251099 
0.256958 -0.89722 -0.58594 -0.165405 0.166504 -0.261963 
0.248413 -0.83862 -0.41626 -0.173828 0.184814 -0.273315 
0.238403 -0.77026 -0.26489 -0.179443 0.162720 -0.284302 
0.224609 -0.65674 -0.11108 -0.181885 0.193970 -0.291626 
0.206055 -0.52612 0.4517 -0.182983 0.192627 -0.292236 
0.184448 -0.44556 0.19775 -0.180542 0.181274 -0.307373 
0.159668 -0.27344 0.30518 -0.174438 0.159668 -0.276123 
0.134888 -0.12451 0.36743 -0.161987 0.130615 -0.257202 
0.111816 0.2808 0.36743 -0.143066 0.94482 -0.235718 
0.120728 0.14648 0.30273 -0.121094 0.52856 -0.212402 
0.69702 0.23560 0.20630 -0.99121 0.8911 -0.189087 
0.69702 0.29419 0.10010 -0.79590 -0.33447 -0.166382 
0.52734 0.3296 -0.366 -0.62744 -0.70801 -0.144775 
0.38818 0.40283 -0.8179 -0.48828 -0.101563 -0.125122 
0.28564 0.40283 -0.14404 -0.37476 -0.123657 -0.106812 
0.20142 0.44922 -0.19043 -0.28931 -0.135498 -0.89111 
0.12939 0.49683 -0.22705 -0.22705 -0.137451 -0.72021 
0.6836 0.54688 -0.22705 -0.17578 -0.131592 -0.55176 
0.1099 0.57983 -0.25635 -0.11475 -0.120117 -0.37964 
-0.4639 0.59570 -0.28198 -0.3540 -0.105225 -0.20264 
-0.9521 0.59692 -0.31372 -0.26001 -0.88501 -0.2075 
-0.14038 0.59204 -0.34546 0.5249 -0.71167 0.16724 
-0.17700 0.58472 -0.38208 0.14038 -0.84961 0.36499 
-0.19653 0.58105 -0.41748 0.21973 -0.36865 0.58105 
-0.19775 0.56885 -0.44678 0.28931 -0.36865 0.81787 
-0.17822 0.55542 -0.46387 0.34790 -0.20874 0.106689 
-0.13062 0.52734 -0.47607 0.39917 -0.6348 0.100708 
-0.5859 0.47607 -0.48096 0.44800 0.6714 0.131958 
0.4639 0.39673 -0.48340 0.50049 0.18677 0.156250 
0.19287 0.30518 -0.48462 0.55176 0.30640 0.177612 
0.3784 0.21729 -0.47607 0.58838 0.43945 0.194458 
0.49561 0.14160 -0.46021 0.60425 0.58838 0.207520 
0.49561 0.7202 -0.43823 0.60913 0.74585 0.218018 
0.63477 0.244 -0.41748 0.61890 0.89722 0.227417 
0.78857 0.21851 -0.41260 0.64453 0.103394 0.236206 
0.97656 -0.9399 -0.41870 0.67749 0.114380 0.244263 
0.121094 -0.20752 -0.43335 0.70557 0.121948 0.251343 
0.149048 -0.34302 -0.45288 0.72510 0.127563 0.255737 
0.178223 -0.49072 -0.46387 0.73975 0.133667 0.255371 
0.206665 -0.62622 -0.46387 0.74341 0.141357 0.248413 
0.231567 -0.72754 -0.46997 0.73486 0.150757 0.234741 
0.249146 -0.72510 -0.47607 0.70313 0.150146 0.215332 
0.271851 -0.93384 -0.47485 0.70313 0.157349 0.225708 
0.285767 -0.92407 -0.40649 0.64941 0.179077 0.225830 
0.306030 -0.95093 -0.47241 0.61646 0.182251 0.209229 
0.327148 -0.99609 -0.52856 0.58228 0.182251 0.184570 
0.351685 -0.109253 -0.52979 0.62744 0.173218 0.162109 
0.372803 -0.120483 -0.56396 0.65674 0.159912 0.175659 
0.389038 -0.129639 -0.57495 0.69214 0.146851 0.126709 
0.399048 -0.134644 -0.61401 0.71655 0.142944 0.126709 
0.414307 -0.147217 -0.53589 0.69580 0.141968 0.109497 
0.411621 -0.135254 -0.64575 0.49438 0.165039 0.108521 
0.436523 -0.126587 -0.74829 0.22705 0.163086 0.101929 
0.405273 -0.119751 -0.78125 0.13794 0.138184 0.84106 
0.400757 -0.113525 -0.75806 0.18799 0.105347 0.66284 
0.398438 -0.107544 -0.73486 0.22339 0.77637 0.58350 
0.393066 -0.107544 -0.73730 0.19043 0.57007 0.55786 
0.386963 -0.102905 -0.74341 0.12817 0.39429 0.54443 
0.381958 -0.98633 -0.74829 0.8301 0.22705 0.52124 
0.376099 -0.95459 -0.74341 0.6104 0.7324 0.46509 
0.368408 -0.92896 -0.74341 0.5249 -0.5859 0.37720 
0.360230 -0.89600 -0.73242 0.5859 -0.15869 0.27710 
0.352295 -0.86060 -0.71289 0.6958 -0.21362 0.18433 
0.343750 -0.82520 -0.68848 0.6958 -0.22339 0.10132 
0.335083 -0.79956 -0.67261 0.7202 -0.20264 0.4150 
0.327637 -0.77515 -0.65552 0.6958 -0.16968 0.1099 
0.319824 -0.75928 -0.63599 0.6714 -0.16968 -0.122 
0.312500 -0.74829 -0.62256 0.6836 -0.13550 0.00 
0.306030 -0.73486 -0.60181 0.7935 -0.10376 0.00 
0.298950 -0.72144 -0.58105 0.8179 -0.7446 0.30029 
0.292236 -0.71045 -0.55176 0.7446 -0.5127 -0.1221 
0.286011 -0.69946 -0.51758 0.7080 -0.3418 -0.3662 
0.310669 -0.69092 -0.48096 0.6958 -0.2319 -0.6226 
0.272583 -0.68237 -0.44678 0.6470 -0.1709 -0.7935 
0.272583 -0.67627 -0.41626 0.6348 -0.732 -0.9033 
0.265381 -0.66650 -0.38818 0.6104 0.1099 -0.10498 
0.258667 -0.65674 -0.36255 0.5493 0.3052 -0.12573 
0.251953 -0.65674 -0.33447 0.4395 0.4639 -0.14526 
0.245361 -0.64697 -0.31250 0.3540 0.5371 -0.15381 
0.239136 -0.63721 -0.28320 0.3784 0.5371 -0.15259 
0.234863 -0.63721 -0.26489 0.4883 0.5493 -0.14648 
0.230835 -0.64087 -0.26489 0.6226 0.5859 -0.13550 
0.227173 -0.64331 -0.25879 0.6714 0.6592 -0.12939 
0.224365 -0.65308 -0.25757 0.6714 0.7202 -0.12939 
0.222412 -0.66284 -0.25879 0.6714 0.7324 -0.13306 
0.220825 -0.67383 -0.26489 0.6104 0.6348 -0.13794 
0.219238 -0.69092 -0.26855 0.5127 0.4395 -0.13794 
0.218994 -0.70923 -0.27466 0.3540 0.1953 -0.13672 
0.221069 -0.72266 -0.28442 0.2197 0.1953 -0.14038 
0.224609 -0.73486 -0.30273 0.1465 -0.122 -0.15503 
0.229004 -0.74219 -0.32104 0.977 -0.1343 -0.18433 
0.233154 -0.74341 -0.33936 -0.244 -0.1465 -0.18433 
0.236450 -0.73242 -0.35400 -0.2441 -0.610 -0.22583 
