0.169067 -0.58350 -0.180176 0.33691 -0.35278 0.12451 
0.173828 -0.60791 -0.183350 0.31494 -0.33081 0.5859 
0.171509 -0.59814 -0.182861 0.28809 -0.28687 0.854 
0.174683 -0.56396 -0.181274 0.25635 -0.23315 -0.4272 
0.175293 -0.54443 -0.181274 0.23804 -0.16357 -0.8545 
0.177002 -0.52856 -0.180908 0.21973 -0.7935 -0.12451 
0.176392 -0.54077 -0.182617 0.15503 0.2686 -0.16113 
0.178589 -0.54443 -0.184937 0.15503 0.15137 -0.19653 
0.181274 -0.54199 -0.185547 0.3784 0.29663 -0.23315 
0.184448 -0.52246 -0.185547 -0.9155 0.15381 -0.26245 
0.187744 -0.49561 -0.185059 -0.22217 0.46631 -0.28320 
0.191895 -0.46387 -0.184814 -0.35278 0.63843 -0.29663 
0.196899 -0.43457 -0.184814 -0.47729 0.78857 -0.30518 
0.202148 -0.41138 -0.184692 -0.60303 0.91187 -0.31250 
0.207642 -0.40527 -0.187012 -0.71167 0.102051 -0.31250 
0.213013 -0.44922 -0.193481 -0.79102 0.110596 -0.31982 
0.187622 -0.49194 -0.201538 -0.82642 0.112305 -0.34546 
0.226074 -0.51514 -0.211670 -0.78613 0.106079 -0.39673 
0.226074 -0.54077 -0.223267 -0.70190 0.94360 -0.44434 
0.234253 -0.54932 -0.236206 -0.60913 0.82031 -0.47607 
0.245728 -0.54932 -0.251221 -0.54932 0.69824 -0.49438 
0.254028 -0.53833 -0.265869 -0.49316 0.61890 -0.53955 
0.266968 -0.53833 -0.280396 -0.48706 0.59692 -0.60913 
0.278809 -0.56396 -0.262085 -0.54077 0.64331 -0.69336 
0.289063 -0.59326 -0.303833 -0.65308 0.74829 -0.78125 
0.296631 -0.58350 -0.303833 -0.82275 0.88867 -0.86548 
0.305176 -0.59082 -0.311157 -0.103271 0.104736 -0.96069 
0.312500 -0.53223 -0.311157 -0.115845 0.118286 -0.102051 
0.322632 -0.50049 -0.305542 -0.115845 0.126831 -0.109131 
0.327271 -0.43091 -0.299805 -0.119263 0.130005 -0.119873 
0.327271 -0.40283 -0.295776 -0.116089 0.125854 -0.130493 
0.329468 -0.41260 -0.288696 -0.109131 0.145508 -0.138672 
0.332275 -0.36865 -0.277222 -0.101563 0.114258 -0.145142 
0.330566 -0.30762 -0.261719 -0.95093 0.97046 -0.151001 
0.323486 -0.20874 -0.241333 -0.87646 0.74463 -0.155396 
0.314087 -0.8911 -0.218384 -0.77148 0.47852 -0.155396 
0.304565 0.3052 -0.196167 -0.61279 0.19287 -0.158936 
0.295044 0.14648 -0.178711 -0.41382 -0.7446 -0.163208 
0.285278 0.25024 -0.164795 -0.24536 -0.29053 -0.168457 
0.285278 0.31860 -0.154175 -0.14771 -0.43091 -0.174561 
0.275635 0.34180 -0.149414 -0.12451 -0.48706 -0.179077 
0.264038 0.43213 -0.142456 -0.20020 -0.51514 -0.177856 
0.255371 0.33569 -0.126099 -0.36011 -0.53833 -0.164795 
0.250977 0.33569 -0.107910 -0.51636 -0.59570 -0.152710 
0.244629 0.34668 -0.118896 -0.59814 -0.68726 -0.140259 
0.232422 0.36011 -0.69214 -0.60547 -0.80688 -0.126099 
0.217285 0.37964 -0.69214 -0.56152 -0.92285 -0.111328 
0.200684 0.39185 -0.54688 -0.48950 -0.102417 -0.97778 
0.185913 0.40161 -0.40894 -0.35645 -0.113159 -0.86182 
0.171387 0.41626 -0.29663 -0.35645 -0.123535 -0.79346 
0.155518 0.38696 -0.25269 -0.16724 -0.132690 -0.77271 
0.138428 0.30640 -0.26611 0.610 -0.142456 -0.75562 
0.122681 0.21484 -0.30029 0.11475 -0.154175 -0.70435 
0.107544 0.16113 -0.32349 0.15747 -0.154175 -0.63721 
0.92285 0.13306 -0.32715 0.14526 -0.166992 -0.89233 
0.78125 0.11719 -0.32349 0.10986 -0.179077 -0.50903 
0.65796 0.11108 -0.31860 0.8179 -0.190186 -0.50903 
0.52490 0.9766 -0.31982 0.7324 -0.199341 -0.41260 
0.38818 0.7446 -0.34180 0.7446 -0.204224 -0.31128 
0.56030 0.3784 -0.38574 0.7446 -0.203247 -0.23315 
0.24780 -0.244 -0.42480 0.5859 -0.197021 -0.18921 
0.9033 -0.2441 -0.44678 0.1831 -0.186279 -0.17090 
-0.7446 -0.488 -0.42847 -0.2441 -0.172852 -0.14648 
-0.23560 -0.26611 -0.38208 -0.4517 -0.158203 -0.9521 
-0.35767 0.4639 -0.32104 -0.4028 -0.142944 -0.1831 
-0.43213 0.10010 -0.58472 0.366 -0.126587 0.9399 
-0.47974 0.13184 -0.25391 0.8789 -0.109619 0.23926 
-0.49805 0.15625 -0.25391 0.19287 -0.92285 0.40771 
-0.48584 0.15747 -0.26367 0.29419 -0.74585 0.58228 
-0.42480 0.15503 -0.30396 0.6226 -0.57129 0.75684 
-0.34790 0.14893 -0.36011 0.44067 -0.40527 0.92041 
-0.25391 0.13550 -0.41260 0.44067 -0.25391 0.107544 
-0.13550 0.13306 -0.44434 0.49072 -0.11597 0.122437 
0.1099 0.14038 -0.45166 0.54077 -0.29541 0.135132 
0.18555 0.13062 -0.46143 0.60303 0.1709 0.144287 
0.38574 0.10010 -0.50659 0.67261 0.15869 0.149902 
0.58228 0.6104 -0.60059 0.74219 0.31738 0.152954 
0.78735 0.1587 -0.74585 0.81543 0.48584 0.152954 
0.100098 -0.2319 -0.89600 0.88501 0.64209 0.155273 
0.120117 -0.3418 -0.102417 0.93628 0.77515 0.157349 
0.105591 -0.3906 -0.114380 0.96680 0.89478 0.157715 
0.153564 -0.3540 -0.128174 0.98877 0.99731 0.156006 
0.153564 -0.5615 -0.143921 0.104126 0.106567 0.155640 
0.169922 -0.9888 -0.163818 0.114258 0.108765 0.158936 
0.186890 -0.17212 -0.186523 0.127441 0.105469 0.165527 
0.205811 -0.17212 -0.209717 0.139282 0.99854 0.171875 
0.226807 -0.26855 -0.230347 0.146362 0.95825 0.173706 
0.243896 -0.27466 -0.240845 0.145020 0.88135 0.165161 
0.269897 -0.53101 -0.240845 0.137695 0.97778 0.181519 
0.279297 -0.50293 -0.249756 0.125854 0.125366 0.187744 
0.284546 -0.51758 -0.266602 0.143311 0.141480 0.161743 
0.291016 -0.48706 -0.284790 0.105103 0.144531 0.120483 
0.302002 -0.53345 -0.291382 0.105103 0.139648 0.88257 
0.312866 -0.59082 -0.299927 0.98877 0.126831 0.71777 
0.320679 -0.65796 -0.309326 0.94116 0.140991 0.64575 
0.326050 -0.71777 -0.315308 0.90820 0.109741 0.61401 
0.330688 -0.76172 -0.314575 0.85938 0.91431 0.62378 
0.328247 -0.74951 -0.310303 0.77515 0.83252 0.58228 
0.320435 -0.71899 -0.305054 0.65430 0.72998 0.58228 
0.312744 -0.68970 -0.294678 0.56885 0.63232 0.49072 
0.302734 -0.65430 -0.285889 0.49927 0.56152 0.41138 
0.292969 -0.64819 -0.278687 0.46753 0.46143 0.35156 
0.285400 -0.67383 -0.273804 0.48706 0.32104 0.31982 
0.285400 -0.72510 -0.271362 0.53223 0.15381 0.32837 
0.278931 -0.79834 -0.269043 0.57129 -0.2686 0.36743 
0.273926 -0.87280 -0.265747 0.58472 -0.21118 0.42236 
0.269531 -0.87280 -0.259888 0.55908 -0.37231 0.47485 
0.264038 -0.92773 -0.251953 0.48340 -0.49561 0.50293 
0.255005 -0.94360 -0.273560 0.37231 -0.58105 0.48096 
0.242432 -0.92773 -0.242310 0.24902 -0.62378 0.41016 
0.228149 -0.88745 -0.231567 0.13428 -0.62012 0.31372 
0.212769 -0.83008 -0.220459 0.3784 -0.58472 0.21362 
0.197876 -0.75928 -0.209473 0.27344 -0.54077 0.12573 
0.184692 -0.68359 -0.199463 -0.3906 -0.50415 0.6470 
0.174072 -0.61279 -0.190063 -0.9277 -0.47852 0.3906 
0.166870 -0.55420 -0.181152 -0.11719 -0.46143 0.4028 
0.162720 -0.50903 -0.172974 -0.12085 -0.46143 0.5249 
0.160522 -0.47363 -0.166260 -0.11230 -0.44067 0.6104 
0.159790 -0.45898 -0.161865 -0.9888 -0.41138 0.5859 
0.159546 -0.45532 -0.158081 -0.8301 -0.37109 0.4639 
0.159058 -0.45410 -0.154663 -0.7202 -0.31494 0.4639 
0.157959 -0.45654 -0.151978 -0.6226 -0.24658 0.3296 
0.156982 -0.46143 -0.150635 -0.4272 -0.17822 0.2197 
0.156616 -0.47729 -0.151001 -0.1221 -0.12085 0.2319 
0.156616 -0.49561 -0.152100 0.1831 -0.7935 0.3296 
0.157349 -0.52124 -0.154419 0.4028 -0.5371 0.4517 
0.159668 -0.55176 -0.157715 0.5249 -0.4272 0.5493 
0.162720 -0.55176 -0.161133 0.5371 -0.3906 0.5737 
0.166382 -0.58350 -0.164063 0.5005 -0.4150 0.4761 
0.170898 -0.60913 -0.167725 0.5127 -0.5249 0.2075 
0.174072 -0.63110 -0.172974 0.5859 -0.6836 -0.2075 
0.174561 -0.65063 -0.172974 0.6714 -0.9644 -0.6226 
0.173462 -0.67017 -0.177490 0.7446 -0.13916 -0.9277 
0.171143 -0.68115 -0.180786 0.7690 -0.18677 -0.10498 
0.168579 -0.67139 -0.182983 0.7690 -0.23804 -0.9277 
0.167236 -0.65186 -0.184937 0.7690 -0.30396 -0.6592 
0.166870 -0.63843 -0.187012 0.9888 -0.5615 -0.4028 
0.166504 -0.63843 -0.189209 0.13794 -0.36865 -0.2441 
0.167603 -0.63354 -0.190918 0.16357 -0.41138 -0.1709 
0.169556 -0.64575 -0.191650 0.17944 -0.42725 -0.1953 
0.170654 -0.65552 -0.193237 0.17334 -0.41504 -0.3296 
0.172363 -0.65552 -0.193970 0.14282 -0.37354 -0.3296 
0.174072 -0.64087 -0.193848 0.9766 -0.31006 -0.4761 
0.174561 -0.62012 -0.193359 0.4639 -0.22705 -0.5981 
0.173828 -0.59326 -0.193359 -0.854 -0.13306 -0.7446 
0.173828 -0.57251 -0.193115 -0.6592 -0.2930 -0.8545 
0.173218 -0.56152 -0.192261 -0.12573 0.7446 -0.8911 
0.173096 -0.55298 -0.190674 -0.17578 0.16479 -0.8911 
0.173584 -0.55298 -0.188843 -0.20996 0.23682 -0.9155 
0.174561 -0.54810 -0.187256 -0.24048 0.29419 -0.10132 
