0.98755 -0.119263 -0.207397 0.8057 0.26611 0.110718 
0.98389 -0.119629 -0.209961 0.2075 0.27710 0.107666 
0.95459 -0.121338 -0.208374 -0.3418 0.26489 0.101196 
0.94482 -0.120972 -0.208374 -0.6470 0.22583 0.94238 
0.93018 -0.120605 -0.206665 -0.8179 0.16357 0.88745 
0.92529 -0.119751 -0.205200 -0.10010 0.8057 0.84595 
0.93140 -0.119141 -0.204712 -0.10010 0.366 0.80933 
0.92529 -0.117554 -0.204712 -0.12939 -0.4883 0.78247 
0.91919 -0.114502 -0.204468 -0.17212 -0.9155 0.76050 
0.89478 -0.111938 -0.203003 -0.21606 -0.13184 0.74097 
0.88135 -0.109009 -0.201294 -0.24048 -0.13184 0.71655 
0.88013 -0.105713 -0.199219 -0.23438 -0.18188 0.67505 
0.85571 -0.102905 -0.195801 -0.19531 -0.24536 0.62744 
0.82153 -0.102417 -0.195068 -0.10742 -0.31860 0.62744 
0.82153 -0.103638 -0.192993 -0.1099 -0.36743 0.58350 
0.84473 -0.107788 -0.192505 0.8179 -0.36987 0.54565 
0.87646 -0.114868 -0.192749 0.16113 -0.34302 0.48584 
0.87646 -0.125977 -0.195435 0.20630 -0.27710 0.39795 
0.87891 -0.135986 -0.196899 0.20264 -0.17456 0.32227 
0.96558 -0.147949 -0.198608 0.17212 -0.6714 0.26611 
0.98022 -0.125244 -0.201294 0.12939 0.2197 0.24536 
0.99609 -0.156494 -0.203491 0.9033 0.8911 0.25879 
0.100342 -0.162842 -0.205322 0.5127 0.12573 0.29419 
0.98511 -0.170166 -0.205444 0.4517 0.13306 0.30396 
0.97534 -0.180542 -0.205444 0.12573 0.10498 0.25269 
0.99365 -0.171021 -0.206909 0.26489 0.4517 0.22949 
0.100708 -0.159302 -0.210449 0.4517 -0.2686 0.22339 
0.102173 -0.155396 -0.216553 0.35767 -0.7080 0.16602 
0.101807 -0.154053 -0.215698 0.40039 -0.5493 0.9277 
0.103271 -0.154541 -0.221313 0.44800 -0.2563 0.2319 
0.101563 -0.159424 -0.221191 0.53101 -0.27100 -0.5371 
0.102539 -0.160156 -0.223511 0.59204 0.4150 -0.13550 
0.100708 -0.159302 -0.231689 0.68604 0.13428 -0.12939 
0.88257 -0.141602 -0.257080 0.74097 0.25146 -0.24780 
0.98389 -0.164551 -0.268311 0.59082 0.43091 0.6470 
0.101563 -0.164551 -0.282227 0.36499 0.57861 0.15015 
0.104980 -0.162720 -0.298828 0.15381 0.72510 0.23193 
0.109131 -0.163208 -0.316772 -0.5249 0.83496 0.35767 
0.115601 -0.167236 -0.332275 -0.24658 0.87891 0.47852 
0.115601 -0.171753 -0.342896 -0.42725 0.84961 0.53589 
0.125610 -0.175171 -0.349609 -0.61523 0.77393 0.50903 
0.134399 -0.178345 -0.348877 -0.80200 0.68726 0.41382 
0.137817 -0.178345 -0.354492 -0.99609 0.56396 0.23193 
0.139038 -0.179688 -0.338257 -0.109131 0.50049 0.3418 
0.138916 -0.161987 -0.331787 -0.65796 0.44312 0.4883 
0.138306 -0.183228 -0.331787 -0.69702 0.22827 -0.3296 
0.130737 -0.192017 -0.340088 -0.96191 -0.1099 -0.13184 
0.138550 -0.201294 -0.334229 -0.100952 -0.18433 -0.16235 
0.135986 -0.190796 -0.324707 -0.144043 -0.29541 -0.15381 
0.139526 -0.204468 -0.312866 -0.144043 -0.45044 -0.14771 
0.134521 -0.205444 -0.306030 -0.160522 -0.59692 -0.13184 
0.132935 -0.203003 -0.288696 -0.188355 -0.40405 -0.8423 
0.129517 -0.199951 -0.269653 -0.219849 -0.71655 -0.4761 
0.125977 -0.191772 -0.249512 -0.244141 -0.80811 -0.4272 
0.122070 -0.181885 -0.232788 -0.255737 -0.86426 -0.8179 
0.117676 -0.170898 -0.220947 -0.251465 -0.84106 -0.8179 
0.108643 -0.163086 -0.215698 -0.233887 -0.73364 -0.16602 
0.98267 -0.155640 -0.216309 -0.207031 -0.57739 -0.27466 
0.119019 -0.147949 -0.222168 -0.172607 -0.38574 -0.37598 
0.83008 -0.140259 -0.231445 -0.132935 -0.14648 -0.44800 
0.83008 -0.139771 -0.244629 -0.93384 0.13916 -0.46143 
0.77393 -0.137817 -0.248657 -0.62500 0.45654 -0.44556 
0.73364 -0.139771 -0.247559 -0.55176 0.73242 -0.42847 
0.72266 -0.139771 -0.238647 -0.69336 0.95581 -0.43701 
0.74585 -0.142822 -0.224121 -0.95337 0.109863 -0.47729 
0.79102 -0.140869 -0.237793 -0.123291 0.114380 -0.54077 
0.81665 -0.136108 -0.206543 -0.145752 0.109497 -0.62622 
0.83252 -0.127075 -0.191895 -0.158325 0.96069 -0.71411 
0.78491 -0.113647 -0.174561 -0.162354 0.76294 -0.79590 
0.73975 -0.98633 -0.155396 -0.159912 0.55298 -0.86304 
0.67627 -0.83496 -0.138794 -0.159912 0.39429 -0.88623 
0.57739 -0.72632 -0.125732 -0.156372 0.31250 -0.83252 
0.52856 -0.56641 -0.113525 -0.157715 0.58472 -0.76660 
0.50171 -0.44678 -0.98633 -0.153442 0.27222 -0.74219 
0.49927 -0.24536 -0.90942 -0.155151 0.25757 -0.67627 
0.55542 -0.14771 -0.68481 -0.140259 0.22827 -0.77515 
0.50171 -0.9399 -0.68115 -0.144165 0.15015 -0.77515 
0.44556 0.3784 -0.60425 -0.154419 0.15869 -0.103271 
0.46387 0.12207 -0.50415 -0.134521 0.25391 -0.113281 
0.38330 0.17334 -0.48096 -0.105713 0.38818 -0.108521 
0.61523 0.20630 -0.46997 -0.78613 0.53955 -0.97412 
0.30273 0.22095 -0.46021 -0.57983 0.69458 -0.86304 
0.25879 0.21118 -0.45166 -0.41626 0.81177 -0.71533 
0.21973 0.19043 -0.45044 -0.27344 0.88379 -0.50903 
0.19897 0.19043 -0.45776 -0.16235 0.90576 -0.26367 
0.19287 0.18555 -0.48584 -0.6958 0.87402 -0.1953 
0.18555 0.17944 -0.52368 0.2808 0.78979 0.18921 
0.15991 0.15869 -0.55176 0.11108 0.65674 0.34058 
0.16113 0.12451 -0.55176 0.17944 0.50171 0.43701 
0.18555 0.10986 -0.57251 0.28687 0.34912 0.49805 
0.21484 0.9155 -0.60791 0.13794 0.21729 0.52979 
0.24658 0.5127 -0.66650 0.45044 0.11597 0.52856 
0.28198 0.00 -0.73730 0.63599 0.5737 0.50903 
0.32471 -0.4639 -0.80811 0.80933 0.4028 0.49072 
0.36499 -0.9888 -0.87769 0.94971 0.4028 0.49316 
0.40527 -0.16724 -0.93506 0.104614 0.4639 0.52612 
0.45654 -0.24048 -0.97412 0.110840 0.5981 0.60669 
0.52979 -0.28564 -0.95825 0.114014 0.4639 0.41992 
0.60669 -0.31128 -0.92407 0.115601 -0.2808 0.73242 
0.65796 -0.34546 -0.90088 0.122192 -0.18433 0.88867 
0.68481 -0.39551 -0.94116 0.134888 -0.38696 0.104004 
0.70801 -0.46143 -0.102905 0.149902 -0.59570 0.116577 
0.70801 -0.55542 -0.115845 0.163940 -0.78735 0.125732 
0.74707 -0.68481 -0.133667 0.176514 -0.93506 0.130981 
0.76172 -0.83008 -0.153931 0.187500 -0.100952 0.132690 
0.77393 -0.83008 -0.172607 0.195557 -0.101074 0.131348 
0.80933 -0.95825 -0.187988 0.200073 -0.96191 0.128784 
0.87036 -0.107178 -0.202026 0.201294 -0.89966 0.125732 
0.93262 -0.116943 -0.216309 0.200562 -0.83862 0.122437 
0.99243 -0.126587 -0.216309 0.199341 -0.77271 0.119019 
0.103760 -0.135376 -0.231445 0.199829 -0.69702 0.115723 
0.105835 -0.143555 -0.248657 0.203857 -0.60303 0.112183 
0.106079 -0.153442 -0.268311 0.203857 -0.51636 0.105347 
0.96191 -0.162720 -0.297363 0.211060 -0.49438 0.94849 
0.108276 -0.178467 -0.312378 0.218750 -0.62500 0.109863 
0.117676 -0.217773 -0.330933 0.216553 -0.31250 0.119873 
0.125000 -0.198608 -0.383423 0.120850 -0.22583 0.104370 
0.144287 -0.202637 -0.381104 0.77271 0.7324 0.113159 
0.149048 -0.218140 -0.377441 0.82520 0.20142 0.67017 
0.150635 -0.225952 -0.373901 0.95703 0.20996 0.67017 
0.152710 -0.226074 -0.373413 0.95825 0.24170 0.59937 
0.153320 -0.226807 -0.365967 0.93140 0.37598 0.51636 
0.154175 -0.225952 -0.356689 0.85815 0.53101 0.40161 
0.154175 -0.222412 -0.348511 0.73242 0.65430 0.30273 
0.154541 -0.218018 -0.338379 0.60181 0.69946 0.22217 
0.153687 -0.213135 -0.326416 0.46997 0.63843 0.15259 
0.151855 -0.213135 -0.311523 0.33691 0.51147 0.7813 
0.149658 -0.207642 -0.292969 0.21606 0.36255 -0.2197 
0.147949 -0.200928 -0.304565 0.12817 0.21118 -0.14771 
0.144775 -0.192993 -0.256836 0.5859 0.6714 -0.26855 
0.138794 -0.185181 -0.256836 -0.2686 -0.5249 -0.34424 
0.130371 -0.177490 -0.244995 -0.11108 -0.11963 -0.36621 
0.123535 -0.168701 -0.234741 -0.16602 -0.14404 -0.34668 
0.116699 -0.160034 -0.226074 -0.16602 -0.15381 -0.30273 
0.109375 -0.151123 -0.219360 -0.19409 -0.14648 -0.26123 
0.102539 -0.143188 -0.213623 -0.19043 -0.12329 -0.23682 
0.96436 -0.137573 -0.207520 -0.16113 -0.9155 -0.22339 
0.93018 -0.132568 -0.202759 -0.12695 -0.9155 -0.21606 
0.90942 -0.130127 -0.198853 -0.8423 -0.6592 -0.20630 
0.89355 -0.129761 -0.197754 -0.4150 -0.5127 -0.19409 
0.89478 -0.129639 -0.197266 -0.1221 -0.4639 -0.19409 
0.89600 -0.130005 -0.196411 0.488 -0.4395 -0.18188 
0.88989 -0.130615 -0.196655 0.854 -0.4517 -0.17212 
0.88135 -0.130859 -0.197144 0.488 -0.4272 -0.16724 
0.88135 -0.130371 -0.196655 0.488 -0.3418 -0.16846 
0.87402 -0.129028 -0.196045 -0.122 -0.2441 -0.16602 
0.87769 -0.128174 -0.195435 -0.1221 -0.1221 -0.15503 
0.88135 -0.127563 -0.195068 -0.2808 0.00 -0.13550 
0.88257 -0.127563 -0.194214 -0.3784 0.732 -0.11108 
0.88379 -0.127686 -0.193970 -0.3662 0.854 -0.8789 
