0.246582 -0.17944 -0.91431 0.24658 -0.59326 0.24658 
0.240845 -0.18188 -0.90942 0.23804 -0.58716 0.22583 
0.239868 -0.16724 -0.89600 0.26489 -0.58472 0.21729 
0.240723 -0.15625 -0.89233 0.30884 -0.58472 0.22095 
0.240356 -0.16357 -0.88867 0.34668 -0.56030 0.22827 
0.239868 -0.17090 -0.89722 0.36377 -0.51392 0.22583 
0.239380 -0.16602 -0.91309 0.36255 -0.43579 0.21484 
0.238159 -0.17090 -0.92896 0.34180 -0.33569 0.21484 
0.237183 -0.17090 -0.94360 0.30396 -0.22583 0.20142 
0.237061 -0.18311 -0.95215 0.25146 -0.13184 0.19287 
0.238647 -0.18311 -0.95337 0.18555 -0.6226 0.19287 
0.238647 -0.16357 -0.94971 0.11230 -0.3174 0.19409 
0.240479 -0.14893 -0.93628 0.2563 -0.2319 0.19409 
0.243408 -0.15259 -0.91675 -0.6714 -0.122 0.19287 
0.243774 -0.15259 -0.89722 -0.16846 0.3174 0.18433 
0.242188 -0.16846 -0.87524 -0.26245 0.6958 0.17090 
0.239136 -0.18677 -0.85205 -0.32959 0.10132 0.15259 
0.234985 -0.21118 -0.82764 -0.36621 0.13184 0.13916 
0.232788 -0.23071 -0.82764 -0.38208 0.14038 0.13916 
0.226685 -0.22095 -0.84473 -0.33936 0.16235 0.15137 
0.224609 -0.22705 -0.86060 -0.58838 0.20142 0.18311 
0.225098 -0.22217 -0.88989 -0.27588 0.26123 0.21851 
0.227051 -0.22583 -0.92285 -0.20508 0.32715 0.23071 
0.228882 -0.23804 -0.96802 -0.13184 0.37964 0.24536 
0.234131 -0.27100 -0.102539 -0.8911 0.37964 0.27222 
0.244385 -0.30151 -0.109497 -0.5493 0.39795 0.32959 
0.255615 -0.36133 -0.113770 0.1831 0.36377 0.38940 
0.264648 -0.40039 -0.118652 0.7446 0.30518 0.42480 
0.271362 -0.39795 -0.121460 0.8301 0.26611 0.42480 
0.275757 -0.37720 -0.124390 0.7935 0.29053 0.40649 
0.280273 -0.36377 -0.127197 0.9399 0.33813 0.35034 
0.256714 -0.37109 -0.131104 0.12817 0.38452 0.30273 
0.287964 -0.38818 -0.136108 0.16235 0.43823 0.29419 
0.297852 -0.40649 -0.141235 0.18433 0.50537 0.29419 
0.310791 -0.43701 -0.146729 0.18799 0.58228 0.26611 
0.328125 -0.48584 -0.149048 0.16235 0.71167 0.20142 
0.346924 -0.48584 -0.152588 0.8789 0.89844 0.7935 
0.360230 -0.54565 -0.155884 0.1831 0.109131 -0.8179 
0.371582 -0.56885 -0.153442 -0.4395 0.129028 -0.24292 
0.382690 -0.64453 -0.153442 -0.14648 0.146973 -0.39063 
0.393188 -0.64697 -0.147949 -0.25635 0.163696 -0.48584 
0.400513 -0.61523 -0.142944 -0.5127 0.178833 -0.53345 
0.402344 -0.65674 -0.131348 -0.36377 0.185669 -0.61157 
0.404419 -0.57861 -0.125977 -0.47363 0.186279 -0.67993 
0.403076 -0.52856 -0.116577 -0.51514 0.176392 -0.74707 
0.402222 -0.47852 -0.106201 -0.54443 0.159790 -0.81421 
0.400635 -0.45410 -0.94604 -0.55298 0.159790 -0.88257 
0.398193 -0.43457 -0.82642 -0.55054 0.137573 -0.65674 
0.393433 -0.41748 -0.71777 -0.53223 0.110107 -0.108154 
0.386719 -0.39429 -0.60303 -0.48828 0.77271 -0.108154 
0.378174 -0.36743 -0.48584 -0.41016 0.39551 -0.121094 
0.369019 -0.32593 -0.37231 -0.31006 -0.1587 -0.133545 
0.359009 -0.28809 -0.26978 -0.20386 -0.43823 -0.144165 
0.359009 -0.23926 -0.18066 -0.9399 -0.84717 -0.154053 
0.347412 -0.17700 -0.10376 0.1831 -0.121216 -0.164551 
0.333374 -0.11475 -0.4028 0.12329 -0.151123 -0.174683 
0.317017 -0.4517 0.1587 0.20508 -0.172485 -0.183472 
0.298584 -0.4517 0.6592 0.25146 -0.184448 -0.189819 
0.280273 0.1953 0.10620 0.28809 -0.188965 -0.193237 
0.261719 0.7446 0.7935 0.32959 -0.187256 -0.192749 
0.242920 0.10864 0.7935 0.37231 -0.184570 -0.185059 
0.226563 0.12207 0.3662 0.38086 -0.186279 -0.169067 
0.213135 0.14160 -0.7935 0.31494 -0.195923 -0.148193 
0.202026 0.15259 -0.16724 0.31494 -0.216064 -0.126709 
0.191284 0.16968 -0.20752 0.18799 -0.243652 -0.107910 
0.176025 0.20142 -0.18677 0.7446 -0.239014 -0.93994 
0.157227 0.26733 -0.14771 -0.1465 -0.258179 -0.82764 
0.136475 0.33936 -0.12207 -0.6714 -0.289429 -0.72266 
0.115845 0.38574 -0.11108 -0.8545 -0.301025 -0.63110 
0.98511 0.40527 -0.12451 -0.6958 -0.304932 -0.87524 
0.84595 0.40161 -0.16602 -0.2930 -0.302002 -0.56274 
0.73120 0.38208 -0.21851 0.977 -0.294800 -0.51270 
0.63599 0.34912 -0.26245 0.4395 -0.284668 -0.46265 
0.85571 0.30762 -0.30640 0.7202 -0.272949 -0.40039 
0.54321 0.26611 -0.35400 0.9277 -0.260010 -0.31616 
0.44678 0.23071 -0.40771 0.10864 -0.246948 -0.20508 
0.34790 0.19287 -0.46387 0.12695 -0.234619 -0.6226 
0.25024 0.16357 -0.52490 0.14771 -0.223145 0.10742 
0.16113 0.16357 -0.57983 0.16235 -0.212158 0.29297 
0.7446 0.14648 -0.61768 0.17090 -0.200684 0.48218 
-0.488 0.14771 -0.32959 0.18311 -0.187500 0.65430 
-0.7202 0.15869 -0.64209 0.21240 -0.171021 0.79346 
-0.11597 0.18066 -0.66162 0.26367 -0.150146 0.89233 
-0.13672 0.20386 -0.67505 0.1709 -0.124390 0.95337 
-0.14526 0.21729 -0.68726 0.40039 -0.94971 0.97778 
-0.14160 0.21240 -0.71167 0.40039 -0.64087 0.98633 
-0.12939 0.18921 -0.75195 0.47119 -0.65186 0.100464 
-0.10254 0.14771 -0.79956 0.53589 -0.37109 0.104614 
-0.3052 0.8911 -0.84473 0.59082 -0.5859 0.110718 
0.7813 0.2930 -0.89355 0.63477 0.19287 0.117920 
0.21606 -0.1953 -0.94482 0.66528 0.41992 0.124634 
0.36865 -0.5737 -0.97534 0.67383 0.61768 0.124634 
0.52490 -0.7446 -0.98145 0.65430 0.79468 0.129395 
0.66528 -0.6958 -0.96191 0.62012 0.95459 0.132568 
0.79712 -0.5981 -0.92529 0.60059 0.109253 0.134888 
0.63110 -0.7080 -0.89600 0.62134 0.120239 0.137817 
0.94360 -0.10620 -0.88867 0.68481 0.127930 0.141602 
0.110718 -0.16724 -0.89722 0.76294 0.133667 0.145386 
0.128906 -0.23682 -0.92651 0.83008 0.139404 0.148193 
0.148926 -0.23682 -0.95825 0.86304 0.145630 0.148560 
0.170044 -0.28809 -0.96191 0.85083 0.152954 0.145264 
0.189819 -0.31250 -0.94116 0.81055 0.161011 0.138794 
0.207397 -0.31860 -0.94116 0.77637 0.168945 0.131104 
0.223389 -0.33081 -0.91064 0.77515 0.175171 0.124756 
0.239624 -0.35645 -0.89233 0.80444 0.176392 0.118408 
0.248779 -0.41260 -0.92896 0.80444 0.169678 0.119263 
0.278076 -0.58594 -0.93384 0.80444 0.174072 0.140747 
0.290161 -0.64453 -0.101074 0.79712 0.174683 0.136719 
0.305420 -0.67627 -0.114624 0.77271 0.162964 0.115112 
0.318726 -0.73364 -0.119873 0.73120 0.162964 0.95703 
0.325806 -0.76172 -0.124878 0.68604 0.153076 0.85327 
0.333862 -0.79712 -0.129883 0.62744 0.144775 0.83130 
0.336914 -0.82886 -0.137207 0.57373 0.139771 0.83130 
0.344238 -0.86060 -0.144409 0.52002 0.126953 0.80322 
0.351440 -0.89600 -0.149902 0.48340 0.110229 0.81787 
0.356201 -0.90820 -0.155396 0.44434 0.93262 0.86304 
0.357666 -0.88989 -0.158325 0.39063 0.77026 0.89478 
0.357666 -0.85205 -0.157593 0.32593 0.63232 0.88501 
0.354614 -0.80933 -0.154785 0.26245 0.52246 0.83130 
0.348877 -0.77759 -0.151245 0.22217 0.44067 0.75439 
0.342529 -0.77759 -0.149414 0.22461 0.38086 0.68359 
0.336914 -0.77026 -0.150146 0.25513 0.33447 0.62622 
0.331909 -0.78491 -0.152710 0.28809 0.29297 0.57495 
0.327759 -0.81299 -0.152710 0.30396 0.25024 0.52490 
0.323730 -0.84473 -0.155640 0.29785 0.20752 0.47974 
0.319214 -0.86182 -0.156982 0.27466 0.16724 0.43579 
0.313477 -0.86304 -0.156250 0.24048 0.13794 0.38574 
0.307495 -0.85205 -0.153076 0.24048 0.12085 0.32471 
0.301025 -0.84106 -0.148804 0.20630 0.12329 0.25513 
0.294434 -0.83618 -0.143921 0.18188 0.13794 0.18555 
0.288818 -0.83618 -0.139893 0.16968 0.13794 0.12817 
0.284058 -0.84351 -0.136841 0.16846 0.15381 0.8667 
0.281372 -0.85327 -0.134521 0.17090 0.15747 0.5371 
0.279053 -0.86548 -0.132446 0.16968 0.14404 0.2319 
0.275757 -0.86914 -0.129883 0.15625 0.12207 0.2319 
0.271118 -0.86548 -0.126953 0.12939 0.10132 -0.366 
0.265869 -0.85815 -0.123169 0.10132 0.8179 -0.2808 
0.260620 -0.84717 -0.119629 0.7813 0.6348 -0.5005 
0.260620 -0.83618 -0.116211 0.5615 0.4883 -0.7080 
0.255737 -0.82275 -0.113037 0.3662 0.3906 -0.9277 
0.251221 -0.80566 -0.110229 0.1831 0.3540 -0.11475 
0.246826 -0.80566 -0.107178 0.00 0.3662 -0.13794 
0.242920 -0.78613 -0.103638 -0.1953 0.3906 -0.16113 
0.239258 -0.76782 -0.100464 -0.3540 0.4272 -0.17944 
0.236084 -0.75317 -0.97778 -0.4639 0.4150 -0.19287 
0.232910 -0.74463 -0.97778 -0.5737 0.3540 -0.19653 
0.229858 -0.73975 -0.95215 -0.6836 0.2563 -0.19165 
0.227417 -0.73486 -0.92773 -0.7813 0.1221 -0.17700 
0.225342 -0.72510 -0.90454 -0.7813 -0.244 -0.15503 
0.223999 -0.71411 -0.88623 -0.8667 -0.1465 -0.13428 
