0.260620 -0.47363 0.22705 0.16113 0.96436 -0.47485 
0.256348 -0.38086 0.28076 0.12207 0.88135 -0.42358 
0.256348 -0.31372 0.29907 0.10376 0.76660 -0.33569 
0.251099 -0.58228 0.32227 0.9399 0.60913 -0.23071 
0.246460 -0.24902 0.33203 0.8301 0.42114 -0.12329 
0.242554 -0.24902 0.33691 0.8423 0.20386 -0.2808 
0.239624 -0.24414 0.33936 0.10010 -0.2808 0.6226 
0.238281 -0.24536 0.32471 0.13062 -0.27954 0.15137 
0.238037 -0.24780 0.32471 0.15503 -0.58105 0.23071 
0.237183 -0.25146 0.29663 0.15015 -0.93750 0.29785 
0.238403 -0.22949 0.27710 0.9888 -0.123779 0.36499 
0.239746 -0.21362 0.26001 0.29175 -0.140137 0.44312 
0.240845 -0.21851 0.21851 -0.2075 -0.140381 0.52368 
0.241211 -0.25513 0.15747 -0.19897 -0.129639 0.59692 
0.242798 -0.34058 0.11108 -0.36133 -0.147583 0.64209 
0.240601 -0.40405 0.6836 -0.44800 -0.116333 0.65796 
0.242798 -0.46265 0.7324 -0.43213 -0.101807 0.64453 
0.246826 -0.50049 0.7935 -0.33691 -0.87646 0.91797 
0.251587 -0.52490 0.6714 -0.20142 -0.72510 0.60547 
0.255615 -0.54932 0.4028 -0.8423 -0.56763 0.55420 
0.261475 -0.57739 0.977 -0.2441 -0.42358 0.49561 
0.272095 -0.59692 -0.2075 -0.732 -0.30762 0.42847 
0.255005 -0.62134 -0.4028 -0.1343 -0.21729 0.35889 
0.286255 -0.63965 -0.13184 -0.6348 -0.14893 0.29053 
0.301758 -0.66162 -0.21606 -0.10254 -0.3418 0.21362 
0.320068 -0.69946 -0.28320 -0.13306 0.10620 0.13306 
0.339111 -0.69946 -0.33936 -0.16357 0.23926 0.5371 
0.358887 -0.75073 -0.41992 -0.20142 0.36987 -0.1709 
0.378296 -0.82642 -0.46387 -0.18677 0.55176 -0.8545 
0.395996 -0.91309 -0.46387 -0.12573 0.75073 -0.17090 
0.411011 -0.97534 -0.47852 -0.7080 0.92285 -0.28442 
0.422607 -0.102173 -0.48462 -0.5493 0.104614 -0.44067 
0.430054 -0.105713 -0.45654 -0.8789 0.110474 -0.63477 
0.432373 -0.108398 -0.39917 -0.8789 0.110352 -0.85083 
0.430664 -0.108765 -0.32715 -0.14648 0.104248 -0.107178 
0.424683 -0.108032 -0.25513 -0.21118 0.123779 -0.128662 
0.415894 -0.106567 -0.19531 -0.27466 0.92529 -0.149292 
0.404297 -0.104614 -0.13550 -0.32593 0.76904 -0.168701 
0.390747 -0.102051 -0.8057 -0.36865 0.59082 -0.186401 
0.374878 -0.99609 -0.3174 -0.40527 0.39917 -0.186401 
0.356323 -0.98022 0.488 -0.43457 0.20630 -0.203003 
0.334595 -0.96069 0.3418 -0.45898 0.2686 -0.218262 
0.341064 -0.92407 0.6348 -0.48340 -0.13550 -0.231445 
0.284668 -0.86914 0.9399 -0.50781 -0.29053 -0.241943 
0.284668 -0.80444 0.12695 -0.52612 -0.44189 -0.249634 
0.259888 -0.73242 0.15381 -0.53101 -0.58350 -0.254761 
0.235474 -0.66040 0.17456 -0.52979 -0.71777 -0.257446 
0.212402 -0.66040 0.17944 -0.53467 -0.84106 -0.257813 
0.189453 -0.58960 0.18188 -0.55054 -0.94116 -0.255615 
0.166504 -0.51514 0.18066 -0.58594 -0.101196 -0.250610 
0.143921 -0.43091 0.18433 -0.64087 -0.104248 -0.243408 
0.120850 -0.35156 0.18433 -0.71899 -0.100220 -0.233032 
0.98267 -0.25879 0.21240 -0.82275 -0.88135 -0.218262 
0.77148 -0.14648 0.23438 -0.91675 -0.73364 -0.199463 
0.57861 -0.3540 0.24048 -0.91675 -0.59326 -0.177979 
0.41626 0.6470 0.23682 -0.96558 -0.48096 -0.153687 
0.28931 0.15991 0.22095 -0.96436 -0.39917 -0.126953 
0.19653 0.23560 0.19409 -0.92407 -0.39917 -0.98511 
0.13794 0.29541 0.15503 -0.85815 -0.33936 -0.69336 
0.10742 0.34546 0.10132 -0.78003 -0.29053 -0.71777 
0.9277 0.38086 0.3906 -0.70190 -0.24170 -0.44800 
0.8545 0.41260 -0.977 -0.64209 -0.17578 -0.13550 
0.8423 0.44189 -0.3662 -0.61890 -0.8789 0.11230 
0.8789 0.47363 -0.5005 -0.62622 0.977 0.33691 
0.9521 0.49927 -0.4150 -0.64087 0.10498 0.54443 
0.9521 0.50903 -0.2441 -0.65918 0.19531 0.74829 
0.10620 0.49194 -0.366 -0.67261 0.28931 0.95703 
0.12573 0.45898 0.1343 -0.67261 0.39063 0.117432 
0.17456 0.45898 0.3784 -0.65674 0.49927 0.139404 
0.26001 0.42236 0.7202 -0.63232 0.62012 0.160889 
0.37231 0.37720 0.11841 -0.60059 0.75928 0.180176 
0.50537 0.31616 0.16602 -0.56030 0.91309 0.196289 
0.64575 0.24780 0.16602 -0.52734 0.107788 0.209229 
0.78979 0.17334 0.21118 -0.50903 0.124023 0.219482 
0.93750 0.9399 0.25269 -0.50781 0.137329 0.227783 
0.110962 0.1465 0.29541 -0.50781 0.146606 0.235230 
0.132202 -0.7690 0.35278 -0.52612 0.152100 0.241455 
0.158081 -0.18188 0.42603 -0.55176 0.154663 0.244873 
0.184326 -0.26123 0.39917 -0.57251 0.154663 0.245728 
0.223022 -0.42969 0.57983 -0.61157 0.150024 0.255981 
0.249023 -0.47729 0.73608 -0.68115 0.148926 0.254639 
0.279053 -0.55054 0.82520 -0.73975 0.154297 0.278198 
0.307129 -0.60913 0.91187 -0.78857 0.147583 0.246948 
0.337280 -0.68726 0.99731 -0.75439 0.130859 0.231323 
0.337402 -0.79834 0.105103 -0.66772 0.112427 0.213135 
0.366943 -0.82642 0.108398 -0.53223 0.92163 0.196411 
0.398193 -0.80688 0.98877 -0.38452 0.67017 0.177124 
0.428955 -0.93628 0.114014 -0.25635 0.48340 0.160034 
0.461426 -0.67139 0.103638 -0.33936 0.52734 0.156982 
0.473267 -0.98389 0.91187 -0.35889 0.38818 0.146851 
0.488403 -0.94971 0.81177 -0.23682 0.8301 0.125000 
0.503418 -0.97168 0.72876 -0.9644 -0.15747 0.101318 
0.512085 -0.106201 0.93140 -0.3418 -0.24170 0.83496 
0.517456 -0.114258 0.61890 -0.6836 -0.20508 0.69336 
0.515503 -0.116577 0.53833 -0.15015 -0.9766 0.49072 
0.506226 -0.114624 0.47241 -0.21729 0.1709 0.23682 
0.490845 -0.110107 0.46021 -0.21729 0.14282 -0.2197 
0.473022 -0.104248 0.44922 -0.27954 0.22217 -0.23071 
0.452026 -0.98755 0.45532 -0.34424 0.25269 -0.41260 
0.432251 -0.93994 0.45288 -0.39429 0.20142 -0.57129 
0.412720 -0.89722 0.44312 -0.44189 0.20142 -0.71045 
0.394653 -0.88501 0.45166 -0.48706 0.8545 -0.82764 
0.379517 -0.85205 0.46021 -0.53223 -0.5981 -0.92896 
0.363770 -0.82153 0.46753 -0.58228 -0.22705 -0.92896 
0.351196 -0.79590 0.49316 -0.63843 -0.39063 -0.101807 
0.336304 -0.75562 0.52856 -0.67993 -0.53467 -0.110107 
0.323853 -0.71411 0.57373 -0.71655 -0.65063 -0.120728 
0.323853 -0.67993 0.61401 -0.73608 -0.74585 -0.130371 
0.310913 -0.65430 0.63721 -0.72388 -0.81543 -0.137695 
0.297241 -0.93384 0.64819 -0.68848 -0.85815 -0.143555 
0.283203 -0.58838 0.65063 -0.65063 -0.87280 -0.148315 
0.269653 -0.58838 0.64209 -0.63477 -0.86060 -0.152832 
0.256958 -0.55176 0.63232 -0.63232 -0.82275 -0.157227 
0.245239 -0.51514 0.92896 -0.64575 -0.76660 -0.160889 
0.234009 -0.47363 0.61646 -0.67017 -0.70557 -0.163086 
0.222778 -0.42847 0.60059 -0.69336 -0.65308 -0.164307 
0.211548 -0.37720 0.58838 -0.70557 -0.61401 -0.164429 
0.200439 -0.32471 0.58472 -0.70557 -0.58472 -0.162720 
0.188355 -0.27588 0.57983 -0.70801 -0.56885 -0.159058 
0.177246 -0.21484 0.57861 -0.70068 -0.56641 -0.153320 
0.166382 -0.15503 0.57617 -0.67627 -0.56885 -0.145630 
0.156738 -0.9277 0.56763 -0.63354 -0.56885 -0.136108 
0.148438 -0.2930 0.55176 -0.57617 -0.57251 -0.156006 
0.141235 0.3296 0.53223 -0.51147 -0.57007 -0.112061 
0.136108 0.9155 0.51147 -0.44556 -0.55298 -0.112061 
0.133545 0.14282 0.48584 -0.38818 -0.51636 -0.98022 
0.133545 0.17944 0.45776 -0.33691 -0.46265 -0.83008 
0.136230 0.19531 0.42480 -0.28320 -0.39307 -0.67505 
0.136230 0.20386 0.39063 -0.22583 -0.31128 -0.52612 
0.141113 0.20752 0.35400 -0.17090 -0.22095 -0.38940 
0.147339 0.20874 0.32349 -0.13062 -0.13062 -0.26978 
0.155273 0.20874 0.30151 -0.10620 -0.4639 -0.17212 
0.164429 0.20874 0.29663 -0.9277 0.3052 -0.10132 
0.173950 0.20752 0.30151 -0.7446 0.10010 -0.5249 
0.183960 0.20020 0.30273 -0.4150 0.16113 -0.2197 
0.194214 0.18311 0.30273 0.122 0.21606 -0.366 
0.204102 0.16968 0.29663 0.4150 0.26001 0.610 
0.213501 0.15991 0.28442 0.7324 0.28931 0.1465 
0.222046 0.14771 0.26489 0.7324 0.30029 0.2563 
0.229736 0.14160 0.24658 0.9888 0.29541 0.4150 
0.236938 0.13672 0.22949 0.11475 0.28198 0.5737 
0.243652 0.12817 0.20874 0.12329 0.26611 0.7080 
0.249878 0.11353 0.18799 0.12451 0.26611 0.7446 
0.255371 0.10498 0.17212 0.11475 0.25391 0.7202 
0.259644 0.10132 0.15869 0.9888 0.24902 0.6470 
0.262085 0.9888 0.15381 0.7080 0.25024 0.6470 
0.262939 0.10010 0.16113 0.3296 0.24780 0.5371 
0.262451 0.10498 0.17578 -0.366 0.23438 0.4028 
0.261475 0.11353 0.18921 -0.3174 0.20752 0.3418 
0.260254 0.12207 0.20264 -0.5371 0.16968 0.3662 
