0.223267 0.7446 0.130127 0.4150 0.4028 0.3418 
0.221802 0.6470 0.133301 0.5127 0.6470 -0.122 
0.219605 0.5859 0.135742 0.9155 0.7446 -0.3052 
0.218994 0.5249 0.136597 0.14282 0.7813 -0.3052 
0.218872 0.4639 0.136719 0.19897 0.7690 -0.4028 
0.219360 0.4272 0.136230 0.25635 0.5859 -0.3418 
0.219116 0.4272 0.133545 0.31494 0.1953 -0.1831 
0.219360 0.5493 0.130493 0.35645 -0.2930 0.488 
0.219360 0.6836 0.128174 0.35400 -0.8789 0.2441 
0.219605 0.8911 0.126221 0.32227 -0.15381 0.4028 
0.219727 0.11597 0.124878 0.27954 -0.22583 0.6470 
0.220825 0.11597 0.124268 0.23438 -0.31372 0.9644 
0.223267 0.12939 0.122925 0.17334 -0.37842 0.13794 
0.226929 0.13428 0.122803 0.9033 -0.41504 0.18555 
0.229004 0.13184 0.122803 -0.1587 -0.42969 0.22583 
0.231201 0.12817 0.124023 -0.14038 -0.41626 0.25757 
0.232544 0.12817 0.124878 -0.26855 -0.39063 0.28320 
0.233154 0.13184 0.126221 -0.8057 -0.37598 0.30518 
0.234131 0.13794 0.126343 -0.39307 -0.37354 0.32227 
0.237061 0.14771 0.127197 -0.49683 -0.39063 0.33936 
0.241455 0.16235 0.125488 -0.57617 -0.34546 0.37598 
0.254883 0.17456 0.129761 -0.62500 -0.34546 0.42847 
0.269775 0.19165 0.133179 -0.69092 -0.36499 0.50781 
0.280884 0.16724 0.130127 -0.80444 -0.38574 0.56030 
0.293457 0.11597 0.127686 -0.88379 -0.29053 0.56030 
0.303223 0.5981 0.124268 -0.89600 -0.11108 0.56885 
0.311890 -0.1099 0.118042 -0.82886 0.5615 0.53711 
0.288452 -0.5615 0.116943 -0.68115 0.21729 0.46265 
0.327026 -0.8667 0.120239 -0.49316 0.35522 0.36255 
0.327026 -0.11597 0.127441 -0.28809 0.48950 0.25391 
0.335815 -0.13672 0.138916 -0.9155 0.65674 0.16357 
0.344360 -0.15625 0.149780 0.6836 0.76172 0.8545 
0.348389 -0.15625 0.160278 0.19897 0.76660 -0.2319 
0.351563 -0.17822 0.166748 0.29541 0.67749 -0.16846 
0.356079 -0.19287 0.169922 0.37109 0.51636 -0.32959 
0.362671 -0.21118 0.171875 0.41870 0.37720 -0.49072 
0.369995 -0.22949 0.171875 0.40894 0.28442 -0.64575 
0.372925 -0.25513 0.171753 0.36133 0.24902 -0.78857 
0.371948 -0.28198 0.171143 0.60181 0.27832 -0.91309 
0.365112 -0.30151 0.171631 0.28931 0.31738 -0.101074 
0.353516 -0.31128 0.172607 0.19287 0.30884 -0.110352 
0.338013 -0.33081 0.171875 0.10742 0.23560 -0.119385 
0.320313 -0.33936 0.170044 0.9033 0.23560 -0.128784 
0.303833 -0.34790 0.166870 0.14526 0.11963 -0.139771 
0.285400 -0.35767 0.162964 0.23193 -0.2441 -0.151855 
0.267212 -0.35767 0.156982 0.31128 -0.15991 -0.133667 
0.249023 -0.34058 0.151123 0.38208 -0.25635 -0.164917 
0.229980 -0.32471 0.145142 0.45166 -0.33325 -0.179199 
0.241699 -0.32837 0.137573 0.51758 -0.40405 -0.193726 
0.190186 -0.34668 0.128662 0.58105 -0.44678 -0.207153 
0.190186 -0.34424 0.119629 0.62012 -0.43701 -0.217773 
0.169800 -0.31616 0.110596 0.59692 -0.38330 -0.224121 
0.150146 -0.59448 0.103271 0.52124 -0.30762 -0.226440 
0.131348 -0.28198 0.97778 0.43091 -0.22705 -0.226563 
0.115356 -0.24414 0.94116 0.36987 -0.14771 -0.225098 
0.100952 -0.20264 0.123291 0.33813 -0.7446 -0.222534 
0.87158 -0.14038 0.89722 0.32104 -0.488 -0.218628 
0.72754 -0.6104 0.89722 0.29541 0.4028 -0.212158 
0.59204 0.1831 0.84961 0.26611 0.1831 -0.204468 
0.46265 0.5981 0.78613 0.23682 -0.3540 -0.196045 
0.28564 0.6836 0.68848 0.23682 -0.6958 -0.184082 
0.11963 0.9155 0.53467 0.19653 -0.7324 -0.167969 
-0.732 0.11108 0.36377 0.17944 -0.4272 -0.148804 
-0.8911 0.16235 0.20386 0.15381 -0.4272 -0.128540 
-0.12939 0.23926 0.10254 0.8911 0.1831 -0.107544 
-0.14282 0.32349 0.5249 -0.1343 0.11597 -0.116943 
-0.13550 0.41138 0.3906 -0.12817 0.25024 -0.63599 
-0.14160 0.48096 0.4517 -0.22095 0.41992 -0.63599 
-0.16235 0.53589 0.6104 -0.28809 0.62988 -0.41626 
-0.17700 0.57617 0.8423 -0.35278 0.88379 -0.18799 
-0.16235 0.59448 0.13550 -0.43091 0.115112 0.5859 
-0.16235 0.60669 0.20874 -0.51880 0.140381 0.32349 
-0.9399 0.61279 0.29053 -0.59082 0.162598 0.58105 
0.1465 0.59937 0.38574 -0.64819 0.182251 0.81055 
0.14771 0.59937 0.50171 -0.70435 0.200195 0.100220 
0.30029 0.57007 0.63843 -0.75439 0.216919 0.115479 
0.45166 0.52734 0.77881 -0.78491 0.232788 0.126099 
0.57617 0.48218 0.92285 -0.80811 0.246460 0.132080 
0.68115 0.43945 0.92285 -0.83374 0.255127 0.133667 
0.77637 0.39795 0.105957 -0.85938 0.257813 0.132080 
0.86304 0.34668 0.118530 -0.89844 0.256348 0.128418 
0.94116 0.28931 0.129395 -0.89844 0.251221 0.122925 
0.100586 0.22583 0.140747 -0.96558 0.244385 0.115601 
0.109863 0.17212 0.154663 -0.108154 0.237549 0.104980 
0.119751 0.13550 0.172485 -0.121948 0.230835 0.91431 
0.127441 0.12207 0.190674 -0.134033 0.230835 0.76904 
0.132568 0.12817 0.207275 -0.142090 0.224365 0.62866 
0.135376 0.15991 0.221558 -0.145142 0.220947 0.81909 
0.138184 0.19531 0.234375 -0.143921 0.222412 0.50659 
0.143188 0.24414 0.244629 -0.139648 0.229126 0.40771 
0.149170 0.26489 0.252808 -0.132935 0.239136 0.33081 
0.153198 0.31982 0.261230 -0.125854 0.246460 0.32959 
0.153198 0.35034 0.270142 -0.116943 0.249146 0.32959 
0.159912 0.37109 0.277832 -0.110962 0.246704 0.30396 
0.166992 0.38574 0.288818 -0.109009 0.238525 0.24536 
0.173218 0.39551 0.301270 -0.109375 0.226318 0.17212 
0.178955 0.39551 0.316162 -0.108276 0.210083 0.8667 
0.187622 0.37354 0.329712 -0.106323 0.197510 0.4883 
0.193604 0.40039 0.340942 -0.104614 0.183350 -0.2197 
0.201538 0.41504 0.340942 -0.99609 0.166992 -0.11230 
0.208374 0.41138 0.352539 -0.94849 0.151978 -0.19165 
0.213745 0.39795 0.361572 -0.121582 0.137207 -0.26001 
0.218262 0.38208 0.370117 -0.90332 0.123413 -0.32349 
0.221191 0.35767 0.378174 -0.87280 0.111084 -0.39063 
0.222534 0.33691 0.385986 -0.85938 0.98877 -0.45898 
0.220581 0.29907 0.394287 -0.85449 0.118408 -0.52002 
0.214966 0.25391 0.402466 -0.83130 0.87158 -0.57251 
0.207397 0.20752 0.408203 -0.77759 0.77026 -0.61523 
0.199341 0.16724 0.410767 -0.69824 0.68359 -0.33203 
0.192261 0.15259 0.411133 -0.58228 0.61768 -0.64453 
0.185791 0.14771 0.408569 -0.46021 0.57007 -0.68359 
0.180908 0.13794 0.404419 -0.35889 0.51025 -0.74463 
0.174561 0.12573 0.398071 -0.26489 0.39551 -0.82397 
0.174561 0.8301 0.388428 -0.15137 0.19775 -0.91187 
0.166504 0.5737 0.378296 -0.2319 -0.8667 -0.99854 
0.155884 0.1831 0.366089 0.11475 -0.43213 -0.108765 
0.144043 0.28687 0.351440 0.25635 -0.81787 -0.117065 
0.131470 -0.2563 0.336914 0.39551 -0.121216 -0.124634 
0.119507 -0.7446 0.323364 0.52979 -0.156982 -0.129517 
0.107666 -0.9277 0.340088 0.64819 -0.185059 -0.133423 
0.99609 -0.10742 0.308838 0.75073 -0.205933 -0.134888 
0.89111 -0.10498 0.293701 0.82397 -0.216187 -0.136841 
0.80688 -0.10498 0.277100 0.86060 -0.219360 -0.137573 
0.72266 -0.10010 0.258789 0.86060 -0.215576 -0.137695 
0.64453 -0.7935 0.241333 0.87891 -0.205811 -0.136719 
0.56885 -0.4883 0.225464 0.87891 -0.191650 -0.134521 
0.49927 -0.122 0.210571 0.86182 -0.207031 -0.130615 
0.44067 0.5249 0.196899 0.83374 -0.175781 -0.124878 
0.40039 0.10254 0.183838 0.80688 -0.161377 -0.117065 
0.37354 0.13916 0.171265 0.78857 -0.149658 -0.107666 
0.36499 0.17212 0.159790 0.78247 -0.140991 -0.107666 
0.37109 0.20142 0.149658 0.77759 -0.134033 -0.97900 
0.38086 0.22217 0.141235 0.76294 -0.127563 -0.88867 
0.39673 0.24780 0.133667 0.73608 -0.118896 -0.80566 
0.41016 0.27466 0.127075 0.69458 -0.107544 -0.72876 
0.41016 0.30396 0.122437 0.64453 -0.94727 -0.65552 
0.42725 0.1953 0.120361 0.59937 -0.81177 -0.58105 
0.45532 0.36011 0.120239 0.56274 -0.67383 -0.50415 
0.48828 0.36011 0.120850 0.52734 -0.53345 -0.42236 
0.52734 0.38818 0.122070 0.47974 -0.39307 -0.33447 
0.57251 0.41382 0.123657 0.42603 -0.25391 -0.24414 
0.62256 0.43945 0.123657 0.36987 -0.11841 -0.15869 
0.67749 0.46265 0.125977 0.31006 0.977 -0.8301 
0.73486 0.48340 0.129517 0.24414 0.12451 -0.1953 
0.79956 0.49927 0.134644 0.17944 0.22339 0.3052 
0.86426 0.51514 0.140381 0.17944 0.30640 0.6836 
0.92773 0.53589 0.146973 0.11597 0.5493 0.9888 
0.98511 0.56152 0.153564 0.5371 0.40527 0.12695 
0.104004 0.58838 0.160645 -0.488 0.40527 0.15259 
0.110107 0.61523 0.167480 -0.5859 0.41992 0.17700 
