0.250000 0.13550 -0.54077 0.4883 0.48584 -0.25391 
0.253174 0.15259 -0.53833 0.854 0.41260 -0.23560 
0.252563 0.15503 -0.52490 -0.4517 0.34790 -0.20142 
0.254272 0.12939 -0.51880 -0.10864 0.27954 -0.15991 
0.252197 0.12939 -0.50171 -0.13794 0.21240 -0.12695 
0.250732 0.10254 -0.50659 -0.11841 0.21240 -0.10620 
0.246460 0.8301 -0.48218 -0.4150 0.29663 -0.11475 
0.249146 0.8911 -0.48218 0.7690 0.41016 -0.16479 
0.256714 0.12573 -0.48218 0.17456 0.48950 -0.22217 
0.259644 0.16357 -0.50293 0.21118 0.47729 -0.25024 
0.260986 0.20752 -0.51025 0.21118 0.39429 -0.23682 
0.263550 0.25146 -0.48462 0.20874 0.26855 -0.20752 
0.264160 0.25391 -0.45532 0.19653 0.12451 -0.17944 
0.263306 0.24170 -0.43579 0.19897 0.29175 -0.15259 
0.261841 0.21484 -0.42847 0.20630 -0.2075 -0.13672 
0.260376 0.17944 -0.44312 0.19653 -0.15381 -0.13428 
0.259033 0.16235 -0.46875 0.16235 -0.26123 -0.14282 
0.257080 0.17212 -0.50049 0.9766 -0.34668 -0.14282 
0.255859 0.20630 -0.51636 0.977 -0.40771 -0.15137 
0.249634 0.23193 -0.54321 -0.11230 -0.44556 -0.13306 
0.246460 0.26855 -0.53833 -0.26489 -0.43823 -0.9277 
0.246460 0.24536 -0.56396 -0.47363 -0.47729 -0.2319 
0.239624 0.8911 -0.63599 -0.64819 -0.47241 0.5005 
0.233154 0.5737 -0.60791 -0.69580 -0.35645 0.6958 
0.232422 0.10254 -0.56030 -0.62256 -0.25513 0.9033 
0.230713 0.10254 -0.52124 -0.53345 -0.19775 0.16846 
0.228638 0.11719 -0.51025 -0.42480 -0.16968 0.27100 
0.230225 0.11108 -0.49805 -0.28931 -0.14893 0.35156 
0.233887 0.11963 -0.49805 -0.16724 -0.14038 0.41138 
0.235107 0.13062 -0.49316 -0.6226 -0.15869 0.45654 
0.234131 0.13428 -0.49561 -0.27222 -0.16968 0.48584 
0.232788 0.13062 -0.49316 0.4028 -0.17700 0.51392 
0.229858 0.11963 -0.48218 0.13550 -0.18433 0.56030 
0.226440 0.10498 -0.46265 0.21973 -0.20142 0.63843 
0.223145 0.10132 -0.47363 0.28320 -0.23315 0.74097 
0.223511 0.11108 -0.51636 0.33325 -0.23315 0.85205 
0.223999 0.12817 -0.55542 0.37842 -0.23926 0.63965 
0.225952 0.13916 -0.59204 0.39795 -0.25269 0.104248 
0.231445 0.12329 -0.64697 0.38940 -0.28809 0.104248 
0.238403 0.8911 -0.70801 0.36011 -0.30762 0.113281 
0.250732 0.6714 -0.75684 0.31982 -0.28809 0.121094 
0.262817 0.12207 -0.87036 0.25513 -0.23682 0.126343 
0.250855 0.5615 -0.94849 0.4883 -0.20142 0.130981 
0.282105 -0.488 -0.101318 -0.10498 -0.23315 0.127808 
0.304932 -0.5859 -0.108521 -0.12085 -0.25269 0.118774 
0.331421 -0.14038 -0.110962 -0.10742 -0.25024 0.106445 
0.359131 -0.14038 -0.126587 -0.24292 -0.35889 0.91187 
0.382935 -0.22461 -0.156250 -0.37842 -0.37720 0.71045 
0.406738 -0.31738 -0.141235 -0.32349 -0.10986 0.46753 
0.429810 -0.42725 -0.172485 -0.22583 0.25146 0.19531 
0.448486 -0.51758 -0.181519 -0.15259 0.57373 -0.6714 
0.460083 -0.58350 -0.188232 -0.6226 0.91309 -0.31250 
0.466553 -0.63354 -0.186035 -0.30396 0.128784 -0.54199 
0.465698 -0.66284 -0.171265 0.854 0.160767 -0.76782 
0.461182 -0.68359 -0.159180 -0.4517 0.180176 -0.98022 
0.454102 -0.65552 -0.146973 -0.18921 0.160645 -0.120117 
0.442383 -0.60669 -0.129761 -0.34546 0.191895 -0.143799 
0.425171 -0.56152 -0.113525 -0.49316 0.194824 -0.169312 
0.404541 -0.52246 -0.95825 -0.60669 0.189697 -0.163696 
0.381470 -0.49072 -0.77759 -0.67505 0.177734 -0.194946 
0.356812 -0.46265 -0.61157 -0.68848 0.161621 -0.218750 
0.333008 -0.43945 -0.45166 -0.65308 0.145020 -0.239380 
0.337891 -0.40405 -0.31250 -0.59937 0.130005 -0.254761 
0.312256 -0.34912 -0.20508 -0.54199 0.116699 -0.266602 
0.281006 -0.28809 -0.12329 -0.47974 0.103149 -0.275879 
0.255127 -0.23315 -0.5859 -0.40649 0.90942 -0.282593 
0.229126 -0.17944 -0.1831 -0.32227 0.81909 -0.287720 
0.202148 -0.17944 0.610 -0.24414 0.76538 -0.291138 
0.176270 -0.11353 0.854 -0.19897 0.74097 -0.290894 
0.150879 -0.4028 0.30884 -0.19775 0.73853 -0.285400 
0.124268 0.1465 -0.366 -0.24048 0.75073 -0.274414 
0.97656 0.7202 -0.3662 -0.31616 0.77881 -0.257446 
0.71289 0.11475 -0.3418 -0.44067 0.82153 -0.233765 
0.45288 0.15991 -0.5981 -0.58350 0.86670 -0.204102 
0.21606 0.21118 -0.7935 -0.58350 0.89722 -0.169678 
-0.122 0.25879 -0.13672 -0.74707 0.88379 -0.133301 
-0.18066 0.29541 -0.23315 -0.91064 0.81421 -0.97046 
-0.32837 0.31128 -0.28076 -0.102783 0.81421 -0.61523 
-0.44189 0.32104 -0.28687 -0.109741 0.69824 -0.26855 
-0.52734 0.33203 -0.24048 -0.111084 0.55664 -0.23315 
-0.60181 0.31860 -0.18311 -0.107544 0.42236 0.7935 
-0.64941 0.31250 -0.12573 -0.101440 0.32959 0.45410 
-0.67017 0.30518 -0.5371 -0.95215 0.29297 0.86304 
-0.63110 0.29663 0.1709 -0.90942 0.29053 0.129028 
-0.83496 0.27222 0.8545 -0.88379 0.29419 0.171265 
-0.52246 0.23071 0.15747 -0.86914 0.29907 0.210449 
-0.34668 0.16602 0.24780 -0.86060 0.30640 0.244263 
-0.10864 0.10010 0.35522 -0.85571 0.31616 0.269653 
0.19043 0.10010 0.43335 -0.85693 0.33081 0.284180 
0.51025 0.3296 0.51147 -0.85327 0.39307 0.290405 
0.79346 -0.4639 0.54565 -0.88135 0.49805 0.292969 
0.107666 -0.10254 0.55176 -0.93018 0.62500 0.292969 
0.136719 -0.15503 0.55176 -0.97290 0.73730 0.289917 
0.164917 -0.21973 0.54932 -0.96558 0.83862 0.281616 
0.197876 -0.27710 0.50415 -0.116333 0.94727 0.269531 
0.233154 -0.34424 0.54077 -0.85083 0.98877 0.255371 
0.264160 -0.40039 0.55664 -0.73486 0.99976 0.239990 
0.291992 -0.43335 0.59326 -0.63843 0.124390 0.221680 
0.320801 -0.54077 0.61401 -0.60547 0.93140 0.214966 
0.339722 -0.53223 0.56152 -0.62134 0.88989 0.206421 
0.359985 -0.56030 0.62866 -0.57007 0.99976 0.193604 
0.374146 -0.54810 0.59692 -0.60059 0.103882 0.212891 
0.439819 -0.52490 0.50049 -0.62256 0.97778 0.181641 
0.454834 -0.74707 0.112915 -0.61035 0.166992 0.213257 
0.452515 -0.70923 0.111206 -0.138916 0.202026 0.251709 
0.467407 -0.56152 0.39795 -0.218262 0.154175 0.264404 
0.436157 -0.56274 0.36255 -0.198730 0.127563 0.239014 
0.442505 -0.61768 0.48950 -0.160645 0.75195 0.189453 
0.460327 -0.37231 0.41870 -0.139526 0.2808 0.138916 
0.477295 -0.68481 0.39795 -0.115356 -0.62256 0.93140 
0.481323 -0.73730 0.42847 -0.93872 -0.109619 0.48340 
0.515869 -0.95703 0.31616 -0.74463 -0.66284 0.36133 
0.494995 -0.77271 0.64941 -0.70068 0.10376 -0.9033 
0.470093 -0.76294 0.64941 -0.65308 0.47485 -0.83130 
0.473877 -0.72998 0.60303 -0.73120 0.67383 -0.142700 
0.468140 -0.69702 0.57007 -0.40527 0.71411 -0.183594 
0.459717 -0.67261 0.58228 -0.9277 0.79834 -0.210938 
0.454468 -0.66528 0.66162 0.19287 0.97900 -0.225952 
0.439819 -0.67627 0.78857 0.31372 0.107910 -0.235352 
0.417114 -0.65430 0.93140 0.22095 0.107910 -0.246338 
0.389038 -0.62378 0.106201 0.122 0.104980 -0.260742 
0.357422 -0.57129 0.114624 -0.25391 0.94360 -0.275147 
0.339966 -0.49927 0.112793 -0.47363 0.74707 -0.279541 
0.317017 -0.42114 0.109375 -0.56396 0.48584 -0.279541 
0.294434 -0.34668 0.108765 -0.52368 0.22095 -0.280396 
0.304077 -0.27588 0.107178 -0.43701 -0.5493 -0.280884 
0.251831 -0.20508 0.102905 -0.33203 -0.32104 -0.282471 
0.251831 -0.14160 0.98022 -0.20386 -0.55420 -0.284912 
0.231445 -0.7202 0.91675 -0.6958 -0.73853 -0.285645 
0.210693 -0.3052 0.86548 0.5615 -0.87891 -0.282715 
0.193115 -0.3052 0.83496 0.13916 -0.95215 -0.274292 
0.175293 0.1343 0.80444 0.15137 -0.95703 -0.261108 
0.158081 0.6470 0.77148 0.11353 -0.91553 -0.243774 
0.143311 0.11597 0.74585 0.7080 -0.85571 -0.221436 
0.131714 0.15625 0.74585 0.4517 -0.79834 -0.194092 
0.123413 0.19409 0.72632 0.3784 -0.73975 -0.163330 
0.118286 0.22705 0.71411 0.3662 -0.70557 -0.130371 
0.115601 0.26367 0.71289 0.3662 -0.70068 -0.97656 
0.116089 0.31372 0.70068 0.3418 -0.71289 -0.67139 
0.118042 0.34058 0.67627 0.4395 -0.72754 -0.40894 
0.117188 0.33691 0.62134 0.5493 -0.73730 -0.22339 
0.116699 0.37354 0.55908 0.4150 -0.73730 -0.10010 
0.119385 0.38818 0.50171 0.2441 -0.72876 -0.1587 
0.122437 0.40039 0.45044 0.1343 -0.69824 -0.27100 
0.126953 0.42236 0.40527 0.366 -0.63843 0.4150 
0.133301 0.44922 0.37231 0.977 -0.55542 0.8301 
0.142822 0.46387 0.35278 0.4150 -0.46509 0.11230 
0.155640 0.46997 0.34180 0.9644 -0.36987 0.12939 
0.155640 0.46875 0.32227 0.15259 -0.27100 0.13062 
0.169067 0.47119 0.29785 0.19043 -0.16357 0.12085 
