0.242432 -0.33447 0.79224 -0.21362 -0.11719 0.14893 
0.242310 -0.32104 0.78613 -0.15503 -0.10620 0.14648 
0.241211 -0.31494 0.74463 -0.14282 -0.9521 0.17090 
0.243164 -0.31494 0.72510 -0.14282 -0.8057 0.18433 
0.243652 -0.32837 0.71899 -0.15503 -0.5371 0.18311 
0.245972 -0.32349 0.74097 -0.18066 -0.1099 0.16846 
0.246338 -0.32104 0.76294 -0.19287 -0.28076 0.15015 
0.246948 -0.30396 0.78979 -0.17700 0.3174 0.13428 
0.246826 -0.29175 0.79712 -0.13916 0.4761 0.11719 
0.247192 -0.29053 0.79224 -0.9644 0.1953 0.9888 
0.248535 -0.29541 0.79102 -0.6470 -0.5127 0.9888 
0.251953 -0.29663 0.79224 -0.4028 -0.15869 0.8057 
0.255859 -0.30396 0.78247 -0.2563 -0.29907 0.5493 
0.259521 -0.30518 0.75684 -0.3540 -0.48218 0.2075 
0.259521 -0.30396 0.73486 -0.7202 -0.69580 -0.1953 
0.263428 -0.28564 0.71045 -0.13184 -0.90942 -0.6958 
0.267944 -0.27344 0.68970 -0.20874 -0.109009 -0.11719 
0.273315 -0.27588 0.67505 -0.28198 -0.122681 -0.15503 
0.278931 -0.27588 0.63110 -0.32471 -0.130371 -0.17456 
0.285645 -0.27222 0.63599 -0.33203 -0.133057 -0.16602 
0.294067 -0.31982 0.90820 -0.31494 -0.127319 -0.14893 
0.302368 -0.35400 0.59570 -0.28320 -0.113281 -0.13306 
0.312378 -0.37354 0.53711 -0.25635 -0.95459 -0.13550 
0.322754 -0.38696 0.48706 -0.22095 -0.75195 -0.17090 
0.332764 -0.38086 0.45288 -0.15991 -0.54321 -0.22827 
0.342651 -0.35889 0.44312 -0.15991 -0.35522 -0.29053 
0.352661 -0.33569 0.43823 -0.8179 -0.51636 -0.35767 
0.364258 -0.33569 0.40771 0.1099 -0.8789 -0.44922 
0.375244 -0.36255 0.36255 0.11841 -0.8789 -0.57129 
0.385742 -0.39917 0.31616 0.20508 -0.244 -0.72144 
0.394897 -0.43701 0.28442 0.23926 0.7202 -0.88867 
0.399658 -0.47974 0.24536 0.23071 0.14771 -0.88867 
0.400757 -0.52368 0.21729 0.18921 0.20752 -0.106934 
0.400513 -0.55908 0.21240 0.12085 0.23315 -0.125854 
0.400024 -0.57617 0.22705 0.6470 0.22095 -0.144531 
0.397827 -0.58350 0.24658 0.3418 0.16968 -0.161743 
0.397827 -0.58472 0.24902 0.2197 0.8667 -0.177246 
0.392578 -0.58105 0.23315 0.1587 -0.1221 -0.191772 
0.384155 -0.56396 0.21606 0.977 -0.12817 -0.206177 
0.372314 -0.56396 0.18433 0.122 -0.26001 -0.220581 
0.355835 -0.54443 0.15137 -0.3296 -0.40405 -0.234497 
0.335327 -0.52490 0.13184 -0.11841 -0.55054 -0.247803 
0.312500 -0.49683 0.13184 -0.24170 -0.68359 -0.259521 
0.286011 -0.46631 0.13794 -0.36621 -0.79712 -0.268555 
0.256958 -0.42236 0.17456 -0.47363 -0.88867 -0.273315 
0.224609 -0.35522 0.22583 -0.56274 -0.96191 -0.272461 
0.190430 -0.26489 0.29053 -0.56274 -0.101929 -0.265015 
0.156372 -0.17212 0.34180 -0.63110 -0.105591 -0.252075 
0.123535 -0.7324 0.36377 -0.67749 -0.108521 -0.235718 
0.95215 0.2808 0.37598 -0.72144 -0.108521 -0.216553 
0.71533 0.12573 0.38208 -0.76782 -0.110474 -0.194946 
0.52734 0.21118 0.39063 -0.80688 -0.110229 -0.203247 
0.38330 0.29785 0.39429 -0.82886 -0.108154 -0.171997 
0.27954 0.36865 0.38696 -0.82031 -0.104004 -0.148560 
0.22339 0.42358 0.37476 -0.76660 -0.97290 -0.125610 
0.20508 0.46753 0.35522 -0.67749 -0.87158 -0.103149 
0.21484 0.49072 0.31372 -0.57007 -0.72998 -0.81177 
0.21484 0.49194 0.24414 -0.47241 -0.54932 -0.59937 
0.23926 0.47241 0.16724 -0.41504 -0.33813 -0.40039 
0.27710 0.47607 0.12207 -0.41260 -0.11475 -0.21851 
0.32593 0.47607 0.9888 -0.44312 0.9644 -0.5005 
0.37231 0.48462 0.10742 -0.47241 0.28687 0.11353 
0.41748 0.49438 0.13428 -0.48584 0.45044 0.27588 
0.45898 0.49683 0.16479 -0.47241 0.58960 0.44067 
0.50781 0.49316 0.16479 -0.42847 0.71411 0.60547 
0.56763 0.47607 0.19287 -0.36133 0.84595 0.76782 
0.65063 0.44312 0.20874 -0.60669 0.99731 0.92285 
0.74341 0.40771 0.21606 -0.29419 0.116455 0.106323 
0.85083 0.37109 0.22583 -0.24658 0.133057 0.118164 
0.95093 0.39307 0.23071 -0.21362 0.149780 0.129761 
0.103760 0.37598 0.24902 -0.18066 0.149780 0.140259 
0.111206 0.33203 0.26611 -0.17578 0.164307 0.148438 
0.117554 0.27344 0.29297 -0.21240 0.176025 0.154175 
0.123413 0.22949 0.34668 -0.29419 0.185669 0.127319 
0.130615 0.18921 0.43945 -0.40527 0.193481 0.158569 
0.138794 0.10864 0.54565 -0.51758 0.199707 0.162476 
0.148926 0.4028 0.65186 -0.62744 0.204468 0.166870 
0.130371 0.122 0.75562 -0.70679 0.205933 0.171997 
0.161621 -0.1953 0.83252 -0.72754 0.202637 0.177002 
0.173218 -0.3906 0.87158 -0.71777 0.194214 0.180542 
0.180542 -0.9521 0.91919 -0.72998 0.180420 0.181274 
0.181763 -0.9521 0.91431 -0.84839 0.163574 0.190308 
0.187378 -0.15259 0.104126 -0.96069 0.146362 0.208496 
0.192871 -0.15625 0.114502 -0.104858 0.133911 0.219971 
0.201050 -0.15137 0.96802 -0.107666 0.119019 0.224731 
0.216431 -0.18921 0.128052 -0.101440 0.107666 0.225586 
0.236572 -0.24780 0.138184 -0.121460 0.99243 0.223511 
0.257202 -0.31494 0.143677 -0.79224 0.90576 0.216309 
0.277588 -0.37598 0.145386 -0.79224 0.78857 0.205688 
0.290894 -0.37842 0.143921 -0.68237 0.63477 0.190552 
0.305786 -0.38940 0.147095 -0.57007 0.80322 0.176270 
0.324585 -0.41260 0.150879 -0.50659 0.49072 0.166504 
0.346558 -0.38818 0.155640 -0.42847 0.37598 0.152954 
0.371704 -0.42847 0.157715 -0.32471 0.31616 0.138062 
0.396484 -0.47974 0.157593 -0.21729 0.29053 0.154785 
0.420532 -0.52124 0.162476 -0.11230 0.28564 0.123535 
0.437012 -0.56519 0.157837 -0.7813 0.45654 0.114380 
0.413574 -0.52612 0.149048 -0.9644 0.54443 0.108765 
0.450439 -0.49194 0.145020 -0.7080 0.44556 0.96313 
0.450439 -0.50415 0.144897 -0.3296 0.31006 0.77759 
0.456909 -0.52368 0.144653 -0.4517 0.23804 0.61523 
0.460083 -0.52368 0.143188 -0.10620 0.22705 0.47852 
0.460693 -0.52368 0.142944 -0.17700 0.24414 0.33447 
0.458130 -0.52368 0.143799 -0.23926 0.29419 0.16113 
0.452515 -0.52368 0.143433 -0.31128 0.38452 -0.5615 
0.443970 -0.54199 0.145508 -0.40161 0.48096 -0.29663 
0.429688 -0.56152 0.145508 -0.51514 0.59326 -0.55908 
0.413818 -0.59937 0.147339 -0.31494 0.64697 -0.79102 
0.393311 -0.57983 0.151245 -0.72266 0.61035 -0.99854 
0.371826 -0.57983 0.154541 -0.72266 0.46143 -0.115479 
0.348999 -0.57251 0.158203 -0.79102 0.21606 -0.127686 
0.327148 -0.56030 0.160889 -0.81177 0.22949 -0.137817 
0.304077 -0.51025 0.165405 -0.78369 -0.6958 -0.148071 
0.283936 -0.48340 0.166626 -0.72998 -0.38208 -0.156860 
0.265381 -0.47119 0.165161 -0.66284 -0.71411 -0.160889 
0.247803 -0.46631 0.162842 -0.57129 -0.107300 -0.160400 
0.234863 -0.45288 0.159424 -0.46387 -0.139282 -0.160400 
0.223999 -0.43701 0.156738 -0.37109 -0.162842 -0.156616 
0.215820 -0.37842 0.154907 -0.30762 -0.175537 -0.151855 
0.206421 -0.37964 0.152344 -0.24292 -0.178223 -0.146240 
0.206421 -0.36987 0.145020 -0.19409 -0.171509 -0.140869 
0.197021 -0.32227 0.139648 -0.17700 -0.158569 -0.136353 
0.188843 -0.58472 0.135742 -0.15503 -0.140991 -0.133301 
0.182251 -0.24536 0.131470 -0.12939 -0.121094 -0.130493 
0.178101 -0.24536 0.126709 -0.10498 -0.99487 -0.126221 
0.175171 -0.22217 0.151489 -0.7813 -0.77759 -0.120239 
0.172119 -0.18677 0.112793 -0.4761 -0.58350 -0.113770 
0.169678 -0.16235 0.112793 -0.2563 -0.41016 -0.106934 
0.167480 -0.16479 0.106201 -0.1099 -0.25146 -0.97534 
0.164917 -0.11108 0.100952 -0.31128 -0.10376 -0.88013 
0.163208 -0.7935 0.96802 0.122 0.3906 -0.78979 
0.161987 -0.5249 0.93384 0.2319 0.16968 -0.70557 
0.160767 -0.1831 0.88989 0.4639 0.26855 -0.63232 
0.160278 0.1465 0.83984 0.8057 0.1343 -0.57373 
0.160767 0.3784 0.78735 0.12939 0.32593 -0.53101 
0.162476 0.5249 0.75562 0.17944 0.34912 -0.49438 
0.164429 0.6348 0.72510 0.21973 0.35278 -0.45410 
0.166016 0.7813 0.69580 0.24658 0.34424 -0.45410 
0.167236 0.9033 0.67261 0.26245 0.33081 -0.41260 
0.167603 0.10742 0.65674 0.26978 0.31860 -0.37354 
0.168213 0.12573 0.64209 0.26978 0.31372 -0.33447 
0.168213 0.14893 0.63721 0.25879 0.31494 -0.29419 
0.169189 0.17090 0.64331 0.24170 0.31982 -0.24780 
0.171265 0.18677 0.65308 0.23193 0.32349 -0.19531 
0.175171 0.19531 0.66162 0.23193 0.32349 -0.13672 
0.180176 0.19531 0.66406 0.23315 0.31738 -0.7935 
0.186768 0.19043 0.66772 0.22583 0.31006 -0.2563 
0.194336 0.18188 0.67627 0.20264 0.29785 0.1465 
0.202515 0.16968 0.67627 0.16724 0.27954 0.4150 
0.210571 0.15015 0.69214 0.12939 0.25879 0.5249 
