0.252319 -0.74829 -0.25635 0.26123 0.6348 0.25269 
0.252686 -0.73608 -0.22827 0.30273 0.1099 0.25635 
0.251709 -0.72021 -0.20752 0.32227 -0.2441 0.24658 
0.276489 -0.73364 -0.18311 0.32837 -0.5127 0.23193 
0.245239 -0.71533 -0.18799 0.33203 -0.5493 0.23560 
0.240845 -0.71777 -0.22339 0.33081 -0.4395 0.26367 
0.235962 -0.72632 -0.24292 0.32593 -0.1953 0.30151 
0.236084 -0.71899 -0.25635 0.31494 -0.366 0.32959 
0.237671 -0.71899 -0.26978 0.29541 0.1099 0.31860 
0.240601 -0.71533 -0.28687 0.26733 0.1343 0.26978 
0.242920 -0.71533 -0.29663 0.23438 -0.3906 0.20630 
0.243774 -0.69946 -0.29663 0.21851 -0.18188 0.15259 
0.245728 -0.68115 -0.30273 0.24536 -0.40894 0.10986 
0.249512 -0.65552 -0.29907 0.30640 -0.66528 0.5981 
0.253418 -0.64087 -0.24780 0.30640 -0.79834 -0.732 
0.252930 -0.65674 -0.25879 0.38574 -0.92407 -0.6104 
0.255127 -0.72754 -0.31982 0.49316 -0.70801 -0.6226 
0.253662 -0.80688 -0.33203 0.52246 -0.93994 -0.1953 
0.255249 -0.85938 -0.39063 0.42358 -0.93994 0.3784 
0.257935 -0.88135 -0.44312 0.24170 -0.79712 0.8057 
0.257690 -0.90576 -0.53711 0.2930 -0.66895 0.9888 
0.263428 -0.92651 -0.51514 -0.16479 -0.54199 0.9888 
0.266602 -0.97656 -0.56885 -0.32715 -0.44312 0.9399 
0.273071 -0.100464 -0.61646 -0.39673 -0.30640 0.5371 
0.250000 -0.101929 -0.66528 -0.42114 -0.16602 -0.1099 
0.281250 -0.101074 -0.70557 -0.42358 -0.2197 -0.8423 
0.290405 -0.100464 -0.73364 -0.42236 0.12451 -0.15259 
0.299683 -0.100708 -0.76050 -0.42480 0.26855 -0.21118 
0.308228 -0.102051 -0.78491 -0.41138 0.40161 -0.26123 
0.316650 -0.102051 -0.82397 -0.36987 0.51270 -0.30762 
0.325928 -0.104248 -0.86426 -0.31982 0.60059 -0.36255 
0.336792 -0.107178 -0.88989 -0.29663 0.66650 -0.43213 
0.348389 -0.110107 -0.88989 -0.30762 0.72266 -0.51514 
0.359253 -0.112549 -0.90698 -0.34668 0.78003 -0.60791 
0.368286 -0.114258 -0.90942 -0.41016 0.83008 -0.71167 
0.373169 -0.115112 -0.88989 -0.41016 0.86548 -0.82886 
0.373657 -0.116699 -0.83618 -0.49194 0.91309 -0.94482 
0.371948 -0.118042 -0.75806 -0.57495 0.67871 -0.103516 
0.369751 -0.117065 -0.69336 -0.63965 0.106812 -0.110352 
0.366455 -0.113770 -0.64575 -0.68359 0.106812 -0.118164 
0.362427 -0.110718 -0.60913 -0.71167 0.109253 -0.128296 
0.358521 -0.109741 -0.56396 -0.71411 0.105347 -0.139526 
0.353882 -0.110352 -0.50781 -0.68604 0.96069 -0.139526 
0.348145 -0.110474 -0.42969 -0.64087 0.81787 -0.151245 
0.342041 -0.103271 -0.37842 -0.59570 0.66284 -0.162476 
0.332275 -0.97168 -0.31006 -0.57007 0.52002 -0.172485 
0.320557 -0.91797 -0.24658 -0.58960 0.34424 -0.182495 
0.320557 -0.87646 -0.19531 -0.59448 0.15991 -0.193604 
0.307007 -0.84229 -0.14893 -0.57129 -0.1831 -0.205811 
0.292603 -0.79346 -0.10620 -0.54443 -0.18677 -0.217529 
0.278320 -0.79346 -0.6714 -0.52734 -0.32959 -0.227539 
0.263306 -0.73120 -0.2808 -0.52856 -0.44556 -0.235962 
0.247192 -0.65430 -0.30762 -0.53589 -0.53223 -0.242065 
0.231079 -0.57739 0.488 -0.53345 -0.59204 -0.245239 
0.215454 -0.51025 0.2930 -0.53345 -0.61768 -0.245483 
0.200562 -0.44922 0.4761 -0.55542 -0.60181 -0.243530 
0.185913 -0.38574 0.5737 -0.59814 -0.54932 -0.239136 
0.170654 -0.32593 0.6958 -0.59814 -0.47485 -0.232300 
0.153442 -0.26123 0.6958 -0.65063 -0.40039 -0.222412 
0.134277 -0.17334 0.6348 -0.71411 -0.35034 -0.208740 
0.115112 -0.8057 0.6348 -0.78979 -0.35034 -0.191040 
0.97046 0.1221 0.6592 -0.86304 -0.34180 -0.169189 
0.74341 0.12207 0.7935 -0.92285 -0.36743 -0.173950 
0.52368 0.21851 0.9766 -0.98633 -0.41504 -0.142700 
0.31738 0.30884 0.9033 -0.103882 -0.48584 -0.113403 
0.15625 0.36987 0.6470 -0.103882 -0.59082 -0.81543 
0.4883 0.39429 0.3052 -0.96436 -0.71899 -0.48340 
0.29785 0.40771 -0.610 -0.83618 -0.84351 -0.16357 
-0.1465 0.42480 -0.4028 -0.67261 -0.95215 0.12329 
-0.5371 0.43579 -0.5249 -0.49561 -0.102661 0.37354 
-0.8179 0.45044 -0.5615 -0.33691 -0.104126 0.59326 
-0.9277 0.45044 -0.6958 -0.21240 -0.99243 0.80078 
-0.8545 0.46143 -0.8911 -0.13428 -0.90820 0.101318 
-0.5615 0.45776 -0.10742 -0.10742 -0.82153 0.122925 
0.488 0.44556 -0.10742 -0.11230 -0.74951 0.144043 
0.8911 0.41260 -0.12695 -0.12329 -0.69458 0.164307 
0.21362 0.35400 -0.13916 -0.12939 -0.64697 0.182495 
0.36377 0.27588 -0.13306 -0.11719 -0.58838 0.197510 
0.52856 0.19287 -0.11841 -0.11719 -0.50171 0.208252 
0.69336 0.11108 -0.12207 -0.8789 -0.36987 0.213867 
0.85327 0.4639 -0.12817 -0.7324 -0.50659 0.214600 
0.100830 -0.732 -0.13672 -0.9033 -0.19409 0.212158 
0.114624 -0.6836 -0.14771 -0.12329 0.1221 0.208496 
0.127319 -0.13428 -0.15747 -0.14771 0.22217 0.204712 
0.140015 -0.19409 -0.17090 -0.15991 0.41870 0.204712 
0.153320 -0.24902 -0.17090 -0.16113 0.58594 0.202393 
0.167480 -0.30640 -0.15991 -0.14404 0.70557 0.201294 
0.183960 -0.36011 -0.14038 -0.10620 0.77148 0.200806 
0.171143 -0.39917 -0.10864 -0.5249 0.78369 0.200562 
0.202393 -0.40649 -0.17090 0.1709 0.73364 0.199219 
0.215454 -0.55298 -0.4517 0.6592 0.65918 0.203980 
0.246948 -0.62378 0.5493 0.10376 0.73975 0.223877 
0.264282 -0.62378 0.4517 0.16968 0.87646 0.221558 
0.286133 -0.67261 0.244 0.24536 0.87769 0.208740 
0.308228 -0.75928 0.23682 0.39551 0.81055 0.192627 
0.328613 -0.91309 -0.21484 0.55054 0.68481 0.183105 
0.345581 -0.107422 -0.21484 0.67505 0.50049 0.182129 
0.364990 -0.118896 -0.35645 0.72021 0.29785 0.188477 
0.392944 -0.114014 -0.44189 0.67139 0.36377 0.198242 
0.414307 -0.123901 -0.52368 0.67139 0.43213 0.200928 
0.429688 -0.124634 -0.67627 0.50293 0.35645 0.189209 
0.451050 -0.125000 -0.82642 0.43091 0.50415 0.170898 
0.470947 -0.133301 -0.94116 0.48584 0.19165 0.154907 
0.488403 -0.147095 -0.103760 0.60303 0.8423 0.138672 
0.500610 -0.158203 -0.113525 0.64819 0.8545 0.145264 
0.508911 -0.163208 -0.119019 0.56396 0.21362 0.113037 
0.511353 -0.165649 -0.120239 0.36499 0.39185 0.81787 
0.507935 -0.165161 -0.114502 0.17578 0.55908 0.47363 
0.530273 -0.162720 -0.103271 0.3662 0.69336 0.16602 
0.485474 -0.158569 -0.89478 -0.9888 0.79102 -0.7446 
0.485474 -0.151978 -0.75806 -0.23804 0.84595 -0.26245 
0.468994 -0.142944 -0.62256 -0.35400 0.86304 -0.42480 
0.450684 -0.133789 -0.47974 -0.42969 0.85693 -0.57861 
0.432739 -0.133789 -0.36011 -0.48584 0.86792 -0.71533 
0.414429 -0.127197 -0.26245 -0.52490 0.88501 -0.82886 
0.396240 -0.121460 -0.17090 -0.54688 0.90210 -0.92529 
0.379395 -0.114624 -0.11963 -0.54565 0.90576 -0.96924 
0.359863 -0.109497 -0.11963 -0.49316 0.91187 -0.101196 
0.341797 -0.100708 -0.5737 -0.45776 0.95093 -0.112183 
0.327759 -0.94238 -0.1709 -0.50049 0.98999 -0.124634 
0.310669 -0.87158 0.1221 -0.50049 0.91064 -0.138062 
0.294556 -0.78857 -0.732 -0.59082 0.56763 -0.148071 
0.278931 -0.75073 -0.2686 -0.63354 0.35034 -0.149658 
0.267090 -0.73364 -0.3906 -0.57617 0.3784 -0.146851 
0.257935 -0.71899 -0.3052 -0.50781 -0.53345 -0.142944 
0.249390 -0.69580 -0.1099 -0.51758 -0.102417 -0.138550 
0.239502 -0.67993 0.3296 -0.59570 -0.139526 -0.134644 
0.229248 -0.64941 0.8789 -0.71533 -0.163086 -0.134644 
0.218506 -0.60181 0.14282 -0.83008 -0.174316 -0.131348 
0.206909 -0.55542 0.18311 -0.90576 -0.175903 -0.127686 
0.195679 -0.50171 0.20508 -0.94482 -0.169312 -0.123291 
0.195679 -0.44067 0.20752 -0.96558 -0.155518 -0.118652 
0.185425 -0.37842 0.20630 -0.98267 -0.136719 -0.115112 
0.176025 -0.62500 0.19897 -0.98755 -0.115723 -0.112793 
0.167236 -0.31250 0.19043 -0.96924 -0.95215 -0.110107 
0.159912 -0.25146 0.18311 -0.92651 -0.76660 -0.105835 
0.154297 -0.21729 0.17944 -0.86548 -0.60913 -0.98511 
0.150513 -0.18188 0.17212 -0.79590 -0.47852 -0.88989 
0.149414 -0.14771 0.17212 -0.72266 -0.37109 -0.79102 
0.149902 -0.10864 0.16357 -0.64209 -0.28809 -0.69092 
0.151489 -0.7324 0.15015 -0.86548 -0.22583 -0.59570 
0.154175 -0.4517 0.13062 -0.55298 -0.18066 -0.50903 
0.157593 -0.2319 0.10254 -0.45898 -0.14282 -0.43335 
0.160767 -0.854 0.6714 -0.36377 -0.10742 -0.36865 
0.163940 0.366 0.2319 -0.27588 -0.7202 -0.31372 
0.166992 0.1099 -0.1953 -0.19775 -0.7202 -0.26855 
0.171021 0.1099 -0.5981 -0.12939 -0.3418 -0.22461 
0.175903 0.244 -0.8545 -0.6958 0.732 -0.17578 
0.182495 -0.610 -0.10986 -0.1343 0.5615 -0.17578 
0.190308 -0.1587 -0.13306 0.4028 0.11230 -0.11963 
