0.251709 -0.57007 0.22705 0.1953 0.25269 0.7324 
0.257690 -0.55420 0.22949 -0.4395 0.39185 0.488 
0.264404 -0.53345 0.24902 -0.11353 0.52734 0.23071 
0.266846 -0.51880 0.28442 -0.15503 0.60791 -0.16113 
0.264771 -0.50903 0.32227 -0.16602 0.60181 -0.16113 
0.260742 -0.51147 0.35156 -0.14771 0.50537 -0.22095 
0.258179 -0.53223 0.39185 -0.9888 0.32471 -0.25146 
0.257690 -0.56274 0.42480 0.610 0.9888 -0.23438 
0.257690 -0.57007 0.45288 0.16235 -0.16113 -0.15625 
0.258911 -0.56641 0.47119 0.33813 -0.45288 -0.5981 
0.258911 -0.55786 0.45654 0.49561 -0.75317 0.2197 
0.258545 -0.55786 0.41870 0.60181 -0.101929 0.10376 
0.256470 -0.56274 0.34546 0.62622 -0.119385 0.19897 
0.254517 -0.56763 0.59326 0.55786 -0.126953 0.27466 
0.255493 -0.57983 0.19409 0.40771 -0.127686 0.31860 
0.258301 -0.58960 0.19409 0.23804 -0.120483 0.32349 
0.263672 -0.60913 0.14526 0.6836 -0.109741 0.28564 
0.269531 -0.65430 0.11230 0.24414 -0.94482 0.20874 
0.277710 -0.67871 0.7080 -0.6836 -0.75073 0.11963 
0.287720 -0.68604 0.2563 -0.14038 -0.54199 0.3784 
0.299438 -0.68237 -0.2075 -0.15625 -0.33813 -0.2930 
0.314575 -0.67017 -0.7568 -0.12451 -0.33813 -0.7690 
0.333008 -0.67139 -0.15503 -0.6836 -0.15503 -0.11841 
0.353394 -0.70068 -0.25391 -0.732 0.854 -0.17334 
0.375610 -0.74097 -0.34912 0.3052 0.16113 -0.26001 
0.396851 -0.78613 -0.41016 0.2808 0.30884 -0.26001 
0.413818 -0.82397 -0.43579 -0.854 0.43701 -0.38574 
0.424805 -0.85693 -0.43335 -0.6592 0.52124 -0.54688 
0.428833 -0.88623 -0.40894 -0.12573 0.55054 -0.72754 
0.428833 -0.90088 -0.35278 -0.18799 0.52246 -0.90576 
0.427002 -0.90332 -0.26855 -0.25269 0.43823 -0.106934 
0.420166 -0.89722 -0.17456 -0.31616 0.31128 -0.121460 
0.407715 -0.88745 -0.9155 -0.37109 0.15381 -0.134155 
0.393311 -0.88745 -0.3174 -0.41504 -0.2075 -0.144775 
0.377808 -0.87769 -0.28809 -0.44800 -0.20752 -0.153687 
0.362305 -0.85938 0.7080 -0.47729 -0.40161 -0.162231 
0.347534 -0.83984 0.7080 -0.50293 -0.59082 -0.170288 
0.331665 -0.81055 0.10620 -0.52124 -0.77026 -0.178589 
0.315063 -0.77759 0.12207 -0.53223 -0.93506 -0.187500 
0.299316 -0.74341 0.12939 -0.53223 -0.108276 -0.196167 
0.284180 -0.70801 0.12939 -0.52734 -0.120361 -0.204468 
0.269165 -0.66772 0.13062 -0.50537 -0.98145 -0.212036 
0.253540 -0.61890 0.13184 -0.47974 -0.135620 -0.218506 
0.236938 -0.56274 0.13306 -0.46265 -0.135620 -0.223022 
0.220215 -0.50415 0.12939 -0.45166 -0.139160 -0.224854 
0.203735 -0.45410 0.11841 -0.43823 -0.140137 -0.224365 
0.187378 -0.40527 0.9399 -0.41992 -0.138062 -0.224365 
0.171143 -0.35400 0.6348 -0.40405 -0.133301 -0.222046 
0.154541 -0.30029 0.4028 -0.41138 -0.124634 -0.217651 
0.137085 -0.24780 0.2563 -0.45654 -0.112549 -0.211060 
0.137085 -0.18433 0.2075 -0.52979 -0.98145 -0.202393 
0.119141 -0.11475 0.2197 -0.60425 -0.82520 -0.190796 
0.101196 -0.4150 0.2686 -0.65796 -0.67261 -0.176025 
0.84717 -0.28564 0.2808 -0.68481 -0.52979 -0.158691 
0.69702 0.2686 0.2563 -0.68726 -0.40405 -0.139771 
0.56152 0.8789 0.1099 -0.66895 -0.28931 -0.119385 
0.44678 0.13672 0.30029 -0.63354 -0.18188 -0.97656 
0.35645 0.17578 -0.1221 -0.59082 -0.7690 -0.75073 
0.28809 0.21118 -0.2930 -0.55176 0.2197 -0.52368 
0.23193 0.24170 -0.3296 -0.52368 0.11475 -0.29785 
0.18311 0.27344 -0.2441 -0.52368 0.20508 -0.7080 
0.13550 0.31128 0.854 -0.50903 0.30396 0.16235 
0.9644 0.35278 0.4150 -0.50049 0.9033 0.40283 
0.6714 0.39429 0.6470 -0.49194 0.48706 0.64819 
0.5615 0.43091 0.8911 -0.47974 0.48706 0.89111 
0.6348 0.42847 0.11963 -0.45898 0.54688 0.83252 
0.9033 0.39917 0.14404 -0.41138 0.59814 0.110352 
0.15259 0.35645 0.16235 -0.34058 0.65430 0.141602 
0.24658 0.30396 0.18066 -0.26245 0.72266 0.169189 
0.37598 0.24170 0.20630 -0.17944 0.81665 0.194702 
0.53833 0.16602 0.22339 -0.9399 0.93262 0.216187 
0.53833 0.7935 0.22949 -0.1221 0.106445 0.232788 
0.72510 -0.2197 0.22949 0.5615 0.121094 0.244019 
0.92285 -0.13428 0.21240 0.9277 0.135620 0.250488 
0.112061 -0.25391 0.19653 0.9644 0.146851 0.254150 
0.130981 -0.25391 0.19165 0.8057 0.152954 0.257080 
0.149536 -0.36133 0.20508 0.5005 0.153076 0.260620 
0.169189 -0.45166 0.22217 0.1953 0.147583 0.264038 
0.190430 -0.52856 0.22217 0.854 0.137695 0.265991 
0.214233 -0.56519 0.26611 0.854 0.121704 0.265625 
0.241821 -0.77515 0.26367 0.122 0.110962 0.275879 
0.260132 -0.79712 0.25024 0.122 0.104736 0.274536 
0.280029 -0.86548 0.25635 0.2197 0.96924 0.264404 
0.298828 -0.91797 0.23560 0.977 0.118286 0.248413 
0.320557 -0.97656 0.24170 0.1831 0.74707 0.232910 
0.343140 -0.103760 0.21851 0.3784 0.74707 0.220947 
0.369263 -0.111206 0.21729 0.7813 0.57983 0.213379 
0.394775 -0.115356 0.17334 0.7690 0.33447 0.204224 
0.418579 -0.121460 0.10254 0.5005 0.4150 0.204224 
0.441162 -0.127441 0.2319 0.2686 -0.19531 0.191650 
0.462524 -0.129883 -0.2686 -0.2319 -0.38696 0.177979 
0.450806 -0.136108 -0.5371 -0.13672 -0.40771 0.165283 
0.491089 -0.135010 -0.16968 -0.35522 -0.36621 0.153931 
0.491089 -0.138794 -0.22217 -0.48096 -0.36377 0.133667 
0.500977 -0.140869 -0.25146 -0.54810 -0.30762 0.110474 
0.506714 -0.140991 -0.26611 -0.61523 -0.20142 0.86670 
0.506348 -0.140991 -0.25146 -0.67261 -0.5859 0.60181 
0.501587 -0.139648 -0.20142 -0.72510 0.13062 0.34302 
0.491577 -0.137451 -0.13794 -0.78491 0.36011 0.10742 
0.477783 -0.133911 -0.13794 -0.85571 0.58838 -0.9888 
0.461426 -0.128906 -0.6348 -0.91187 0.78247 -0.28931 
0.443481 -0.122925 0.1221 -0.62988 0.90332 -0.47119 
0.423828 -0.116821 0.9033 -0.94727 0.93262 -0.64819 
0.404053 -0.110718 0.17090 -0.94727 0.88135 -0.80811 
0.384277 -0.106079 0.25513 -0.93628 0.77637 -0.95459 
0.367065 -0.101685 0.34668 -0.91919 0.64331 -0.106689 
0.348999 -0.98511 0.41138 -0.89355 0.64331 -0.116455 
0.334106 -0.93872 0.47607 -0.85693 0.50903 -0.124878 
0.320557 -0.92163 0.52246 -0.82153 0.37231 -0.98633 
0.302368 -0.88867 0.53711 -0.77026 0.25024 -0.129883 
0.289429 -0.83130 0.59082 -0.70557 0.18188 -0.140137 
0.277222 -0.79102 0.62378 -0.68237 0.14771 -0.152344 
0.266602 -0.75562 0.61768 -0.68237 0.7202 -0.161255 
0.257446 -0.73486 0.59570 -0.65918 -0.10254 -0.163574 
0.257446 -0.70068 0.56396 -0.61646 -0.31860 -0.161621 
0.249634 -0.67139 0.53833 -0.59570 -0.51270 -0.160400 
0.242798 -0.63599 0.52368 -0.61401 -0.64087 -0.159912 
0.235107 -0.63599 0.50537 -0.65552 -0.69824 -0.159790 
0.224731 -0.59082 0.49316 -0.68359 -0.70801 -0.160278 
0.213501 -0.54199 0.48218 -0.68970 -0.67627 -0.159180 
0.202881 -0.47974 0.48218 -0.67871 -0.62256 -0.156250 
0.192017 -0.41016 0.46875 -0.64941 -0.55054 -0.153320 
0.182007 -0.35156 0.45532 -0.92285 -0.47363 -0.149658 
0.172974 -0.29663 0.44434 -0.56885 -0.39551 -0.143921 
0.164551 -0.24292 0.42480 -0.56885 -0.32837 -0.135742 
0.157227 -0.19287 0.40161 -0.53345 -0.59692 -0.125366 
0.151001 -0.13550 0.38940 -0.50781 -0.26245 -0.114014 
0.146362 -0.9277 0.38940 -0.47974 -0.26245 -0.101563 
0.144409 -0.5371 0.39673 -0.44189 -0.25269 -0.88257 
0.145142 -0.1953 0.40039 -0.39551 -0.24536 -0.75073 
0.148560 0.00 0.39917 -0.33813 -0.23560 -0.75073 
0.154297 0.1099 0.38696 -0.27466 -0.21362 -0.63110 
0.160889 0.1831 0.36865 -0.21606 -0.17578 -0.52490 
0.168579 0.1709 0.34546 -0.16479 -0.12329 -0.43579 
0.177002 0.1343 0.32471 -0.12329 -0.5859 -0.36621 
0.177002 0.488 0.30151 -0.9277 0.1709 -0.31128 
0.184814 -0.366 0.27710 -0.6958 0.9644 -0.27222 
0.192383 -0.610 0.25757 -0.5127 0.16968 -0.24292 
0.199097 -0.610 0.24536 -0.3296 0.23071 -0.21729 
0.205078 -0.488 0.23193 -0.854 0.27344 -0.18799 
0.210815 -0.122 0.21606 0.1953 0.29663 -0.15137 
0.217407 0.244 0.19897 0.4883 0.30762 -0.11230 
0.224487 -0.366 0.19897 0.7202 0.30762 -0.7813 
0.231567 -0.1465 0.18311 0.8545 0.29907 -0.5371 
0.238159 -0.2319 0.17090 0.9155 0.28564 -0.4028 
0.243774 -0.3418 0.15991 0.9155 0.26733 -0.3418 
0.248291 -0.4150 0.14771 0.8667 0.24658 -0.3296 
0.251343 -0.4395 0.13916 0.6714 0.21606 -0.3174 
0.253174 -0.4028 0.13550 0.4395 0.21606 -0.2563 
0.254272 -0.3906 0.13672 0.2686 0.17578 -0.1221 
