0.220093 -0.35889 -0.52368 0.52490 0.51636 0.18677 
0.216553 -0.35034 -0.51880 0.52490 0.48462 0.26489 
0.217529 -0.36499 -0.50659 0.54443 0.44922 0.33813 
0.222656 -0.37598 -0.49805 0.55054 0.43335 0.39185 
0.230103 -0.39185 -0.49072 0.55420 0.43335 0.41260 
0.238159 -0.40283 -0.50903 0.56030 0.42236 0.39551 
0.244629 -0.41870 -0.53223 0.55542 0.38574 0.35278 
0.249390 -0.43823 -0.54443 0.53223 0.30518 0.35278 
0.253662 -0.45654 -0.54688 0.50659 0.16235 0.30762 
0.255493 -0.47241 -0.54199 0.49072 -0.6104 0.26733 
0.256470 -0.47607 -0.51758 0.47729 -0.33447 0.23315 
0.256348 -0.46753 -0.49194 0.47485 -0.57373 0.21240 
0.256348 -0.45898 -0.49683 0.48584 -0.72754 0.20264 
0.255859 -0.44434 -0.51147 0.46265 -0.79590 0.20752 
0.257446 -0.45166 -0.54321 0.39551 -0.80322 0.23682 
0.260254 -0.45166 -0.59082 0.31128 -0.77026 0.27954 
0.261108 -0.48584 -0.63477 0.20264 -0.70068 0.31860 
0.262451 -0.51758 -0.65918 0.3174 -0.63843 0.34912 
0.262939 -0.56274 -0.65918 -0.14282 -0.57495 0.35400 
0.265503 -0.59326 -0.66406 -0.26733 -0.49805 0.34058 
0.269287 -0.62256 -0.65918 -0.1709 -0.40405 0.30762 
0.275147 -0.65430 -0.72754 -0.33203 -0.24292 0.24658 
0.283813 -0.65186 -0.76660 -0.33203 -0.9644 0.17456 
0.295288 -0.57251 -0.82520 -0.33325 -0.25879 0.13306 
0.308716 -0.51758 -0.88135 -0.33691 0.21240 0.10620 
0.323853 -0.52002 -0.94849 -0.32593 0.21240 0.7446 
0.339844 -0.53101 -0.103760 -0.28198 0.37354 0.4272 
0.357178 -0.53955 -0.111450 -0.22949 0.53345 0.977 
0.376221 -0.59082 -0.115845 -0.18921 0.67505 0.977 
0.394409 -0.64941 -0.118164 -0.14771 0.78369 -0.3784 
0.409912 -0.69946 -0.122314 -0.10498 0.85205 -0.10010 
0.423096 -0.74341 -0.123413 -0.8911 0.88867 -0.18433 
0.434204 -0.78247 -0.123901 -0.10742 0.88257 -0.30273 
0.434204 -0.81665 -0.122437 -0.14771 0.84595 -0.45532 
0.441040 -0.86914 -0.120117 -0.21606 0.75928 -0.63110 
0.442505 -0.92529 -0.116089 -0.30029 0.62256 -0.81909 
0.439941 -0.92529 -0.108276 -0.38330 0.44312 -0.100830 
0.434326 -0.96680 -0.98877 -0.47119 0.21484 -0.119385 
0.426025 -0.99121 -0.118774 -0.55786 -0.3540 -0.138184 
0.413086 -0.100342 -0.87524 -0.62988 -0.29053 -0.156250 
0.394043 -0.100586 -0.76782 -0.69336 -0.53589 -0.173340 
0.372559 -0.99121 -0.65308 -0.74219 -0.77515 -0.189819 
0.348877 -0.96680 -0.55786 -0.74463 -0.101196 -0.206665 
0.323364 -0.92163 -0.49072 -0.74463 -0.120728 -0.223877 
0.297119 -0.87524 -0.44678 -0.68848 -0.133179 -0.239502 
0.270508 -0.82764 -0.43335 -0.60059 -0.138184 -0.252686 
0.244141 -0.78003 -0.42114 -0.51147 -0.138184 -0.263916 
0.219849 -0.71899 -0.40039 -0.44189 -0.137085 -0.273315 
0.196777 -0.64575 -0.36621 -0.39429 -0.129883 -0.278809 
0.173340 -0.57983 -0.32227 -0.35767 -0.116577 -0.279297 
0.149780 -0.52856 -0.29297 -0.35156 -0.97656 -0.279297 
0.126709 -0.46875 -0.28564 -0.42603 -0.74341 -0.273682 
0.137329 -0.40039 -0.27222 -0.57129 -0.48584 -0.261719 
0.119629 -0.33569 -0.23315 -0.74951 -0.24048 -0.244751 
0.88379 -0.27954 -0.19287 -0.91797 -0.2319 -0.224731 
0.72388 -0.22949 -0.16846 -0.104248 0.15259 -0.202026 
0.57129 -0.18311 -0.15869 -0.111450 0.27954 -0.177612 
0.42480 -0.18311 -0.16724 -0.114380 0.35278 -0.154175 
0.28809 -0.12329 -0.18433 -0.114868 0.37109 -0.132324 
0.16968 -0.5127 -0.20508 -0.112427 0.33936 -0.111816 
0.6592 0.3052 -0.22461 -0.107666 0.25879 -0.92651 
-0.3052 0.10254 -0.22461 -0.100952 0.15137 -0.74219 
-0.11475 0.16235 -0.23804 -0.93872 0.3662 -0.54810 
-0.20264 0.21973 -0.25635 -0.119263 -0.8423 -0.33813 
-0.29907 0.27710 -0.26001 -0.88013 -0.18311 -0.10498 
-0.37354 0.32959 -0.25146 -0.83252 -0.23071 0.16724 
-0.42114 0.37231 -0.23438 -0.79712 -0.23804 0.47607 
-0.42847 0.41016 -0.22339 -0.75562 -0.23804 0.81299 
-0.39673 0.42969 -0.22217 -0.67871 -0.21118 0.116089 
-0.33813 0.42969 -0.24414 -0.56274 -0.15137 0.120239 
-0.25879 0.40771 -0.28198 -0.43701 -0.7080 0.156006 
-0.15015 0.36865 -0.31738 -0.32715 0.854 0.187256 
-0.2319 0.32349 -0.32715 -0.22461 0.8057 0.222290 
-0.19653 0.27344 -0.31006 -0.11841 0.16968 0.254395 
0.27710 0.21973 -0.28809 -0.1709 0.34180 0.281006 
0.27710 0.13428 -0.25513 0.6836 0.61523 0.301147 
0.45410 0.4395 -0.22705 0.11108 0.99243 0.315552 
0.65918 0.24414 -0.19531 0.10986 0.139404 0.328247 
0.87891 -0.6836 -0.14160 0.12207 0.168823 0.343262 
0.117310 -0.22217 -0.5615 0.14526 0.181641 0.358398 
0.155884 -0.38940 -0.24292 0.16724 0.179199 0.369019 
0.198975 -0.55908 0.21362 0.19775 0.166870 0.371948 
0.243530 -0.72754 0.21362 0.26733 0.151733 0.365479 
0.274658 -0.85083 0.31738 0.5249 0.142456 0.358398 
0.317627 -0.97168 0.40283 0.46265 0.135376 0.361694 
0.346313 -0.104858 0.47729 0.46265 0.141724 0.357910 
0.381592 -0.118408 0.56030 0.57129 0.181885 0.364380 
0.399170 -0.122803 0.51392 0.58350 0.186035 0.345703 
0.417603 -0.123169 0.33081 0.45044 0.217285 0.309326 
0.438477 -0.116821 0.7202 0.38208 0.208008 0.273315 
0.459351 -0.124878 -0.10376 0.53833 0.160278 0.250244 
0.476929 -0.136353 -0.23804 0.74707 0.115356 0.266480 
0.490356 -0.146851 -0.40649 0.75928 0.89844 0.235230 
0.505493 -0.157593 -0.56396 0.60425 0.76050 0.215088 
0.519653 -0.165405 -0.68604 0.42358 0.60913 0.188721 
0.500488 -0.169922 -0.77637 0.31006 0.45288 0.159180 
0.531738 -0.175537 -0.83374 0.24536 0.29785 0.129150 
0.538086 -0.177734 -0.83374 0.19775 0.22827 0.98755 
0.539063 -0.177612 -0.82764 0.6958 0.22583 0.66650 
0.531006 -0.176880 -0.76782 -0.10864 0.27222 0.34546 
0.516235 -0.176880 -0.67017 -0.29907 0.36865 0.6348 
0.496948 -0.174194 -0.86792 -0.47241 0.47119 -0.18555 
0.476563 -0.169678 -0.42480 -0.61279 0.54932 -0.40405 
0.455688 -0.163452 -0.42480 -0.72998 0.62012 -0.59326 
0.434814 -0.156616 -0.28442 -0.83618 0.69214 -0.77148 
0.413818 -0.148926 -0.14038 -0.93384 0.76172 -0.94238 
0.394653 -0.140259 -0.1343 -0.93384 0.77148 -0.107422 
0.368530 -0.131470 0.7080 -0.98511 0.76294 -0.124512 
0.350952 -0.125122 0.19775 -0.93506 0.84839 -0.141357 
0.331665 -0.119141 0.28809 -0.92896 0.70679 -0.155518 
0.314575 -0.113525 0.33447 -0.95825 0.101929 -0.166870 
0.298218 -0.105469 0.37231 -0.96191 0.117188 -0.179443 
0.285400 -0.99243 0.44312 -0.94727 0.129272 -0.160400 
0.270508 -0.93750 0.49927 -0.96802 0.144043 -0.191650 
0.255493 -0.85205 0.52246 -0.101074 0.156494 -0.203369 
0.241699 -0.76050 0.48218 -0.103638 0.142944 -0.214478 
0.227051 -0.66040 0.42847 -0.98145 0.91919 -0.223267 
0.227051 -0.60303 0.41992 -0.82275 0.19775 -0.227539 
0.214844 -0.55786 0.42603 -0.68237 -0.51758 -0.226196 
0.206055 -0.51270 0.42847 -0.61646 -0.107910 -0.219727 
0.194580 -0.47607 0.42725 -0.59570 -0.144043 -0.209106 
0.184204 -0.47607 0.43945 -0.60913 -0.161377 -0.195557 
0.175537 -0.42847 0.42725 -0.63599 -0.161011 -0.179688 
0.167114 -0.38452 0.38086 -0.67017 -0.147461 -0.162598 
0.160278 -0.34546 0.38086 -0.71655 -0.127930 -0.145386 
0.156860 -0.29053 0.32593 -0.78247 -0.107788 -0.130737 
0.154663 -0.23438 0.27832 -0.86182 -0.90698 -0.121094 
0.153931 -0.18799 0.24902 -0.86182 -0.78613 -0.113770 
0.153198 -0.15381 0.23560 -0.93506 -0.72632 -0.105957 
0.151001 -0.10742 0.22705 -0.97900 -0.71899 -0.99976 
0.149048 -0.7080 0.22705 -0.96924 -0.74585 -0.94360 
0.147461 -0.4761 0.22583 -0.90942 -0.74585 -0.86304 
0.146118 -0.2808 0.22339 -0.81421 -0.78247 -0.75806 
0.145630 -0.488 0.21851 -0.69702 -0.81055 -0.65063 
0.146729 0.1709 0.21240 -0.56152 -0.82275 -0.65063 
0.150513 0.3174 0.19531 -0.40894 -0.81665 -0.55298 
0.157959 0.2808 0.16968 -0.24414 -0.79346 -0.46265 
0.167969 0.977 0.12573 -0.8667 -0.74219 -0.37842 
0.167969 -0.1709 0.7446 0.3174 -0.64697 -0.30273 
0.178711 -0.3784 0.2686 0.9155 -0.50293 -0.24170 
0.189941 -0.4395 -0.1099 0.10010 -0.31738 -0.19287 
0.201050 -0.3540 -0.3906 0.7935 -0.11353 -0.15259 
0.210083 -0.3540 -0.5371 0.4761 0.7324 -0.11597 
0.217041 -0.1953 -0.6104 0.2197 0.22217 -0.8179 
0.222534 -0.122 -0.7202 0.1343 0.32349 -0.4761 
0.227905 0.1953 -0.7202 0.2197 0.37720 -0.2075 
0.233154 0.3418 -0.8423 0.4272 0.38940 -0.122 
0.238647 0.4395 -0.10376 0.7080 0.37231 0.1831 
0.244263 0.4883 -0.12085 0.9888 0.33447 0.3540 
0.250000 0.5127 -0.13916 0.9888 0.29053 0.4028 
