0.255005 -0.67749 0.33569 -0.4883 0.5005 0.25391 
0.258301 -0.63965 0.35889 -0.5493 0.13550 0.22949 
0.258301 -0.60669 0.39185 -0.5371 0.20630 0.19043 
0.258667 -0.58105 0.39185 -0.5371 0.24536 0.15869 
0.257446 -0.57617 0.43457 -0.5249 0.24658 0.14282 
0.256104 -0.59204 0.49072 -0.2563 0.19653 0.13794 
0.256104 -0.60303 0.54688 -0.27466 0.10010 0.15137 
0.256348 -0.61401 0.60059 0.3784 -0.6226 0.18188 
0.259521 -0.62012 0.63232 0.13550 -0.1099 0.21362 
0.262695 -0.62500 0.63354 0.24902 -0.32715 0.23071 
0.263184 -0.62622 0.57739 0.34058 -0.63965 0.23804 
0.261230 -0.62744 0.51636 0.36499 -0.92163 0.22949 
0.258545 -0.62622 0.45166 0.28931 -0.109009 0.20020 
0.258179 -0.61768 0.40771 0.13916 -0.112915 0.20020 
0.260376 -0.60791 0.36011 -0.4517 -0.111572 0.16479 
0.262207 -0.61890 0.33325 -0.21973 -0.104980 0.14526 
0.265503 -0.65063 0.34424 -0.36621 -0.93262 0.13428 
0.269897 -0.71045 0.32715 -0.47974 -0.80566 0.11841 
0.269897 -0.75439 0.29175 -0.52490 -0.65430 0.9521 
0.276123 -0.79590 0.25391 -0.50171 -0.47607 0.6226 
0.285034 -0.84229 0.20752 -0.43701 -0.28320 0.854 
0.295776 -0.84229 0.16235 -0.35767 -0.8423 -0.6958 
0.308594 -0.87402 0.12329 -0.28564 0.11353 -0.16846 
0.322876 -0.88623 0.9766 -0.22705 0.29663 -0.28564 
0.337158 -0.89355 0.9766 -0.18066 0.45288 -0.41382 
0.350708 -0.89966 0.8179 -0.14771 0.57739 -0.54932 
0.363159 -0.90332 0.7935 -0.13062 0.66528 -0.69336 
0.373779 -0.90454 0.9521 -0.13428 0.72266 -0.84106 
0.382202 -0.90820 0.12573 -0.13428 0.75073 -0.98999 
0.387817 -0.91309 0.15503 -0.15381 0.75562 -0.112915 
0.391357 -0.92163 0.17212 -0.17822 0.73730 -0.125854 
0.392700 -0.92651 0.18555 -0.19409 0.73730 -0.138672 
0.391480 -0.92651 0.20386 -0.20264 0.68604 -0.151733 
0.387573 -0.92041 0.21973 -0.21362 0.60303 -0.133301 
0.381104 -0.92163 0.22705 -0.22949 0.49561 -0.164551 
0.372559 -0.92285 0.22827 -0.24902 0.36865 -0.177002 
0.362793 -0.91553 0.23560 -0.26489 0.22949 -0.189087 
0.351563 -0.90210 0.24902 -0.26611 0.8057 -0.201172 
0.369873 -0.87891 0.26611 -0.25513 -0.6470 -0.213623 
0.338623 -0.84229 0.27100 -0.23926 -0.20020 -0.225952 
0.322876 -0.79956 0.26733 -0.22461 -0.32593 -0.238159 
0.304443 -0.75317 0.25146 -0.21240 -0.44189 -0.249756 
0.283691 -0.75317 0.23071 -0.20630 -0.54321 -0.259277 
0.261841 -0.70068 0.20996 -0.21240 -0.63110 -0.265747 
0.240234 -0.63477 0.18921 -0.22705 -0.71411 -0.269531 
0.219605 -0.56763 0.18921 -0.24414 -0.78613 -0.271973 
0.198486 -0.49438 0.17578 -0.27344 -0.83618 -0.273071 
0.176025 -0.41016 0.17212 -0.1465 -0.86060 -0.271973 
0.152344 -0.31616 0.18433 -0.39185 -0.85449 -0.267822 
0.126465 -0.22339 0.20996 -0.39185 -0.80078 -0.259521 
0.99609 -0.13428 0.23804 -0.45044 -0.69336 -0.245850 
0.73975 -0.2563 0.25757 -0.49316 -0.86670 -0.226318 
0.50903 0.8789 0.25879 -0.51758 -0.55420 -0.201904 
0.31128 0.19409 0.24292 -0.51636 -0.41016 -0.174194 
0.16846 0.29053 0.21118 -0.49683 -0.28076 -0.174805 
0.7813 0.35522 0.17456 -0.47729 -0.17700 -0.142334 
0.3784 0.38574 0.14404 -0.46997 -0.10132 -0.111084 
0.2808 0.40161 0.12329 -0.47119 -0.4883 -0.78979 
0.2930 0.41382 0.11108 -0.47974 -0.366 -0.48706 
0.2808 0.42236 0.10620 -0.49927 0.4883 -0.20996 
0.2808 0.43091 0.10742 -0.53467 0.11353 0.4150 
0.3418 0.43823 0.12085 -0.57983 0.18188 0.27344 
0.5371 0.43701 0.14526 -0.62378 0.23926 0.49316 
0.8667 0.43701 0.17456 -0.65918 0.28198 0.70923 
0.13428 0.41504 0.20020 -0.68115 0.30884 0.92896 
0.19043 0.37354 0.21851 -0.67749 0.32593 0.114868 
0.25879 0.30884 0.23315 -0.64819 0.34790 0.137207 
0.34302 0.22583 0.23315 -0.60547 0.38574 0.159424 
0.44556 0.13672 0.23926 -0.55054 0.44434 0.181030 
0.58105 0.4883 0.23926 -0.48828 0.52856 0.200195 
0.73975 -0.2686 0.24414 -0.48828 0.63965 0.215088 
0.90088 -0.9033 0.25635 -0.43823 0.77515 0.226318 
0.107178 -0.14282 0.27588 -0.41504 0.92163 0.234741 
0.125488 -0.19531 0.30396 -0.40649 0.92163 0.240112 
0.142944 -0.25269 0.33569 -0.39795 0.106812 0.242554 
0.160156 -0.31128 0.37354 -0.40405 0.119873 0.243042 
0.177246 -0.36377 0.41748 -0.42480 0.130615 0.241943 
0.188599 -0.37476 0.37720 -0.43823 0.138672 0.241943 
0.213135 -0.50415 0.51880 -0.48828 0.142212 0.243164 
0.194458 -0.50171 0.63965 -0.54688 0.148560 0.256104 
0.242920 -0.53589 0.72388 -0.58350 0.160034 0.257446 
0.242920 -0.58838 0.82397 -0.64453 0.163452 0.253296 
0.261597 -0.64575 0.93628 -0.65063 0.164551 0.242065 
0.283569 -0.74097 0.102783 -0.67627 0.164917 0.227905 
0.305542 -0.74097 0.110840 -0.66040 0.158203 0.213013 
0.327759 -0.77881 0.116821 -0.58472 0.148193 0.191772 
0.349976 -0.82764 0.99731 -0.50659 0.134766 0.169800 
0.378418 -0.88013 0.141113 -0.52734 0.141602 0.159058 
0.403931 -0.91919 0.141113 -0.67017 0.139893 0.157471 
0.421143 -0.87769 0.140625 -0.63965 0.116333 0.145264 
0.441162 -0.90576 0.143311 -0.84961 0.87280 0.126221 
0.459961 -0.95825 0.145020 -0.53711 0.66406 0.108276 
0.473633 -0.102051 0.145508 -0.45166 0.54565 0.92407 
0.482666 -0.108887 0.144653 -0.39429 0.47485 0.75195 
0.487549 -0.112793 0.141846 -0.33447 0.47485 0.55298 
0.487671 -0.114624 0.139771 -0.26367 0.42725 0.32715 
0.483276 -0.114746 0.136841 -0.20020 0.43579 0.39917 
0.473877 -0.114990 0.133789 -0.16357 0.46265 0.16113 
0.460449 -0.114868 0.131226 -0.13184 0.50171 -0.15137 
0.444214 -0.112549 0.129639 -0.12207 0.56396 -0.38818 
0.424561 -0.109985 0.127441 -0.16357 0.62744 -0.62622 
0.435303 -0.104858 0.126221 -0.21484 0.68237 -0.84595 
0.404053 -0.100708 0.124390 -0.25146 0.71899 -0.105713 
0.382935 -0.95337 0.122681 -0.28687 0.70801 -0.124146 
0.361206 -0.118774 0.121460 -0.30151 0.64575 -0.139893 
0.340698 -0.81787 0.120972 -0.30640 0.54810 -0.152100 
0.320190 -0.81787 0.119751 -0.30884 0.45166 -0.161255 
0.300903 -0.77393 0.117554 -0.32959 0.36987 -0.170288 
0.283447 -0.73120 0.118286 -0.34058 0.30151 -0.175781 
0.265137 -0.66040 0.118286 -0.31982 0.28198 -0.184326 
0.250244 -0.60425 0.119629 -0.34180 0.29541 -0.193115 
0.237183 -0.53711 0.121460 -0.41016 0.27100 -0.200073 
0.224121 -0.47852 0.119385 -0.41016 0.10620 -0.204224 
0.212036 -0.42480 0.115723 -0.47119 -0.19287 -0.203247 
0.201660 -0.37476 0.111694 -0.46631 -0.21851 -0.198608 
0.193237 -0.32959 0.108276 -0.41626 -0.51025 -0.191772 
0.186279 -0.28564 0.105713 -0.39551 -0.82275 -0.183960 
0.178833 -0.23560 0.104492 -0.43457 -0.101440 -0.175903 
0.170532 -0.17700 0.104248 -0.51147 -0.111328 -0.167725 
0.161133 -0.11719 0.104126 -0.57739 -0.114746 -0.167725 
0.151611 -0.5859 0.104248 -0.61157 -0.113770 -0.158813 
0.142334 0.00 0.104614 -0.62378 -0.109863 -0.148682 
0.134399 0.5859 0.104004 -0.61523 -0.102905 -0.136719 
0.134399 0.11841 0.102173 -0.57861 -0.94971 -0.121704 
0.129028 0.16357 0.99731 -0.50781 -0.87646 -0.103271 
0.126709 0.19653 0.96191 -0.41138 -0.80688 -0.83008 
0.128052 0.21729 0.91797 -0.31250 -0.72876 -0.63477 
0.132690 0.21729 0.88013 -0.22949 -0.64331 -0.46509 
0.139160 0.22095 0.84229 -0.16113 -0.54688 -0.32715 
0.147461 0.20752 0.81299 -0.10620 -0.43701 -0.22339 
0.156860 0.18555 0.81299 -0.7813 -0.31494 -0.15747 
0.165771 0.16479 0.80566 -0.7690 -0.18433 -0.12817 
0.173706 0.15259 0.81299 -0.7813 -0.5737 -0.12329 
0.179565 0.15015 0.83252 -0.7813 0.5249 -0.11719 
0.184570 0.15137 0.84839 -0.6592 0.13184 -0.10132 
0.189575 0.14771 0.85938 -0.2808 0.18188 -0.7568 
0.194580 0.14038 0.86304 0.2319 0.21240 -0.4761 
0.200806 0.12817 0.86670 0.7568 0.21240 -0.1831 
0.207886 0.11963 0.86792 0.12207 0.23804 -0.30640 
0.215332 0.10376 0.86670 0.15869 0.26978 0.1953 
0.222412 0.9155 0.85815 0.18066 0.31006 0.1953 
0.228516 0.7568 0.84961 0.18677 0.35034 0.1831 
0.233032 0.6348 0.84595 0.17822 0.38940 0.366 
0.235840 0.6104 0.84595 0.15625 0.42114 -0.1709 
0.235840 0.6104 0.85327 0.13062 0.43579 -0.3540 
0.237427 0.6836 0.86182 0.11108 0.42969 -0.4272 
0.239258 0.7446 0.86426 0.9644 0.40283 -0.3906 
0.240845 0.7568 0.86914 0.8789 0.35645 -0.2930 
0.242188 0.7568 0.86914 0.8301 0.29785 -0.1953 
0.243042 0.7568 0.86304 0.7568 0.23804 -0.1221 
