0.240112 -0.52612 0.1587 -0.83984 0.10254 0.28931 
0.238159 -0.54688 -0.1709 -0.86182 0.44067 0.28931 
0.233765 -0.58716 -0.5005 -0.77515 0.61646 0.26245 
0.231445 -0.61035 -0.8423 -0.66162 0.76050 0.21484 
0.231812 -0.61890 -0.10498 -0.53955 0.85815 0.16846 
0.232666 -0.62256 -0.10742 -0.39917 0.87769 0.12817 
0.232666 -0.62744 -0.9399 -0.26489 0.81055 0.8911 
0.235840 -0.63965 -0.7690 -0.14160 0.66528 0.4639 
0.240356 -0.64575 -0.5127 -0.3418 0.44312 -0.977 
0.245361 -0.64575 -0.2563 0.7080 0.13306 -0.8545 
0.251343 -0.64087 0.00 0.19409 -0.28687 -0.18921 
0.254517 -0.63843 0.1709 0.32349 -0.76538 -0.30884 
0.253296 -0.62012 0.1709 0.42847 -0.118652 -0.40771 
0.250610 -0.62866 0.4150 0.49927 -0.146118 -0.40649 
0.245605 -0.51636 0.5005 0.54077 -0.162354 -0.32104 
0.237061 -0.41870 0.4272 0.58472 -0.171387 -0.20508 
0.230103 -0.34790 0.122 0.58472 -0.180054 -0.5005 
0.227539 -0.31982 -0.2563 0.65552 -0.183105 0.13184 
0.225098 -0.32471 -0.7080 0.79102 -0.178589 0.31250 
0.224976 -0.37231 -0.10620 0.94360 -0.178589 0.46631 
0.225342 -0.48584 -0.14038 0.105103 -0.162354 0.57739 
0.227905 -0.60303 -0.24536 0.106812 -0.137695 0.34058 
0.233643 -0.68726 -0.32227 0.103516 -0.114136 0.65308 
0.237671 -0.76782 -0.34424 0.93140 -0.93262 0.69092 
0.240845 -0.83984 -0.32715 0.76294 -0.75562 0.70557 
0.243530 -0.92773 -0.29541 0.58594 -0.61890 0.70557 
0.245361 -0.84106 -0.27588 0.47485 -0.48950 0.66162 
0.245361 -0.75195 -0.26978 0.42847 -0.37354 0.63477 
0.245728 -0.71411 -0.26978 0.37476 -0.26855 0.63110 
0.245483 -0.72266 -0.28076 0.29663 -0.17090 0.61768 
0.246338 -0.72266 -0.29175 0.22583 -0.9033 0.59082 
0.246216 -0.73120 -0.28320 0.18555 -0.3540 0.56763 
0.247192 -0.73120 -0.26611 0.19287 -0.122 0.55176 
0.249146 -0.74585 -0.26611 0.26001 0.1465 0.54810 
0.249390 -0.77515 -0.26245 0.38696 0.1587 0.56641 
0.247925 -0.79712 -0.26489 0.55542 0.488 0.61035 
0.246826 -0.81055 -0.28809 0.43701 -0.854 0.67749 
0.246704 -0.84473 -0.33569 0.74951 -0.1831 0.76172 
0.247803 -0.88013 -0.41504 0.94482 -0.2075 0.85083 
0.252441 -0.92529 -0.50415 0.110107 -0.122 0.92041 
0.253296 -0.101440 -0.65918 0.118896 -0.122 0.86182 
0.265747 -0.113892 -0.69336 0.125000 0.12451 0.71045 
0.287231 -0.111816 -0.72754 0.114136 0.23560 0.91309 
0.308716 -0.121948 -0.82642 0.71045 0.34424 0.43091 
0.326538 -0.132935 -0.89600 0.30151 0.48462 0.43091 
0.338257 -0.143555 -0.82642 0.00 0.69458 0.19653 
0.321289 -0.147949 -0.78003 -0.22095 0.91553 -0.1099 
0.348267 -0.157593 -0.81543 -0.24170 0.119263 -0.15137 
0.379517 -0.167969 -0.78613 -0.24048 0.141357 -0.29785 
0.401367 -0.174683 -0.70068 -0.26367 0.158081 -0.46509 
0.415527 -0.179932 -0.63354 -0.29785 0.168823 -0.63477 
0.423584 -0.179932 -0.56885 -0.37476 0.171387 -0.80078 
0.425781 -0.181519 -0.48584 -0.44556 0.167480 -0.95947 
0.421021 -0.179443 -0.37231 -0.51147 0.156372 -0.110229 
0.413940 -0.177002 -0.57983 -0.58105 0.138428 -0.124268 
0.408203 -0.173828 -0.26733 -0.62500 0.115845 -0.141480 
0.401367 -0.170532 -0.18433 -0.31982 0.90820 -0.165039 
0.391357 -0.167847 -0.10498 -0.92896 0.65552 -0.195313 
0.377319 -0.163574 -0.1465 -0.61646 0.41992 -0.229370 
0.359985 -0.156982 0.7446 -0.58472 0.20874 -0.262085 
0.340698 -0.147949 0.14771 -0.53589 0.2808 -0.291260 
0.320068 -0.137573 0.20996 -0.47241 0.2808 -0.317017 
0.299683 -0.125732 0.25879 -0.39307 -0.11597 -0.339233 
0.277954 -0.113770 0.29907 -0.29785 -0.22705 -0.326538 
0.255249 -0.102783 0.32837 -0.19531 -0.29907 -0.371704 
0.232788 -0.92163 0.33325 -0.10620 -0.31738 -0.371704 
0.209717 -0.82153 0.32959 -0.4761 -0.28076 -0.380005 
0.217285 -0.72266 0.31250 -0.3540 -0.20142 -0.381958 
0.162231 -0.62134 0.28687 -0.7935 -0.9277 -0.377319 
0.162231 -0.51758 0.25391 -0.17700 0.2563 -0.366699 
0.140381 -0.42114 0.20630 -0.33569 0.13062 -0.350952 
0.119141 -0.32104 0.14526 -0.53467 0.19531 -0.331177 
0.98145 -0.32104 0.9399 -0.75317 0.19897 -0.308960 
0.78491 -0.21973 0.5981 -0.97290 0.13794 -0.285278 
0.59082 -0.11230 0.2563 -0.116089 0.4150 -0.259644 
0.39429 -0.1099 0.1465 -0.130859 -0.7080 -0.231812 
0.20874 0.10010 0.1465 -0.141480 -0.19653 -0.202026 
0.2563 0.21606 -0.122 -0.144653 -0.30884 -0.172485 
-0.14160 0.31982 -0.1343 -0.140137 -0.40161 -0.144531 
-0.27466 0.41016 -0.2563 -0.140137 -0.46143 -0.118408 
-0.36133 0.47729 -0.3906 -0.129150 -0.48828 -0.92773 
-0.40161 0.51636 -0.5005 -0.114014 -0.47729 -0.66772 
-0.41016 0.53589 -0.4883 -0.97900 -0.47729 -0.39917 
-0.40527 0.54321 -0.3418 -0.83008 -0.43213 -0.11963 
-0.38818 0.54565 -0.2441 -0.71289 -0.35034 -0.13916 
-0.36011 0.53955 -0.366 -0.63110 -0.24658 0.16602 
-0.31372 0.50781 0.2686 -0.57251 -0.12939 0.47852 
-0.23193 0.46021 0.8179 -0.51880 0.00 0.79224 
-0.9521 0.40039 0.15747 -0.47241 0.13062 0.110596 
-0.23315 0.31860 0.23804 -0.42847 0.26978 0.140869 
0.7935 0.22095 0.31128 -0.40405 0.43213 0.169800 
0.27710 0.13306 0.36499 -0.40039 0.61890 0.196655 
0.48584 0.5249 0.40161 -0.35034 0.89111 0.217041 
0.67627 0.30151 0.52490 -0.20874 0.124146 0.225342 
0.97168 -0.1099 0.60791 -0.11719 0.150757 0.226318 
0.125366 -0.10498 0.41382 -0.6470 0.180908 0.226685 
0.154053 -0.22705 0.77393 -0.8545 0.210938 0.236206 
0.187256 -0.38574 0.77393 -0.13794 0.231323 0.265259 
0.216309 -0.47485 0.83252 -0.15381 0.241821 0.301025 
0.236938 -0.56641 0.92529 -0.14404 0.246704 0.332031 
0.252441 -0.63477 0.101807 -0.14404 0.241455 0.353027 
0.267822 -0.75562 0.113159 -0.13794 0.233154 0.375610 
0.283569 -0.84229 0.115479 -0.15747 0.227905 0.394897 
0.293823 -0.91553 0.125122 -0.13306 0.224609 0.395142 
0.316650 -0.98145 0.121338 -0.13428 0.224609 0.417236 
0.324585 -0.125366 0.157471 -0.15259 0.241211 0.420776 
0.305786 -0.123047 0.145752 -0.41504 0.280396 0.468506 
0.303589 -0.116699 0.134399 -0.48706 0.285156 0.437256 
0.309814 -0.121826 0.132324 -0.19165 0.256836 0.389771 
0.323120 -0.135254 0.138062 0.22217 0.210571 0.341797 
0.339355 -0.148804 0.134888 0.51758 0.167969 0.307373 
0.339355 -0.162476 0.131348 0.66162 0.145264 0.279419 
0.358887 -0.176270 0.121338 0.66528 0.149048 0.251221 
0.382568 -0.183716 0.112549 0.59692 0.176025 0.223999 
0.397217 -0.183105 0.104736 0.50049 0.206177 0.189453 
0.401367 -0.183105 0.100830 0.43579 0.232300 0.144653 
0.399414 -0.178223 0.110596 0.44312 0.253418 0.95825 
0.400147 -0.172607 0.123901 0.47485 0.269775 0.51270 
0.401733 -0.168823 0.123901 0.45410 0.275757 0.13428 
0.402466 -0.166260 0.137939 0.36987 0.270264 -0.18555 
0.399170 -0.162109 0.142456 0.32959 0.257446 -0.49683 
0.394287 -0.155762 0.152954 0.32959 0.234375 -0.79956 
0.389648 -0.152588 0.167114 0.27954 0.207397 -0.107056 
0.386230 -0.148682 0.185181 0.19775 0.213257 -0.131348 
0.380005 -0.143555 0.204224 0.8301 0.159546 -0.153564 
0.367310 -0.136353 0.219849 -0.5005 0.159546 -0.174561 
0.350586 -0.128174 0.234253 -0.16357 0.139893 -0.163696 
0.331177 -0.117188 0.245728 -0.27222 0.118652 -0.214722 
0.313477 -0.106812 0.254272 -0.33081 0.95703 -0.214722 
0.297363 -0.98511 0.261353 -0.33325 0.68970 -0.233032 
0.286377 -0.89844 0.269409 -0.27466 0.40161 -0.251099 
0.281250 -0.84106 0.279419 -0.19653 0.3052 -0.268066 
0.281250 -0.80200 0.286621 -0.13428 -0.40894 -0.285278 
0.283081 -0.78369 0.288574 -0.4272 -0.86060 -0.306030 
0.285767 -0.74951 0.285889 0.7935 -0.129517 -0.326294 
0.278076 -0.71167 0.278809 0.18677 -0.168579 -0.345093 
0.262695 -0.71167 0.269653 0.27954 -0.202759 -0.357056 
0.243774 -0.65674 0.257935 0.35278 -0.231567 -0.359985 
0.223633 -0.58960 0.274536 0.42358 -0.253662 -0.355347 
0.205322 -0.51514 0.243286 0.49072 -0.269165 -0.345703 
0.189819 -0.44312 0.226196 0.55908 -0.278076 -0.333374 
0.176758 -0.38208 0.206543 0.62012 -0.281006 -0.320801 
0.165405 -0.33813 0.186646 0.35034 -0.280151 -0.308594 
0.158325 -0.29175 0.168701 0.66284 -0.273560 -0.296265 
0.152100 -0.25391 0.151245 0.67749 -0.261230 -0.284424 
0.144043 -0.20752 0.133301 0.66772 -0.276489 -0.272949 
0.134521 -0.15137 0.117188 0.64087 -0.245239 -0.260742 
0.122925 -0.9277 0.102539 0.59570 -0.226440 -0.246704 
0.110107 -0.2075 0.89844 0.53467 -0.205566 -0.230103 
0.96680 0.6470 0.78735 0.47607 -0.183472 -0.230103 
