0.231445 -0.61401 0.122437 0.31494 0.29175 0.32227 
0.236694 -0.54932 0.121460 0.57007 0.29053 0.26855 
0.238403 -0.49805 0.120605 0.18066 0.28076 0.18921 
0.240723 -0.45288 0.120605 0.18066 0.24902 0.10254 
0.240845 -0.42847 0.121338 0.10986 0.19165 0.2319 
0.239624 -0.42236 0.121460 0.6836 0.12207 -0.3662 
0.236816 -0.43579 0.120728 0.4639 0.12207 -0.7446 
0.233765 -0.44800 0.119873 0.2808 0.3906 -0.9033 
0.232056 -0.45288 0.121216 0.1221 -0.6836 -0.9521 
0.231812 -0.43945 0.124146 0.00 -0.20264 -0.9766 
0.232544 -0.41138 0.127686 -0.366 -0.37354 -0.9766 
0.232788 -0.37964 0.128906 -0.122 -0.57495 -0.9888 
0.232178 -0.35645 0.127686 -0.488 -0.77881 -0.10376 
0.233643 -0.34302 0.124390 -0.3662 -0.95581 -0.11719 
0.233643 -0.34546 0.122803 -0.10254 -0.112671 -0.12939 
0.237671 -0.36011 0.122314 -0.20508 -0.123535 -0.13306 
0.246948 -0.39063 0.123047 -0.34546 -0.125366 -0.11475 
0.259521 -0.44067 0.125122 -0.50171 -0.116943 -0.8789 
0.278809 -0.44067 0.126831 -0.65063 -0.102539 -0.7324 
0.297363 -0.48706 0.127075 -0.77271 -0.82642 -0.8179 
0.315674 -0.53345 0.129395 -0.83862 -0.62134 -0.10742 
0.338013 -0.56396 0.129395 -0.87524 -0.50659 -0.10864 
0.351318 -0.62134 0.124023 -0.83740 -0.38452 -0.13672 
0.358398 -0.71777 0.116943 -0.70679 -0.22949 -0.25146 
0.369263 -0.77759 0.111938 -0.70679 -0.10498 -0.41504 
0.381958 -0.82886 0.109009 -0.53955 -0.977 -0.60425 
0.393433 -0.88135 0.108521 -0.35889 -0.25024 -0.81909 
0.402954 -0.91064 0.109253 -0.19775 0.10620 -0.106323 
0.408081 -0.92651 0.110474 -0.7446 0.10620 -0.132080 
0.407715 -0.93994 0.112183 0.1465 0.12085 -0.126953 
0.402466 -0.94849 0.113647 0.6958 0.10742 -0.183350 
0.393311 -0.95581 0.114624 0.11353 0.6104 -0.183350 
0.382080 -0.95215 0.115356 0.16235 -0.1953 -0.206909 
0.368652 -0.93506 0.116577 0.23315 -0.13062 -0.228638 
0.352051 -0.90454 0.117798 0.32837 -0.26978 -0.247803 
0.352051 -0.86060 0.115967 0.43579 -0.44189 -0.264526 
0.333252 -0.83130 0.110352 0.53833 -0.63477 -0.278564 
0.313477 -0.81421 0.101929 0.61401 -0.81909 -0.289185 
0.292358 -0.78735 0.92285 0.64575 -0.98877 -0.297852 
0.269165 -0.78735 0.81665 0.61646 -0.113647 -0.304077 
0.245361 -0.73120 0.70801 0.53223 -0.128540 -0.307861 
0.218750 -0.67871 0.62500 0.41138 -0.144653 -0.310303 
0.189575 -0.62378 0.62500 0.23071 -0.159546 -0.310791 
0.160767 -0.55054 0.56152 -0.1709 -0.169800 -0.307373 
0.130859 -0.46631 0.51880 -0.28320 -0.172607 -0.298706 
0.99976 -0.37109 0.52002 -0.28320 -0.165039 -0.284424 
0.68237 -0.24902 0.50171 -0.44067 -0.149170 -0.265015 
0.38330 -0.10620 0.44556 -0.53223 -0.132690 -0.242554 
0.12939 0.5371 0.37476 -0.59448 -0.146118 -0.218262 
-0.7813 0.22095 0.31494 -0.57861 -0.114868 -0.192505 
-0.24170 0.38818 0.25879 -0.54321 -0.97656 -0.195801 
-0.36011 0.52979 0.20508 -0.52612 -0.82275 -0.165771 
-0.44189 0.63354 0.16113 -0.52612 -0.68604 -0.134521 
-0.49561 0.70679 0.12695 -0.54077 -0.55420 -0.102051 
-0.51514 0.75928 0.10742 -0.56396 -0.41748 -0.67749 
-0.50293 0.79590 0.10376 -0.59326 -0.26123 -0.32593 
-0.50293 0.81543 0.10376 -0.62866 -0.7935 0.1831 
-0.47607 0.81665 0.10742 -0.67139 0.11475 0.34668 
-0.42847 0.79468 0.11841 -0.71167 0.29785 0.64697 
-0.36499 0.74219 0.14404 -0.74707 0.45654 0.91675 
-0.29663 0.74219 0.17578 -0.77393 0.58716 0.115479 
-0.22095 0.65918 0.20996 -0.77881 0.69580 0.135986 
-0.14526 0.55664 0.23193 -0.76294 0.78979 0.153442 
-0.7080 0.45044 0.23193 -0.74585 0.87280 0.168579 
0.366 0.34180 0.26001 -0.74341 0.95581 0.181885 
0.8545 0.23438 0.30518 -0.77393 0.105835 0.194458 
0.18799 0.14771 0.36865 -0.84595 0.117065 0.206909 
0.31250 0.8301 0.45654 -0.84595 0.127075 0.219605 
0.46143 0.2319 0.57983 -0.93262 0.135254 0.232056 
0.64087 -0.5127 0.72510 -0.100830 0.141602 0.243042 
0.84961 -0.13306 0.88257 -0.105469 0.141602 0.251953 
0.109375 -0.21118 0.103271 -0.108276 0.147705 0.258545 
0.137817 -0.28809 0.117554 -0.111694 0.153564 0.263184 
0.169434 -0.36743 0.129272 -0.114868 0.158813 0.263184 
0.205933 -0.40649 0.138306 -0.113770 0.163940 0.264404 
0.243286 -0.60791 0.148926 -0.110352 0.166138 0.261230 
0.242188 -0.62256 0.155396 -0.108643 0.165771 0.266480 
0.280029 -0.70313 0.168457 -0.98877 0.171875 0.258301 
0.311279 -0.75439 0.174316 -0.96680 0.170044 0.244751 
0.349243 -0.81055 0.191406 -0.88867 0.164429 0.219727 
0.388306 -0.85205 0.205200 -0.83008 0.159912 0.188843 
0.420898 -0.85205 0.207397 -0.79956 0.146729 0.160645 
0.444458 -0.82153 0.216553 -0.65552 0.128662 0.132813 
0.461914 -0.80200 0.217651 -0.51025 0.116333 0.108643 
0.478149 -0.82275 0.217651 -0.45044 0.117676 0.96313 
0.482422 -0.75195 0.214478 -0.47729 0.110718 0.86304 
0.483032 -0.74463 0.209351 -0.44556 0.108887 0.75073 
0.480347 -0.75073 0.209473 -0.45654 0.111328 0.64087 
0.473633 -0.77759 0.210327 -0.45654 0.122437 0.52124 
0.468018 -0.80933 0.214111 -0.49805 0.113892 0.38452 
0.459961 -0.82397 0.213989 -0.56885 0.138794 0.20752 
0.445313 -0.83374 0.212402 -0.58838 0.170044 -0.3418 
0.423462 -0.78979 0.210571 -0.49316 0.188721 -0.30029 
0.397095 -0.73608 0.213013 -0.30884 0.199219 -0.21118 
0.368652 -0.67993 0.218994 -0.13184 0.198975 -0.52368 
0.343994 -0.63477 0.223511 -0.488 0.185791 -0.68726 
0.320313 -0.58594 0.228516 0.5981 0.161621 -0.79834 
0.333740 -0.55420 0.227295 0.9888 0.130737 -0.87402 
0.287231 -0.53101 0.225098 0.14160 0.90454 -0.94238 
0.287231 -0.52368 0.222290 0.17334 0.45044 -0.102295 
0.273315 -0.51392 0.218140 0.18311 0.2075 -0.111328 
0.261353 -0.50415 0.212524 0.15625 -0.36255 -0.120361 
0.249146 -0.50415 0.207153 0.11353 -0.67749 -0.128540 
0.236572 -0.49561 0.201660 0.6226 -0.91919 -0.135498 
0.225342 -0.47363 0.196655 0.732 -0.109253 -0.140625 
0.214600 -0.45532 0.196655 -0.4028 -0.119629 -0.144897 
0.203613 -0.42114 0.192505 -0.7568 -0.121582 -0.148560 
0.192993 -0.36377 0.187012 -0.10376 -0.115601 -0.151367 
0.182251 -0.31738 0.180542 -0.12573 -0.104370 -0.153442 
0.171631 -0.27344 0.173462 -0.12573 -0.90454 -0.155151 
0.160767 -0.23438 0.165894 -0.12329 -0.76172 -0.155640 
0.150391 -0.18921 0.157959 -0.9888 -0.63354 -0.154053 
0.141846 -0.13916 0.151611 -0.5859 -0.63354 -0.149658 
0.134888 -0.9033 0.145630 -0.1831 -0.53955 -0.143433 
0.128662 -0.4517 0.140747 0.2441 -0.48584 -0.136230 
0.123657 0.488 0.136597 0.5981 -0.47119 -0.128418 
0.120117 0.5493 0.133789 0.7690 -0.48584 -0.128418 
0.118042 0.9888 0.131226 0.7690 -0.51514 -0.119995 
0.118042 0.13672 0.128906 0.6958 -0.54565 -0.110962 
0.119873 0.16724 0.127075 0.6470 -0.57373 -0.101685 
0.119873 0.19165 0.125732 0.6592 -0.58960 -0.93018 
0.123047 0.20508 0.125122 0.6714 -0.58594 -0.85571 
0.126343 0.21973 0.124023 0.6348 -0.55908 -0.79590 
0.128540 0.21973 0.123047 0.5371 -0.51514 -0.73975 
0.130493 0.23682 0.123291 0.4761 -0.46387 -0.67993 
0.132935 0.25269 0.124390 0.5127 -0.40649 -0.61401 
0.135986 0.26489 0.94116 0.6226 -0.34790 -0.53833 
0.140137 0.27222 0.125366 0.8423 -0.28809 -0.45410 
0.145142 0.27100 0.126221 0.11841 -0.22705 -0.36865 
0.151611 0.26367 0.126343 0.15625 -0.16602 -0.29419 
0.158691 0.25635 0.125854 0.15625 -0.10986 -0.23804 
0.164551 0.24780 0.124756 0.18433 -0.6104 -0.20264 
0.168213 0.24658 0.123291 0.19409 -0.2197 -0.18066 
0.169678 0.25391 0.121704 0.18799 -0.2197 -0.16235 
0.168945 0.26733 0.120483 0.17456 -0.244 -0.13794 
0.166870 0.28809 0.119385 0.16113 -0.122 -0.9644 
0.164917 0.31738 0.119507 0.15137 -0.1587 -0.3418 
0.164063 0.34058 0.119873 0.14526 -0.3906 -0.3418 
0.164795 0.35645 0.120117 0.14771 -0.5859 0.4517 
0.167725 0.36377 0.120239 0.15991 -0.6958 0.13306 
0.172974 0.35400 0.120605 0.17578 -0.7080 0.21729 
0.172974 0.33569 0.120850 0.19287 -0.5615 0.28564 
0.179932 0.28931 0.120605 0.20264 -0.3052 0.33569 
0.187500 0.24658 0.119751 0.19287 0.244 0.35645 
0.195435 0.24658 0.119263 0.16602 0.3540 0.35889 
0.203491 0.21362 0.120728 0.13062 0.5859 0.34790 
0.211060 0.19531 0.123413 0.9033 0.6592 0.32593 
0.216797 0.18555 0.95215 0.6104 0.5615 0.30151 
0.220947 0.17822 0.126465 0.5127 0.3540 0.27954 
0.223877 0.16846 0.128540 0.5371 0.1465 0.26123 
