0.245605 -0.58960 0.57617 0.610 0.82031 -0.20386 
0.248901 -0.55176 0.61646 -0.1465 0.85205 -0.19531 
0.251343 -0.50537 0.32349 -0.5615 0.81299 -0.16846 
0.254639 -0.50293 0.63599 -0.11475 0.73120 -0.13916 
0.255859 -0.51514 0.67139 -0.18311 0.64575 -0.10742 
0.255371 -0.52368 0.71411 -0.24170 0.56519 -0.6714 
0.255005 -0.50903 0.76416 -0.26367 0.47241 -0.2563 
0.255005 -0.47729 0.82153 -0.26367 0.34912 0.1587 
0.255371 -0.45654 0.86670 -0.24170 0.51758 0.7202 
0.255615 -0.44800 0.91675 -0.18677 0.6958 0.14282 
0.257568 -0.43457 0.97290 -0.11841 0.6958 0.21484 
0.258911 -0.42847 0.100220 -0.4639 -0.6226 0.27710 
0.259521 -0.41626 0.99121 0.122 -0.20386 0.732 
0.259644 -0.40771 0.95093 -0.244 -0.34668 0.31982 
0.262207 -0.40405 0.89111 -0.6592 -0.46875 0.32715 
0.268799 -0.39307 0.83984 -0.16968 -0.56152 0.30151 
0.275635 -0.38086 0.79102 -0.30762 -0.62866 0.25269 
0.260986 -0.38330 0.79956 -0.46631 -0.66040 0.19409 
0.292236 -0.40894 0.77393 -0.61157 -0.71167 0.12207 
0.306274 -0.45288 0.74463 -0.68359 -0.71289 0.4395 
0.320679 -0.51025 0.71777 -0.67505 -0.69702 -0.4395 
0.335327 -0.51025 0.69092 -0.58105 -0.66528 -0.14282 
0.349609 -0.55420 0.66284 -0.43701 -0.62256 -0.25146 
0.362549 -0.56885 0.62744 -0.28442 -0.56885 -0.36011 
0.374878 -0.57007 0.62744 -0.14160 -0.49438 -0.46753 
0.382935 -0.59204 0.59937 -0.3906 -0.40527 -0.58838 
0.389160 -0.60669 0.56519 -0.29175 -0.30273 -0.72876 
0.393188 -0.62500 0.52734 0.4395 -0.19531 -0.88623 
0.396118 -0.64819 0.49438 0.4395 -0.8667 -0.105835 
0.399048 -0.66162 0.46997 0.4639 -0.29541 -0.123901 
0.400879 -0.66284 0.45532 0.5615 0.10620 -0.142578 
0.397949 -0.65918 0.44556 0.8667 0.10620 -0.161865 
0.391113 -0.65796 0.44067 0.13916 0.16602 -0.181763 
0.382080 -0.63965 0.43579 0.21118 0.18799 -0.169434 
0.369263 -0.63110 0.45166 0.31250 0.17090 -0.200684 
0.354492 -0.62012 0.45532 0.40771 0.10986 -0.217773 
0.339233 -0.61523 0.42847 0.47974 0.2197 -0.232178 
0.322266 -0.60425 0.41138 0.54688 -0.7324 -0.244873 
0.335938 -0.57373 0.37354 0.58350 -0.20508 -0.255981 
0.304688 -0.54688 0.32959 0.59937 -0.36133 -0.266113 
0.285034 -0.51270 0.28564 0.60181 -0.53101 -0.275757 
0.262817 -0.48462 0.24658 0.57251 -0.69092 -0.284058 
0.240356 -0.48462 0.27466 0.52246 -0.81177 -0.290039 
0.213989 -0.47241 0.30640 0.40161 -0.89844 -0.293579 
0.183594 -0.43945 0.1343 0.22461 -0.90210 -0.292114 
0.149414 -0.38574 0.32593 0.5615 -0.80811 -0.285522 
0.111572 -0.31616 0.33691 -0.8789 -0.63843 -0.273804 
0.72998 -0.21240 0.33936 -0.21240 -0.41260 -0.256470 
0.35767 -0.7813 0.33569 -0.1343 -0.15503 -0.233032 
0.4150 0.7690 0.31738 -0.32593 0.10620 -0.204102 
-0.20264 0.23926 0.28564 -0.43335 0.34668 -0.171265 
-0.37354 0.38452 0.26123 -0.52979 0.54321 -0.136597 
-0.48706 0.50171 0.24902 -0.61646 0.54321 -0.101196 
-0.55420 0.57617 0.24048 -0.69092 0.68604 -0.66162 
-0.57861 0.59692 0.22827 -0.75073 0.78491 -0.63232 
-0.57007 0.58716 0.21362 -0.79956 0.85693 -0.60669 
-0.54688 0.58105 0.19043 -0.85205 0.91919 0.1831 
-0.50415 0.57617 0.16602 -0.91797 0.95947 0.34912 
-0.43945 0.56641 0.16113 -0.99365 0.95337 0.66406 
-0.35522 0.53711 0.18677 -0.105469 0.88623 0.96069 
-0.35522 0.48096 0.25269 -0.109009 0.78247 0.124268 
-0.25269 0.44312 0.31372 -0.106445 0.67139 0.153076 
-0.9155 0.34424 0.38086 -0.92285 0.57251 0.182373 
0.6714 0.34424 0.44067 -0.74463 0.50049 0.207520 
0.25269 0.25513 0.48706 -0.59814 0.44189 0.226318 
0.49072 0.16846 0.56641 -0.50415 0.37720 0.238281 
0.70435 0.7690 0.61523 -0.43823 0.32837 0.244019 
0.88989 -0.1343 0.61523 -0.31738 0.31860 0.245361 
0.109131 -0.9644 0.66895 -0.41382 0.33813 0.244385 
0.133301 -0.14648 0.78003 -0.18799 0.30518 0.243408 
0.155518 -0.16724 0.89355 0.12451 0.22583 0.240356 
0.176392 -0.22095 0.94116 0.28931 0.15991 0.232788 
0.197266 -0.26855 0.96924 0.46997 0.7324 0.222412 
0.218994 -0.29785 0.91064 0.65308 0.7324 0.217041 
0.240967 -0.51636 0.103760 0.73242 -0.9277 0.234497 
0.257202 -0.52734 0.109863 0.67993 -0.14648 0.236206 
0.286377 -0.58228 0.115479 0.60181 0.5005 0.233154 
0.308228 -0.60181 0.110718 0.38452 0.24170 0.233154 
0.333496 -0.61401 0.108643 0.23926 0.37231 0.220825 
0.323364 -0.60425 0.110229 0.13550 0.42114 0.203491 
0.369385 -0.57495 0.113037 -0.2686 0.40771 0.187134 
0.369385 -0.51147 0.116821 -0.22461 0.37231 0.174805 
0.381714 -0.48096 0.127197 -0.38696 0.33203 0.163330 
0.399414 -0.46387 0.136108 -0.48096 0.46265 0.158447 
0.413696 -0.46387 0.135620 -0.58228 0.41260 0.158569 
0.422852 -0.42969 0.135864 -0.55786 0.19531 0.153076 
0.434692 -0.42358 0.138794 -0.44556 0.2075 0.143066 
0.447022 -0.44922 0.139893 -0.37231 -0.4028 0.133057 
0.457520 -0.46631 0.139893 -0.34546 -0.5737 0.124146 
0.464600 -0.48828 0.136963 -0.32104 -0.2441 0.110596 
0.471680 -0.54565 0.133179 -0.59570 0.7324 0.91797 
0.474854 -0.59204 0.127319 -0.28320 0.21606 0.70679 
0.473022 -0.60059 0.122192 -0.21729 0.35156 0.50415 
0.465942 -0.58472 0.118408 -0.11719 0.42358 0.32349 
0.455078 -0.56030 0.118896 -0.2563 0.42358 0.16968 
0.441528 -0.54443 0.120361 -0.610 0.40283 0.4395 
0.425415 -0.53833 0.122070 -0.4883 0.30029 0.25513 
0.406616 -0.51636 0.124634 -0.11353 0.13306 -0.15137 
0.387939 -0.50537 0.126587 -0.18921 -0.7446 -0.15137 
0.368408 -0.48096 0.125732 -0.26489 -0.29907 -0.22583 
0.348877 -0.49316 0.123657 -0.32837 -0.53711 -0.30029 
0.361206 -0.44312 0.123291 -0.36621 -0.76416 -0.34912 
0.329956 -0.46997 0.117676 -0.38086 -0.95947 -0.38940 
0.315063 -0.42847 0.117798 -0.32715 -0.106567 -0.37354 
0.296631 -0.42603 0.112549 -0.26855 -0.102661 -0.46143 
0.286621 -0.43823 0.102295 -0.33813 -0.101196 -0.55420 
0.276001 -0.43823 0.93018 -0.40283 -0.106079 -0.58960 
0.264648 -0.44434 0.84839 -0.42603 -0.110840 -0.63599 
0.255249 -0.45044 0.79590 -0.47363 -0.112671 -0.69458 
0.247559 -0.43335 0.79590 -0.56641 -0.110107 -0.75439 
0.239624 -0.40527 0.76660 -0.67993 -0.103027 -0.80933 
0.230713 -0.37720 0.75073 -0.78369 -0.93628 -0.86792 
0.221069 -0.35278 0.73975 -0.78369 -0.83862 -0.93262 
0.210083 -0.32227 0.72876 -0.85083 -0.72632 -0.100098 
0.198120 -0.28809 0.73608 -0.86426 -0.89600 -0.104858 
0.188965 -0.25635 0.73364 -0.83740 -0.40894 -0.106445 
0.180298 -0.21729 0.72754 -0.81421 -0.40894 -0.105835 
0.171875 -0.17334 0.71167 -0.81055 -0.20996 -0.104248 
0.162720 -0.12817 0.69092 -0.80566 -0.244 -0.102295 
0.153564 -0.8423 0.66284 -0.78247 0.19287 -0.102295 
0.145752 -0.4395 0.63110 -0.73853 0.35400 -0.99121 
0.139648 -0.732 0.60059 -0.67993 0.47241 -0.94727 
0.134399 0.2686 0.56519 -0.61768 0.54565 -0.88867 
0.134399 0.5371 0.52856 -0.56274 0.57129 -0.81665 
0.129517 0.7446 0.50903 -0.52002 0.54443 -0.72632 
0.125732 0.8911 0.50903 -0.48706 0.47241 -0.61890 
0.123779 0.9033 0.52246 -0.44922 0.36621 -0.50293 
0.123169 0.9033 0.55664 -0.40283 0.25024 -0.39429 
0.125732 0.8179 0.60547 -0.34668 0.14771 -0.29419 
0.132446 0.6226 0.33203 -0.27344 0.7935 -0.20264 
0.142700 0.3052 0.64453 -0.18066 0.5249 -0.12695 
0.155640 -0.1465 0.67017 -0.9033 0.7080 -0.6836 
0.170898 -0.6714 0.68359 -0.2686 0.14038 -0.2686 
0.187500 -0.11719 0.68481 -0.2686 0.25269 -0.854 
0.204224 -0.16846 0.68726 0.244 0.39307 -0.1221 
0.219482 -0.21240 0.69214 -0.488 0.53589 -0.3418 
0.231934 -0.23804 0.70679 -0.3784 0.34180 -0.7080 
0.241577 -0.24780 0.73120 -0.9155 0.65430 -0.11719 
0.248169 -0.24414 0.76782 -0.15503 0.72388 -0.16724 
0.251953 -0.22217 0.80933 -0.21362 0.74585 -0.22461 
0.253174 -0.18677 0.85205 -0.25513 0.72144 -0.22461 
0.255249 -0.18066 0.87280 -0.27466 0.65674 -0.28687 
0.257324 -0.17944 0.88501 -0.26001 0.55664 -0.32349 
0.258789 -0.17334 0.89478 -0.21851 0.43213 -0.32837 
0.258789 -0.16602 0.89478 -0.17578 0.29419 -0.31250 
0.259155 -0.15625 0.88501 -0.13916 0.15747 -0.27832 
0.259399 -0.14282 0.87158 -0.10864 0.3662 -0.23438 
0.259033 -0.12817 0.86426 -0.9399 -0.5615 -0.19653 
0.257813 -0.12817 0.85571 -0.8789 -0.11719 -0.16235 
0.256104 -0.11475 0.84595 -0.8179 -0.15259 -0.13428 
