0.259399 -0.90576 0.36133 0.122 0.55298 0.7446 
0.262939 -0.87646 0.34668 0.2075 0.65796 0.31006 
0.262573 -0.86548 0.36011 0.4028 0.73730 -0.244 
0.261597 -0.84595 0.38452 0.8057 0.76782 -0.5249 
0.259644 -0.80933 0.42236 0.12695 0.74585 -0.6348 
0.257690 -0.78003 0.47241 0.13672 0.66406 -0.4517 
0.257202 -0.75928 0.50659 0.10620 0.53467 -0.977 
0.257202 -0.73853 0.55542 0.7813 0.37598 0.3662 
0.257690 -0.71411 0.59814 0.6226 0.19165 0.9155 
0.258545 -0.68726 0.64331 0.5249 -0.977 0.14160 
0.260742 -0.68726 0.67993 0.5615 -0.22949 0.18677 
0.263428 -0.66040 0.71655 0.7568 -0.45410 0.22217 
0.265869 -0.64941 0.72632 0.8667 -0.65796 0.25024 
0.266602 -0.64331 0.72632 0.6592 -0.83496 0.27466 
0.265869 -0.62378 0.71777 0.1465 -0.97534 0.29297 
0.264404 -0.59204 0.69946 0.25391 -0.107056 0.31616 
0.264404 -0.56274 0.68237 -0.15015 -0.110718 0.34912 
0.266724 -0.55176 0.66406 -0.15015 -0.107422 0.38940 
0.271362 -0.56152 0.58472 -0.26245 -0.98389 0.41748 
0.281982 -0.56885 0.62256 -0.38696 -0.120850 0.43457 
0.294800 -0.61523 0.58472 -0.50781 -0.89600 0.43945 
0.312378 -0.65308 0.59082 -0.58472 -0.78735 0.42236 
0.326050 -0.70801 0.57129 -0.61523 -0.69214 0.34180 
0.338623 -0.73608 0.53833 -0.54688 -0.55542 0.34180 
0.351929 -0.76782 0.49438 -0.44678 -0.41870 0.20996 
0.363770 -0.80566 0.44922 -0.36987 -0.29663 0.4150 
0.374756 -0.82642 0.41992 -0.30640 -0.16479 -0.15747 
0.353760 -0.84351 0.39673 -0.26245 -0.2930 -0.37109 
0.385010 -0.85815 0.38696 -0.23682 0.9888 -0.58350 
0.395020 -0.88623 0.38940 -0.20142 0.21729 -0.78979 
0.405518 -0.90698 0.39185 -0.14648 0.34790 -0.96680 
0.412109 -0.90698 0.38696 -0.9277 0.46509 -0.112427 
0.417847 -0.92773 0.37476 -0.5981 0.55420 -0.128296 
0.422485 -0.95703 0.36621 -0.4517 0.62134 -0.145020 
0.422241 -0.98511 0.36621 -0.3540 0.65430 -0.162476 
0.417969 -0.99854 0.37720 -0.2930 0.64209 -0.180664 
0.409302 -0.99976 0.39429 -0.1709 0.57373 -0.199219 
0.395996 -0.98511 0.41016 -0.488 0.44556 -0.218140 
0.379395 -0.96802 0.43579 -0.488 0.27344 -0.237183 
0.360596 -0.95459 0.45288 0.366 0.8301 -0.255127 
0.340332 -0.92773 0.46143 0.1465 0.20630 -0.270874 
0.317871 -0.90088 0.47119 0.3296 -0.10620 -0.285278 
0.295044 -0.86304 0.47852 0.5981 -0.28931 -0.297852 
0.270752 -0.82886 0.47241 0.10376 -0.44434 -0.307739 
0.244629 -0.77881 0.45898 0.12695 -0.55298 -0.307739 
0.216064 -0.72510 0.45898 0.10376 -0.62134 -0.314209 
0.186890 -0.64087 0.46509 0.2808 -0.66040 -0.318115 
0.157227 -0.54932 0.47241 -0.7813 -0.67749 -0.318604 
0.159424 -0.44922 0.47974 -0.19775 -0.67383 -0.314697 
0.128174 -0.32959 0.48828 -0.33447 -0.65674 -0.305908 
0.99976 -0.52124 0.50293 -0.48218 -0.63843 -0.292114 
0.73364 -0.8301 0.52124 -0.61646 -0.62134 -0.274292 
0.47852 -0.8301 0.53467 -0.70557 -0.59204 -0.253296 
0.24048 0.4395 0.53711 -0.73242 -0.54321 -0.228882 
0.2930 0.16724 0.52612 -0.70679 -0.47363 -0.200562 
-0.13794 0.28320 0.49072 -0.64453 -0.37964 -0.168823 
-0.25391 0.39917 0.49072 -0.56641 -0.26001 -0.134155 
-0.32349 0.48218 0.43823 -0.48828 -0.11475 -0.98267 
-0.33569 0.53345 0.37842 -0.44800 0.7080 -0.62622 
-0.30396 0.58838 0.31006 -0.44800 0.29175 -0.27710 
-0.25513 0.62378 0.23193 -0.46143 0.49927 0.4517 
-0.19653 0.62622 0.15381 -0.51270 0.34180 0.31128 
-0.13794 0.61768 0.9521 -0.58228 0.65430 0.51758 
-0.8789 0.59814 0.8301 -0.66040 0.73853 0.68359 
-0.3540 0.57983 0.8911 -0.74951 0.77759 0.84351 
0.1953 0.55542 0.10376 -0.82397 0.78003 0.69824 
0.7690 0.52246 0.11353 -0.87158 0.74585 0.101074 
0.15015 0.48340 0.12817 -0.90698 0.69336 0.118042 
0.22827 0.43457 0.16113 -0.94727 0.64697 0.134399 
0.488 0.37842 0.20752 -0.98389 0.61523 0.149902 
0.31738 0.33203 0.27100 -0.100098 0.58716 0.164917 
0.43335 0.27466 0.37598 -0.101318 0.53955 0.179199 
0.57739 0.20508 0.50781 -0.103149 0.48096 0.191650 
0.74829 0.20508 0.61279 -0.100098 0.38696 0.202515 
0.108765 0.16113 0.75928 -0.93506 0.25757 0.208862 
0.140503 0.6348 0.88013 -0.86914 0.14771 0.207886 
0.169067 -0.1953 0.63599 -0.78247 0.7568 0.199341 
0.194092 -0.10498 0.94849 -0.69824 0.977 0.184326 
0.214966 -0.15991 0.100464 -0.63110 -0.1343 0.165649 
0.230835 -0.19287 0.106323 -0.88501 0.3052 0.147461 
0.246460 -0.16724 0.104980 -0.57251 0.8545 0.137329 
0.264160 -0.28931 0.112915 -0.55908 0.20874 0.152710 
0.270630 -0.24292 0.116089 -0.61401 0.10620 0.156860 
0.285645 -0.23315 0.114868 -0.62012 0.41870 0.159912 
0.301270 -0.25024 0.113037 -0.66040 0.52490 0.156494 
0.322876 -0.27954 0.113647 -0.61279 0.63721 0.183472 
0.342041 -0.31006 0.108643 -0.57739 0.78857 0.144409 
0.361572 -0.32227 0.107300 -0.53833 0.91675 0.144409 
0.373535 -0.31982 0.108154 -0.50903 0.105713 0.131592 
0.351807 -0.28564 0.106201 -0.49316 0.117554 0.116699 
0.387329 -0.25024 0.109985 -0.47729 0.120850 0.99854 
0.387329 -0.20508 0.116211 -0.49316 0.123047 0.83740 
0.389526 -0.18188 0.122437 -0.49316 0.124268 0.72021 
0.392578 -0.22827 0.133545 -0.46875 0.133911 0.67383 
0.402344 -0.22827 0.135254 -0.52368 0.139038 0.70313 
0.403564 -0.26245 0.140381 -0.48096 0.132935 0.69946 
0.409180 -0.32104 0.143311 -0.39551 0.127197 0.69580 
0.413574 -0.38696 0.142578 -0.34546 0.124146 0.69092 
0.413452 -0.45044 0.142578 -0.30151 0.120117 0.67383 
0.411621 -0.48706 0.141846 -0.23438 0.114380 0.65430 
0.408081 -0.50415 0.141480 -0.14160 0.107300 0.65552 
0.402466 -0.51880 0.143066 -0.14160 0.98022 0.68604 
0.395630 -0.52979 0.149780 -0.2808 0.84351 0.74951 
0.390625 -0.53101 0.159668 0.8545 0.65918 0.82764 
0.386108 -0.52856 0.169189 0.20142 0.74707 0.88379 
0.385620 -0.56519 0.180420 0.35278 0.43457 0.89111 
0.394287 -0.64331 0.186523 0.51880 0.15991 0.82153 
0.401978 -0.73486 0.184692 0.65918 -0.10132 0.64453 
0.401123 -0.82031 0.173828 0.73120 -0.28931 0.64453 
0.393311 -0.89233 0.162109 0.72021 -0.40405 0.36865 
0.379639 -0.91553 0.151733 0.60791 -0.47119 0.3296 
0.391968 -0.89478 0.145996 0.38452 -0.50659 -0.33691 
0.360718 -0.83496 0.144653 0.10132 -0.53223 -0.67383 
0.336914 -0.76660 0.145630 -0.16357 -0.58472 -0.93628 
0.310547 -0.68970 0.147095 -0.34668 -0.67871 -0.114014 
0.284424 -0.93628 0.146973 -0.44434 -0.78613 -0.130859 
0.259521 -0.62378 0.144409 -0.48828 -0.87646 -0.144409 
0.234741 -0.56519 0.140503 -0.50293 -0.93628 -0.154419 
0.211304 -0.50415 0.136230 -0.50537 -0.94849 -0.161377 
0.189575 -0.44434 0.136230 -0.51025 -0.91309 -0.165283 
0.169800 -0.38574 0.132080 -0.52124 -0.83374 -0.166138 
0.152466 -0.31982 0.127686 -0.52124 -0.72510 -0.164307 
0.136230 -0.23926 0.122559 -0.52124 -0.60669 -0.159790 
0.120972 -0.16479 0.117310 -0.50659 -0.50049 -0.152710 
0.109009 -0.8057 0.112671 -0.48218 -0.41382 -0.143311 
0.98877 -0.488 0.108643 -0.44312 -0.34302 -0.131836 
0.90698 0.5737 0.105103 -0.39429 -0.34302 -0.118042 
0.85083 0.10498 0.101440 -0.34912 -0.27710 -0.103149 
0.82153 0.14526 0.98389 -0.31372 -0.19653 -0.119385 
0.81543 0.18066 0.94116 -0.29785 -0.8789 -0.88135 
0.84717 0.20996 0.92407 -0.30396 0.4150 -0.74341 
0.91064 0.25269 0.91675 -0.31372 0.16846 -0.62012 
0.67261 0.28198 0.91064 -0.28687 0.28442 -0.49927 
0.98511 0.27588 0.91675 -0.22217 0.39429 -0.38696 
0.107788 0.25879 0.92896 -0.15869 0.50903 -0.30151 
0.118652 0.24292 0.94360 -0.11597 0.62866 -0.25269 
0.130371 0.23438 0.97412 -0.7446 0.74463 -0.23315 
0.142090 0.23438 0.101318 -0.2441 0.84717 -0.22705 
0.153320 0.22827 0.105591 0.3296 0.92407 -0.22461 
0.164429 0.22339 0.109497 0.9399 0.97656 -0.21606 
0.174927 0.21240 0.109497 0.14526 0.100708 -0.20264 
0.184814 0.20142 0.112183 0.17822 0.102173 -0.19531 
0.194214 0.19287 0.113892 0.19043 0.100830 -0.19287 
0.202148 0.18921 0.114990 0.19043 0.95825 -0.18555 
0.208862 0.18677 0.116211 0.19165 0.87524 -0.16968 
0.214600 0.18311 0.117676 0.19287 0.77148 -0.14648 
0.219971 0.18188 0.119141 0.18921 0.65918 -0.12329 
0.224121 0.18066 0.120361 0.17944 0.65918 -0.10254 
0.227051 0.17700 0.120850 0.16602 0.54688 -0.8667 
0.228760 0.17334 0.120972 0.14893 0.43701 -0.7324 
