0.262695 -0.81543 -0.12451 0.16724 0.11963 0.7080 
0.262817 -0.78247 -0.10864 0.8301 0.12207 0.7080 
0.260864 -0.76904 -0.7935 0.2686 0.9521 0.3174 
0.260254 -0.74463 -0.6226 0.244 0.4517 0.2075 
0.258179 -0.72144 -0.4150 0.854 -0.1099 0.3662 
0.256836 -0.68726 -0.3174 0.2930 -0.6226 0.7690 
0.256836 -0.67017 -0.3418 0.6592 -0.12329 0.12695 
0.254395 -0.64941 -0.4761 0.10376 -0.17090 0.16357 
0.253784 -0.92041 -0.2808 0.12939 -0.21973 0.19409 
0.253418 -0.60791 0.610 0.13672 -0.25513 0.22095 
0.253296 -0.56030 0.5737 0.16846 -0.30640 0.25879 
0.254272 -0.51636 0.9766 0.24170 -0.36865 0.29663 
0.255615 -0.49316 0.9766 0.33325 -0.41382 0.32349 
0.258301 -0.48706 0.11353 0.40039 -0.43701 0.32715 
0.261597 -0.50659 0.10254 0.42358 -0.44922 0.29663 
0.264648 -0.53467 0.6104 0.38086 -0.47607 0.23926 
0.266602 -0.55908 0.2319 0.38086 -0.51025 0.17090 
0.267822 -0.57983 -0.1343 0.28198 -0.52246 0.10010 
0.268433 -0.60181 -0.5249 0.15747 -0.49194 0.2930 
0.270020 -0.62866 -0.8667 0.2930 -0.49194 -0.4150 
0.275513 -0.63477 -0.10254 -0.9888 -0.43335 -0.10132 
0.280518 -0.65674 -0.10742 -0.22217 -0.34058 -0.14648 
0.286377 -0.67871 -0.11719 -0.33447 -0.23315 -0.18677 
0.292847 -0.69946 -0.13672 -0.41870 -0.12329 -0.18677 
0.300781 -0.71167 -0.15747 -0.46387 -0.2808 -0.22217 
0.309937 -0.71777 -0.18066 -0.46509 0.5371 -0.25757 
0.287476 -0.71655 -0.21240 -0.44556 0.12573 -0.30273 
0.318726 -0.70557 -0.23926 -0.42480 0.20264 -0.35767 
0.328003 -0.68726 -0.24414 -0.41992 0.27710 -0.42236 
0.339722 -0.67993 -0.26245 -0.40649 0.33813 -0.49683 
0.350586 -0.67993 -0.28320 -0.35889 0.39429 -0.57739 
0.361572 -0.69092 -0.31616 -0.29785 0.43213 -0.66040 
0.372192 -0.72632 -0.35400 -0.23193 0.45166 -0.74097 
0.382446 -0.77026 -0.38452 -0.18921 0.45776 -0.83008 
0.391357 -0.81421 -0.38452 -0.18188 0.44922 -0.93994 
0.396606 -0.84473 -0.39063 -0.19897 0.42847 -0.106812 
0.398071 -0.85083 -0.37476 -0.22095 0.38452 -0.120117 
0.396851 -0.83618 -0.35645 -0.22095 0.30396 -0.133301 
0.392944 -0.81787 -0.34180 -0.24658 0.19043 -0.146484 
0.387085 -0.80811 -0.32593 -0.27100 0.6348 -0.159302 
0.378784 -0.81299 -0.31006 -0.29541 0.6348 -0.172241 
0.368652 -0.81543 -0.29175 -0.32471 -0.5737 -0.185181 
0.356812 -0.80322 -0.26733 -0.36865 -0.16113 -0.166992 
0.342773 -0.77271 -0.22461 -0.42114 -0.25269 -0.211426 
0.325684 -0.72876 -0.16724 -0.46021 -0.33691 -0.211426 
0.305542 -0.67627 -0.9888 -0.47485 -0.41260 -0.223999 
0.283447 -0.61035 -0.3784 -0.46875 -0.47729 -0.235107 
0.289673 -0.53833 0.1709 -0.44434 -0.51880 -0.243652 
0.258423 -0.44922 0.7446 -0.42114 -0.52612 -0.248169 
0.233032 -0.35400 0.11963 -0.41016 -0.50171 -0.247803 
0.208130 -0.58350 0.15137 -0.40161 -0.45654 -0.242676 
0.183716 -0.27100 0.16846 -0.39185 -0.40283 -0.233887 
0.160889 -0.19043 0.16846 -0.39185 -0.34302 -0.222412 
0.140137 -0.11230 0.16235 -0.41016 -0.27832 -0.208618 
0.121216 -0.4028 0.16235 -0.44800 -0.20874 -0.193237 
0.103760 0.2808 0.16235 -0.49194 -0.13428 -0.176758 
0.88257 0.9155 0.16113 -0.52856 -0.5249 -0.159424 
0.74585 0.16235 0.15869 -0.55176 0.2563 -0.141480 
0.62744 0.23071 0.13672 -0.55176 0.9155 -0.123413 
0.52612 0.28198 0.10132 -0.55420 0.14526 -0.105103 
0.44922 0.32593 0.6348 -0.54321 0.18311 -0.86548 
0.38452 0.35400 0.2808 -0.53345 0.18311 -0.67749 
0.33081 0.37109 0.488 -0.52246 0.20630 -0.48950 
0.28320 0.37964 -0.1343 -0.50903 0.22339 -0.61646 
0.22949 0.38452 -0.1587 -0.50171 0.23682 -0.12085 
0.17456 0.39551 -0.366 -0.51147 0.25269 -0.12085 
0.12573 0.41260 0.1465 -0.53467 0.27100 0.6714 
0.8301 0.43945 0.3906 -0.54932 0.28076 0.26611 
0.4883 0.45532 0.5859 -0.54565 0.27344 0.47729 
0.4883 0.45166 0.7324 -0.52124 0.25146 0.70190 
0.3418 0.43579 0.7935 -0.48340 0.23193 0.93750 
0.5005 0.40649 0.7935 -0.43823 0.22339 0.117920 
0.9521 0.36621 0.8179 -0.38208 0.22461 0.141480 
0.18066 0.36621 0.9399 -0.31738 0.24780 0.163086 
0.30396 0.31372 0.9888 -0.25146 0.30762 0.182373 
0.46143 0.24902 0.9399 -0.19653 0.40771 0.198608 
0.63354 0.17822 0.9399 -0.15747 0.54199 0.210693 
0.80811 0.10010 0.9033 -0.13184 0.71655 0.218262 
0.98145 0.2197 0.8789 -0.13916 0.90332 0.222046 
0.115601 -0.4150 0.10742 -0.13916 0.107788 0.223877 
0.134521 -0.11108 0.15503 -0.17944 0.122192 0.225220 
0.155762 -0.19775 0.21851 -0.22583 0.101196 0.227051 
0.179321 -0.30273 0.29785 -0.25757 0.139648 0.228516 
0.207275 -0.39795 0.35156 -0.26367 0.139648 0.227661 
0.245972 -0.67261 0.47974 -0.26001 0.140625 0.243896 
0.273804 -0.75073 0.55908 -0.29541 0.149292 0.219360 
0.299194 -0.78125 0.61890 -0.29419 0.165649 0.250610 
0.324707 -0.79346 0.65063 -0.33203 0.173584 0.243042 
0.352783 -0.80200 0.68604 -0.35278 0.169678 0.225464 
0.346680 -0.85083 0.72021 -0.35522 0.154907 0.208374 
0.377930 -0.88135 0.70068 -0.33447 0.126831 0.195801 
0.398926 -0.91064 0.70313 -0.28198 0.89478 0.184326 
0.418945 -0.64819 0.70923 -0.25757 0.52979 0.170898 
0.437622 -0.101440 0.75806 -0.25024 0.25513 0.155884 
0.459961 -0.101440 0.72144 -0.33813 0.23315 0.146240 
0.473511 -0.105469 0.93384 -0.42603 0.18555 0.133667 
0.485718 -0.102417 0.59082 -0.40161 0.4272 0.113159 
0.502441 -0.102417 0.59082 -0.37964 -0.3906 0.91553 
0.515137 -0.102051 0.55420 -0.40894 -0.2686 0.69214 
0.518677 -0.99121 0.48706 -0.45654 0.1465 0.42847 
0.515381 -0.96680 0.43823 -0.45654 0.7446 0.15747 
0.505737 -0.93994 0.44678 -0.49438 0.16235 -0.7935 
0.489868 -0.90210 0.48828 -0.53711 0.25269 -0.28198 
0.471313 -0.85693 0.53955 -0.57251 0.854 -0.44800 
0.452148 -0.79590 0.59692 -0.58472 0.32104 -0.59692 
0.434326 -0.74463 0.65063 -0.57007 0.35156 -0.41748 
0.416138 -0.69946 0.68604 -0.53711 0.34912 -0.85815 
0.398804 -0.65796 0.69702 -0.50049 0.32715 -0.85815 
0.383667 -0.64087 0.70068 -0.47485 0.27100 -0.98877 
0.369263 -0.63110 0.69092 -0.45776 0.17456 -0.109741 
0.355347 -0.62378 0.68115 -0.45044 0.3906 -0.117310 
0.355347 -0.61279 0.67627 -0.45288 -0.12207 -0.122803 
0.341797 -0.59570 0.67993 -0.45654 -0.29297 -0.127075 
0.328003 -0.57861 0.68237 -0.46021 -0.45166 -0.130127 
0.313355 -0.55664 0.67017 -0.45532 -0.58594 -0.132568 
0.298706 -0.55664 0.64697 -0.43579 -0.69336 -0.135132 
0.283936 -0.53467 0.93506 -0.40894 -0.77393 -0.138672 
0.269165 -0.51025 0.59448 -0.38818 -0.81543 -0.143311 
0.255371 -0.48096 0.59448 -0.37842 -0.81909 -0.147827 
0.241821 -0.44678 0.56519 -0.37720 -0.79590 -0.151489 
0.227905 -0.41382 0.54321 -0.38330 -0.75928 -0.153931 
0.213257 -0.36743 0.52246 -0.39307 -0.72144 -0.155029 
0.199341 -0.30884 0.51270 -0.39307 -0.68726 -0.153442 
0.186523 -0.24902 0.51270 -0.40405 -0.65674 -0.147949 
0.175049 -0.19165 0.50903 -0.40161 -0.64819 -0.139038 
0.164795 -0.14648 0.50781 -0.37842 -0.64819 -0.129150 
0.157349 -0.9766 0.50903 -0.35522 -0.64453 -0.118286 
0.151245 -0.5615 0.50293 -0.33203 -0.63965 -0.106812 
0.146484 -0.1709 0.49438 -0.30518 -0.64087 -0.106812 
0.143311 0.2075 0.48828 -0.28198 -0.63965 -0.94849 
0.141846 0.5005 0.47974 -0.26978 -0.62744 -0.83252 
0.141724 0.7813 0.46875 -0.26245 -0.59814 -0.71899 
0.142456 0.10498 0.45776 -0.24902 -0.55908 -0.60547 
0.142456 0.12573 0.44434 -0.23193 -0.50659 -0.49194 
0.144897 0.14282 0.43335 -0.21729 -0.43945 -0.38452 
0.149170 0.14893 0.41504 -0.19287 -0.36255 -0.28687 
0.154297 0.14893 0.39429 -0.16479 -0.28198 -0.20020 
0.160522 0.15259 0.37720 -0.13428 -0.20386 -0.12329 
0.167480 0.14893 0.35645 -0.10010 -0.13550 -0.5615 
0.175415 0.14648 0.35645 -0.6226 -0.7813 0.366 
0.183960 0.14038 0.33203 -0.2441 -0.3174 0.5493 
0.192993 0.13550 0.30640 -0.30029 0.854 0.9521 
0.202148 0.13184 0.28442 0.5005 0.4517 0.12451 
0.210938 0.12451 0.26245 0.5005 0.7568 0.14160 
0.219482 0.11353 0.23804 0.8423 0.9888 0.14526 
0.228027 0.11841 0.22339 0.10864 0.11353 0.14160 
0.234375 0.9521 0.20264 0.13306 0.11353 0.12939 
0.240112 0.9155 0.19165 0.12939 0.12695 0.11475 
0.244751 0.10132 0.18799 0.11719 0.13794 0.10498 
0.248169 0.10254 0.17944 0.10986 0.13794 0.10498 
