0.247559 0.47241 0.7080 -0.2563 -0.8911 0.6104 
0.247559 0.47241 0.7080 -0.2563 -0.8911 0.6104 
0.247559 0.47241 0.7080 -0.2563 -0.8911 0.6104 
0.247559 0.47241 0.7080 -0.2563 -0.8911 0.6104 
0.247559 0.47241 0.7080 -0.2563 -0.8911 0.6104 
0.247559 0.47241 0.7080 -0.2563 -0.8911 0.6104 
0.247559 0.47241 0.7080 -0.2563 -0.8911 0.6104 
0.247559 0.47241 0.7080 -0.2563 -0.8911 0.6104 
0.247559 0.47241 0.7080 -0.2563 -0.8911 0.6104 
0.247559 0.47241 0.7080 -0.2563 -0.8911 0.6104 
0.219605 0.46265 0.6348 -0.3662 -0.10864 0.7324 
0.250855 0.46265 0.6348 -0.3662 -0.10864 0.7324 
0.250855 0.46265 0.6348 -0.3662 -0.10864 0.7324 
0.250855 0.46265 0.6348 -0.3662 -0.10864 0.7324 
0.250855 0.46265 0.6348 -0.3662 -0.10864 0.7324 
0.250855 0.46265 0.6348 -0.3662 -0.10864 0.7324 
0.250855 0.46265 0.6348 -0.3662 -0.10864 0.7324 
0.250855 0.46265 0.6348 -0.3662 -0.10864 0.7324 
0.250855 0.46265 0.6348 -0.3662 -0.10864 0.7324 
0.250855 0.46265 0.6348 -0.3662 -0.10864 0.7324 
0.250855 0.46265 0.5859 -0.2686 -0.11475 0.6226 
0.252563 0.45776 0.5859 -0.2686 -0.11475 0.6226 
0.252563 0.45776 0.5859 -0.2686 -0.11475 0.6226 
0.252563 0.45776 0.5859 -0.2686 -0.11475 0.6226 
0.252563 0.45776 0.5859 -0.2686 -0.11475 0.6226 
0.252563 0.45776 0.5859 -0.2686 -0.11475 0.6226 
0.252563 0.45776 0.5859 -0.2686 -0.11475 0.6226 
0.252563 0.45776 0.5859 -0.2686 -0.11475 0.6226 
0.252563 0.45776 0.5859 -0.2686 -0.11475 0.6226 
0.252563 0.45776 0.5859 -0.2686 -0.11475 0.6226 
0.252563 0.45776 0.5859 -0.2686 -0.10620 0.3540 
0.253906 0.45532 0.5981 -0.977 -0.10620 0.3540 
0.253906 0.45532 0.5981 -0.977 -0.10620 0.3540 
0.253906 0.45532 0.5981 -0.977 -0.10620 0.3540 
0.253906 0.45532 0.5981 -0.977 -0.10620 0.3540 
0.253906 0.45532 0.5981 -0.977 -0.10620 0.3540 
0.253906 0.45532 0.5981 -0.977 -0.10620 0.3540 
0.253906 0.45532 0.5981 -0.977 -0.10620 0.3540 
0.253906 0.45532 0.5981 -0.977 -0.10620 0.3540 
0.253906 0.45532 0.5981 -0.977 -0.10620 0.3540 
0.253906 0.45532 0.5981 -0.977 -0.10620 0.3540 
0.255493 0.45044 0.6592 -0.366 -0.9033 0.244 
0.255493 0.45044 0.6592 -0.366 -0.9033 0.244 
0.255493 0.45044 0.6592 -0.366 -0.9033 0.244 
0.255493 0.45044 0.6592 -0.366 -0.9033 0.244 
0.255493 0.45044 0.6592 -0.366 -0.9033 0.244 
0.255493 0.45044 0.6592 -0.366 -0.9033 0.244 
0.255493 0.45044 0.6592 -0.366 -0.9033 0.244 
0.255493 0.45044 0.6592 -0.366 -0.9033 0.244 
0.255493 0.45044 0.6592 -0.366 -0.9033 0.244 
0.255493 0.45044 0.6592 -0.366 -0.9033 0.244 
0.255493 0.45044 0.7324 -0.366 -0.6958 -0.4028 
0.256470 0.44189 0.7324 -0.366 -0.6958 -0.4028 
0.256470 0.44189 0.7324 -0.366 -0.6958 -0.4028 
0.256470 0.44189 0.7324 -0.366 -0.6958 -0.4028 
0.256470 0.44189 0.7324 -0.366 -0.6958 -0.4028 
0.256470 0.44189 0.7324 -0.366 -0.6958 -0.4028 
0.256470 0.44189 0.7324 -0.366 -0.6958 -0.4028 
0.256470 0.44189 0.7324 -0.366 -0.6958 -0.4028 
0.256470 0.44189 0.7324 -0.366 -0.6958 -0.4028 
0.256470 0.44189 0.7324 -0.366 -0.6958 -0.4028 
0.256470 0.44189 0.7324 -0.488 -0.4761 -0.8179 
0.256348 0.43335 0.7568 -0.488 -0.4761 -0.8179 
0.256348 0.43335 0.7568 -0.488 -0.4761 -0.8179 
0.256348 0.43335 0.7568 -0.488 -0.4761 -0.8179 
0.256348 0.43335 0.7568 -0.488 -0.4761 -0.8179 
0.256348 0.43335 0.7568 -0.488 -0.4761 -0.8179 
0.256348 0.43335 0.7568 -0.488 -0.4761 -0.8179 
0.256348 0.43335 0.7568 -0.488 -0.4761 -0.8179 
0.256348 0.43335 0.7568 -0.488 -0.4761 -0.8179 
0.256348 0.43335 0.7568 -0.488 -0.4761 -0.8179 
0.256348 0.43335 0.7568 -0.488 -0.4761 -0.10498 
0.255737 0.43091 0.7324 -0.1343 -0.2441 -0.10498 
0.255737 0.43091 0.7324 -0.1343 -0.2441 -0.10498 
0.255737 0.43091 0.7324 -0.1343 -0.2441 -0.10498 
0.255737 0.43091 0.7324 -0.1343 -0.2441 -0.10498 
0.255737 0.43091 0.7324 -0.1343 -0.2441 -0.10498 
0.255737 0.43091 0.7324 -0.1343 -0.2441 -0.10498 
0.255737 0.43091 0.7324 -0.1343 -0.2441 -0.10498 
0.255737 0.43091 0.7324 -0.1343 -0.2441 -0.10498 
0.255737 0.43091 0.7324 -0.1343 -0.2441 -0.10498 
0.255737 0.43091 0.7324 -0.1343 -0.2441 -0.10498 
0.255737 0.43701 0.7568 -0.2808 0.122 -0.10620 
0.254517 0.43701 0.7568 -0.2808 0.122 -0.10620 
0.254517 0.43701 0.7568 -0.2808 0.122 -0.10620 
0.254517 0.43701 0.7568 -0.2808 0.122 -0.10620 
0.254517 0.43701 0.7568 -0.2808 0.122 -0.10620 
0.254517 0.43701 0.7568 -0.2808 0.122 -0.10620 
0.254517 0.43701 0.7568 -0.2808 0.122 -0.10620 
0.254517 0.43701 0.7568 -0.2808 0.122 -0.10620 
0.254517 0.43701 0.7568 -0.2808 0.122 -0.10620 
0.254517 0.43701 0.7568 -0.2808 0.122 -0.10620 
0.254517 0.43701 0.7568 -0.5005 0.2319 -0.8789 
0.253418 0.44678 0.7813 -0.5005 0.2319 -0.8789 
0.253418 0.44678 0.7813 -0.5005 0.2319 -0.8789 
0.253418 0.44678 0.7813 -0.5005 0.2319 -0.8789 
0.253418 0.44678 0.7813 -0.5005 0.2319 -0.8789 
0.253418 0.44678 0.7813 -0.5005 0.2319 -0.8789 
0.253418 0.44678 0.7813 -0.5005 0.2319 -0.8789 
0.253418 0.44678 0.7813 -0.5005 0.2319 -0.8789 
0.253418 0.44678 0.7813 -0.5005 0.2319 -0.8789 
0.253418 0.44678 0.7813 -0.5005 0.2319 -0.8789 
0.253418 0.44678 0.7813 -0.5005 0.2319 -0.6348 
0.253052 0.45776 0.8789 -0.7935 0.4150 -0.6348 
0.253052 0.45776 0.8789 -0.7935 0.4150 -0.6348 
0.253052 0.45776 0.8789 -0.7935 0.4150 -0.6348 
0.253052 0.45776 0.8789 -0.7935 0.4150 -0.6348 
0.253052 0.45776 0.8789 -0.7935 0.4150 -0.6348 
0.253052 0.45776 0.8789 -0.7935 0.4150 -0.6348 
0.253052 0.45776 0.8789 -0.7935 0.4150 -0.6348 
0.253052 0.45776 0.8789 -0.7935 0.4150 -0.6348 
0.253052 0.45776 0.8789 -0.7935 0.4150 -0.6348 
0.253052 0.45776 0.8789 -0.7935 0.4150 -0.6348 
0.253052 0.46997 0.10620 -0.9644 0.5127 -0.5127 
0.253052 0.46997 0.10620 -0.9644 0.5127 -0.5127 
0.253052 0.46997 0.10620 -0.9644 0.5127 -0.5127 
0.253052 0.46997 0.10620 -0.9644 0.5127 -0.5127 
0.253052 0.46997 0.10620 -0.9644 0.5127 -0.5127 
0.253052 0.46997 0.10620 -0.9644 0.5127 -0.5127 
0.253052 0.46997 0.10620 -0.9644 0.5127 -0.5127 
0.253052 0.46997 0.10620 -0.9644 0.5127 -0.5127 
0.253052 0.46997 0.10620 -0.9644 0.5127 -0.5127 
0.253052 0.46997 0.10620 -0.9644 0.5127 -0.5127 
0.253052 0.46997 0.12207 -0.9399 0.6104 -0.6592 
0.253296 0.47852 0.12207 -0.9399 0.6104 -0.6592 
0.253296 0.47852 0.12207 -0.9399 0.6104 -0.6592 
0.253296 0.47852 0.12207 -0.9399 0.6104 -0.6592 
0.253296 0.47852 0.12207 -0.9399 0.6104 -0.6592 
0.253296 0.47852 0.12207 -0.9399 0.6104 -0.6592 
0.253296 0.47852 0.12207 -0.9399 0.6104 -0.6592 
0.253296 0.47852 0.12207 -0.9399 0.6104 -0.6592 
0.253296 0.47852 0.12207 -0.9399 0.6104 -0.6592 
0.253296 0.47852 0.12207 -0.9399 0.6104 -0.6592 
0.253296 0.47852 0.12207 -0.9399 0.8179 -0.10498 
0.254150 0.48096 0.13062 -0.6470 0.8179 -0.10498 
0.254150 0.48096 0.13062 -0.6470 0.8179 -0.10498 
0.254150 0.48096 0.13062 -0.6470 0.8179 -0.10498 
0.254150 0.48096 0.13062 -0.6470 0.8179 -0.10498 
0.254150 0.48096 0.13062 -0.6470 0.8179 -0.10498 
0.254150 0.48096 0.13062 -0.6470 0.8179 -0.10498 
0.254150 0.48096 0.13062 -0.6470 0.8179 -0.10498 
0.254150 0.48096 0.13062 -0.6470 0.8179 -0.10498 
0.254150 0.48096 0.13062 -0.6470 0.8179 -0.10498 
0.254150 0.48096 0.13062 -0.6470 0.8179 -0.10498 
0.254272 0.47363 0.13184 -0.610 0.13794 -0.15747 
0.254272 0.47363 0.13184 -0.610 0.13794 -0.15747 
0.254272 0.47363 0.13184 -0.610 0.13794 -0.15747 
0.254272 0.47363 0.13184 -0.610 0.13794 -0.15747 
0.254272 0.47363 0.13184 -0.610 0.13794 -0.15747 
0.254272 0.47363 0.13184 -0.610 0.13794 -0.15747 
