0.257080 0.31372 0.19287 -0.7690 -0.1831 0.610 
0.257080 0.31372 0.19287 -0.7690 -0.1831 0.610 
0.257080 0.31372 0.19287 -0.7690 -0.1831 0.610 
0.257813 0.33203 0.19531 -0.5249 -0.3784 0.488 
0.257813 0.33203 0.19531 -0.5249 -0.3784 0.488 
0.257813 0.33203 0.19531 -0.5249 -0.3784 0.488 
0.257813 0.33203 0.19531 -0.5249 -0.3784 0.488 
0.257813 0.33203 0.19531 -0.5249 -0.3784 0.488 
0.257813 0.33203 0.19531 -0.5249 -0.3784 0.488 
0.257813 0.33203 0.19531 -0.5249 -0.3784 0.488 
0.257813 0.33203 0.19531 -0.5249 -0.3784 0.488 
0.257813 0.33203 0.19531 -0.5249 -0.3784 0.488 
0.257813 0.33203 0.19531 -0.5249 -0.3784 0.488 
0.257813 0.33203 0.18433 -0.1953 -0.6226 0.1587 
0.254395 0.33936 0.18433 -0.1953 -0.6226 0.1587 
0.254395 0.33936 0.18433 -0.1953 -0.6226 0.1587 
0.254395 0.33936 0.18433 -0.1953 -0.6226 0.1587 
0.254395 0.33936 0.18433 -0.1953 -0.6226 0.1587 
0.254395 0.33936 0.18433 -0.1953 -0.6226 0.1587 
0.254395 0.33936 0.18433 -0.1953 -0.6226 0.1587 
0.254395 0.33936 0.18433 -0.1953 -0.6226 0.1587 
0.254395 0.33936 0.18433 -0.1953 -0.6226 0.1587 
0.254395 0.33936 0.18433 -0.1953 -0.6226 0.1587 
0.254395 0.33936 0.18433 -0.854 -0.10132 0.4395 
0.251953 0.34302 0.16846 -0.854 -0.10132 0.4395 
0.251953 0.34302 0.16846 -0.854 -0.10132 0.4395 
0.251953 0.34302 0.16846 -0.854 -0.10132 0.4395 
0.251953 0.34302 0.16846 -0.854 -0.10132 0.4395 
0.251953 0.34302 0.16846 -0.854 -0.10132 0.4395 
0.251953 0.34302 0.16846 -0.854 -0.10132 0.4395 
0.251953 0.34302 0.16846 -0.854 -0.10132 0.4395 
0.251953 0.34302 0.16846 -0.854 -0.10132 0.4395 
0.251953 0.34302 0.16846 -0.854 -0.10132 0.4395 
0.251953 0.34302 0.16846 -0.854 -0.10132 0.8179 
0.251343 0.33813 0.14893 -0.1953 -0.13672 0.8179 
0.251343 0.33813 0.14893 -0.1953 -0.13672 0.8179 
0.251343 0.33813 0.14893 -0.1953 -0.13672 0.8179 
0.251343 0.33813 0.14893 -0.1953 -0.13672 0.8179 
0.251343 0.33813 0.14893 -0.1953 -0.13672 0.8179 
0.251343 0.33813 0.14893 -0.1953 -0.13672 0.8179 
0.251343 0.33813 0.14893 -0.1953 -0.13672 0.8179 
0.251343 0.33813 0.14893 -0.1953 -0.13672 0.8179 
0.251343 0.33813 0.14893 -0.1953 -0.13672 0.8179 
0.251343 0.33813 0.14893 -0.1953 -0.13672 0.8179 
0.251343 0.33325 0.13428 -0.4028 -0.15381 0.12085 
0.251343 0.33325 0.13428 -0.4028 -0.15381 0.12085 
0.251343 0.33325 0.13428 -0.4028 -0.15381 0.12085 
0.251343 0.33325 0.13428 -0.4028 -0.15381 0.12085 
0.251343 0.33325 0.13428 -0.4028 -0.15381 0.12085 
0.251343 0.33325 0.13428 -0.4028 -0.15381 0.12085 
0.251343 0.33325 0.13428 -0.4028 -0.15381 0.12085 
0.251343 0.33325 0.13428 -0.4028 -0.15381 0.12085 
0.251343 0.33325 0.13428 -0.4028 -0.15381 0.12085 
0.251343 0.33325 0.13428 -0.4028 -0.15381 0.12085 
0.251343 0.33325 0.13428 -0.5859 -0.15381 0.14404 
0.252686 0.33325 0.13184 -0.5859 -0.15381 0.14404 
0.252686 0.33325 0.13184 -0.5859 -0.15381 0.14404 
0.252686 0.33325 0.13184 -0.5859 -0.15381 0.14404 
0.252686 0.33325 0.13184 -0.5859 -0.15381 0.14404 
0.252686 0.33325 0.13184 -0.5859 -0.15381 0.14404 
0.252686 0.33325 0.13184 -0.5859 -0.15381 0.14404 
0.252686 0.33325 0.13184 -0.5859 -0.15381 0.14404 
0.252686 0.33325 0.13184 -0.5859 -0.15381 0.14404 
0.252686 0.33325 0.13184 -0.5859 -0.15381 0.14404 
0.252686 0.33325 0.13184 -0.5859 -0.15381 0.14404 
0.254272 0.33447 0.12939 -0.6714 -0.13550 0.14404 
0.254272 0.33447 0.12939 -0.6714 -0.13550 0.14404 
0.254272 0.33447 0.12939 -0.6714 -0.13550 0.14404 
0.254272 0.33447 0.12939 -0.6714 -0.13550 0.14404 
0.254272 0.33447 0.12939 -0.6714 -0.13550 0.14404 
0.254272 0.33447 0.12939 -0.6714 -0.13550 0.14404 
0.254272 0.33447 0.12939 -0.6714 -0.13550 0.14404 
0.254272 0.33447 0.12939 -0.6714 -0.13550 0.14404 
0.254272 0.33447 0.12939 -0.6714 -0.13550 0.14404 
0.254272 0.33447 0.12939 -0.6714 -0.13550 0.14404 
0.256348 0.32959 0.13794 -0.5981 -0.10620 0.11841 
0.256348 0.32959 0.13794 -0.5981 -0.10620 0.11841 
0.256348 0.32959 0.13794 -0.5981 -0.10620 0.11841 
0.256348 0.32959 0.13794 -0.5981 -0.10620 0.11841 
0.256348 0.32959 0.13794 -0.5981 -0.10620 0.11841 
0.256348 0.32959 0.13794 -0.5981 -0.10620 0.11841 
0.256348 0.32959 0.13794 -0.5981 -0.10620 0.11841 
0.256348 0.32959 0.13794 -0.5981 -0.10620 0.11841 
0.256348 0.32959 0.13794 -0.5981 -0.10620 0.11841 
0.256348 0.32959 0.13794 -0.5981 -0.10620 0.11841 
0.256348 0.32959 0.14526 -0.3784 -0.7324 0.7568 
0.257813 0.32227 0.14526 -0.3784 -0.7324 0.7568 
0.257813 0.32227 0.14526 -0.3784 -0.7324 0.7568 
0.257813 0.32227 0.14526 -0.3784 -0.7324 0.7568 
0.257813 0.32227 0.14526 -0.3784 -0.7324 0.7568 
0.257813 0.32227 0.14526 -0.3784 -0.7324 0.7568 
0.257813 0.32227 0.14526 -0.3784 -0.7324 0.7568 
0.257813 0.32227 0.14526 -0.3784 -0.7324 0.7568 
0.257813 0.32227 0.14526 -0.3784 -0.7324 0.7568 
0.257813 0.32227 0.14526 -0.3784 -0.7324 0.7568 
0.257813 0.32227 0.14526 -0.3784 -0.3906 0.3174 
0.258301 0.31738 0.14526 -0.1099 -0.3906 0.3174 
0.258301 0.31738 0.14526 -0.1099 -0.3906 0.3174 
0.258301 0.31738 0.14526 -0.1099 -0.3906 0.3174 
0.258301 0.31738 0.14526 -0.1099 -0.3906 0.3174 
0.258301 0.31738 0.14526 -0.1099 -0.3906 0.3174 
0.258301 0.31738 0.14526 -0.1099 -0.3906 0.3174 
0.258301 0.31738 0.14526 -0.1099 -0.3906 0.3174 
0.258301 0.31738 0.14526 -0.1099 -0.3906 0.3174 
0.258301 0.31738 0.14526 -0.1099 -0.3906 0.3174 
0.258301 0.31738 0.14526 -0.1099 -0.3906 0.3174 
0.257446 0.31494 0.14526 0.244 -0.122 -0.366 
0.257446 0.31494 0.14526 0.244 -0.122 -0.366 
0.257446 0.31494 0.14526 0.244 -0.122 -0.366 
0.257446 0.31494 0.14526 0.244 -0.122 -0.366 
0.257446 0.31494 0.14526 0.244 -0.122 -0.366 
0.257446 0.31494 0.14526 0.244 -0.122 -0.366 
0.257446 0.31494 0.14526 0.244 -0.122 -0.366 
0.257446 0.31494 0.14526 0.244 -0.122 -0.366 
0.257446 0.31494 0.14526 0.244 -0.122 -0.366 
0.257446 0.31494 0.14526 0.244 -0.122 -0.366 
0.257446 0.31494 0.15015 -0.977 0.5005 -0.1343 
0.256226 0.31738 0.15015 -0.977 0.5005 -0.1343 
0.256226 0.31738 0.15015 -0.977 0.5005 -0.1343 
0.256226 0.31738 0.15015 -0.977 0.5005 -0.1343 
0.256226 0.31738 0.15015 -0.977 0.5005 -0.1343 
0.256226 0.31738 0.15015 -0.977 0.5005 -0.1343 
0.256226 0.31738 0.15015 -0.977 0.5005 -0.1343 
0.256226 0.31738 0.15015 -0.977 0.5005 -0.1343 
0.256226 0.31738 0.15015 -0.977 0.5005 -0.1343 
0.256226 0.31738 0.15015 -0.977 0.5005 -0.1343 
0.256226 0.31738 0.15015 -0.3906 0.10742 -0.244 
0.256714 0.32227 0.16724 -0.3906 0.10742 -0.244 
0.256714 0.32227 0.16724 -0.3906 0.10742 -0.244 
0.256714 0.32227 0.16724 -0.3906 0.10742 -0.244 
0.256714 0.32227 0.16724 -0.3906 0.10742 -0.244 
0.256714 0.32227 0.16724 -0.3906 0.10742 -0.244 
0.256714 0.32227 0.16724 -0.3906 0.10742 -0.244 
0.256714 0.32227 0.16724 -0.3906 0.10742 -0.244 
0.256714 0.32227 0.16724 -0.3906 0.10742 -0.244 
0.256714 0.32227 0.16724 -0.3906 0.10742 -0.244 
0.256714 0.32227 0.16724 -0.3906 0.10742 -0.31006 
0.258301 0.33081 0.19531 -0.5981 0.15869 0.244 
0.258301 0.33081 0.19531 -0.5981 0.15869 0.244 
0.258301 0.33081 0.19531 -0.5981 0.15869 0.244 
0.258301 0.33081 0.19531 -0.5981 0.15869 0.244 
0.258301 0.33081 0.19531 -0.5981 0.15869 0.244 
0.258301 0.33081 0.19531 -0.5981 0.15869 0.244 
0.258301 0.33081 0.19531 -0.5981 0.15869 0.244 
0.258301 0.33081 0.19531 -0.5981 0.15869 0.244 
0.258301 0.33081 0.19531 -0.5981 0.15869 0.244 
0.258301 0.33081 0.19531 -0.5981 0.15869 0.244 
0.258301 0.33325 0.22339 -0.5249 0.19165 -0.1465 
0.259033 0.33325 0.22339 -0.5249 0.19165 -0.1465 
0.259033 0.33325 0.22339 -0.5249 0.19165 -0.1465 
