0.251587 0.36621 0.10498 -0.5371 -0.7690 -0.2563 
0.251587 0.36987 0.9888 -0.6348 -0.6592 -0.2808 
0.252197 0.36987 0.9888 -0.6348 -0.6592 -0.2808 
0.252197 0.36987 0.9888 -0.6348 -0.6592 -0.2808 
0.252197 0.36987 0.9888 -0.6348 -0.6592 -0.2808 
0.252197 0.36987 0.9888 -0.6348 -0.6592 -0.2808 
0.252197 0.36987 0.9888 -0.6348 -0.6592 -0.2808 
0.252197 0.36987 0.9888 -0.6348 -0.6592 -0.2808 
0.252197 0.36987 0.9888 -0.6348 -0.6592 -0.2808 
0.252197 0.36987 0.9888 -0.6348 -0.6592 -0.2808 
0.252197 0.36987 0.9888 -0.6348 -0.6592 -0.2808 
0.252197 0.36987 0.9888 -0.8057 -0.5127 -0.2930 
0.251465 0.37476 0.9033 -0.8057 -0.5127 -0.2930 
0.251465 0.37476 0.9033 -0.8057 -0.5127 -0.2930 
0.251465 0.37476 0.9033 -0.8057 -0.5127 -0.2930 
0.251465 0.37476 0.9033 -0.8057 -0.5127 -0.2930 
0.251465 0.37476 0.9033 -0.8057 -0.5127 -0.2930 
0.251465 0.37476 0.9033 -0.8057 -0.5127 -0.2930 
0.251465 0.37476 0.9033 -0.8057 -0.5127 -0.2930 
0.251465 0.37476 0.9033 -0.8057 -0.5127 -0.2930 
0.251465 0.37476 0.9033 -0.8057 -0.5127 -0.2930 
0.251465 0.37476 0.9033 -0.8057 -0.3296 -0.2808 
0.251953 0.37598 0.8667 -0.10010 -0.3296 -0.2808 
0.251953 0.37598 0.8667 -0.10010 -0.3296 -0.2808 
0.251953 0.37598 0.8667 -0.10010 -0.3296 -0.2808 
0.251953 0.37598 0.8667 -0.10010 -0.3296 -0.2808 
0.251953 0.37598 0.8667 -0.10010 -0.3296 -0.2808 
0.251953 0.37598 0.8667 -0.10010 -0.3296 -0.2808 
0.251953 0.37598 0.8667 -0.10010 -0.3296 -0.2808 
0.251953 0.37598 0.8667 -0.10010 -0.3296 -0.2808 
0.251953 0.37598 0.8667 -0.10010 -0.3296 -0.2808 
0.251953 0.37598 0.8667 -0.10010 -0.3296 -0.2808 
0.254272 0.37598 0.9521 -0.10620 -0.1953 -0.4150 
0.254272 0.37598 0.9521 -0.10620 -0.1953 -0.4150 
0.254272 0.37598 0.9521 -0.10620 -0.1953 -0.4150 
0.254272 0.37598 0.9521 -0.10620 -0.1953 -0.4150 
0.254272 0.37598 0.9521 -0.10620 -0.1953 -0.4150 
0.254272 0.37598 0.9521 -0.10620 -0.1953 -0.4150 
0.254272 0.37598 0.9521 -0.10620 -0.1953 -0.4150 
0.254272 0.37598 0.9521 -0.10620 -0.1953 -0.4150 
0.254272 0.37598 0.9521 -0.10620 -0.1953 -0.4150 
0.254272 0.37598 0.9521 -0.10620 -0.1953 -0.4150 
0.254272 0.37598 0.10132 -0.9644 -0.854 -0.6958 
0.256348 0.37354 0.10132 -0.9644 -0.854 -0.6958 
0.256348 0.37354 0.10132 -0.9644 -0.854 -0.6958 
0.256348 0.37354 0.10132 -0.9644 -0.854 -0.6958 
0.256348 0.37354 0.10132 -0.9644 -0.854 -0.6958 
0.256348 0.37354 0.10132 -0.9644 -0.854 -0.6958 
0.256348 0.37354 0.10132 -0.9644 -0.854 -0.6958 
0.256348 0.37354 0.10132 -0.9644 -0.854 -0.6958 
0.256348 0.37354 0.10132 -0.9644 -0.854 -0.6958 
0.256348 0.37354 0.10132 -0.9644 -0.854 -0.6958 
0.256348 0.37354 0.10132 -0.9644 0.00 -0.10376 
0.257446 0.37231 0.10498 -0.7080 0.00 -0.10376 
0.257446 0.37231 0.10498 -0.7080 0.00 -0.10376 
0.257446 0.37231 0.10498 -0.7080 0.00 -0.10376 
0.257446 0.37231 0.10498 -0.7080 0.00 -0.10376 
0.257446 0.37231 0.10498 -0.7080 0.00 -0.10376 
0.257446 0.37231 0.10498 -0.7080 0.00 -0.10376 
0.257446 0.37231 0.10498 -0.7080 0.00 -0.10376 
0.257446 0.37231 0.10498 -0.7080 0.00 -0.10376 
0.257446 0.37231 0.10498 -0.7080 0.00 -0.10376 
0.257446 0.37231 0.10498 -0.7080 0.00 -0.10376 
0.257935 0.37109 0.10864 -0.4028 0.1221 -0.12939 
0.257935 0.37109 0.10864 -0.4028 0.1221 -0.12939 
0.257935 0.37109 0.10864 -0.4028 0.1221 -0.12939 
0.257935 0.37109 0.10864 -0.4028 0.1221 -0.12939 
0.257935 0.37109 0.10864 -0.4028 0.1221 -0.12939 
0.257935 0.37109 0.10864 -0.4028 0.1221 -0.12939 
0.257935 0.37109 0.10864 -0.4028 0.1221 -0.12939 
0.257935 0.37109 0.10864 -0.4028 0.1221 -0.12939 
0.257935 0.37109 0.10864 -0.4028 0.1221 -0.12939 
0.257935 0.37109 0.10864 -0.4028 0.1221 -0.12939 
0.257935 0.37354 0.11108 -0.1099 0.2686 -0.14404 
0.258057 0.37354 0.11108 -0.1099 0.2686 -0.14404 
0.258057 0.37354 0.11108 -0.1099 0.2686 -0.14404 
0.258057 0.37354 0.11108 -0.1099 0.2686 -0.14404 
0.258057 0.37354 0.11108 -0.1099 0.2686 -0.14404 
0.258057 0.37354 0.11108 -0.1099 0.2686 -0.14404 
0.258057 0.37354 0.11108 -0.1099 0.2686 -0.14404 
0.258057 0.37354 0.11108 -0.1099 0.2686 -0.14404 
0.258057 0.37354 0.11108 -0.1099 0.2686 -0.14404 
0.258057 0.37354 0.11108 -0.1099 0.2686 -0.14404 
0.258057 0.37354 0.11108 -0.30762 0.4272 -0.14404 
0.257690 0.38086 0.11597 0.488 0.4272 -0.14404 
0.257690 0.38086 0.11597 0.488 0.4272 -0.14404 
0.257690 0.38086 0.11597 0.488 0.4272 -0.14404 
0.257690 0.38086 0.11597 0.488 0.4272 -0.14404 
0.257690 0.38086 0.11597 0.488 0.4272 -0.14404 
0.257690 0.38086 0.11597 0.488 0.4272 -0.14404 
0.257690 0.38086 0.11597 0.488 0.4272 -0.14404 
0.257690 0.38086 0.11597 0.488 0.4272 -0.14404 
0.257690 0.38086 0.11597 0.488 0.4272 -0.14404 
0.257690 0.38086 0.11597 0.488 0.4272 -0.12817 
0.257446 0.38818 0.12939 0.244 0.5249 -0.12817 
0.257446 0.38818 0.12939 0.244 0.5249 -0.12817 
0.257446 0.38818 0.12939 0.244 0.5249 -0.12817 
0.257446 0.38818 0.12939 0.244 0.5249 -0.12817 
0.257446 0.38818 0.12939 0.244 0.5249 -0.12817 
0.257446 0.38818 0.12939 0.244 0.5249 -0.12817 
0.257446 0.38818 0.12939 0.244 0.5249 -0.12817 
0.257446 0.38818 0.12939 0.244 0.5249 -0.12817 
0.257446 0.38818 0.12939 0.244 0.5249 -0.12817 
0.257446 0.38818 0.12939 0.244 0.5249 -0.12817 
0.257446 0.39307 0.13428 0.122 0.5249 -0.10376 
0.255249 0.39307 0.13428 0.122 0.5249 -0.10376 
0.255249 0.39307 0.13428 0.122 0.5249 -0.10376 
0.255249 0.39307 0.13428 0.122 0.5249 -0.10376 
0.255249 0.39307 0.13428 0.122 0.5249 -0.10376 
0.255249 0.39307 0.13428 0.122 0.5249 -0.10376 
0.255249 0.39307 0.13428 0.122 0.5249 -0.10376 
0.255249 0.39307 0.13428 0.122 0.5249 -0.10376 
0.255249 0.39307 0.13428 0.122 0.5249 -0.10376 
0.255249 0.39307 0.13428 0.122 0.5249 -0.10376 
0.255249 0.39307 0.13428 -0.122 0.4028 -0.6958 
0.254028 0.39795 0.14282 -0.122 0.4028 -0.6958 
0.254028 0.39795 0.14282 -0.122 0.4028 -0.6958 
0.254028 0.39795 0.14282 -0.122 0.4028 -0.6958 
0.254028 0.39795 0.14282 -0.122 0.4028 -0.6958 
0.254028 0.39795 0.14282 -0.122 0.4028 -0.6958 
0.254028 0.39795 0.14282 -0.122 0.4028 -0.6958 
0.254028 0.39795 0.14282 -0.122 0.4028 -0.6958 
0.254028 0.39795 0.14282 -0.122 0.4028 -0.6958 
0.254028 0.39795 0.14282 -0.122 0.4028 -0.6958 
0.254028 0.39795 0.14282 -0.122 0.2441 -0.3174 
0.253906 0.40283 0.15015 0.00 0.2441 -0.3174 
0.253906 0.40283 0.15015 0.00 0.2441 -0.3174 
0.253906 0.40283 0.15015 0.00 0.2441 -0.3174 
0.253906 0.40283 0.15015 0.00 0.2441 -0.3174 
0.253906 0.40283 0.15015 0.00 0.2441 -0.3174 
0.253906 0.40283 0.15015 0.00 0.2441 -0.3174 
0.253906 0.40283 0.15015 0.00 0.2441 -0.3174 
0.253906 0.40283 0.15015 0.00 0.2441 -0.3174 
0.253906 0.40283 0.15015 0.00 0.2441 -0.3174 
0.253906 0.40283 0.15015 0.00 0.2441 -0.3174 
0.254395 0.40405 0.14648 0.1953 0.732 0.122 
0.254395 0.40405 0.14648 0.1953 0.732 0.122 
0.254395 0.40405 0.14648 0.1953 0.732 0.122 
0.254395 0.40405 0.14648 0.1953 0.732 0.122 
0.254395 0.40405 0.14648 0.1953 0.732 0.122 
0.254395 0.40405 0.14648 0.1953 0.732 0.122 
0.254395 0.40405 0.14648 0.1953 0.732 0.122 
0.254395 0.40405 0.14648 0.1953 0.732 0.122 
0.254395 0.40405 0.14648 0.1953 0.732 0.122 
0.254395 0.40405 0.14648 0.1953 0.732 0.122 
0.254395 0.40405 0.13672 0.5127 -0.732 0.2441 
0.255127 0.40161 0.13672 0.5127 -0.732 0.2441 
0.255127 0.40161 0.13672 0.5127 -0.732 0.2441 
0.255127 0.40161 0.13672 0.5127 -0.732 0.2441 
0.255127 0.40161 0.13672 0.5127 -0.732 0.2441 
