0.245972 0.51270 0.20630 -0.5005 -0.10864 0.8911 
0.245972 0.51270 0.20630 -0.5005 -0.10864 0.8911 
0.245972 0.51270 0.20630 -0.5005 -0.10864 0.8911 
0.245972 0.51270 0.20630 -0.5005 -0.10864 0.8911 
0.245972 0.51270 0.20630 -0.5005 -0.8667 0.6714 
0.248657 0.50537 0.19165 -0.8179 -0.8667 0.6714 
0.248657 0.50537 0.19165 -0.8179 -0.8667 0.6714 
0.248657 0.50537 0.19165 -0.8179 -0.8667 0.6714 
0.248657 0.50537 0.19165 -0.8179 -0.8667 0.6714 
0.248657 0.50537 0.19165 -0.8179 -0.8667 0.6714 
0.248657 0.50537 0.19165 -0.8179 -0.8667 0.6714 
0.248657 0.50537 0.19165 -0.8179 -0.8667 0.6714 
0.248657 0.50537 0.19165 -0.8179 -0.8667 0.6714 
0.248657 0.50537 0.19165 -0.8179 -0.8667 0.6714 
0.248657 0.50537 0.19165 -0.8179 -0.8667 0.6714 
0.220337 0.49927 0.20752 -0.10498 -0.4028 0.1221 
0.251587 0.49927 0.20752 -0.10498 -0.4028 0.1221 
0.251587 0.49927 0.20752 -0.10498 -0.4028 0.1221 
0.251587 0.49927 0.20752 -0.10498 -0.4028 0.1221 
0.251587 0.49927 0.20752 -0.10498 -0.4028 0.1221 
0.251587 0.49927 0.20752 -0.10498 -0.4028 0.1221 
0.251587 0.49927 0.20752 -0.10498 -0.4028 0.1221 
0.251587 0.49927 0.20752 -0.10498 -0.4028 0.1221 
0.251587 0.49927 0.20752 -0.10498 -0.4028 0.1221 
0.251587 0.49927 0.20752 -0.10498 -0.4028 0.1221 
0.251587 0.49927 0.22095 -0.10498 0.00 -0.5249 
0.252808 0.49316 0.22095 -0.10498 0.00 -0.5249 
0.252808 0.49316 0.22095 -0.10498 0.00 -0.5249 
0.252808 0.49316 0.22095 -0.10498 0.00 -0.5249 
0.252808 0.49316 0.22095 -0.10498 0.00 -0.5249 
0.252808 0.49316 0.22095 -0.10498 0.00 -0.5249 
0.252808 0.49316 0.22095 -0.10498 0.00 -0.5249 
0.252808 0.49316 0.22095 -0.10498 0.00 -0.5249 
0.252808 0.49316 0.22095 -0.10498 0.00 -0.5249 
0.252808 0.49316 0.22095 -0.10498 0.00 -0.5249 
0.252808 0.49316 0.22095 -0.10498 0.2686 -0.10742 
0.251099 0.49561 0.23071 -0.9399 0.2686 -0.10742 
0.251099 0.49561 0.23071 -0.9399 0.2686 -0.10742 
0.251099 0.49561 0.23071 -0.9399 0.2686 -0.10742 
0.251099 0.49561 0.23071 -0.9399 0.2686 -0.10742 
0.251099 0.49561 0.23071 -0.9399 0.2686 -0.10742 
0.251099 0.49561 0.23071 -0.9399 0.2686 -0.10742 
0.251099 0.49561 0.23071 -0.9399 0.2686 -0.10742 
0.251099 0.49561 0.23071 -0.9399 0.2686 -0.10742 
0.251099 0.49561 0.23071 -0.9399 0.2686 -0.10742 
0.251099 0.49561 0.23071 -0.9399 0.2686 -0.11841 
0.250610 0.50049 0.24658 -0.9888 0.2563 -0.11841 
0.250610 0.50049 0.24658 -0.9888 0.2563 -0.11841 
0.250610 0.50049 0.24658 -0.9888 0.2563 -0.11841 
0.250610 0.50049 0.24658 -0.9888 0.2563 -0.11841 
0.250610 0.50049 0.24658 -0.9888 0.2563 -0.11841 
0.250610 0.50049 0.24658 -0.9888 0.2563 -0.11841 
0.250610 0.50049 0.24658 -0.9888 0.2563 -0.11841 
0.250610 0.50049 0.24658 -0.9888 0.2563 -0.11841 
0.250610 0.50049 0.24658 -0.9888 0.2563 -0.11841 
0.250610 0.50049 0.24658 -0.9888 0.2563 -0.11841 
0.250610 0.50415 0.25879 -0.10986 0.366 -0.9888 
0.250977 0.50415 0.25879 -0.10986 0.366 -0.9888 
0.250977 0.50415 0.25879 -0.10986 0.366 -0.9888 
0.250977 0.50415 0.25879 -0.10986 0.366 -0.9888 
0.250977 0.50415 0.25879 -0.10986 0.366 -0.9888 
0.250977 0.50415 0.25879 -0.10986 0.366 -0.9888 
0.250977 0.50415 0.25879 -0.10986 0.366 -0.9888 
0.250977 0.50415 0.25879 -0.10986 0.366 -0.9888 
0.250977 0.50415 0.25879 -0.10986 0.366 -0.9888 
0.250977 0.50415 0.25879 -0.10986 0.366 -0.9888 
0.250977 0.50415 0.25879 -0.11230 -0.3052 -0.6226 
0.252563 0.50659 0.26611 -0.11230 -0.3052 -0.6226 
0.252563 0.50659 0.26611 -0.11230 -0.3052 -0.6226 
0.252563 0.50659 0.26611 -0.11230 -0.3052 -0.6226 
0.252563 0.50659 0.26611 -0.11230 -0.3052 -0.6226 
0.252563 0.50659 0.26611 -0.11230 -0.3052 -0.6226 
0.252563 0.50659 0.26611 -0.11230 -0.3052 -0.6226 
0.252563 0.50659 0.26611 -0.11230 -0.3052 -0.6226 
0.252563 0.50659 0.26611 -0.11230 -0.3052 -0.6226 
0.252563 0.50659 0.26611 -0.11230 -0.3052 -0.6226 
0.252563 0.50659 0.26611 -0.11230 -0.3052 -0.3418 
0.253906 0.50537 0.27100 -0.10376 -0.5981 -0.3418 
0.253906 0.50537 0.27100 -0.10376 -0.5981 -0.3418 
0.253906 0.50537 0.27100 -0.10376 -0.5981 -0.3418 
0.253906 0.50537 0.27100 -0.10376 -0.5981 -0.3418 
0.253906 0.50537 0.27100 -0.10376 -0.5981 -0.3418 
0.253906 0.50537 0.27100 -0.10376 -0.5981 -0.3418 
0.253906 0.50537 0.27100 -0.10376 -0.5981 -0.3418 
0.253906 0.50537 0.27100 -0.10376 -0.5981 -0.3418 
0.253906 0.50537 0.27100 -0.10376 -0.5981 -0.3418 
0.253906 0.50537 0.27100 -0.10376 -0.5981 -0.3418 
0.253906 0.50659 0.27100 -0.7813 -0.7568 -0.2319 
0.253784 0.50659 0.27100 -0.7813 -0.7568 -0.2319 
0.253784 0.50659 0.27100 -0.7813 -0.7568 -0.2319 
0.253784 0.50659 0.27100 -0.7813 -0.7568 -0.2319 
0.253784 0.50659 0.27100 -0.7813 -0.7568 -0.2319 
0.253784 0.50659 0.27100 -0.7813 -0.7568 -0.2319 
0.253784 0.50659 0.27100 -0.7813 -0.7568 -0.2319 
0.253784 0.50659 0.27100 -0.7813 -0.7568 -0.2319 
0.253784 0.50659 0.27100 -0.7813 -0.7568 -0.2319 
0.253784 0.50659 0.27100 -0.7813 -0.7568 -0.2319 
0.253784 0.50659 0.26611 -0.5493 -0.7568 -0.1709 
0.252563 0.50171 0.26611 -0.5493 -0.7568 -0.1709 
0.252563 0.50171 0.26611 -0.5493 -0.7568 -0.1709 
0.252563 0.50171 0.26611 -0.5493 -0.7568 -0.1709 
0.252563 0.50171 0.26611 -0.5493 -0.7568 -0.1709 
0.252563 0.50171 0.26611 -0.5493 -0.7568 -0.1709 
0.252563 0.50171 0.26611 -0.5493 -0.7568 -0.1709 
0.252563 0.50171 0.26611 -0.5493 -0.7568 -0.1709 
0.252563 0.50171 0.26611 -0.5493 -0.7568 -0.1709 
0.252563 0.50171 0.26611 -0.5493 -0.7568 -0.1709 
0.252563 0.50171 0.26611 -0.5493 -0.6104 -0.1465 
0.252197 0.49683 0.26733 -0.3174 -0.6104 -0.1465 
0.252197 0.49683 0.26733 -0.3174 -0.6104 -0.1465 
0.252197 0.49683 0.26733 -0.3174 -0.6104 -0.1465 
0.252197 0.49683 0.26733 -0.3174 -0.6104 -0.1465 
0.252197 0.49683 0.26733 -0.3174 -0.6104 -0.1465 
0.252197 0.49683 0.26733 -0.3174 -0.6104 -0.1465 
0.252197 0.49683 0.26733 -0.3174 -0.6104 -0.1465 
0.252197 0.49683 0.26733 -0.3174 -0.6104 -0.1465 
0.252197 0.49683 0.26733 -0.3174 -0.6104 -0.1465 
0.252197 0.49683 0.26733 -0.3174 -0.6104 -0.1465 
0.252686 0.49805 0.27100 -0.366 -0.4028 -0.2075 
0.252686 0.49805 0.27100 -0.366 -0.4028 -0.2075 
0.252686 0.49805 0.27100 -0.366 -0.4028 -0.2075 
0.252686 0.49805 0.27100 -0.366 -0.4028 -0.2075 
0.252686 0.49805 0.27100 -0.366 -0.4028 -0.2075 
0.252686 0.49805 0.27100 -0.366 -0.4028 -0.2075 
0.252686 0.49805 0.27100 -0.366 -0.4028 -0.2075 
0.252686 0.49805 0.27100 -0.366 -0.4028 -0.2075 
0.252686 0.49805 0.27100 -0.366 -0.4028 -0.2075 
0.252686 0.49805 0.27100 -0.366 -0.4028 -0.2075 
0.252686 0.49805 0.27100 0.2686 -0.1343 -0.3784 
0.252441 0.50415 0.27100 0.2686 -0.1343 -0.3784 
0.252441 0.50415 0.27100 0.2686 -0.1343 -0.3784 
0.252441 0.50415 0.27100 0.2686 -0.1343 -0.3784 
0.252441 0.50415 0.27100 0.2686 -0.1343 -0.3784 
0.252441 0.50415 0.27100 0.2686 -0.1343 -0.3784 
0.252441 0.50415 0.27100 0.2686 -0.1343 -0.3784 
0.252441 0.50415 0.27100 0.2686 -0.1343 -0.3784 
0.252441 0.50415 0.27100 0.2686 -0.1343 -0.3784 
0.252441 0.50415 0.27100 0.2686 -0.1343 -0.3784 
0.252441 0.50415 0.27100 0.2686 0.1221 -0.6104 
0.252197 0.51636 0.26733 0.5371 0.1221 -0.6104 
0.252197 0.51636 0.26733 0.5371 0.1221 -0.6104 
0.252197 0.51636 0.26733 0.5371 0.1221 -0.6104 
0.252197 0.51636 0.26733 0.5371 0.1221 -0.6104 
0.252197 0.51636 0.26733 0.5371 0.1221 -0.6104 
0.252197 0.51636 0.26733 0.5371 0.1221 -0.6104 
0.252197 0.51636 0.26733 0.5371 0.1221 -0.6104 
0.252197 0.51636 0.26733 0.5371 0.1221 -0.6104 
0.252197 0.51636 0.26733 0.5371 0.1221 -0.6104 
0.252197 0.51636 0.26733 0.5371 0.1221 -0.8301 
0.251953 0.52490 0.26123 0.7080 0.3296 -0.8301 
