0.252441 0.41870 0.17456 -0.6104 0.732 -0.10620 
0.252441 0.41870 0.17456 -0.6104 0.732 -0.10620 
0.252441 0.41870 0.17456 -0.6104 0.732 -0.10620 
0.252441 0.41870 0.17456 -0.6104 0.732 -0.10620 
0.252441 0.41870 0.17456 -0.6104 0.732 -0.10620 
0.252441 0.41870 0.17456 -0.6104 0.732 -0.10620 
0.252441 0.41870 0.17456 -0.6104 0.732 -0.10620 
0.252441 0.41870 0.17456 -0.6104 0.732 -0.10620 
0.252441 0.41870 0.17456 -0.6104 0.732 -0.10620 
0.252197 0.41748 0.16846 -0.5005 -0.3418 -0.7813 
0.252197 0.41748 0.16846 -0.5005 -0.3418 -0.7813 
0.252197 0.41748 0.16846 -0.5005 -0.3418 -0.7813 
0.252197 0.41748 0.16846 -0.5005 -0.3418 -0.7813 
0.252197 0.41748 0.16846 -0.5005 -0.3418 -0.7813 
0.252197 0.41748 0.16846 -0.5005 -0.3418 -0.7813 
0.252197 0.41748 0.16846 -0.5005 -0.3418 -0.7813 
0.252197 0.41748 0.16846 -0.5005 -0.3418 -0.7813 
0.252197 0.41748 0.16846 -0.5005 -0.3418 -0.7813 
0.252197 0.41748 0.16846 -0.5005 -0.3418 -0.7813 
0.252197 0.41748 0.17822 -0.6348 -0.7324 -0.3662 
0.255981 0.41138 0.17822 -0.6348 -0.7324 -0.3662 
0.255981 0.41138 0.17822 -0.6348 -0.7324 -0.3662 
0.255981 0.41138 0.17822 -0.6348 -0.7324 -0.3662 
0.255981 0.41138 0.17822 -0.6348 -0.7324 -0.3662 
0.255981 0.41138 0.17822 -0.6348 -0.7324 -0.3662 
0.255981 0.41138 0.17822 -0.6348 -0.7324 -0.3662 
0.255981 0.41138 0.17822 -0.6348 -0.7324 -0.3662 
0.255981 0.41138 0.17822 -0.6348 -0.7324 -0.3662 
0.255981 0.41138 0.17822 -0.6348 -0.7324 -0.3662 
0.255981 0.41138 0.17822 -0.5981 -0.10986 -0.2319 
0.259033 0.40405 0.18677 -0.5981 -0.10986 -0.2319 
0.259033 0.40405 0.18677 -0.5981 -0.10986 -0.2319 
0.259033 0.40405 0.18677 -0.5981 -0.10986 -0.2319 
0.259033 0.40405 0.18677 -0.5981 -0.10986 -0.2319 
0.259033 0.40405 0.18677 -0.5981 -0.10986 -0.2319 
0.259033 0.40405 0.18677 -0.5981 -0.10986 -0.2319 
0.259033 0.40405 0.18677 -0.5981 -0.10986 -0.2319 
0.259033 0.40405 0.18677 -0.5981 -0.10986 -0.2319 
0.259033 0.40405 0.18677 -0.5981 -0.10986 -0.2319 
0.259033 0.40405 0.18677 -0.5981 -0.10986 -0.4028 
0.260742 0.39551 0.18066 -0.4883 -0.13550 -0.4028 
0.260742 0.39551 0.18066 -0.4883 -0.13550 -0.4028 
0.260742 0.39551 0.18066 -0.4883 -0.13550 -0.4028 
0.260742 0.39551 0.18066 -0.4883 -0.13550 -0.4028 
0.260742 0.39551 0.18066 -0.4883 -0.13550 -0.4028 
0.260742 0.39551 0.18066 -0.4883 -0.13550 -0.4028 
0.260742 0.39551 0.18066 -0.4883 -0.13550 -0.4028 
0.260742 0.39551 0.18066 -0.4883 -0.13550 -0.4028 
0.260742 0.39551 0.18066 -0.4883 -0.13550 -0.4028 
0.260742 0.39551 0.18066 -0.4883 -0.13550 -0.4028 
0.260742 0.38330 0.17700 -0.4639 -0.14282 -0.6592 
0.262451 0.38330 0.17700 -0.4639 -0.14282 -0.6592 
0.262451 0.38330 0.17700 -0.4639 -0.14282 -0.6592 
0.262451 0.38330 0.17700 -0.4639 -0.14282 -0.6592 
0.262451 0.38330 0.17700 -0.4639 -0.14282 -0.6592 
0.262451 0.38330 0.17700 -0.4639 -0.14282 -0.6592 
0.262451 0.38330 0.17700 -0.4639 -0.14282 -0.6592 
0.262451 0.38330 0.17700 -0.4639 -0.14282 -0.6592 
0.262451 0.38330 0.17700 -0.4639 -0.14282 -0.6592 
0.262451 0.38330 0.17700 -0.4639 -0.14282 -0.6592 
0.262451 0.38330 0.17700 -0.4639 -0.12817 -0.8423 
0.264526 0.36987 0.17944 -0.4639 -0.12817 -0.8423 
0.264526 0.36987 0.17944 -0.4639 -0.12817 -0.8423 
0.264526 0.36987 0.17944 -0.4639 -0.12817 -0.8423 
0.264526 0.36987 0.17944 -0.4639 -0.12817 -0.8423 
0.264526 0.36987 0.17944 -0.4639 -0.12817 -0.8423 
0.264526 0.36987 0.17944 -0.4639 -0.12817 -0.8423 
0.264526 0.36987 0.17944 -0.4639 -0.12817 -0.8423 
0.264526 0.36987 0.17944 -0.4639 -0.12817 -0.8423 
0.264526 0.36987 0.17944 -0.4639 -0.12817 -0.8423 
0.264526 0.36987 0.17944 -0.4639 -0.12817 -0.9277 
0.265625 0.36011 0.18066 -0.2930 -0.9521 -0.9277 
0.265625 0.36011 0.18066 -0.2930 -0.9521 -0.9277 
0.265625 0.36011 0.18066 -0.2930 -0.9521 -0.9277 
0.265625 0.36011 0.18066 -0.2930 -0.9521 -0.9277 
0.265625 0.36011 0.18066 -0.2930 -0.9521 -0.9277 
0.265625 0.36011 0.18066 -0.2930 -0.9521 -0.9277 
0.265625 0.36011 0.18066 -0.2930 -0.9521 -0.9277 
0.265625 0.36011 0.18066 -0.2930 -0.9521 -0.9277 
0.265625 0.36011 0.18066 -0.2930 -0.9521 -0.9277 
0.265625 0.36011 0.18066 -0.2930 -0.9521 -0.9277 
0.264404 0.36255 0.18433 -0.122 -0.5493 -0.9155 
0.264404 0.36255 0.18433 -0.122 -0.5493 -0.9155 
0.264404 0.36255 0.18433 -0.122 -0.5493 -0.9155 
0.264404 0.36255 0.18433 -0.122 -0.5493 -0.9155 
0.264404 0.36255 0.18433 -0.122 -0.5493 -0.9155 
0.264404 0.36255 0.18433 -0.122 -0.5493 -0.9155 
0.264404 0.36255 0.18433 -0.122 -0.5493 -0.9155 
0.264404 0.36255 0.18433 -0.122 -0.5493 -0.9155 
0.264404 0.36255 0.18433 -0.122 -0.5493 -0.9155 
0.264404 0.36255 0.18433 -0.122 -0.5493 -0.9155 
0.264404 0.36255 0.18433 0.1831 -0.1587 -0.8057 
0.261719 0.36865 0.18433 0.1831 -0.1587 -0.8057 
0.261719 0.36865 0.18433 0.1831 -0.1587 -0.8057 
0.261719 0.36865 0.18433 0.1831 -0.1587 -0.8057 
0.261719 0.36865 0.18433 0.1831 -0.1587 -0.8057 
0.261719 0.36865 0.18433 0.1831 -0.1587 -0.8057 
0.261719 0.36865 0.18433 0.1831 -0.1587 -0.8057 
0.261719 0.36865 0.18433 0.1831 -0.1587 -0.8057 
0.261719 0.36865 0.18433 0.1831 -0.1587 -0.8057 
0.261719 0.36865 0.18433 0.1831 -0.1587 -0.8057 
0.261719 0.36865 0.18433 0.1831 -0.29297 -0.5493 
0.258545 0.37109 0.17822 0.977 0.1953 -0.5493 
0.258545 0.37109 0.17822 0.977 0.1953 -0.5493 
0.258545 0.37109 0.17822 0.977 0.1953 -0.5493 
0.258545 0.37109 0.17822 0.977 0.1953 -0.5493 
0.258545 0.37109 0.17822 0.977 0.1953 -0.5493 
0.258545 0.37109 0.17822 0.977 0.1953 -0.5493 
0.258545 0.37109 0.17822 0.977 0.1953 -0.5493 
0.258545 0.37109 0.17822 0.977 0.1953 -0.5493 
0.258545 0.37109 0.17822 0.977 0.1953 -0.5493 
0.258545 0.37109 0.17822 0.977 0.1953 -0.5493 
0.256592 0.37109 0.17334 -0.1709 0.5493 -0.1709 
0.256592 0.37109 0.17334 -0.1709 0.5493 -0.1709 
0.256592 0.37109 0.17334 -0.1709 0.5493 -0.1709 
0.256592 0.37109 0.17334 -0.1709 0.5493 -0.1709 
0.256592 0.37109 0.17334 -0.1709 0.5493 -0.1709 
0.256592 0.37109 0.17334 -0.1709 0.5493 -0.1709 
0.256592 0.37109 0.17334 -0.1709 0.5493 -0.1709 
0.256592 0.37109 0.17334 -0.1709 0.5493 -0.1709 
0.256592 0.37109 0.17334 -0.1709 0.5493 -0.1709 
0.256592 0.37109 0.17334 -0.1709 0.5493 -0.1709 
0.256592 0.37109 0.17090 -0.3906 0.8423 0.1709 
0.256592 0.37476 0.17090 -0.3906 0.8423 0.1709 
0.256592 0.37476 0.17090 -0.3906 0.8423 0.1709 
0.256592 0.37476 0.17090 -0.3906 0.8423 0.1709 
0.256592 0.37476 0.17090 -0.3906 0.8423 0.1709 
0.256592 0.37476 0.17090 -0.3906 0.8423 0.1709 
0.256592 0.37476 0.17090 -0.3906 0.8423 0.1709 
0.256592 0.37476 0.17090 -0.3906 0.8423 0.1709 
0.256592 0.37476 0.17090 -0.3906 0.8423 0.1709 
0.256592 0.37476 0.17090 -0.3906 0.8423 0.1709 
0.256592 0.37476 0.17090 -0.3540 0.10132 0.3052 
0.256226 0.37842 0.17700 -0.3540 0.10132 0.3052 
0.256226 0.37842 0.17700 -0.3540 0.10132 0.3052 
0.256226 0.37842 0.17700 -0.3540 0.10132 0.3052 
0.256226 0.37842 0.17700 -0.3540 0.10132 0.3052 
0.256226 0.37842 0.17700 -0.3540 0.10132 0.3052 
0.256226 0.37842 0.17700 -0.3540 0.10132 0.3052 
0.256226 0.37842 0.17700 -0.3540 0.10132 0.3052 
0.256226 0.37842 0.17700 -0.3540 0.10132 0.3052 
0.256226 0.37842 0.17700 -0.3540 0.10132 0.3052 
0.256226 0.37842 0.17700 -0.3540 0.10132 0.3174 
0.255859 0.38086 0.17822 0.122 0.9888 0.3174 
0.255859 0.38086 0.17822 0.122 0.9888 0.3174 
0.255859 0.38086 0.17822 0.122 0.9888 0.3174 
0.255859 0.38086 0.17822 0.122 0.9888 0.3174 
0.255859 0.38086 0.17822 0.122 0.9888 0.3174 
0.255859 0.38086 0.17822 0.122 0.9888 0.3174 
0.255859 0.38086 0.17822 0.122 0.9888 0.3174 
