0.255859 0.44067 -0.732 -0.10986 -0.122 -0.5249 
0.256470 0.43823 -0.244 -0.8789 -0.977 -0.5249 
0.256470 0.43823 -0.244 -0.8789 -0.977 -0.5249 
0.256470 0.43823 -0.244 -0.8789 -0.977 -0.5249 
0.256470 0.43823 -0.244 -0.8789 -0.977 -0.5249 
0.256470 0.43823 -0.244 -0.8789 -0.977 -0.5249 
0.256470 0.43823 -0.244 -0.8789 -0.977 -0.5249 
0.256470 0.43823 -0.244 -0.8789 -0.977 -0.5249 
0.256470 0.43823 -0.244 -0.8789 -0.977 -0.5249 
0.256470 0.43823 -0.244 -0.8789 -0.977 -0.5249 
0.256470 0.43823 -0.244 -0.8789 -0.977 -0.5249 
0.256470 0.43091 -0.977 -0.7202 -0.1831 -0.6226 
0.254639 0.43091 -0.977 -0.7202 -0.1831 -0.6226 
0.254639 0.43091 -0.977 -0.7202 -0.1831 -0.6226 
0.254639 0.43091 -0.977 -0.7202 -0.1831 -0.6226 
0.254639 0.43091 -0.977 -0.7202 -0.1831 -0.6226 
0.254639 0.43091 -0.977 -0.7202 -0.1831 -0.6226 
0.254639 0.43091 -0.977 -0.7202 -0.1831 -0.6226 
0.254639 0.43091 -0.977 -0.7202 -0.1831 -0.6226 
0.254639 0.43091 -0.977 -0.7202 -0.1831 -0.6226 
0.254639 0.43091 -0.977 -0.7202 -0.1831 -0.6226 
0.254639 0.43091 -0.977 -0.6470 -0.2686 -0.4150 
0.254395 0.42847 -0.610 -0.6470 -0.2686 -0.4150 
0.254395 0.42847 -0.610 -0.6470 -0.2686 -0.4150 
0.254395 0.42847 -0.610 -0.6470 -0.2686 -0.4150 
0.254395 0.42847 -0.610 -0.6470 -0.2686 -0.4150 
0.254395 0.42847 -0.610 -0.6470 -0.2686 -0.4150 
0.254395 0.42847 -0.610 -0.6470 -0.2686 -0.4150 
0.254395 0.42847 -0.610 -0.6470 -0.2686 -0.4150 
0.254395 0.42847 -0.610 -0.6470 -0.2686 -0.4150 
0.254395 0.42847 -0.610 -0.6470 -0.2686 -0.4150 
0.254395 0.42847 -0.610 -0.6470 -0.2808 -0.2319 
0.255493 0.42847 0.610 -0.5981 -0.2808 -0.2319 
0.255493 0.42847 0.610 -0.5981 -0.2808 -0.2319 
0.255493 0.42847 0.610 -0.5981 -0.2808 -0.2319 
0.255493 0.42847 0.610 -0.5981 -0.2808 -0.2319 
0.255493 0.42847 0.610 -0.5981 -0.2808 -0.2319 
0.255493 0.42847 0.610 -0.5981 -0.2808 -0.2319 
0.255493 0.42847 0.610 -0.5981 -0.2808 -0.2319 
0.255493 0.42847 0.610 -0.5981 -0.2808 -0.2319 
0.255493 0.42847 0.610 -0.5981 -0.2808 -0.2319 
0.255493 0.42847 0.610 -0.5981 -0.2808 -0.2319 
0.256348 0.43213 0.1709 -0.5249 -0.2319 -0.1709 
0.256348 0.43213 0.1709 -0.5249 -0.2319 -0.1709 
0.256348 0.43213 0.1709 -0.5249 -0.2319 -0.1709 
0.256348 0.43213 0.1709 -0.5249 -0.2319 -0.1709 
0.256348 0.43213 0.1709 -0.5249 -0.2319 -0.1709 
0.256348 0.43213 0.1709 -0.5249 -0.2319 -0.1709 
0.256348 0.43213 0.1709 -0.5249 -0.2319 -0.1709 
0.256348 0.43213 0.1709 -0.5249 -0.2319 -0.1709 
0.256348 0.43213 0.1709 -0.5249 -0.2319 -0.1709 
0.256348 0.43213 0.1709 -0.5249 -0.2319 -0.1709 
0.256348 0.43213 0.3052 -0.4639 -0.1587 -0.2075 
0.257446 0.43701 0.3052 -0.4639 -0.1587 -0.2075 
0.257446 0.43701 0.3052 -0.4639 -0.1587 -0.2075 
0.257446 0.43701 0.3052 -0.4639 -0.1587 -0.2075 
0.257446 0.43701 0.3052 -0.4639 -0.1587 -0.2075 
0.257446 0.43701 0.3052 -0.4639 -0.1587 -0.2075 
0.257446 0.43701 0.3052 -0.4639 -0.1587 -0.2075 
0.257446 0.43701 0.3052 -0.4639 -0.1587 -0.2075 
0.257446 0.43701 0.3052 -0.4639 -0.1587 -0.2075 
0.257446 0.43701 0.3052 -0.4639 -0.1587 -0.2075 
0.257446 0.43701 0.3052 -0.4639 -0.854 -0.2563 
0.256958 0.44312 0.3662 -0.4272 -0.854 -0.2563 
0.256958 0.44312 0.3662 -0.4272 -0.854 -0.2563 
0.256958 0.44312 0.3662 -0.4272 -0.854 -0.2563 
0.256958 0.44312 0.3662 -0.4272 -0.854 -0.2563 
0.256958 0.44312 0.3662 -0.4272 -0.854 -0.2563 
0.256958 0.44312 0.3662 -0.4272 -0.854 -0.2563 
0.256958 0.44312 0.3662 -0.4272 -0.854 -0.2563 
0.256958 0.44312 0.3662 -0.4272 -0.854 -0.2563 
0.256958 0.44312 0.3662 -0.4272 -0.854 -0.2563 
0.256958 0.44312 0.3662 -0.4272 -0.854 -0.2563 
0.256714 0.44678 0.4150 -0.3906 -0.244 -0.2563 
0.256714 0.44678 0.4150 -0.3906 -0.244 -0.2563 
0.256714 0.44678 0.4150 -0.3906 -0.244 -0.2563 
0.256714 0.44678 0.4150 -0.3906 -0.244 -0.2563 
0.256714 0.44678 0.4150 -0.3906 -0.244 -0.2563 
0.256714 0.44678 0.4150 -0.3906 -0.244 -0.2563 
0.256714 0.44678 0.4150 -0.3906 -0.244 -0.2563 
0.256714 0.44678 0.4150 -0.3906 -0.244 -0.2563 
0.256714 0.44678 0.4150 -0.3906 -0.244 -0.2563 
0.256714 0.44678 0.4150 -0.3906 -0.244 -0.2563 
0.256714 0.45654 0.5127 -0.3174 0.122 -0.2197 
0.256836 0.45654 0.5127 -0.3174 0.122 -0.2197 
0.256836 0.45654 0.5127 -0.3174 0.122 -0.2197 
0.256836 0.45654 0.5127 -0.3174 0.122 -0.2197 
0.256836 0.45654 0.5127 -0.3174 0.122 -0.2197 
0.256836 0.45654 0.5127 -0.3174 0.122 -0.2197 
0.256836 0.45654 0.5127 -0.3174 0.122 -0.2197 
0.256836 0.45654 0.5127 -0.3174 0.122 -0.2197 
0.256836 0.45654 0.5127 -0.3174 0.122 -0.2197 
0.256836 0.45654 0.5127 -0.3174 0.122 -0.2197 
0.256836 0.45654 0.5127 -0.1221 -0.244 -0.2441 
0.256104 0.46021 0.5005 -0.1221 -0.244 -0.2441 
0.256104 0.46021 0.5005 -0.1221 -0.244 -0.2441 
0.256104 0.46021 0.5005 -0.1221 -0.244 -0.2441 
0.256104 0.46021 0.5005 -0.1221 -0.244 -0.2441 
0.256104 0.46021 0.5005 -0.1221 -0.244 -0.2441 
0.256104 0.46021 0.5005 -0.1221 -0.244 -0.2441 
0.256104 0.46021 0.5005 -0.1221 -0.244 -0.2441 
0.256104 0.46021 0.5005 -0.1221 -0.244 -0.2441 
0.256104 0.46021 0.5005 -0.1221 -0.244 -0.2441 
0.256104 0.46021 0.5005 -0.1221 -0.244 -0.2563 
0.256470 0.45654 0.4028 0.854 -0.244 -0.2563 
0.256470 0.45654 0.4028 0.854 -0.244 -0.2563 
0.256470 0.45654 0.4028 0.854 -0.244 -0.2563 
0.256470 0.45654 0.4028 0.854 -0.244 -0.2563 
0.256470 0.45654 0.4028 0.854 -0.244 -0.2563 
0.256470 0.45654 0.4028 0.854 -0.244 -0.2563 
0.256470 0.45654 0.4028 0.854 -0.244 -0.2563 
0.256470 0.45654 0.4028 0.854 -0.244 -0.2563 
0.256470 0.45654 0.4028 0.854 -0.244 -0.2563 
0.256470 0.45654 0.4028 0.854 -0.244 -0.2563 
0.256470 0.45288 0.3540 0.3296 0.610 -0.2075 
0.258057 0.45288 0.3540 0.3296 0.610 -0.2075 
0.258057 0.45288 0.3540 0.3296 0.610 -0.2075 
0.258057 0.45288 0.3540 0.3296 0.610 -0.2075 
0.258057 0.45288 0.3540 0.3296 0.610 -0.2075 
0.258057 0.45288 0.3540 0.3296 0.610 -0.2075 
0.258057 0.45288 0.3540 0.3296 0.610 -0.2075 
0.258057 0.45288 0.3540 0.3296 0.610 -0.2075 
0.258057 0.45288 0.3540 0.3296 0.610 -0.2075 
0.258057 0.45288 0.3540 0.3296 0.610 -0.2075 
0.258057 0.45288 0.3540 0.7446 0.2441 -0.1099 
0.261353 0.45166 0.5005 0.7446 0.2441 -0.1099 
0.261353 0.45166 0.5005 0.7446 0.2441 -0.1099 
0.261353 0.45166 0.5005 0.7446 0.2441 -0.1099 
0.261353 0.45166 0.5005 0.7446 0.2441 -0.1099 
0.261353 0.45166 0.5005 0.7446 0.2441 -0.1099 
0.261353 0.45166 0.5005 0.7446 0.2441 -0.1099 
0.261353 0.45166 0.5005 0.7446 0.2441 -0.1099 
0.261353 0.45166 0.5005 0.7446 0.2441 -0.1099 
0.261353 0.45166 0.5005 0.7446 0.2441 -0.1099 
0.261353 0.45166 0.5005 0.7446 0.4150 -0.366 
0.265747 0.45044 0.6958 0.14771 0.4150 -0.366 
0.265747 0.45044 0.6958 0.14771 0.4150 -0.366 
0.265747 0.45044 0.6958 0.14771 0.4150 -0.366 
0.265747 0.45044 0.6958 0.14771 0.4150 -0.366 
0.265747 0.45044 0.6958 0.14771 0.4150 -0.366 
0.265747 0.45044 0.6958 0.14771 0.4150 -0.366 
0.265747 0.45044 0.6958 0.14771 0.4150 -0.366 
0.265747 0.45044 0.6958 0.14771 0.4150 -0.366 
0.265747 0.45044 0.6958 0.14771 0.4150 -0.366 
0.265747 0.45044 0.6958 0.14771 0.4150 -0.366 
0.270264 0.44556 0.6958 0.23804 0.5493 -0.244 
0.270264 0.44556 0.6958 0.23804 0.5493 -0.244 
0.270264 0.44556 0.6958 0.23804 0.5493 -0.244 
0.270264 0.44556 0.6958 0.23804 0.5493 -0.244 
0.270264 0.44556 0.6958 0.23804 0.5493 -0.244 
