0.247681 0.31738 0.43945 0.5249 0.11963 -0.9399 
0.247681 0.31738 0.43945 0.5249 0.11963 -0.9399 
0.247681 0.31738 0.43945 0.5249 0.11963 -0.9399 
0.247681 0.31738 0.43945 0.5249 0.11963 -0.9399 
0.243530 0.32349 0.42603 0.3296 0.10254 -0.6958 
0.243530 0.32349 0.42603 0.3296 0.10254 -0.6958 
0.243530 0.32349 0.42603 0.3296 0.10254 -0.6958 
0.243530 0.32349 0.42603 0.3296 0.10254 -0.6958 
0.243530 0.32349 0.42603 0.3296 0.10254 -0.6958 
0.243530 0.32349 0.42603 0.3296 0.10254 -0.6958 
0.243530 0.32349 0.42603 0.3296 0.10254 -0.6958 
0.243530 0.32349 0.42603 0.3296 0.10254 -0.6958 
0.243530 0.32349 0.42603 0.3296 0.10254 -0.6958 
0.243530 0.32349 0.42603 0.3296 0.10254 -0.6958 
0.243530 0.32227 0.42236 -0.1709 0.6470 -0.1343 
0.243164 0.32227 0.42236 -0.1709 0.6470 -0.1343 
0.243164 0.32227 0.42236 -0.1709 0.6470 -0.1343 
0.243164 0.32227 0.42236 -0.1709 0.6470 -0.1343 
0.243164 0.32227 0.42236 -0.1709 0.6470 -0.1343 
0.243164 0.32227 0.42236 -0.1709 0.6470 -0.1343 
0.243164 0.32227 0.42236 -0.1709 0.6470 -0.1343 
0.243164 0.32227 0.42236 -0.1709 0.6470 -0.1343 
0.243164 0.32227 0.42236 -0.1709 0.6470 -0.1343 
0.243164 0.32227 0.42236 -0.1709 0.6470 -0.1343 
0.243164 0.32227 0.42236 -0.6836 0.977 0.5859 
0.246948 0.30273 0.41748 -0.6836 0.977 0.5859 
0.246948 0.30273 0.41748 -0.6836 0.977 0.5859 
0.246948 0.30273 0.41748 -0.6836 0.977 0.5859 
0.246948 0.30273 0.41748 -0.6836 0.977 0.5859 
0.246948 0.30273 0.41748 -0.6836 0.977 0.5859 
0.246948 0.30273 0.41748 -0.6836 0.977 0.5859 
0.246948 0.30273 0.41748 -0.6836 0.977 0.5859 
0.246948 0.30273 0.41748 -0.6836 0.977 0.5859 
0.246948 0.30273 0.41748 -0.6836 0.977 0.5859 
0.246948 0.30273 0.41748 -0.6836 0.977 0.9644 
0.251831 0.28809 0.42725 -0.8789 -0.2930 0.9644 
0.251831 0.28809 0.42725 -0.8789 -0.2930 0.9644 
0.251831 0.28809 0.42725 -0.8789 -0.2930 0.9644 
0.251831 0.28809 0.42725 -0.8789 -0.2930 0.9644 
0.251831 0.28809 0.42725 -0.8789 -0.2930 0.9644 
0.251831 0.28809 0.42725 -0.8789 -0.2930 0.9644 
0.251831 0.28809 0.42725 -0.8789 -0.2930 0.9644 
0.251831 0.28809 0.42725 -0.8789 -0.2930 0.9644 
0.251831 0.28809 0.42725 -0.8789 -0.2930 0.9644 
0.251831 0.28809 0.42725 -0.8789 -0.2930 0.9644 
0.251831 0.28076 0.43701 -0.6836 -0.5371 0.8911 
0.255859 0.28076 0.43701 -0.6836 -0.5371 0.8911 
0.255859 0.28076 0.43701 -0.6836 -0.5371 0.8911 
0.255859 0.28076 0.43701 -0.6836 -0.5371 0.8911 
0.255859 0.28076 0.43701 -0.6836 -0.5371 0.8911 
0.255859 0.28076 0.43701 -0.6836 -0.5371 0.8911 
0.255859 0.28076 0.43701 -0.6836 -0.5371 0.8911 
0.255859 0.28076 0.43701 -0.6836 -0.5371 0.8911 
0.255859 0.28076 0.43701 -0.6836 -0.5371 0.8911 
0.255859 0.28076 0.43701 -0.6836 -0.5371 0.8911 
0.255859 0.28076 0.43701 -0.3296 -0.5371 0.4761 
0.257568 0.27466 0.43945 -0.3296 -0.5371 0.4761 
0.257568 0.27466 0.43945 -0.3296 -0.5371 0.4761 
0.257568 0.27466 0.43945 -0.3296 -0.5371 0.4761 
0.257568 0.27466 0.43945 -0.3296 -0.5371 0.4761 
0.257568 0.27466 0.43945 -0.3296 -0.5371 0.4761 
0.257568 0.27466 0.43945 -0.3296 -0.5371 0.4761 
0.257568 0.27466 0.43945 -0.3296 -0.5371 0.4761 
0.257568 0.27466 0.43945 -0.3296 -0.5371 0.4761 
0.257568 0.27466 0.43945 -0.3296 -0.5371 0.4761 
0.257568 0.27466 0.43945 -0.3296 -0.2686 -0.488 
0.256958 0.26855 0.43701 0.732 -0.2686 -0.488 
0.256958 0.26855 0.43701 0.732 -0.2686 -0.488 
0.256958 0.26855 0.43701 0.732 -0.2686 -0.488 
0.256958 0.26855 0.43701 0.732 -0.2686 -0.488 
0.256958 0.26855 0.43701 0.732 -0.2686 -0.488 
0.256958 0.26855 0.43701 0.732 -0.2686 -0.488 
0.256958 0.26855 0.43701 0.732 -0.2686 -0.488 
0.256958 0.26855 0.43701 0.732 -0.2686 -0.488 
0.256958 0.26855 0.43701 0.732 -0.2686 -0.488 
0.256958 0.26855 0.43701 0.732 -0.2686 -0.488 
0.254761 0.26733 0.42847 0.3296 0.2441 -0.3906 
0.254761 0.26733 0.42847 0.3296 0.2441 -0.3906 
0.254761 0.26733 0.42847 0.3296 0.2441 -0.3906 
0.254761 0.26733 0.42847 0.3296 0.2441 -0.3906 
0.254761 0.26733 0.42847 0.3296 0.2441 -0.3906 
0.254761 0.26733 0.42847 0.3296 0.2441 -0.3906 
0.254761 0.26733 0.42847 0.3296 0.2441 -0.3906 
0.254761 0.26733 0.42847 0.3296 0.2441 -0.3906 
0.254761 0.26733 0.42847 0.3296 0.2441 -0.3906 
0.254761 0.26733 0.42847 0.3296 0.2441 -0.3906 
0.254761 0.26733 0.41870 0.3052 0.8667 -0.3906 
0.252075 0.26733 0.41870 0.3052 0.8667 -0.3906 
0.252075 0.26733 0.41870 0.3052 0.8667 -0.3906 
0.252075 0.26733 0.41870 0.3052 0.8667 -0.3906 
0.252075 0.26733 0.41870 0.3052 0.8667 -0.3906 
0.252075 0.26733 0.41870 0.3052 0.8667 -0.3906 
0.252075 0.26733 0.41870 0.3052 0.8667 -0.3906 
0.252075 0.26733 0.41870 0.3052 0.8667 -0.3906 
0.252075 0.26733 0.41870 0.3052 0.8667 -0.3906 
0.252075 0.26733 0.41870 0.3052 0.8667 -0.3906 
0.252075 0.26733 0.41870 0.3052 0.14771 -0.854 
0.250122 0.27100 0.42236 0.122 0.14771 -0.854 
0.250122 0.27100 0.42236 0.122 0.14771 -0.854 
0.250122 0.27100 0.42236 0.122 0.14771 -0.854 
0.250122 0.27100 0.42236 0.122 0.14771 -0.854 
0.250122 0.27100 0.42236 0.122 0.14771 -0.854 
0.250122 0.27100 0.42236 0.122 0.14771 -0.854 
0.250122 0.27100 0.42236 0.122 0.14771 -0.854 
0.250122 0.27100 0.42236 0.122 0.14771 -0.854 
0.250122 0.27100 0.42236 0.122 0.14771 -0.854 
0.250122 0.27100 0.42236 0.122 0.14771 -0.854 
0.249756 0.27710 0.44067 -0.2808 0.20142 0.2563 
0.249756 0.27710 0.44067 -0.2808 0.20142 0.2563 
0.249756 0.27710 0.44067 -0.2808 0.20142 0.2563 
0.249756 0.27710 0.44067 -0.2808 0.20142 0.2563 
0.249756 0.27710 0.44067 -0.2808 0.20142 0.2563 
0.249756 0.27710 0.44067 -0.2808 0.20142 0.2563 
0.249756 0.27710 0.44067 -0.2808 0.20142 0.2563 
0.249756 0.27710 0.44067 -0.2808 0.20142 0.2563 
0.249756 0.27710 0.44067 -0.2808 0.20142 0.2563 
0.249756 0.27710 0.44067 -0.2808 0.20142 0.2563 
0.249756 0.28442 0.46143 -0.2686 0.23438 0.4272 
0.251709 0.28442 0.46143 -0.2686 0.23438 0.4272 
0.251709 0.28442 0.46143 -0.2686 0.23438 0.4272 
0.251709 0.28442 0.46143 -0.2686 0.23438 0.4272 
0.251709 0.28442 0.46143 -0.2686 0.23438 0.4272 
0.251709 0.28442 0.46143 -0.2686 0.23438 0.4272 
0.251709 0.28442 0.46143 -0.2686 0.23438 0.4272 
0.251709 0.28442 0.46143 -0.2686 0.23438 0.4272 
0.251709 0.28442 0.46143 -0.2686 0.23438 0.4272 
0.251709 0.28442 0.46143 -0.2686 0.23438 0.4272 
0.251709 0.28442 0.46143 -0.29785 0.24170 0.2930 
0.254272 0.29541 0.48218 0.1465 0.24170 0.2930 
0.254272 0.29541 0.48218 0.1465 0.24170 0.2930 
0.254272 0.29541 0.48218 0.1465 0.24170 0.2930 
0.254272 0.29541 0.48218 0.1465 0.24170 0.2930 
0.254272 0.29541 0.48218 0.1465 0.24170 0.2930 
0.254272 0.29541 0.48218 0.1465 0.24170 0.2930 
0.254272 0.29541 0.48218 0.1465 0.24170 0.2930 
0.254272 0.29541 0.48218 0.1465 0.24170 0.2930 
0.254272 0.29541 0.48218 0.1465 0.24170 0.2930 
0.254272 0.29541 0.48218 0.1465 0.24170 0.30762 
0.255371 0.30029 0.49072 0.7080 0.23315 -0.488 
0.255371 0.30029 0.49072 0.7080 0.23315 -0.488 
0.255371 0.30029 0.49072 0.7080 0.23315 -0.488 
0.255371 0.30029 0.49072 0.7080 0.23315 -0.488 
0.255371 0.30029 0.49072 0.7080 0.23315 -0.488 
0.255371 0.30029 0.49072 0.7080 0.23315 -0.488 
0.255371 0.30029 0.49072 0.7080 0.23315 -0.488 
0.255371 0.30029 0.49072 0.7080 0.23315 -0.488 
0.255371 0.30029 0.49072 0.7080 0.23315 -0.488 
0.255371 0.30029 0.49072 0.7080 0.23315 -0.488 
0.255371 0.29419 0.49316 0.12085 0.21362 -0.3784 
0.255493 0.29419 0.49316 0.12085 0.21362 -0.3784 
