0.257568 0.35034 0.6226 -0.13184 -0.2319 -0.20874 
0.257568 0.35034 0.6226 -0.13184 -0.2319 -0.20874 
0.257568 0.35034 0.6226 -0.13184 -0.2319 -0.20874 
0.257568 0.35034 0.6226 -0.13184 -0.2319 -0.20874 
0.257568 0.35034 0.6226 -0.13184 -0.2319 -0.20874 
0.257568 0.35034 0.6226 -0.13184 -0.2319 -0.20874 
0.257568 0.35034 0.6226 -0.13184 -0.2319 -0.20874 
0.257568 0.35034 0.6226 -0.13184 -0.2319 -0.20874 
0.257568 0.35034 0.6226 -0.13184 -0.2319 -0.20874 
0.257568 0.35034 0.6226 -0.13184 -0.2319 -0.9277 
0.249023 0.37598 0.4639 -0.13916 -0.3418 -0.9277 
0.249023 0.37598 0.4639 -0.13916 -0.3418 -0.9277 
0.249023 0.37598 0.4639 -0.13916 -0.3418 -0.9277 
0.249023 0.37598 0.4639 -0.13916 -0.3418 -0.9277 
0.249023 0.37598 0.4639 -0.13916 -0.3418 -0.9277 
0.249023 0.37598 0.4639 -0.13916 -0.3418 -0.9277 
0.249023 0.37598 0.4639 -0.13916 -0.3418 -0.9277 
0.249023 0.37598 0.4639 -0.13916 -0.3418 -0.9277 
0.249023 0.37598 0.4639 -0.13916 -0.3418 -0.9277 
0.249023 0.37598 0.4639 -0.13916 -0.3418 -0.9277 
0.249023 0.38574 0.4150 -0.16602 -0.10986 0.5371 
0.247437 0.38574 0.4150 -0.16602 -0.10986 0.5371 
0.247437 0.38574 0.4150 -0.16602 -0.10986 0.5371 
0.247437 0.38574 0.4150 -0.16602 -0.10986 0.5371 
0.247437 0.38574 0.4150 -0.16602 -0.10986 0.5371 
0.247437 0.38574 0.4150 -0.16602 -0.10986 0.5371 
0.247437 0.38574 0.4150 -0.16602 -0.10986 0.5371 
0.247437 0.38574 0.4150 -0.16602 -0.10986 0.5371 
0.247437 0.38574 0.4150 -0.16602 -0.10986 0.5371 
0.247437 0.38574 0.4150 -0.16602 -0.10986 0.5371 
0.247437 0.38574 0.4150 -0.15503 -0.21851 0.15015 
0.248047 0.37842 0.3296 -0.15503 -0.21851 0.15015 
0.248047 0.37842 0.3296 -0.15503 -0.21851 0.15015 
0.248047 0.37842 0.3296 -0.15503 -0.21851 0.15015 
0.248047 0.37842 0.3296 -0.15503 -0.21851 0.15015 
0.248047 0.37842 0.3296 -0.15503 -0.21851 0.15015 
0.248047 0.37842 0.3296 -0.15503 -0.21851 0.15015 
0.248047 0.37842 0.3296 -0.15503 -0.21851 0.15015 
0.248047 0.37842 0.3296 -0.15503 -0.21851 0.15015 
0.248047 0.37842 0.3296 -0.15503 -0.21851 0.15015 
0.248047 0.37842 0.3296 -0.15503 -0.122 0.17456 
0.251709 0.36621 0.3540 -0.10864 -0.31372 0.17456 
0.251709 0.36621 0.3540 -0.10864 -0.31372 0.17456 
0.251709 0.36621 0.3540 -0.10864 -0.31372 0.17456 
0.251709 0.36621 0.3540 -0.10864 -0.31372 0.17456 
0.251709 0.36621 0.3540 -0.10864 -0.31372 0.17456 
0.251709 0.36621 0.3540 -0.10864 -0.31372 0.17456 
0.251709 0.36621 0.3540 -0.10864 -0.31372 0.17456 
0.251709 0.36621 0.3540 -0.10864 -0.31372 0.17456 
0.251709 0.36621 0.3540 -0.10864 -0.31372 0.17456 
0.251709 0.36621 0.3540 -0.10864 -0.31372 0.17456 
0.254395 0.35034 0.2441 -0.4395 -0.36499 0.11963 
0.254395 0.35034 0.2441 -0.4395 -0.36499 0.11963 
0.254395 0.35034 0.2441 -0.4395 -0.36499 0.11963 
0.254395 0.35034 0.2441 -0.4395 -0.36499 0.11963 
0.254395 0.35034 0.2441 -0.4395 -0.36499 0.11963 
0.254395 0.35034 0.2441 -0.4395 -0.36499 0.11963 
0.254395 0.35034 0.2441 -0.4395 -0.36499 0.11963 
0.254395 0.35034 0.2441 -0.4395 -0.36499 0.11963 
0.254395 0.35034 0.2441 -0.4395 -0.36499 0.11963 
0.254395 0.35034 0.2441 -0.4395 -0.36499 0.11963 
0.254395 0.35034 0.1587 0.2075 -0.36133 0.1709 
0.255615 0.33325 0.1587 0.2075 -0.36133 0.1709 
0.255615 0.33325 0.1587 0.2075 -0.36133 0.1709 
0.255615 0.33325 0.1587 0.2075 -0.36133 0.1709 
0.255615 0.33325 0.1587 0.2075 -0.36133 0.1709 
0.255615 0.33325 0.1587 0.2075 -0.36133 0.1709 
0.255615 0.33325 0.1587 0.2075 -0.36133 0.1709 
0.255615 0.33325 0.1587 0.2075 -0.36133 0.1709 
0.255615 0.33325 0.1587 0.2075 -0.36133 0.1709 
0.255615 0.33325 0.1587 0.2075 -0.36133 0.1709 
0.255615 0.33325 0.1587 0.2075 -0.30884 -0.9155 
0.257446 0.32104 0.1221 0.6226 -0.30884 -0.9155 
0.257446 0.32104 0.1221 0.6226 -0.30884 -0.9155 
0.257446 0.32104 0.1221 0.6226 -0.30884 -0.9155 
0.257446 0.32104 0.1221 0.6226 -0.30884 -0.9155 
0.257446 0.32104 0.1221 0.6226 -0.30884 -0.9155 
0.257446 0.32104 0.1221 0.6226 -0.30884 -0.9155 
0.257446 0.32104 0.1221 0.6226 -0.30884 -0.9155 
0.257446 0.32104 0.1221 0.6226 -0.30884 -0.9155 
0.257446 0.32104 0.1221 0.6226 -0.30884 -0.9155 
0.257446 0.32104 0.1221 0.6226 -0.30884 -0.9155 
0.257568 0.31006 0.488 0.7446 -0.21362 -0.17944 
0.257568 0.31006 0.488 0.7446 -0.21362 -0.17944 
0.257568 0.31006 0.488 0.7446 -0.21362 -0.17944 
0.257568 0.31006 0.488 0.7446 -0.21362 -0.17944 
0.257568 0.31006 0.488 0.7446 -0.21362 -0.17944 
0.257568 0.31006 0.488 0.7446 -0.21362 -0.17944 
0.257568 0.31006 0.488 0.7446 -0.21362 -0.17944 
0.257568 0.31006 0.488 0.7446 -0.21362 -0.17944 
0.257568 0.31006 0.488 0.7446 -0.21362 -0.17944 
0.257568 0.31006 0.488 0.7446 -0.21362 -0.17944 
0.257568 0.244 0.00 0.6104 -0.9644 -0.22095 
0.256470 0.31494 0.00 0.6104 -0.9644 -0.22095 
0.256470 0.31494 0.00 0.6104 -0.9644 -0.22095 
0.256470 0.31494 0.00 0.6104 -0.9644 -0.22095 
0.256470 0.31494 0.00 0.6104 -0.9644 -0.22095 
0.256470 0.31494 0.00 0.6104 -0.9644 -0.22095 
0.256470 0.31494 0.00 0.6104 -0.9644 -0.22095 
0.256470 0.31494 0.00 0.6104 -0.9644 -0.22095 
0.256470 0.31494 0.00 0.6104 -0.9644 -0.22095 
0.256470 0.31494 0.00 0.6104 -0.9644 -0.22095 
0.256470 0.31494 0.00 0.1831 0.2686 -0.20752 
0.257080 0.32959 -0.122 0.1831 0.2686 -0.20752 
0.257080 0.32959 -0.122 0.1831 0.2686 -0.20752 
0.257080 0.32959 -0.122 0.1831 0.2686 -0.20752 
0.257080 0.32959 -0.122 0.1831 0.2686 -0.20752 
0.257080 0.32959 -0.122 0.1831 0.2686 -0.20752 
0.257080 0.32959 -0.122 0.1831 0.2686 -0.20752 
0.257080 0.32959 -0.122 0.1831 0.2686 -0.20752 
0.257080 0.32959 -0.122 0.1831 0.2686 -0.20752 
0.257080 0.32959 -0.122 0.1831 0.2686 -0.20752 
0.257080 0.32959 -0.122 0.1831 0.2686 -0.16846 
0.259399 0.34302 0.1099 -0.3052 0.14404 -0.16846 
0.259399 0.34302 0.1099 -0.3052 0.14404 -0.16846 
0.259399 0.34302 0.1099 -0.3052 0.14404 -0.16846 
0.259399 0.34302 0.1099 -0.3052 0.14404 -0.16846 
0.259399 0.34302 0.1099 -0.3052 0.14404 -0.16846 
0.259399 0.34302 0.1099 -0.3052 0.14404 -0.16846 
0.259399 0.34302 0.1099 -0.3052 0.14404 -0.16846 
0.259399 0.34302 0.1099 -0.3052 0.14404 -0.16846 
0.259399 0.34302 0.1099 -0.3052 0.14404 -0.16846 
0.259399 0.34302 0.1099 -0.3052 0.14404 -0.16846 
0.259399 0.35522 0.2686 -0.5249 0.24414 -0.13550 
0.261353 0.35522 0.2686 -0.5249 0.24414 -0.13550 
0.261353 0.35522 0.2686 -0.5249 0.24414 -0.13550 
0.261353 0.35522 0.2686 -0.5249 0.24414 -0.13550 
0.261353 0.35522 0.2686 -0.5249 0.24414 -0.13550 
0.261353 0.35522 0.2686 -0.5249 0.24414 -0.13550 
0.261353 0.35522 0.2686 -0.5249 0.24414 -0.13550 
0.261353 0.35522 0.2686 -0.5249 0.24414 -0.13550 
0.261353 0.35522 0.2686 -0.5249 0.24414 -0.13550 
0.261353 0.35522 0.2686 -0.5249 0.24414 -0.13550 
0.261353 0.35522 0.2686 -0.3540 0.31372 -0.12207 
0.262573 0.36865 0.4395 -0.3540 0.31372 -0.12207 
0.262573 0.36865 0.4395 -0.3540 0.31372 -0.12207 
0.262573 0.36865 0.4395 -0.3540 0.31372 -0.12207 
0.262573 0.36865 0.4395 -0.3540 0.31372 -0.12207 
0.262573 0.36865 0.4395 -0.3540 0.31372 -0.12207 
0.262573 0.36865 0.4395 -0.3540 0.31372 -0.12207 
0.262573 0.36865 0.4395 -0.3540 0.31372 -0.12207 
0.262573 0.36865 0.4395 -0.3540 0.31372 -0.12207 
0.262573 0.36865 0.4395 -0.3540 0.31372 -0.12207 
0.262573 0.36865 0.4395 -0.3540 0.34058 -0.12329 
0.263062 0.38208 0.6226 0.2197 0.34058 -0.12329 
0.263062 0.38208 0.6226 0.2197 0.34058 -0.12329 
0.263062 0.38208 0.6226 0.2197 0.34058 -0.12329 
0.263062 0.38208 0.6226 0.2197 0.34058 -0.12329 
0.263062 0.38208 0.6226 0.2197 0.34058 -0.12329 
0.263062 0.38208 0.6226 0.2197 0.34058 -0.12329 
