0.262207 0.38086 0.3906 -0.11597 0.5493 -0.8423 
0.262207 0.38086 0.3906 -0.11597 0.5493 -0.8423 
0.262207 0.38086 0.3906 -0.11597 0.5493 -0.8423 
0.262207 0.38086 0.3906 -0.11597 0.5493 -0.8423 
0.260864 0.38086 0.3662 -0.10010 0.4883 -0.10132 
0.260864 0.38086 0.3662 -0.10010 0.4883 -0.10132 
0.260864 0.38086 0.3662 -0.10010 0.4883 -0.10132 
0.260864 0.38086 0.3662 -0.10010 0.4883 -0.10132 
0.260864 0.38086 0.3662 -0.10010 0.4883 -0.10132 
0.260864 0.38086 0.3662 -0.10010 0.4883 -0.10132 
0.260864 0.38086 0.3662 -0.10010 0.4883 -0.10132 
0.260864 0.38086 0.3662 -0.10010 0.4883 -0.10132 
0.260864 0.38086 0.3662 -0.10010 0.4883 -0.10132 
0.260864 0.38086 0.3662 -0.10010 0.4883 -0.10132 
0.260864 0.38086 0.4028 -0.10620 0.4761 -0.8545 
0.257813 0.39185 0.4028 -0.10620 0.4761 -0.8545 
0.257813 0.39185 0.4028 -0.10620 0.4761 -0.8545 
0.257813 0.39185 0.4028 -0.10620 0.4761 -0.8545 
0.257813 0.39185 0.4028 -0.10620 0.4761 -0.8545 
0.257813 0.39185 0.4028 -0.10620 0.4761 -0.8545 
0.257813 0.39185 0.4028 -0.10620 0.4761 -0.8545 
0.257813 0.39185 0.4028 -0.10620 0.4761 -0.8545 
0.257813 0.39185 0.4028 -0.10620 0.4761 -0.8545 
0.257813 0.39185 0.4028 -0.10620 0.4761 -0.8545 
0.257813 0.39185 0.4028 -0.10620 0.2319 -0.5005 
0.256104 0.39307 0.3296 -0.12329 0.2319 -0.5005 
0.256104 0.39307 0.3296 -0.12329 0.2319 -0.5005 
0.256104 0.39307 0.3296 -0.12329 0.2319 -0.5005 
0.256104 0.39307 0.3296 -0.12329 0.2319 -0.5005 
0.256104 0.39307 0.3296 -0.12329 0.2319 -0.5005 
0.256104 0.39307 0.3296 -0.12329 0.2319 -0.5005 
0.256104 0.39307 0.3296 -0.12329 0.2319 -0.5005 
0.256104 0.39307 0.3296 -0.12329 0.2319 -0.5005 
0.256104 0.39307 0.3296 -0.12329 0.2319 -0.5005 
0.256104 0.39307 0.3296 -0.12329 0.2319 -0.5005 
0.258057 0.38940 0.3784 -0.15625 0.1099 -0.1709 
0.258057 0.38940 0.3784 -0.15625 0.1099 -0.1709 
0.258057 0.38940 0.3784 -0.15625 0.1099 -0.1709 
0.258057 0.38940 0.3784 -0.15625 0.1099 -0.1709 
0.258057 0.38940 0.3784 -0.15625 0.1099 -0.1709 
0.258057 0.38940 0.3784 -0.15625 0.1099 -0.1709 
0.258057 0.38940 0.3784 -0.15625 0.1099 -0.1709 
0.258057 0.38940 0.3784 -0.15625 0.1099 -0.1709 
0.258057 0.38940 0.3784 -0.15625 0.1099 -0.1709 
0.258057 0.38940 0.3784 -0.15625 0.1099 -0.1709 
0.258057 0.38940 0.5005 -0.17456 0.1343 -0.1709 
0.260376 0.38452 0.5005 -0.17456 0.1343 -0.1709 
0.260376 0.38452 0.5005 -0.17456 0.1343 -0.1709 
0.260376 0.38452 0.5005 -0.17456 0.1343 -0.1709 
0.260376 0.38452 0.5005 -0.17456 0.1343 -0.1709 
0.260376 0.38452 0.5005 -0.17456 0.1343 -0.1709 
0.260376 0.38452 0.5005 -0.17456 0.1343 -0.1709 
0.260376 0.38452 0.5005 -0.17456 0.1343 -0.1709 
0.260376 0.38452 0.5005 -0.17456 0.1343 -0.1709 
0.260376 0.38452 0.5005 -0.17456 0.1343 -0.1709 
0.260376 0.38452 0.5005 -0.15503 0.2319 -0.4761 
0.260864 0.38452 0.5737 -0.15503 0.2319 -0.4761 
0.260864 0.38452 0.5737 -0.15503 0.2319 -0.4761 
0.260864 0.38452 0.5737 -0.15503 0.2319 -0.4761 
0.260864 0.38452 0.5737 -0.15503 0.2319 -0.4761 
0.260864 0.38452 0.5737 -0.15503 0.2319 -0.4761 
0.260864 0.38452 0.5737 -0.15503 0.2319 -0.4761 
0.260864 0.38452 0.5737 -0.15503 0.2319 -0.4761 
0.260864 0.38452 0.5737 -0.15503 0.2319 -0.4761 
0.260864 0.38452 0.5737 -0.15503 0.2319 -0.4761 
0.260864 0.38452 0.5737 -0.15503 0.2319 -0.7813 
0.261353 0.38208 0.5371 -0.11475 0.4028 -0.7813 
0.261353 0.38208 0.5371 -0.11475 0.4028 -0.7813 
0.261353 0.38208 0.5371 -0.11475 0.4028 -0.7813 
0.261353 0.38208 0.5371 -0.11475 0.4028 -0.7813 
0.261353 0.38208 0.5371 -0.11475 0.4028 -0.7813 
0.261353 0.38208 0.5371 -0.11475 0.4028 -0.7813 
0.261353 0.38208 0.5371 -0.11475 0.4028 -0.7813 
0.261353 0.38208 0.5371 -0.11475 0.4028 -0.7813 
0.261353 0.38208 0.5371 -0.11475 0.4028 -0.7813 
0.261353 0.38208 0.5371 -0.11475 0.4028 -0.7813 
0.261353 0.38452 0.4883 -0.6470 0.6104 -0.9521 
0.261353 0.38452 0.4883 -0.6470 0.6104 -0.9521 
0.261353 0.38452 0.4883 -0.6470 0.6104 -0.9521 
0.261353 0.38452 0.4883 -0.6470 0.6104 -0.9521 
0.261353 0.38452 0.4883 -0.6470 0.6104 -0.9521 
0.261353 0.38452 0.4883 -0.6470 0.6104 -0.9521 
0.261353 0.38452 0.4883 -0.6470 0.6104 -0.9521 
0.261353 0.38452 0.4883 -0.6470 0.6104 -0.9521 
0.261353 0.38452 0.4883 -0.6470 0.6104 -0.9521 
0.261353 0.38452 0.4883 -0.6470 0.6104 -0.9521 
0.261353 0.38452 0.4883 -0.366 0.7690 -0.9644 
0.258545 0.39429 0.3906 -0.366 0.7690 -0.9644 
0.258545 0.39429 0.3906 -0.366 0.7690 -0.9644 
0.258545 0.39429 0.3906 -0.366 0.7690 -0.9644 
0.258545 0.39429 0.3906 -0.366 0.7690 -0.9644 
0.258545 0.39429 0.3906 -0.366 0.7690 -0.9644 
0.258545 0.39429 0.3906 -0.366 0.7690 -0.9644 
0.258545 0.39429 0.3906 -0.366 0.7690 -0.9644 
0.258545 0.39429 0.3906 -0.366 0.7690 -0.9644 
0.258545 0.39429 0.3906 -0.366 0.7690 -0.9644 
0.258545 0.39429 0.3906 -0.366 0.7690 -0.7813 
0.254395 0.41138 0.2930 0.4272 0.8423 -0.7813 
0.254395 0.41138 0.2930 0.4272 0.8423 -0.7813 
0.254395 0.41138 0.2930 0.4272 0.8423 -0.7813 
0.254395 0.41138 0.2930 0.4272 0.8423 -0.7813 
0.254395 0.41138 0.2930 0.4272 0.8423 -0.7813 
0.254395 0.41138 0.2930 0.4272 0.8423 -0.7813 
0.254395 0.41138 0.2930 0.4272 0.8423 -0.7813 
0.254395 0.41138 0.2930 0.4272 0.8423 -0.7813 
0.254395 0.41138 0.2930 0.4272 0.8423 -0.7813 
0.254395 0.41138 0.2930 0.4272 0.8423 -0.7813 
0.251831 0.42358 0.2319 0.7446 0.7935 -0.4639 
0.251831 0.42358 0.2319 0.7446 0.7935 -0.4639 
0.251831 0.42358 0.2319 0.7446 0.7935 -0.4639 
0.251831 0.42358 0.2319 0.7446 0.7935 -0.4639 
0.251831 0.42358 0.2319 0.7446 0.7935 -0.4639 
0.251831 0.42358 0.2319 0.7446 0.7935 -0.4639 
0.251831 0.42358 0.2319 0.7446 0.7935 -0.4639 
0.251831 0.42358 0.2319 0.7446 0.7935 -0.4639 
0.251831 0.42358 0.2319 0.7446 0.7935 -0.4639 
0.251831 0.42358 0.2319 0.7446 0.7935 -0.4639 
0.251831 0.42358 0.732 0.10742 0.6714 -0.1099 
0.250977 0.43213 0.732 0.10742 0.6714 -0.1099 
0.250977 0.43213 0.732 0.10742 0.6714 -0.1099 
0.250977 0.43213 0.732 0.10742 0.6714 -0.1099 
0.250977 0.43213 0.732 0.10742 0.6714 -0.1099 
0.250977 0.43213 0.732 0.10742 0.6714 -0.1099 
0.250977 0.43213 0.732 0.10742 0.6714 -0.1099 
0.250977 0.43213 0.732 0.10742 0.6714 -0.1099 
0.250977 0.43213 0.732 0.10742 0.6714 -0.1099 
0.250977 0.43213 0.732 0.10742 0.6714 -0.1099 
0.250977 0.43213 0.732 0.10742 0.5737 0.2686 
0.253174 0.42969 -0.488 0.15015 0.5737 0.2686 
0.253174 0.42969 -0.488 0.15015 0.5737 0.2686 
0.253174 0.42969 -0.488 0.15015 0.5737 0.2686 
0.253174 0.42969 -0.488 0.15015 0.5737 0.2686 
0.253174 0.42969 -0.488 0.15015 0.5737 0.2686 
0.253174 0.42969 -0.488 0.15015 0.5737 0.2686 
0.253174 0.42969 -0.488 0.15015 0.5737 0.2686 
0.253174 0.42969 -0.488 0.15015 0.5737 0.2686 
0.253174 0.42969 -0.488 0.15015 0.5737 0.2686 
0.253174 0.42969 -0.488 0.15015 0.5737 0.2686 
0.259033 0.41626 -0.2075 0.21973 0.4395 0.5493 
0.259033 0.41626 -0.2075 0.21973 0.4395 0.5493 
0.259033 0.41626 -0.2075 0.21973 0.4395 0.5493 
0.259033 0.41626 -0.2075 0.21973 0.4395 0.5493 
0.259033 0.41626 -0.2075 0.21973 0.4395 0.5493 
0.259033 0.41626 -0.2075 0.21973 0.4395 0.5493 
0.259033 0.41626 -0.2075 0.21973 0.4395 0.5493 
0.259033 0.41626 -0.2075 0.21973 0.4395 0.5493 
0.259033 0.41626 -0.2075 0.21973 0.4395 0.5493 
0.259033 0.41626 -0.2075 0.21973 0.4395 0.5493 
0.259033 0.41626 -0.11719 0.31982 0.1587 0.6348 
0.263550 0.38330 -0.11719 0.31982 0.1587 0.6348 
