0.258423 0.33569 0.23560 -0.366 0.4517 0.610 
0.258423 0.33569 0.23560 -0.366 0.4517 0.610 
0.258423 0.33569 0.23560 -0.366 0.977 0.4028 
0.257935 0.35400 0.25879 0.1831 0.977 0.4028 
0.257935 0.35400 0.25879 0.1831 0.977 0.4028 
0.257935 0.35400 0.25879 0.1831 0.977 0.4028 
0.257935 0.35400 0.25879 0.1831 0.977 0.4028 
0.257935 0.35400 0.25879 0.1831 0.977 0.4028 
0.257935 0.35400 0.25879 0.1831 0.977 0.4028 
0.257935 0.35400 0.25879 0.1831 0.977 0.4028 
0.257935 0.35400 0.25879 0.1831 0.977 0.4028 
0.257935 0.35400 0.25879 0.1831 0.977 0.4028 
0.257935 0.35400 0.25879 0.1831 0.977 0.4028 
0.258057 0.34912 0.25635 0.3052 -0.3296 0.6470 
0.258057 0.34912 0.25635 0.3052 -0.3296 0.6470 
0.258057 0.34912 0.25635 0.3052 -0.3296 0.6470 
0.258057 0.34912 0.25635 0.3052 -0.3296 0.6470 
0.258057 0.34912 0.25635 0.3052 -0.3296 0.6470 
0.258057 0.34912 0.25635 0.3052 -0.3296 0.6470 
0.258057 0.34912 0.25635 0.3052 -0.3296 0.6470 
0.258057 0.34912 0.25635 0.3052 -0.3296 0.6470 
0.258057 0.34912 0.25635 0.3052 -0.3296 0.6470 
0.258057 0.34912 0.25635 0.3052 -0.3296 0.6470 
0.258057 0.34912 0.24780 0.3296 -0.7935 0.7080 
0.259888 0.33081 0.24780 0.3296 -0.7935 0.7080 
0.259888 0.33081 0.24780 0.3296 -0.7935 0.7080 
0.259888 0.33081 0.24780 0.3296 -0.7935 0.7080 
0.259888 0.33081 0.24780 0.3296 -0.7935 0.7080 
0.259888 0.33081 0.24780 0.3296 -0.7935 0.7080 
0.259888 0.33081 0.24780 0.3296 -0.7935 0.7080 
0.259888 0.33081 0.24780 0.3296 -0.7935 0.7080 
0.259888 0.33081 0.24780 0.3296 -0.7935 0.7080 
0.259888 0.33081 0.24780 0.3296 -0.7935 0.7080 
0.259888 0.33081 0.24780 0.3296 -0.10864 0.4395 
0.262573 0.32349 0.24292 0.3174 -0.10864 0.4395 
0.262573 0.32349 0.24292 0.3174 -0.10864 0.4395 
0.262573 0.32349 0.24292 0.3174 -0.10864 0.4395 
0.262573 0.32349 0.24292 0.3174 -0.10864 0.4395 
0.262573 0.32349 0.24292 0.3174 -0.10864 0.4395 
0.262573 0.32349 0.24292 0.3174 -0.10864 0.4395 
0.262573 0.32349 0.24292 0.3174 -0.10864 0.4395 
0.262573 0.32349 0.24292 0.3174 -0.10864 0.4395 
0.262573 0.32349 0.24292 0.3174 -0.10864 0.4395 
0.262573 0.32349 0.24292 0.3174 -0.10864 0.4395 
0.264160 0.32349 0.23804 0.2441 -0.11597 -0.366 
0.264160 0.32349 0.23804 0.2441 -0.11597 -0.366 
0.264160 0.32349 0.23804 0.2441 -0.11597 -0.366 
0.264160 0.32349 0.23804 0.2441 -0.11597 -0.366 
0.264160 0.32349 0.23804 0.2441 -0.11597 -0.366 
0.264160 0.32349 0.23804 0.2441 -0.11597 -0.366 
0.264160 0.32349 0.23804 0.2441 -0.11597 -0.366 
0.264160 0.32349 0.23804 0.2441 -0.11597 -0.366 
0.264160 0.32349 0.23804 0.2441 -0.11597 -0.366 
0.264160 0.32349 0.23804 0.2441 -0.11597 -0.366 
0.264160 0.32715 0.23315 0.854 -0.10376 -0.5371 
0.265259 0.32715 0.23315 0.854 -0.10376 -0.5371 
0.265259 0.32715 0.23315 0.854 -0.10376 -0.5371 
0.265259 0.32715 0.23315 0.854 -0.10376 -0.5371 
0.265259 0.32715 0.23315 0.854 -0.10376 -0.5371 
0.265259 0.32715 0.23315 0.854 -0.10376 -0.5371 
0.265259 0.32715 0.23315 0.854 -0.10376 -0.5371 
0.265259 0.32715 0.23315 0.854 -0.10376 -0.5371 
0.265259 0.32715 0.23315 0.854 -0.10376 -0.5371 
0.265259 0.32715 0.23315 0.854 -0.10376 -0.5371 
0.265259 0.32715 0.23315 0.30762 -0.7690 -0.9644 
0.265869 0.33569 0.23926 -0.488 -0.7690 -0.9644 
0.265869 0.33569 0.23926 -0.488 -0.7690 -0.9644 
0.265869 0.33569 0.23926 -0.488 -0.7690 -0.9644 
0.265869 0.33569 0.23926 -0.488 -0.7690 -0.9644 
0.265869 0.33569 0.23926 -0.488 -0.7690 -0.9644 
0.265869 0.33569 0.23926 -0.488 -0.7690 -0.9644 
0.265869 0.33569 0.23926 -0.488 -0.7690 -0.9644 
0.265869 0.33569 0.23926 -0.488 -0.7690 -0.9644 
0.265869 0.33569 0.23926 -0.488 -0.7690 -0.9644 
0.265869 0.33569 0.23926 -0.488 -0.7690 -0.12817 
0.264648 0.34302 0.23560 -0.854 -0.4272 -0.12817 
0.264648 0.34302 0.23560 -0.854 -0.4272 -0.12817 
0.264648 0.34302 0.23560 -0.854 -0.4272 -0.12817 
0.264648 0.34302 0.23560 -0.854 -0.4272 -0.12817 
0.264648 0.34302 0.23560 -0.854 -0.4272 -0.12817 
0.264648 0.34302 0.23560 -0.854 -0.4272 -0.12817 
0.264648 0.34302 0.23560 -0.854 -0.4272 -0.12817 
0.264648 0.34302 0.23560 -0.854 -0.4272 -0.12817 
0.264648 0.34302 0.23560 -0.854 -0.4272 -0.12817 
0.264648 0.34302 0.23560 -0.854 -0.4272 -0.12817 
0.264648 0.34912 0.22461 -0.854 -0.366 -0.14404 
0.261597 0.34912 0.22461 -0.854 -0.366 -0.14404 
0.261597 0.34912 0.22461 -0.854 -0.366 -0.14404 
0.261597 0.34912 0.22461 -0.854 -0.366 -0.14404 
0.261597 0.34912 0.22461 -0.854 -0.366 -0.14404 
0.261597 0.34912 0.22461 -0.854 -0.366 -0.14404 
0.261597 0.34912 0.22461 -0.854 -0.366 -0.14404 
0.261597 0.34912 0.22461 -0.854 -0.366 -0.14404 
0.261597 0.34912 0.22461 -0.854 -0.366 -0.14404 
0.261597 0.34912 0.22461 -0.854 -0.366 -0.14404 
0.261597 0.34912 0.22461 -0.1831 0.3540 -0.14038 
0.259644 0.35156 0.21973 -0.1831 0.3540 -0.14038 
0.259644 0.35156 0.21973 -0.1831 0.3540 -0.14038 
0.259644 0.35156 0.21973 -0.1831 0.3540 -0.14038 
0.259644 0.35156 0.21973 -0.1831 0.3540 -0.14038 
0.259644 0.35156 0.21973 -0.1831 0.3540 -0.14038 
0.259644 0.35156 0.21973 -0.1831 0.3540 -0.14038 
0.259644 0.35156 0.21973 -0.1831 0.3540 -0.14038 
0.259644 0.35156 0.21973 -0.1831 0.3540 -0.14038 
0.259644 0.35156 0.21973 -0.1831 0.3540 -0.14038 
0.259644 0.35156 0.21973 -0.1831 0.6958 -0.13062 
0.258179 0.35278 0.21362 -0.3174 0.6958 -0.13062 
0.258179 0.35278 0.21362 -0.3174 0.6958 -0.13062 
0.258179 0.35278 0.21362 -0.3174 0.6958 -0.13062 
0.258179 0.35278 0.21362 -0.3174 0.6958 -0.13062 
0.258179 0.35278 0.21362 -0.3174 0.6958 -0.13062 
0.258179 0.35278 0.21362 -0.3174 0.6958 -0.13062 
0.258179 0.35278 0.21362 -0.3174 0.6958 -0.13062 
0.258179 0.35278 0.21362 -0.3174 0.6958 -0.13062 
0.258179 0.35278 0.21362 -0.3174 0.6958 -0.13062 
0.258179 0.35278 0.21362 -0.3174 0.6958 -0.13062 
0.255981 0.35645 0.20386 -0.4272 0.9644 -0.12207 
0.255981 0.35645 0.20386 -0.4272 0.9644 -0.12207 
0.255981 0.35645 0.20386 -0.4272 0.9644 -0.12207 
0.255981 0.35645 0.20386 -0.4272 0.9644 -0.12207 
0.255981 0.35645 0.20386 -0.4272 0.9644 -0.12207 
0.255981 0.35645 0.20386 -0.4272 0.9644 -0.12207 
0.255981 0.35645 0.20386 -0.4272 0.9644 -0.12207 
0.255981 0.35645 0.20386 -0.4272 0.9644 -0.12207 
0.255981 0.35645 0.20386 -0.4272 0.9644 -0.12207 
0.255981 0.35645 0.20386 -0.4272 0.9644 -0.12207 
0.255981 0.35645 0.20386 -0.4517 0.10620 -0.10986 
0.254395 0.36255 0.20386 -0.4517 0.10620 -0.10986 
0.254395 0.36255 0.20386 -0.4517 0.10620 -0.10986 
0.254395 0.36255 0.20386 -0.4517 0.10620 -0.10986 
0.254395 0.36255 0.20386 -0.4517 0.10620 -0.10986 
0.254395 0.36255 0.20386 -0.4517 0.10620 -0.10986 
0.254395 0.36255 0.20386 -0.4517 0.10620 -0.10986 
0.254395 0.36255 0.20386 -0.4517 0.10620 -0.10986 
0.254395 0.36255 0.20386 -0.4517 0.10620 -0.10986 
0.254395 0.36255 0.20386 -0.4517 0.10620 -0.10986 
0.254395 0.36255 0.20386 -0.4517 0.9155 -0.9644 
0.253296 0.36743 0.19897 -0.3174 0.9155 -0.9644 
0.253296 0.36743 0.19897 -0.3174 0.9155 -0.9644 
0.253296 0.36743 0.19897 -0.3174 0.9155 -0.9644 
0.253296 0.36743 0.19897 -0.3174 0.9155 -0.9644 
0.253296 0.36743 0.19897 -0.3174 0.9155 -0.9644 
0.253296 0.36743 0.19897 -0.3174 0.9155 -0.9644 
0.253296 0.36743 0.19897 -0.3174 0.9155 -0.9644 
0.253296 0.36743 0.19897 -0.3174 0.9155 -0.9644 
0.253296 0.36743 0.19897 -0.3174 0.9155 -0.9644 
0.253296 0.36743 0.19897 -0.3174 0.9155 -0.9644 
0.252319 0.36743 0.18555 0.244 0.5371 -0.7813 
0.252319 0.36743 0.18555 0.244 0.5371 -0.7813 
0.252319 0.36743 0.18555 0.244 0.5371 -0.7813 
