0.254028 0.29663 0.16846 -0.6958 -0.7813 0.3540 
0.254028 0.29663 0.16846 -0.6958 -0.7813 0.3540 
0.254028 0.29663 0.16846 -0.6958 -0.7813 0.3540 
0.254028 0.29663 0.16846 -0.6958 -0.7813 0.3540 
0.254028 0.29663 0.16846 -0.6958 -0.7813 0.3540 
0.254028 0.29785 0.16235 -0.4395 -0.11108 0.6958 
0.252563 0.29785 0.16235 -0.4395 -0.11108 0.6958 
0.252563 0.29785 0.16235 -0.4395 -0.11108 0.6958 
0.252563 0.29785 0.16235 -0.4395 -0.11108 0.6958 
0.252563 0.29785 0.16235 -0.4395 -0.11108 0.6958 
0.252563 0.29785 0.16235 -0.4395 -0.11108 0.6958 
0.252563 0.29785 0.16235 -0.4395 -0.11108 0.6958 
0.252563 0.29785 0.16235 -0.4395 -0.11108 0.6958 
0.252563 0.29785 0.16235 -0.4395 -0.11108 0.6958 
0.252563 0.29785 0.16235 -0.4395 -0.11108 0.6958 
0.252563 0.29785 0.16235 -0.2319 -0.15747 0.12085 
0.252563 0.29541 0.14771 -0.2319 -0.15747 0.12085 
0.252563 0.29541 0.14771 -0.2319 -0.15747 0.12085 
0.252563 0.29541 0.14771 -0.2319 -0.15747 0.12085 
0.252563 0.29541 0.14771 -0.2319 -0.15747 0.12085 
0.252563 0.29541 0.14771 -0.2319 -0.15747 0.12085 
0.252563 0.29541 0.14771 -0.2319 -0.15747 0.12085 
0.252563 0.29541 0.14771 -0.2319 -0.15747 0.12085 
0.252563 0.29541 0.14771 -0.2319 -0.15747 0.12085 
0.252563 0.29541 0.14771 -0.2319 -0.15747 0.12085 
0.252563 0.29541 0.14771 -0.2319 -0.21118 0.14160 
0.254761 0.28931 0.14160 -0.1343 -0.21118 0.14160 
0.254761 0.28931 0.14160 -0.1343 -0.21118 0.14160 
0.254761 0.28931 0.14160 -0.1343 -0.21118 0.14160 
0.254761 0.28931 0.14160 -0.1343 -0.21118 0.14160 
0.254761 0.28931 0.14160 -0.1343 -0.21118 0.14160 
0.254761 0.28931 0.14160 -0.1343 -0.21118 0.14160 
0.254761 0.28931 0.14160 -0.1343 -0.21118 0.14160 
0.254761 0.28931 0.14160 -0.1343 -0.21118 0.14160 
0.254761 0.28931 0.14160 -0.1343 -0.21118 0.14160 
0.254761 0.28931 0.14160 -0.1343 -0.21118 0.14160 
0.255981 0.28687 0.13794 -0.122 -0.25146 0.13428 
0.255981 0.28687 0.13794 -0.122 -0.25146 0.13428 
0.255981 0.28687 0.13794 -0.122 -0.25146 0.13428 
0.255981 0.28687 0.13794 -0.122 -0.25146 0.13428 
0.255981 0.28687 0.13794 -0.122 -0.25146 0.13428 
0.255981 0.28687 0.13794 -0.122 -0.25146 0.13428 
0.255981 0.28687 0.13794 -0.122 -0.25146 0.13428 
0.255981 0.28687 0.13794 -0.122 -0.25146 0.13428 
0.255981 0.28687 0.13794 -0.122 -0.25146 0.13428 
0.255981 0.28687 0.13794 -0.122 -0.25146 0.13428 
0.255981 0.28687 0.12939 0.977 -0.27100 0.10498 
0.257568 0.28442 0.12939 0.977 -0.27100 0.10498 
0.257568 0.28442 0.12939 0.977 -0.27100 0.10498 
0.257568 0.28442 0.12939 0.977 -0.27100 0.10498 
0.257568 0.28442 0.12939 0.977 -0.27100 0.10498 
0.257568 0.28442 0.12939 0.977 -0.27100 0.10498 
0.257568 0.28442 0.12939 0.977 -0.27100 0.10498 
0.257568 0.28442 0.12939 0.977 -0.27100 0.10498 
0.257568 0.28442 0.12939 0.977 -0.27100 0.10498 
0.257568 0.28442 0.12939 0.977 -0.27100 0.10498 
0.257568 0.28442 0.12939 0.977 -0.25269 0.6470 
0.259033 0.28076 0.12573 0.854 -0.25269 0.6470 
0.259033 0.28076 0.12573 0.854 -0.25269 0.6470 
0.259033 0.28076 0.12573 0.854 -0.25269 0.6470 
0.259033 0.28076 0.12573 0.854 -0.25269 0.6470 
0.259033 0.28076 0.12573 0.854 -0.25269 0.6470 
0.259033 0.28076 0.12573 0.854 -0.25269 0.6470 
0.259033 0.28076 0.12573 0.854 -0.25269 0.6470 
0.259033 0.28076 0.12573 0.854 -0.25269 0.6470 
0.259033 0.28076 0.12573 0.854 -0.25269 0.6470 
0.259033 0.28076 0.12573 0.854 -0.25269 0.6470 
0.259644 0.28076 0.11475 0.732 -0.20508 0.2319 
0.259644 0.28076 0.11475 0.732 -0.20508 0.2319 
0.259644 0.28076 0.11475 0.732 -0.20508 0.2319 
0.259644 0.28076 0.11475 0.732 -0.20508 0.2319 
0.259644 0.28076 0.11475 0.732 -0.20508 0.2319 
0.259644 0.28076 0.11475 0.732 -0.20508 0.2319 
0.259644 0.28076 0.11475 0.732 -0.20508 0.2319 
0.259644 0.28076 0.11475 0.732 -0.20508 0.2319 
0.259644 0.28076 0.11475 0.732 -0.20508 0.2319 
0.259644 0.28076 0.11475 0.732 -0.20508 0.2319 
0.259644 0.28809 0.11475 0.732 -0.14648 -0.1465 
0.260010 0.28809 0.11475 0.732 -0.14648 -0.1465 
0.260010 0.28809 0.11475 0.732 -0.14648 -0.1465 
0.260010 0.28809 0.11475 0.732 -0.14648 -0.1465 
0.260010 0.28809 0.11475 0.732 -0.14648 -0.1465 
0.260010 0.28809 0.11475 0.732 -0.14648 -0.1465 
0.260010 0.28809 0.11475 0.732 -0.14648 -0.1465 
0.260010 0.28809 0.11475 0.732 -0.14648 -0.1465 
0.260010 0.28809 0.11475 0.732 -0.14648 -0.1465 
0.260010 0.28809 0.11475 0.732 -0.14648 -0.1465 
0.260010 0.28809 0.11475 0.732 -0.9155 -0.4761 
0.260376 0.29175 0.11963 0.732 -0.9155 -0.4761 
0.260376 0.29175 0.11963 0.732 -0.9155 -0.4761 
0.260376 0.29175 0.11963 0.732 -0.9155 -0.4761 
0.260376 0.29175 0.11963 0.732 -0.9155 -0.4761 
0.260376 0.29175 0.11963 0.732 -0.9155 -0.4761 
0.260376 0.29175 0.11963 0.732 -0.9155 -0.4761 
0.260376 0.29175 0.11963 0.732 -0.9155 -0.4761 
0.260376 0.29175 0.11963 0.732 -0.9155 -0.4761 
0.260376 0.29175 0.11963 0.732 -0.9155 -0.4761 
0.260376 0.29175 0.11963 0.732 -0.9155 -0.7568 
0.260986 0.30029 0.12573 0.1953 -0.5127 -0.7568 
0.260986 0.30029 0.12573 0.1953 -0.5127 -0.7568 
0.260986 0.30029 0.12573 0.1953 -0.5127 -0.7568 
0.260986 0.30029 0.12573 0.1953 -0.5127 -0.7568 
0.260986 0.30029 0.12573 0.1953 -0.5127 -0.7568 
0.260986 0.30029 0.12573 0.1953 -0.5127 -0.7568 
0.260986 0.30029 0.12573 0.1953 -0.5127 -0.7568 
0.260986 0.30029 0.12573 0.1953 -0.5127 -0.7568 
0.260986 0.30029 0.12573 0.1953 -0.5127 -0.7568 
0.260986 0.30029 0.12573 0.1953 -0.5127 -0.7568 
0.260986 0.30518 0.13184 0.4395 -0.2808 -0.9888 
0.260986 0.30518 0.13184 0.4395 -0.2808 -0.9888 
0.260986 0.30518 0.13184 0.4395 -0.2808 -0.9888 
0.260986 0.30518 0.13184 0.4395 -0.2808 -0.9888 
0.260986 0.30518 0.13184 0.4395 -0.2808 -0.9888 
0.260986 0.30518 0.13184 0.4395 -0.2808 -0.9888 
0.260986 0.30518 0.13184 0.4395 -0.2808 -0.9888 
0.260986 0.30518 0.13184 0.4395 -0.2808 -0.9888 
0.260986 0.30518 0.13184 0.4395 -0.2808 -0.9888 
0.260986 0.30518 0.13184 0.4395 -0.2808 -0.9888 
0.260986 0.30518 0.13184 0.8057 -0.1343 -0.10620 
0.261353 0.30518 0.12573 0.8057 -0.1343 -0.10620 
0.261353 0.30518 0.12573 0.8057 -0.1343 -0.10620 
0.261353 0.30518 0.12573 0.8057 -0.1343 -0.10620 
0.261353 0.30518 0.12573 0.8057 -0.1343 -0.10620 
0.261353 0.30518 0.12573 0.8057 -0.1343 -0.10620 
0.261353 0.30518 0.12573 0.8057 -0.1343 -0.10620 
0.261353 0.30518 0.12573 0.8057 -0.1343 -0.10620 
0.261353 0.30518 0.12573 0.8057 -0.1343 -0.10620 
0.261353 0.30518 0.12573 0.8057 -0.1343 -0.10620 
0.261353 0.30518 0.12573 0.8057 -0.122 -0.9644 
0.261597 0.30396 0.11597 0.13428 -0.122 -0.9644 
0.261597 0.30396 0.11597 0.13428 -0.122 -0.9644 
0.261597 0.30396 0.11597 0.13428 -0.122 -0.9644 
0.261597 0.30396 0.11597 0.13428 -0.122 -0.9644 
0.261597 0.30396 0.11597 0.13428 -0.122 -0.9644 
0.261597 0.30396 0.11597 0.13428 -0.122 -0.9644 
0.261597 0.30396 0.11597 0.13428 -0.122 -0.9644 
0.261597 0.30396 0.11597 0.13428 -0.122 -0.9644 
0.261597 0.30396 0.11597 0.13428 -0.122 -0.9644 
0.261597 0.30396 0.11597 0.13428 -0.122 -0.9644 
0.261597 0.30518 0.9888 0.20142 0.1221 -0.6958 
0.261597 0.30518 0.9888 0.20142 0.1221 -0.6958 
0.261597 0.30518 0.9888 0.20142 0.1221 -0.6958 
0.261597 0.30518 0.9888 0.20142 0.1221 -0.6958 
0.261597 0.30518 0.9888 0.20142 0.1221 -0.6958 
0.261597 0.30518 0.9888 0.20142 0.1221 -0.6958 
0.261597 0.30518 0.9888 0.20142 0.1221 -0.6958 
0.261597 0.30518 0.9888 0.20142 0.1221 -0.6958 
0.261597 0.30518 0.9888 0.20142 0.1221 -0.6958 
0.261597 0.30518 0.9888 0.20142 0.1221 -0.6958 
0.261597 0.30518 0.7935 0.26489 0.2441 -0.3662 
