0.244751 0.53345 -0.46509 0.6836 0.9888 0.3784 
0.244751 0.53345 -0.46509 0.6836 0.9888 0.3784 
0.244751 0.53345 -0.46509 0.6836 0.9888 0.3784 
0.244751 0.53345 -0.46509 0.6836 0.9888 0.3784 
0.244751 0.53345 -0.46509 0.6836 0.9888 0.3784 
0.244751 0.53345 -0.46509 0.6836 0.9888 0.3784 
0.244751 0.53345 -0.46509 0.6836 0.9888 0.3784 
0.244751 0.53345 -0.46509 0.6836 0.10376 0.2930 
0.245850 0.53101 -0.46509 0.6226 0.10376 0.2930 
0.245850 0.53101 -0.46509 0.6226 0.10376 0.2930 
0.245850 0.53101 -0.46509 0.6226 0.10376 0.2930 
0.245850 0.53101 -0.46509 0.6226 0.10376 0.2930 
0.245850 0.53101 -0.46509 0.6226 0.10376 0.2930 
0.245850 0.53101 -0.46509 0.6226 0.10376 0.2930 
0.245850 0.53101 -0.46509 0.6226 0.10376 0.2930 
0.245850 0.53101 -0.46509 0.6226 0.10376 0.2930 
0.245850 0.53101 -0.46509 0.6226 0.10376 0.2930 
0.245850 0.53101 -0.46509 0.6226 0.10376 0.2930 
0.247803 0.53223 -0.46021 0.4883 0.11108 0.2441 
0.247803 0.53223 -0.46021 0.4883 0.11108 0.2441 
0.247803 0.53223 -0.46021 0.4883 0.11108 0.2441 
0.247803 0.53223 -0.46021 0.4883 0.11108 0.2441 
0.247803 0.53223 -0.46021 0.4883 0.11108 0.2441 
0.247803 0.53223 -0.46021 0.4883 0.11108 0.2441 
0.247803 0.53223 -0.46021 0.4883 0.11108 0.2441 
0.247803 0.53223 -0.46021 0.4883 0.11108 0.2441 
0.247803 0.53223 -0.46021 0.4883 0.11108 0.2441 
0.247803 0.53223 -0.46021 0.4883 0.11108 0.2441 
0.247803 0.53223 -0.46143 0.2930 0.11475 0.2075 
0.250977 0.52979 -0.46143 0.2930 0.11475 0.2075 
0.250977 0.52979 -0.46143 0.2930 0.11475 0.2075 
0.250977 0.52979 -0.46143 0.2930 0.11475 0.2075 
0.250977 0.52979 -0.46143 0.2930 0.11475 0.2075 
0.250977 0.52979 -0.46143 0.2930 0.11475 0.2075 
0.250977 0.52979 -0.46143 0.2930 0.11475 0.2075 
0.250977 0.52979 -0.46143 0.2930 0.11475 0.2075 
0.250977 0.52979 -0.46143 0.2930 0.11475 0.2075 
0.250977 0.52979 -0.46143 0.2930 0.11475 0.2075 
0.250977 0.52979 -0.46143 0.122 0.12085 0.1343 
0.253662 0.52368 -0.46631 0.122 0.12085 0.1343 
0.253662 0.52368 -0.46631 0.122 0.12085 0.1343 
0.253662 0.52368 -0.46631 0.122 0.12085 0.1343 
0.253662 0.52368 -0.46631 0.122 0.12085 0.1343 
0.253662 0.52368 -0.46631 0.122 0.12085 0.1343 
0.253662 0.52368 -0.46631 0.122 0.12085 0.1343 
0.253662 0.52368 -0.46631 0.122 0.12085 0.1343 
0.253662 0.52368 -0.46631 0.122 0.12085 0.1343 
0.253662 0.52368 -0.46631 0.122 0.12085 0.1343 
0.253662 0.52368 -0.46631 0.122 0.12085 0.488 
0.255249 0.51514 -0.46997 -0.3052 0.12329 0.488 
0.255249 0.51514 -0.46997 -0.3052 0.12329 0.488 
0.255249 0.51514 -0.46997 -0.3052 0.12329 0.488 
0.255249 0.51514 -0.46997 -0.3052 0.12329 0.488 
0.255249 0.51514 -0.46997 -0.3052 0.12329 0.488 
0.255249 0.51514 -0.46997 -0.3052 0.12329 0.488 
0.255249 0.51514 -0.46997 -0.3052 0.12329 0.488 
0.255249 0.51514 -0.46997 -0.3052 0.12329 0.488 
0.255249 0.51514 -0.46997 -0.3052 0.12329 0.488 
0.255249 0.51514 -0.46997 -0.3052 0.12329 0.488 
0.255249 0.51147 -0.47485 -0.5615 0.12329 0.00 
0.256226 0.51147 -0.47485 -0.5615 0.12329 0.00 
0.256226 0.51147 -0.47485 -0.5615 0.12329 0.00 
0.256226 0.51147 -0.47485 -0.5615 0.12329 0.00 
0.256226 0.51147 -0.47485 -0.5615 0.12329 0.00 
0.256226 0.51147 -0.47485 -0.5615 0.12329 0.00 
0.256226 0.51147 -0.47485 -0.5615 0.12329 0.00 
0.256226 0.51147 -0.47485 -0.5615 0.12329 0.00 
0.256226 0.51147 -0.47485 -0.5615 0.12329 0.00 
0.256226 0.51147 -0.47485 -0.5615 0.12329 0.00 
0.256226 0.51147 -0.47485 -0.8057 0.12573 -0.244 
0.257080 0.50659 -0.48218 -0.8057 0.12573 -0.244 
0.257080 0.50659 -0.48218 -0.8057 0.12573 -0.244 
0.257080 0.50659 -0.48218 -0.8057 0.12573 -0.244 
0.257080 0.50659 -0.48218 -0.8057 0.12573 -0.244 
0.257080 0.50659 -0.48218 -0.8057 0.12573 -0.244 
0.257080 0.50659 -0.48218 -0.8057 0.12573 -0.244 
0.257080 0.50659 -0.48218 -0.8057 0.12573 -0.244 
0.257080 0.50659 -0.48218 -0.8057 0.12573 -0.244 
0.257080 0.50659 -0.48218 -0.8057 0.12573 -0.244 
0.257080 0.50659 -0.48218 -0.8057 0.12573 -0.732 
0.258545 0.49927 -0.48584 -0.10620 0.13062 -0.732 
0.258545 0.49927 -0.48584 -0.10620 0.13062 -0.732 
0.258545 0.49927 -0.48584 -0.10620 0.13062 -0.732 
0.258545 0.49927 -0.48584 -0.10620 0.13062 -0.732 
0.258545 0.49927 -0.48584 -0.10620 0.13062 -0.732 
0.258545 0.49927 -0.48584 -0.10620 0.13062 -0.732 
0.258545 0.49927 -0.48584 -0.10620 0.13062 -0.732 
0.258545 0.49927 -0.48584 -0.10620 0.13062 -0.732 
0.258545 0.49927 -0.48584 -0.10620 0.13062 -0.732 
0.258545 0.49927 -0.48584 -0.10620 0.13062 -0.732 
0.261719 0.49194 -0.48950 -0.13916 0.13184 -0.2441 
0.261719 0.49194 -0.48950 -0.13916 0.13184 -0.2441 
0.261719 0.49194 -0.48950 -0.13916 0.13184 -0.2441 
0.261719 0.49194 -0.48950 -0.13916 0.13184 -0.2441 
0.261719 0.49194 -0.48950 -0.13916 0.13184 -0.2441 
0.261719 0.49194 -0.48950 -0.13916 0.13184 -0.2441 
0.261719 0.49194 -0.48950 -0.13916 0.13184 -0.2441 
0.261719 0.49194 -0.48950 -0.13916 0.13184 -0.2441 
0.261719 0.49194 -0.48950 -0.13916 0.13184 -0.2441 
0.261719 0.49194 -0.48950 -0.13916 0.13184 -0.2441 
0.261719 0.49194 -0.48340 -0.16479 0.13428 -0.4761 
0.265381 0.48462 -0.48340 -0.16479 0.13428 -0.4761 
0.265381 0.48462 -0.48340 -0.16479 0.13428 -0.4761 
0.265381 0.48462 -0.48340 -0.16479 0.13428 -0.4761 
0.265381 0.48462 -0.48340 -0.16479 0.13428 -0.4761 
0.265381 0.48462 -0.48340 -0.16479 0.13428 -0.4761 
0.265381 0.48462 -0.48340 -0.16479 0.13428 -0.4761 
0.265381 0.48462 -0.48340 -0.16479 0.13428 -0.4761 
0.265381 0.48462 -0.48340 -0.16479 0.13428 -0.4761 
0.265381 0.48462 -0.48340 -0.16479 0.13428 -0.4761 
0.265381 0.48462 -0.48340 -0.16479 0.13428 -0.7935 
0.267944 0.48096 -0.48584 -0.16724 0.13428 -0.7935 
0.267944 0.48096 -0.48584 -0.16724 0.13428 -0.7935 
0.267944 0.48096 -0.48584 -0.16724 0.13428 -0.7935 
0.267944 0.48096 -0.48584 -0.16724 0.13428 -0.7935 
0.267944 0.48096 -0.48584 -0.16724 0.13428 -0.7935 
0.267944 0.48096 -0.48584 -0.16724 0.13428 -0.7935 
0.267944 0.48096 -0.48584 -0.16724 0.13428 -0.7935 
0.267944 0.48096 -0.48584 -0.16724 0.13428 -0.7935 
0.267944 0.48096 -0.48584 -0.16724 0.13428 -0.7935 
0.267944 0.48096 -0.48584 -0.16724 0.13428 -0.7935 
0.270874 0.47729 -0.49561 -0.16235 0.12695 -0.11475 
0.270874 0.47729 -0.49561 -0.16235 0.12695 -0.11475 
0.270874 0.47729 -0.49561 -0.16235 0.12695 -0.11475 
0.270874 0.47729 -0.49561 -0.16235 0.12695 -0.11475 
0.270874 0.47729 -0.49561 -0.16235 0.12695 -0.11475 
0.270874 0.47729 -0.49561 -0.16235 0.12695 -0.11475 
0.270874 0.47729 -0.49561 -0.16235 0.12695 -0.11475 
0.270874 0.47729 -0.49561 -0.16235 0.12695 -0.11475 
0.270874 0.47729 -0.49561 -0.16235 0.12695 -0.11475 
0.270874 0.47729 -0.49561 -0.16235 0.12695 -0.11475 
0.270874 0.47729 -0.50171 -0.16724 0.11353 -0.14771 
0.273071 0.48218 -0.50171 -0.16724 0.11353 -0.14771 
0.273071 0.48218 -0.50171 -0.16724 0.11353 -0.14771 
0.273071 0.48218 -0.50171 -0.16724 0.11353 -0.14771 
0.273071 0.48218 -0.50171 -0.16724 0.11353 -0.14771 
0.273071 0.48218 -0.50171 -0.16724 0.11353 -0.14771 
0.273071 0.48218 -0.50171 -0.16724 0.11353 -0.14771 
0.273071 0.48218 -0.50171 -0.16724 0.11353 -0.14771 
0.273071 0.48218 -0.50171 -0.16724 0.11353 -0.14771 
0.273071 0.48218 -0.50171 -0.16724 0.11353 -0.14771 
0.273071 0.48218 -0.50171 -0.17212 0.10132 -0.16968 
0.273438 0.48706 -0.49683 -0.17212 0.10132 -0.16968 
0.273438 0.48706 -0.49683 -0.17212 0.10132 -0.16968 
0.273438 0.48706 -0.49683 -0.17212 0.10132 -0.16968 
0.273438 0.48706 -0.49683 -0.17212 0.10132 -0.16968 
0.273438 0.48706 -0.49683 -0.17212 0.10132 -0.16968 
0.273438 0.48706 -0.49683 -0.17212 0.10132 -0.16968 
0.273438 0.48706 -0.49683 -0.17212 0.10132 -0.16968 
0.273438 0.48706 -0.49683 -0.17212 0.10132 -0.16968 
