0.249634 0.29297 0.45166 0.2563 0.2075 0.6958 
0.249634 0.29297 0.45166 0.2563 0.2075 0.6958 
0.249634 0.29297 0.45166 0.2563 0.2075 0.6958 
0.249634 0.29297 0.45166 0.2563 0.2075 0.6226 
0.249756 0.29663 0.45288 0.2808 0.1587 0.6226 
0.249756 0.29663 0.45288 0.2808 0.1587 0.6226 
0.249756 0.29663 0.45288 0.2808 0.1587 0.6226 
0.249756 0.29663 0.45288 0.2808 0.1587 0.6226 
0.249756 0.29663 0.45288 0.2808 0.1587 0.6226 
0.249756 0.29663 0.45288 0.2808 0.1587 0.6226 
0.249756 0.29663 0.45288 0.2808 0.1587 0.6226 
0.249756 0.29663 0.45288 0.2808 0.1587 0.6226 
0.249756 0.29663 0.45288 0.2808 0.1587 0.6226 
0.249756 0.29663 0.45288 0.2808 0.1587 0.6226 
0.249756 0.30151 0.45410 0.2075 0.1831 0.4761 
0.250488 0.30151 0.45410 0.2075 0.1831 0.4761 
0.250488 0.30151 0.45410 0.2075 0.1831 0.4761 
0.250488 0.30151 0.45410 0.2075 0.1831 0.4761 
0.250488 0.30151 0.45410 0.2075 0.1831 0.4761 
0.250488 0.30151 0.45410 0.2075 0.1831 0.4761 
0.250488 0.30151 0.45410 0.2075 0.1831 0.4761 
0.250488 0.30151 0.45410 0.2075 0.1831 0.4761 
0.250488 0.30151 0.45410 0.2075 0.1831 0.4761 
0.250488 0.30151 0.45410 0.2075 0.1831 0.4761 
0.250488 0.30151 0.45410 0.610 0.854 0.4272 
0.252075 0.30273 0.45776 0.610 0.854 0.4272 
0.252075 0.30273 0.45776 0.610 0.854 0.4272 
0.252075 0.30273 0.45776 0.610 0.854 0.4272 
0.252075 0.30273 0.45776 0.610 0.854 0.4272 
0.252075 0.30273 0.45776 0.610 0.854 0.4272 
0.252075 0.30273 0.45776 0.610 0.854 0.4272 
0.252075 0.30273 0.45776 0.610 0.854 0.4272 
0.252075 0.30273 0.45776 0.610 0.854 0.4272 
0.252075 0.30273 0.45776 0.610 0.854 0.4272 
0.252075 0.30273 0.45776 0.610 0.854 0.3052 
0.254028 0.30273 0.47119 -0.488 0.00 0.3052 
0.254028 0.30273 0.47119 -0.488 0.00 0.3052 
0.254028 0.30273 0.47119 -0.488 0.00 0.3052 
0.254028 0.30273 0.47119 -0.488 0.00 0.3052 
0.254028 0.30273 0.47119 -0.488 0.00 0.3052 
0.254028 0.30273 0.47119 -0.488 0.00 0.3052 
0.254028 0.30273 0.47119 -0.488 0.00 0.3052 
0.254028 0.30273 0.47119 -0.488 0.00 0.3052 
0.254028 0.30273 0.47119 -0.488 0.00 0.3052 
0.254028 0.30273 0.47119 -0.488 0.00 0.3052 
0.255981 0.30273 0.48706 -0.488 -0.610 0.1221 
0.255981 0.30273 0.48706 -0.488 -0.610 0.1221 
0.255981 0.30273 0.48706 -0.488 -0.610 0.1221 
0.255981 0.30273 0.48706 -0.488 -0.610 0.1221 
0.255981 0.30273 0.48706 -0.488 -0.610 0.1221 
0.255981 0.30273 0.48706 -0.488 -0.610 0.1221 
0.255981 0.30273 0.48706 -0.488 -0.610 0.1221 
0.255981 0.30273 0.48706 -0.488 -0.610 0.1221 
0.255981 0.30273 0.48706 -0.488 -0.610 0.1221 
0.255981 0.30273 0.48706 -0.488 -0.610 0.1221 
0.255981 0.30273 0.49927 0.366 -0.1221 -0.610 
0.256714 0.30518 0.49927 0.366 -0.1221 -0.610 
0.256714 0.30518 0.49927 0.366 -0.1221 -0.610 
0.256714 0.30518 0.49927 0.366 -0.1221 -0.610 
0.256714 0.30518 0.49927 0.366 -0.1221 -0.610 
0.256714 0.30518 0.49927 0.366 -0.1221 -0.610 
0.256714 0.30518 0.49927 0.366 -0.1221 -0.610 
0.256714 0.30518 0.49927 0.366 -0.1221 -0.610 
0.256714 0.30518 0.49927 0.366 -0.1221 -0.610 
0.256714 0.30518 0.49927 0.366 -0.1221 -0.610 
0.256714 0.30518 0.49927 0.366 -0.1831 -0.1465 
0.258057 0.30396 0.51025 0.1099 -0.1831 -0.1465 
0.258057 0.30396 0.51025 0.1099 -0.1831 -0.1465 
0.258057 0.30396 0.51025 0.1099 -0.1831 -0.1465 
0.258057 0.30396 0.51025 0.1099 -0.1831 -0.1465 
0.258057 0.30396 0.51025 0.1099 -0.1831 -0.1465 
0.258057 0.30396 0.51025 0.1099 -0.1831 -0.1465 
0.258057 0.30396 0.51025 0.1099 -0.1831 -0.1465 
0.258057 0.30396 0.51025 0.1099 -0.1831 -0.1465 
0.258057 0.30396 0.51025 0.1099 -0.1831 -0.1465 
0.258057 0.30396 0.51025 0.1099 -0.1831 -0.1465 
0.259033 0.30273 0.51880 0.1709 -0.1709 -0.1709 
0.259033 0.30273 0.51880 0.1709 -0.1709 -0.1709 
0.259033 0.30273 0.51880 0.1709 -0.1709 -0.1709 
0.259033 0.30273 0.51880 0.1709 -0.1709 -0.1709 
0.259033 0.30273 0.51880 0.1709 -0.1709 -0.1709 
0.259033 0.30273 0.51880 0.1709 -0.1709 -0.1709 
0.259033 0.30273 0.51880 0.1709 -0.1709 -0.1709 
0.259033 0.30273 0.51880 0.1709 -0.1709 -0.1709 
0.259033 0.30273 0.51880 0.1709 -0.1709 -0.1709 
0.259033 0.30273 0.51880 0.1709 -0.1709 -0.1709 
0.259033 0.30273 0.52002 0.1953 -0.854 -0.1343 
0.259155 0.30396 0.52002 0.1953 -0.854 -0.1343 
0.259155 0.30396 0.52002 0.1953 -0.854 -0.1343 
0.259155 0.30396 0.52002 0.1953 -0.854 -0.1343 
0.259155 0.30396 0.52002 0.1953 -0.854 -0.1343 
0.259155 0.30396 0.52002 0.1953 -0.854 -0.1343 
0.259155 0.30396 0.52002 0.1953 -0.854 -0.1343 
0.259155 0.30396 0.52002 0.1953 -0.854 -0.1343 
0.259155 0.30396 0.52002 0.1953 -0.854 -0.1343 
0.259155 0.30396 0.52002 0.1953 -0.854 -0.1343 
0.259155 0.30396 0.52002 0.1953 0.977 -0.1343 
0.258179 0.30640 0.52368 0.1953 0.977 -0.1343 
0.258179 0.30640 0.52368 0.1953 0.977 -0.1343 
0.258179 0.30640 0.52368 0.1953 0.977 -0.1343 
0.258179 0.30640 0.52368 0.1953 0.977 -0.1343 
0.258179 0.30640 0.52368 0.1953 0.977 -0.1343 
0.258179 0.30640 0.52368 0.1953 0.977 -0.1343 
0.258179 0.30640 0.52368 0.1953 0.977 -0.1343 
0.258179 0.30640 0.52368 0.1953 0.977 -0.1343 
0.258179 0.30640 0.52368 0.1953 0.977 -0.1343 
0.258179 0.30640 0.52368 0.1953 0.977 -0.1831 
0.256470 0.31128 0.52368 0.977 0.3784 -0.1831 
0.256470 0.31128 0.52368 0.977 0.3784 -0.1831 
0.256470 0.31128 0.52368 0.977 0.3784 -0.1831 
0.256470 0.31128 0.52368 0.977 0.3784 -0.1831 
0.256470 0.31128 0.52368 0.977 0.3784 -0.1831 
0.256470 0.31128 0.52368 0.977 0.3784 -0.1831 
0.256470 0.31128 0.52368 0.977 0.3784 -0.1831 
0.256470 0.31128 0.52368 0.977 0.3784 -0.1831 
0.256470 0.31128 0.52368 0.977 0.3784 -0.1831 
0.256470 0.31128 0.52368 0.977 0.3784 -0.1831 
0.256470 0.32104 0.53467 -0.2197 0.8911 -0.2197 
0.255127 0.32104 0.53467 -0.2197 0.8911 -0.2197 
0.255127 0.32104 0.53467 -0.2197 0.8911 -0.2197 
0.255127 0.32104 0.53467 -0.2197 0.8911 -0.2197 
0.255127 0.32104 0.53467 -0.2197 0.8911 -0.2197 
0.255127 0.32104 0.53467 -0.2197 0.8911 -0.2197 
0.255127 0.32104 0.53467 -0.2197 0.8911 -0.2197 
0.255127 0.32104 0.53467 -0.2197 0.8911 -0.2197 
0.255127 0.32104 0.53467 -0.2197 0.8911 -0.2197 
0.255127 0.32104 0.53467 -0.2197 0.8911 -0.2197 
0.255127 0.32104 0.53467 -0.7080 0.14038 -0.2930 
0.256104 0.33081 0.57373 -0.7080 0.14038 -0.2930 
0.256104 0.33081 0.57373 -0.7080 0.14038 -0.2930 
0.256104 0.33081 0.57373 -0.7080 0.14038 -0.2930 
0.256104 0.33081 0.57373 -0.7080 0.14038 -0.2930 
0.256104 0.33081 0.57373 -0.7080 0.14038 -0.2930 
0.256104 0.33081 0.57373 -0.7080 0.14038 -0.2930 
0.256104 0.33081 0.57373 -0.7080 0.14038 -0.2930 
0.256104 0.33081 0.57373 -0.7080 0.14038 -0.2930 
0.256104 0.33081 0.57373 -0.7080 0.14038 -0.2930 
0.256104 0.33081 0.57373 -0.7080 0.14038 -0.6836 
0.258789 0.33813 0.61890 -0.8301 0.15991 -0.6836 
0.258789 0.33813 0.61890 -0.8301 0.15991 -0.6836 
0.258789 0.33813 0.61890 -0.8301 0.15991 -0.6836 
0.258789 0.33813 0.61890 -0.8301 0.15991 -0.6836 
0.258789 0.33813 0.61890 -0.8301 0.15991 -0.6836 
0.258789 0.33813 0.61890 -0.8301 0.15991 -0.6836 
0.258789 0.33813 0.61890 -0.8301 0.15991 -0.6836 
0.258789 0.33813 0.61890 -0.8301 0.15991 -0.6836 
0.258789 0.33813 0.61890 -0.8301 0.15991 -0.6836 
0.258789 0.33813 0.61890 -0.8301 0.15991 -0.6836 
0.260742 0.33813 0.65186 -0.4150 0.16113 -0.14282 
0.260742 0.33813 0.65186 -0.4150 0.16113 -0.14282 
