0.259155 0.39307 0.3174 -0.15015 -0.6104 -0.6714 
0.259155 0.39307 0.3174 -0.15015 -0.6104 -0.6714 
0.259155 0.39307 0.3174 -0.15015 -0.6104 -0.6714 
0.259155 0.39307 0.2197 -0.15015 -0.3174 -0.7813 
0.259521 0.39429 0.2197 -0.15015 -0.3174 -0.7813 
0.259521 0.39429 0.2197 -0.15015 -0.3174 -0.7813 
0.259521 0.39429 0.2197 -0.15015 -0.3174 -0.7813 
0.259521 0.39429 0.2197 -0.15015 -0.3174 -0.7813 
0.259521 0.39429 0.2197 -0.15015 -0.3174 -0.7813 
0.259521 0.39429 0.2197 -0.15015 -0.3174 -0.7813 
0.259521 0.39429 0.2197 -0.15015 -0.3174 -0.7813 
0.259521 0.39429 0.2197 -0.15015 -0.3174 -0.7813 
0.259521 0.39429 0.2197 -0.15015 -0.3174 -0.7813 
0.259521 0.39429 0.2197 -0.15015 0.1343 -0.8057 
0.256470 0.40039 0.2075 -0.13672 0.1343 -0.8057 
0.256470 0.40039 0.2075 -0.13672 0.1343 -0.8057 
0.256470 0.40039 0.2075 -0.13672 0.1343 -0.8057 
0.256470 0.40039 0.2075 -0.13672 0.1343 -0.8057 
0.256470 0.40039 0.2075 -0.13672 0.1343 -0.8057 
0.256470 0.40039 0.2075 -0.13672 0.1343 -0.8057 
0.256470 0.40039 0.2075 -0.13672 0.1343 -0.8057 
0.256470 0.40039 0.2075 -0.13672 0.1343 -0.8057 
0.256470 0.40039 0.2075 -0.13672 0.1343 -0.8057 
0.256470 0.40039 0.2075 -0.13672 0.1343 -0.8057 
0.255737 0.40649 0.2808 -0.13306 0.5249 -0.6226 
0.255737 0.40649 0.2808 -0.13306 0.5249 -0.6226 
0.255737 0.40649 0.2808 -0.13306 0.5249 -0.6226 
0.255737 0.40649 0.2808 -0.13306 0.5249 -0.6226 
0.255737 0.40649 0.2808 -0.13306 0.5249 -0.6226 
0.255737 0.40649 0.2808 -0.13306 0.5249 -0.6226 
0.255737 0.40649 0.2808 -0.13306 0.5249 -0.6226 
0.255737 0.40649 0.2808 -0.13306 0.5249 -0.6226 
0.255737 0.40649 0.2808 -0.13306 0.5249 -0.6226 
0.255737 0.40649 0.2808 -0.13306 0.5249 -0.6226 
0.255737 0.41382 0.5371 -0.11597 0.9277 -0.4395 
0.255493 0.41382 0.5371 -0.11597 0.9277 -0.4395 
0.255493 0.41382 0.5371 -0.11597 0.9277 -0.4395 
0.255493 0.41382 0.5371 -0.11597 0.9277 -0.4395 
0.255493 0.41382 0.5371 -0.11597 0.9277 -0.4395 
0.255493 0.41382 0.5371 -0.11597 0.9277 -0.4395 
0.255493 0.41382 0.5371 -0.11597 0.9277 -0.4395 
0.255493 0.41382 0.5371 -0.11597 0.9277 -0.4395 
0.255493 0.41382 0.5371 -0.11597 0.9277 -0.4395 
0.255493 0.41382 0.5371 -0.11597 0.9277 -0.4395 
0.255493 0.41382 0.5371 -0.6226 0.10498 -0.3784 
0.255493 0.42236 0.7202 -0.6226 0.10498 -0.3784 
0.255493 0.42236 0.7202 -0.6226 0.10498 -0.3784 
0.255493 0.42236 0.7202 -0.6226 0.10498 -0.3784 
0.255493 0.42236 0.7202 -0.6226 0.10498 -0.3784 
0.255493 0.42236 0.7202 -0.6226 0.10498 -0.3784 
0.255493 0.42236 0.7202 -0.6226 0.10498 -0.3784 
0.255493 0.42236 0.7202 -0.6226 0.10498 -0.3784 
0.255493 0.42236 0.7202 -0.6226 0.10498 -0.3784 
0.255493 0.42236 0.7202 -0.6226 0.10498 -0.3784 
0.255493 0.42236 0.7202 -0.6226 0.10498 -0.4761 
0.256348 0.42480 0.8667 -0.488 0.9155 -0.4761 
0.256348 0.42480 0.8667 -0.488 0.9155 -0.4761 
0.256348 0.42480 0.8667 -0.488 0.9155 -0.4761 
0.256348 0.42480 0.8667 -0.488 0.9155 -0.4761 
0.256348 0.42480 0.8667 -0.488 0.9155 -0.4761 
0.256348 0.42480 0.8667 -0.488 0.9155 -0.4761 
0.256348 0.42480 0.8667 -0.488 0.9155 -0.4761 
0.256348 0.42480 0.8667 -0.488 0.9155 -0.4761 
0.256348 0.42480 0.8667 -0.488 0.9155 -0.4761 
0.256348 0.42480 0.8667 -0.488 0.9155 -0.4761 
0.256348 0.41748 0.8667 0.3540 0.6348 -0.6226 
0.256714 0.41748 0.8667 0.3540 0.6348 -0.6226 
0.256714 0.41748 0.8667 0.3540 0.6348 -0.6226 
0.256714 0.41748 0.8667 0.3540 0.6348 -0.6226 
0.256714 0.41748 0.8667 0.3540 0.6348 -0.6226 
0.256714 0.41748 0.8667 0.3540 0.6348 -0.6226 
0.256714 0.41748 0.8667 0.3540 0.6348 -0.6226 
0.256714 0.41748 0.8667 0.3540 0.6348 -0.6226 
0.256714 0.41748 0.8667 0.3540 0.6348 -0.6226 
0.256714 0.41748 0.8667 0.3540 0.6348 -0.6226 
0.256714 0.41748 0.7690 0.5615 0.3174 -0.6592 
0.255737 0.41260 0.7690 0.5615 0.3174 -0.6592 
0.255737 0.41260 0.7690 0.5615 0.3174 -0.6592 
0.255737 0.41260 0.7690 0.5615 0.3174 -0.6592 
0.255737 0.41260 0.7690 0.5615 0.3174 -0.6592 
0.255737 0.41260 0.7690 0.5615 0.3174 -0.6592 
0.255737 0.41260 0.7690 0.5615 0.3174 -0.6592 
0.255737 0.41260 0.7690 0.5615 0.3174 -0.6592 
0.255737 0.41260 0.7690 0.5615 0.3174 -0.6592 
0.255737 0.41260 0.7690 0.5615 0.3174 -0.6592 
0.255737 0.41260 0.7690 0.5615 0.610 -0.4639 
0.255005 0.40894 0.6348 0.4639 0.610 -0.4639 
0.255005 0.40894 0.6348 0.4639 0.610 -0.4639 
0.255005 0.40894 0.6348 0.4639 0.610 -0.4639 
0.255005 0.40894 0.6348 0.4639 0.610 -0.4639 
0.255005 0.40894 0.6348 0.4639 0.610 -0.4639 
0.255005 0.40894 0.6348 0.4639 0.610 -0.4639 
0.255005 0.40894 0.6348 0.4639 0.610 -0.4639 
0.255005 0.40894 0.6348 0.4639 0.610 -0.4639 
0.255005 0.40894 0.6348 0.4639 0.610 -0.4639 
0.255005 0.40894 0.6348 0.4639 0.610 -0.4639 
0.255737 0.40649 0.6348 0.2075 -0.977 -0.977 
0.255737 0.40649 0.6348 0.2075 -0.977 -0.977 
0.255737 0.40649 0.6348 0.2075 -0.977 -0.977 
0.255737 0.40649 0.6348 0.2075 -0.977 -0.977 
0.255737 0.40649 0.6348 0.2075 -0.977 -0.977 
0.255737 0.40649 0.6348 0.2075 -0.977 -0.977 
0.255737 0.40649 0.6348 0.2075 -0.977 -0.977 
0.255737 0.40649 0.6348 0.2075 -0.977 -0.977 
0.255737 0.40649 0.6348 0.2075 -0.977 -0.977 
0.255737 0.40649 0.6348 0.2075 -0.977 -0.977 
0.255737 0.40649 0.6226 0.1709 -0.3296 0.2197 
0.256836 0.40405 0.6226 0.1709 -0.3296 0.2197 
0.256836 0.40405 0.6226 0.1709 -0.3296 0.2197 
0.256836 0.40405 0.6226 0.1709 -0.3296 0.2197 
0.256836 0.40405 0.6226 0.1709 -0.3296 0.2197 
0.256836 0.40405 0.6226 0.1709 -0.3296 0.2197 
0.256836 0.40405 0.6226 0.1709 -0.3296 0.2197 
0.256836 0.40405 0.6226 0.1709 -0.3296 0.2197 
0.256836 0.40405 0.6226 0.1709 -0.3296 0.2197 
0.256836 0.40405 0.6226 0.1709 -0.3296 0.2197 
0.256836 0.40405 0.6226 0.1709 -0.6226 0.4028 
0.258301 0.40283 0.5615 0.4272 -0.6226 0.4028 
0.258301 0.40283 0.5615 0.4272 -0.6226 0.4028 
0.258301 0.40283 0.5615 0.4272 -0.6226 0.4028 
0.258301 0.40283 0.5615 0.4272 -0.6226 0.4028 
0.258301 0.40283 0.5615 0.4272 -0.6226 0.4028 
0.258301 0.40283 0.5615 0.4272 -0.6226 0.4028 
0.258301 0.40283 0.5615 0.4272 -0.6226 0.4028 
0.258301 0.40283 0.5615 0.4272 -0.6226 0.4028 
0.258301 0.40283 0.5615 0.4272 -0.6226 0.4028 
0.258301 0.40283 0.5615 0.4272 -0.6226 0.5005 
0.258911 0.39917 0.4395 0.9644 -0.9888 0.5005 
0.258911 0.39917 0.4395 0.9644 -0.9888 0.5005 
0.258911 0.39917 0.4395 0.9644 -0.9888 0.5005 
0.258911 0.39917 0.4395 0.9644 -0.9888 0.5005 
0.258911 0.39917 0.4395 0.9644 -0.9888 0.5005 
0.258911 0.39917 0.4395 0.9644 -0.9888 0.5005 
0.258911 0.39917 0.4395 0.9644 -0.9888 0.5005 
0.258911 0.39917 0.4395 0.9644 -0.9888 0.5005 
0.258911 0.39917 0.4395 0.9644 -0.9888 0.5005 
0.258911 0.39917 0.4395 0.9644 -0.9888 0.5005 
0.258911 0.39429 0.2563 0.15991 -0.12817 0.6714 
0.259155 0.39429 0.2563 0.15991 -0.12817 0.6714 
0.259155 0.39429 0.2563 0.15991 -0.12817 0.6714 
0.259155 0.39429 0.2563 0.15991 -0.12817 0.6714 
0.259155 0.39429 0.2563 0.15991 -0.12817 0.6714 
0.259155 0.39429 0.2563 0.15991 -0.12817 0.6714 
0.259155 0.39429 0.2563 0.15991 -0.12817 0.6714 
0.259155 0.39429 0.2563 0.15991 -0.12817 0.6714 
0.259155 0.39429 0.2563 0.15991 -0.12817 0.6714 
0.259155 0.39429 0.2563 0.15991 -0.12817 0.6714 
0.259155 0.39429 0.2563 0.22339 -0.13916 0.9277 
0.258911 0.38818 0.244 0.22339 -0.13916 0.9277 
0.258911 0.38818 0.244 0.22339 -0.13916 0.9277 
