0.242798 0.44067 0.12817 -0.9888 -0.11719 0.5127 
0.244629 0.43091 0.12207 -0.9888 -0.11719 0.5127 
0.244629 0.43091 0.12207 -0.9888 -0.11719 0.5127 
0.244629 0.43091 0.12207 -0.9888 -0.11719 0.5127 
0.244629 0.43091 0.12207 -0.9888 -0.11719 0.5127 
0.244629 0.43091 0.12207 -0.9888 -0.11719 0.5127 
0.244629 0.43091 0.12207 -0.9888 -0.11719 0.5127 
0.244629 0.43091 0.12207 -0.9888 -0.11719 0.5127 
0.244629 0.43091 0.12207 -0.9888 -0.11719 0.5127 
0.244629 0.43091 0.12207 -0.9888 -0.11719 0.5127 
0.244629 0.43091 0.12207 -0.9888 -0.11719 0.4028 
0.248779 0.41992 0.13062 -0.10864 -0.11963 0.4028 
0.248779 0.41992 0.13062 -0.10864 -0.11963 0.4028 
0.248779 0.41992 0.13062 -0.10864 -0.11963 0.4028 
0.248779 0.41992 0.13062 -0.10864 -0.11963 0.4028 
0.248779 0.41992 0.13062 -0.10864 -0.11963 0.4028 
0.248779 0.41992 0.13062 -0.10864 -0.11963 0.4028 
0.248779 0.41992 0.13062 -0.10864 -0.11963 0.4028 
0.248779 0.41992 0.13062 -0.10864 -0.11963 0.4028 
0.248779 0.41992 0.13062 -0.10864 -0.11963 0.4028 
0.248779 0.41992 0.13062 -0.10864 -0.11963 0.4028 
0.248779 0.41016 0.14160 -0.9033 -0.11719 -0.244 
0.252686 0.41016 0.14160 -0.9033 -0.11719 -0.244 
0.252686 0.41016 0.14160 -0.9033 -0.11719 -0.244 
0.252686 0.41016 0.14160 -0.9033 -0.11719 -0.244 
0.252686 0.41016 0.14160 -0.9033 -0.11719 -0.244 
0.252686 0.41016 0.14160 -0.9033 -0.11719 -0.244 
0.252686 0.41016 0.14160 -0.9033 -0.11719 -0.244 
0.252686 0.41016 0.14160 -0.9033 -0.11719 -0.244 
0.252686 0.41016 0.14160 -0.9033 -0.11719 -0.244 
0.252686 0.41016 0.14160 -0.9033 -0.11719 -0.244 
0.252686 0.41016 0.14771 -0.5371 -0.9766 -0.6226 
0.255493 0.40283 0.14771 -0.5371 -0.9766 -0.6226 
0.255493 0.40283 0.14771 -0.5371 -0.9766 -0.6226 
0.255493 0.40283 0.14771 -0.5371 -0.9766 -0.6226 
0.255493 0.40283 0.14771 -0.5371 -0.9766 -0.6226 
0.255493 0.40283 0.14771 -0.5371 -0.9766 -0.6226 
0.255493 0.40283 0.14771 -0.5371 -0.9766 -0.6226 
0.255493 0.40283 0.14771 -0.5371 -0.9766 -0.6226 
0.255493 0.40283 0.14771 -0.5371 -0.9766 -0.6226 
0.255493 0.40283 0.14771 -0.5371 -0.9766 -0.6226 
0.255493 0.40283 0.14771 -0.5371 -0.5859 -0.10742 
0.256348 0.40039 0.15137 -0.1587 -0.5859 -0.10742 
0.256348 0.40039 0.15137 -0.1587 -0.5859 -0.10742 
0.256348 0.40039 0.15137 -0.1587 -0.5859 -0.10742 
0.256348 0.40039 0.15137 -0.1587 -0.5859 -0.10742 
0.256348 0.40039 0.15137 -0.1587 -0.5859 -0.10742 
0.256348 0.40039 0.15137 -0.1587 -0.5859 -0.10742 
0.256348 0.40039 0.15137 -0.1587 -0.5859 -0.10742 
0.256348 0.40039 0.15137 -0.1587 -0.5859 -0.10742 
0.256348 0.40039 0.15137 -0.1587 -0.5859 -0.10742 
0.256348 0.40039 0.15137 -0.1587 -0.5859 -0.10742 
0.255005 0.40527 0.14038 0.977 -0.1465 -0.12573 
0.255005 0.40527 0.14038 0.977 -0.1465 -0.12573 
0.255005 0.40527 0.14038 0.977 -0.1465 -0.12573 
0.255005 0.40527 0.14038 0.977 -0.1465 -0.12573 
0.255005 0.40527 0.14038 0.977 -0.1465 -0.12573 
0.255005 0.40527 0.14038 0.977 -0.1465 -0.12573 
0.255005 0.40527 0.14038 0.977 -0.1465 -0.12573 
0.255005 0.40527 0.14038 0.977 -0.1465 -0.12573 
0.255005 0.40527 0.14038 0.977 -0.1465 -0.12573 
0.255005 0.40527 0.14038 0.977 -0.1465 -0.12573 
0.255005 0.40527 0.13062 0.610 0.3174 -0.10498 
0.251831 0.41260 0.13062 0.610 0.3174 -0.10498 
0.251831 0.41260 0.13062 0.610 0.3174 -0.10498 
0.251831 0.41260 0.13062 0.610 0.3174 -0.10498 
0.251831 0.41260 0.13062 0.610 0.3174 -0.10498 
0.251831 0.41260 0.13062 0.610 0.3174 -0.10498 
0.251831 0.41260 0.13062 0.610 0.3174 -0.10498 
0.251831 0.41260 0.13062 0.610 0.3174 -0.10498 
0.251831 0.41260 0.13062 0.610 0.3174 -0.10498 
0.251831 0.41260 0.13062 0.610 0.3174 -0.10498 
0.251831 0.41260 0.13062 0.610 0.6714 -0.4395 
0.251831 0.41504 0.13550 -0.2930 0.6714 -0.4395 
0.251831 0.41504 0.13550 -0.2930 0.6714 -0.4395 
0.251831 0.41504 0.13550 -0.2930 0.6714 -0.4395 
0.251831 0.41504 0.13550 -0.2930 0.6714 -0.4395 
0.251831 0.41504 0.13550 -0.2930 0.6714 -0.4395 
0.251831 0.41504 0.13550 -0.2930 0.6714 -0.4395 
0.251831 0.41504 0.13550 -0.2930 0.6714 -0.4395 
0.251831 0.41504 0.13550 -0.2930 0.6714 -0.4395 
0.251831 0.41504 0.13550 -0.2930 0.6714 -0.4395 
0.251831 0.41504 0.13550 -0.2930 0.6714 -0.28809 
0.254150 0.41626 0.14893 -0.5249 0.8179 0.2441 
0.254150 0.41626 0.14893 -0.5249 0.8179 0.2441 
0.254150 0.41626 0.14893 -0.5249 0.8179 0.2441 
0.254150 0.41626 0.14893 -0.5249 0.8179 0.2441 
0.254150 0.41626 0.14893 -0.5249 0.8179 0.2441 
0.254150 0.41626 0.14893 -0.5249 0.8179 0.2441 
0.254150 0.41626 0.14893 -0.5249 0.8179 0.2441 
0.254150 0.41626 0.14893 -0.5249 0.8179 0.2441 
0.254150 0.41626 0.14893 -0.5249 0.8179 0.2441 
0.254150 0.41626 0.14893 -0.5249 0.8179 0.2441 
0.254150 0.42358 0.16724 -0.4639 0.9399 0.6226 
0.254883 0.42358 0.16724 -0.4639 0.9399 0.6226 
0.254883 0.42358 0.16724 -0.4639 0.9399 0.6226 
0.254883 0.42358 0.16724 -0.4639 0.9399 0.6226 
0.254883 0.42358 0.16724 -0.4639 0.9399 0.6226 
0.254883 0.42358 0.16724 -0.4639 0.9399 0.6226 
0.254883 0.42358 0.16724 -0.4639 0.9399 0.6226 
0.254883 0.42358 0.16724 -0.4639 0.9399 0.6226 
0.254883 0.42358 0.16724 -0.4639 0.9399 0.6226 
0.254883 0.42358 0.16724 -0.4639 0.9399 0.6226 
0.254883 0.42358 0.16724 -0.2930 0.9033 0.6592 
0.254517 0.43091 0.17700 -0.2930 0.9033 0.6592 
0.254517 0.43091 0.17700 -0.2930 0.9033 0.6592 
0.254517 0.43091 0.17700 -0.2930 0.9033 0.6592 
0.254517 0.43091 0.17700 -0.2930 0.9033 0.6592 
0.254517 0.43091 0.17700 -0.2930 0.9033 0.6592 
0.254517 0.43091 0.17700 -0.2930 0.9033 0.6592 
0.254517 0.43091 0.17700 -0.2930 0.9033 0.6592 
0.254517 0.43091 0.17700 -0.2930 0.9033 0.6592 
0.254517 0.43091 0.17700 -0.2930 0.9033 0.6592 
0.254517 0.43091 0.17700 -0.2930 0.9033 0.4761 
0.252319 0.43335 0.16968 -0.2197 0.7813 0.4761 
0.252319 0.43335 0.16968 -0.2197 0.7813 0.4761 
0.252319 0.43335 0.16968 -0.2197 0.7813 0.4761 
0.252319 0.43335 0.16968 -0.2197 0.7813 0.4761 
0.252319 0.43335 0.16968 -0.2197 0.7813 0.4761 
0.252319 0.43335 0.16968 -0.2197 0.7813 0.4761 
0.252319 0.43335 0.16968 -0.2197 0.7813 0.4761 
0.252319 0.43335 0.16968 -0.2197 0.7813 0.4761 
0.252319 0.43335 0.16968 -0.2197 0.7813 0.4761 
0.252319 0.43335 0.16968 -0.2197 0.7813 0.4761 
0.252319 0.42969 0.15869 -0.3418 0.6958 0.3052 
0.250488 0.42969 0.15869 -0.3418 0.6958 0.3052 
0.250488 0.42969 0.15869 -0.3418 0.6958 0.3052 
0.250488 0.42969 0.15869 -0.3418 0.6958 0.3052 
0.250488 0.42969 0.15869 -0.3418 0.6958 0.3052 
0.250488 0.42969 0.15869 -0.3418 0.6958 0.3052 
0.250488 0.42969 0.15869 -0.3418 0.6958 0.3052 
0.250488 0.42969 0.15869 -0.3418 0.6958 0.3052 
0.250488 0.42969 0.15869 -0.3418 0.6958 0.3052 
0.250488 0.42969 0.15869 -0.3418 0.6958 0.3052 
0.250488 0.42969 0.16846 -0.5615 0.7080 0.1953 
0.251953 0.42603 0.16846 -0.5615 0.7080 0.1953 
0.251953 0.42603 0.16846 -0.5615 0.7080 0.1953 
0.251953 0.42603 0.16846 -0.5615 0.7080 0.1953 
0.251953 0.42603 0.16846 -0.5615 0.7080 0.1953 
0.251953 0.42603 0.16846 -0.5615 0.7080 0.1953 
0.251953 0.42603 0.16846 -0.5615 0.7080 0.1953 
0.251953 0.42603 0.16846 -0.5615 0.7080 0.1953 
0.251953 0.42603 0.16846 -0.5615 0.7080 0.1953 
0.251953 0.42603 0.16846 -0.5615 0.7080 0.1953 
0.251953 0.42603 0.16846 -0.5615 0.8301 0.00 
0.254272 0.42969 0.18555 -0.5859 0.8301 0.00 
0.254272 0.42969 0.18555 -0.5859 0.8301 0.00 
0.254272 0.42969 0.18555 -0.5859 0.8301 0.00 
0.254272 0.42969 0.18555 -0.5859 0.8301 0.00 
0.254272 0.42969 0.18555 -0.5859 0.8301 0.00 
