0.253784 0.25879 0.9888 0.1221 -0.9888 0.11353 
0.253784 0.25879 0.9888 0.1221 -0.9888 0.11353 
0.253784 0.26489 0.10376 0.00 -0.11963 0.14404 
0.255737 0.26489 0.10376 0.00 -0.11963 0.14404 
0.255737 0.26489 0.10376 0.00 -0.11963 0.14404 
0.255737 0.26489 0.10376 0.00 -0.11963 0.14404 
0.255737 0.26489 0.10376 0.00 -0.11963 0.14404 
0.255737 0.26489 0.10376 0.00 -0.11963 0.14404 
0.255737 0.26489 0.10376 0.00 -0.11963 0.14404 
0.255737 0.26489 0.10376 0.00 -0.11963 0.14404 
0.255737 0.26489 0.10376 0.00 -0.11963 0.14404 
0.255737 0.26489 0.10376 0.00 -0.11963 0.14404 
0.255737 0.26489 0.10376 0.29907 -0.13672 0.14893 
0.255859 0.25879 0.8789 -0.1343 -0.13672 0.14893 
0.255859 0.25879 0.8789 -0.1343 -0.13672 0.14893 
0.255859 0.25879 0.8789 -0.1343 -0.13672 0.14893 
0.255859 0.25879 0.8789 -0.1343 -0.13672 0.14893 
0.255859 0.25879 0.8789 -0.1343 -0.13672 0.14893 
0.255859 0.25879 0.8789 -0.1343 -0.13672 0.14893 
0.255859 0.25879 0.8789 -0.1343 -0.13672 0.14893 
0.255859 0.25879 0.8789 -0.1343 -0.13672 0.14893 
0.255859 0.25879 0.8789 -0.1343 -0.13672 0.14893 
0.255859 0.25879 0.8789 -0.1343 -0.13672 0.14160 
0.256592 0.25513 0.8179 -0.2197 -0.14526 0.14160 
0.256592 0.25513 0.8179 -0.2197 -0.14526 0.14160 
0.256592 0.25513 0.8179 -0.2197 -0.14526 0.14160 
0.256592 0.25513 0.8179 -0.2197 -0.14526 0.14160 
0.256592 0.25513 0.8179 -0.2197 -0.14526 0.14160 
0.256592 0.25513 0.8179 -0.2197 -0.14526 0.14160 
0.256592 0.25513 0.8179 -0.2197 -0.14526 0.14160 
0.256592 0.25513 0.8179 -0.2197 -0.14526 0.14160 
0.256592 0.25513 0.8179 -0.2197 -0.14526 0.14160 
0.256592 0.25513 0.8179 -0.2197 -0.14526 0.14160 
0.256592 0.24780 0.7202 -0.2319 -0.15259 0.11353 
0.258301 0.24780 0.7202 -0.2319 -0.15259 0.11353 
0.258301 0.24780 0.7202 -0.2319 -0.15259 0.11353 
0.258301 0.24780 0.7202 -0.2319 -0.15259 0.11353 
0.258301 0.24780 0.7202 -0.2319 -0.15259 0.11353 
0.258301 0.24780 0.7202 -0.2319 -0.15259 0.11353 
0.258301 0.24780 0.7202 -0.2319 -0.15259 0.11353 
0.258301 0.24780 0.7202 -0.2319 -0.15259 0.11353 
0.258301 0.24780 0.7202 -0.2319 -0.15259 0.11353 
0.258301 0.24780 0.7202 -0.2319 -0.15259 0.11353 
0.258301 0.24780 0.7202 -0.2319 -0.15015 0.7202 
0.260010 0.23926 0.6714 -0.2319 -0.15015 0.7202 
0.260010 0.23926 0.6714 -0.2319 -0.15015 0.7202 
0.260010 0.23926 0.6714 -0.2319 -0.15015 0.7202 
0.260010 0.23926 0.6714 -0.2319 -0.15015 0.7202 
0.260010 0.23926 0.6714 -0.2319 -0.15015 0.7202 
0.260010 0.23926 0.6714 -0.2319 -0.15015 0.7202 
0.260010 0.23926 0.6714 -0.2319 -0.15015 0.7202 
0.260010 0.23926 0.6714 -0.2319 -0.15015 0.7202 
0.260010 0.23926 0.6714 -0.2319 -0.15015 0.7202 
0.260010 0.23926 0.6714 -0.2319 -0.14404 0.2563 
0.262207 0.23315 0.6714 -0.1465 -0.14404 0.2563 
0.262207 0.23315 0.6714 -0.1465 -0.14404 0.2563 
0.262207 0.23315 0.6714 -0.1465 -0.14404 0.2563 
0.262207 0.23315 0.6714 -0.1465 -0.14404 0.2563 
0.262207 0.23315 0.6714 -0.1465 -0.14404 0.2563 
0.262207 0.23315 0.6714 -0.1465 -0.14404 0.2563 
0.262207 0.23315 0.6714 -0.1465 -0.14404 0.2563 
0.262207 0.23315 0.6714 -0.1465 -0.14404 0.2563 
0.262207 0.23315 0.6714 -0.1465 -0.14404 0.2563 
0.262207 0.23315 0.6714 -0.1465 -0.14404 0.2563 
0.263672 0.22827 0.7080 0.244 -0.13062 -0.1831 
0.263672 0.22827 0.7080 0.244 -0.13062 -0.1831 
0.263672 0.22827 0.7080 0.244 -0.13062 -0.1831 
0.263672 0.22827 0.7080 0.244 -0.13062 -0.1831 
0.263672 0.22827 0.7080 0.244 -0.13062 -0.1831 
0.263672 0.22827 0.7080 0.244 -0.13062 -0.1831 
0.263672 0.22827 0.7080 0.244 -0.13062 -0.1831 
0.263672 0.22827 0.7080 0.244 -0.13062 -0.1831 
0.263672 0.22827 0.7080 0.244 -0.13062 -0.1831 
0.263672 0.22827 0.7080 0.244 -0.13062 -0.1831 
0.263672 0.22827 0.7202 0.2075 -0.10620 -0.5371 
0.263306 0.22705 0.7202 0.2075 -0.10620 -0.5371 
0.263306 0.22705 0.7202 0.2075 -0.10620 -0.5371 
0.263306 0.22705 0.7202 0.2075 -0.10620 -0.5371 
0.263306 0.22705 0.7202 0.2075 -0.10620 -0.5371 
0.263306 0.22705 0.7202 0.2075 -0.10620 -0.5371 
0.263306 0.22705 0.7202 0.2075 -0.10620 -0.5371 
0.263306 0.22705 0.7202 0.2075 -0.10620 -0.5371 
0.263306 0.22705 0.7202 0.2075 -0.10620 -0.5371 
0.263306 0.22705 0.7202 0.2075 -0.10620 -0.5371 
0.263306 0.22705 0.7202 0.2075 -0.6836 -0.7080 
0.260742 0.22949 0.6836 0.2441 -0.6836 -0.7080 
0.260742 0.22949 0.6836 0.2441 -0.6836 -0.7080 
0.260742 0.22949 0.6836 0.2441 -0.6836 -0.7080 
0.260742 0.22949 0.6836 0.2441 -0.6836 -0.7080 
0.260742 0.22949 0.6836 0.2441 -0.6836 -0.7080 
0.260742 0.22949 0.6836 0.2441 -0.6836 -0.7080 
0.260742 0.22949 0.6836 0.2441 -0.6836 -0.7080 
0.260742 0.22949 0.6836 0.2441 -0.6836 -0.7080 
0.260742 0.22949 0.6836 0.2441 -0.6836 -0.7080 
0.260742 0.22949 0.6836 0.2441 -0.6836 -0.6348 
0.258667 0.23560 0.6836 0.00 -0.1587 -0.6348 
0.258667 0.23560 0.6836 0.00 -0.1587 -0.6348 
0.258667 0.23560 0.6836 0.00 -0.1587 -0.6348 
0.258667 0.23560 0.6836 0.00 -0.1587 -0.6348 
0.258667 0.23560 0.6836 0.00 -0.1587 -0.6348 
0.258667 0.23560 0.6836 0.00 -0.1587 -0.6348 
0.258667 0.23560 0.6836 0.00 -0.1587 -0.6348 
0.258667 0.23560 0.6836 0.00 -0.1587 -0.6348 
0.258667 0.23560 0.6836 0.00 -0.1587 -0.6348 
0.258667 0.23560 0.6836 0.00 -0.1587 -0.6348 
0.258667 0.24292 0.7324 -0.4150 0.3540 -0.3906 
0.258545 0.24292 0.7324 -0.4150 0.3540 -0.3906 
0.258545 0.24292 0.7324 -0.4150 0.3540 -0.3906 
0.258545 0.24292 0.7324 -0.4150 0.3540 -0.3906 
0.258545 0.24292 0.7324 -0.4150 0.3540 -0.3906 
0.258545 0.24292 0.7324 -0.4150 0.3540 -0.3906 
0.258545 0.24292 0.7324 -0.4150 0.3540 -0.3906 
0.258545 0.24292 0.7324 -0.4150 0.3540 -0.3906 
0.258545 0.24292 0.7324 -0.4150 0.3540 -0.3906 
0.258545 0.24292 0.7324 -0.4150 0.3540 -0.3906 
0.258545 0.24292 0.7324 -0.8667 0.8057 -0.1709 
0.258057 0.24780 0.7935 -0.8667 0.8057 -0.1709 
0.258057 0.24780 0.7935 -0.8667 0.8057 -0.1709 
0.258057 0.24780 0.7935 -0.8667 0.8057 -0.1709 
0.258057 0.24780 0.7935 -0.8667 0.8057 -0.1709 
0.258057 0.24780 0.7935 -0.8667 0.8057 -0.1709 
0.258057 0.24780 0.7935 -0.8667 0.8057 -0.1709 
0.258057 0.24780 0.7935 -0.8667 0.8057 -0.1709 
0.258057 0.24780 0.7935 -0.8667 0.8057 -0.1709 
0.258057 0.24780 0.7935 -0.8667 0.8057 -0.1709 
0.258057 0.24780 0.7935 -0.8667 0.8057 0.244 
0.258179 0.25269 0.9644 -0.12451 0.10498 0.244 
0.258179 0.25269 0.9644 -0.12451 0.10498 0.244 
0.258179 0.25269 0.9644 -0.12451 0.10498 0.244 
0.258179 0.25269 0.9644 -0.12451 0.10498 0.244 
0.258179 0.25269 0.9644 -0.12451 0.10498 0.244 
0.258179 0.25269 0.9644 -0.12451 0.10498 0.244 
0.258179 0.25269 0.9644 -0.12451 0.10498 0.244 
0.258179 0.25269 0.9644 -0.12451 0.10498 0.244 
0.258179 0.25269 0.9644 -0.12451 0.10498 0.244 
0.258179 0.25269 0.9644 -0.12451 0.10498 0.244 
0.258179 0.25391 0.11719 -0.13550 0.10620 0.1099 
0.259399 0.25391 0.11719 -0.13550 0.10620 0.1099 
0.259399 0.25391 0.11719 -0.13550 0.10620 0.1099 
0.259399 0.25391 0.11719 -0.13550 0.10620 0.1099 
0.259399 0.25391 0.11719 -0.13550 0.10620 0.1099 
0.259399 0.25391 0.11719 -0.13550 0.10620 0.1099 
0.259399 0.25391 0.11719 -0.13550 0.10620 0.1099 
0.259399 0.25391 0.11719 -0.13550 0.10620 0.1099 
0.259399 0.25391 0.11719 -0.13550 0.10620 0.1099 
0.259399 0.25391 0.11719 -0.13550 0.10620 0.1099 
0.259399 0.25391 0.13062 -0.10620 0.8667 0.488 
0.260986 0.24780 0.13062 -0.10620 0.8667 0.488 
0.260986 0.24780 0.13062 -0.10620 0.8667 0.488 
0.260986 0.24780 0.13062 -0.10620 0.8667 0.488 
