0.255981 0.32959 0.9399 -0.2930 -0.2563 -0.21973 
0.255981 0.32959 0.9399 -0.2930 -0.2563 -0.21973 
0.255981 0.32959 0.9399 -0.2930 -0.2563 -0.21973 
0.255981 0.32959 0.9399 -0.2930 -0.2563 -0.21973 
0.255981 0.32959 0.9399 -0.2930 -0.2563 -0.21973 
0.255981 0.32959 0.9399 -0.2930 -0.2563 -0.21973 
0.255981 0.32959 0.9399 -0.2930 -0.2563 -0.21973 
0.255981 0.33325 0.7813 -0.10620 0.2197 -0.19165 
0.253784 0.33325 0.7813 -0.10620 0.2197 -0.19165 
0.253784 0.33325 0.7813 -0.10620 0.2197 -0.19165 
0.253784 0.33325 0.7813 -0.10620 0.2197 -0.19165 
0.253784 0.33325 0.7813 -0.10620 0.2197 -0.19165 
0.253784 0.33325 0.7813 -0.10620 0.2197 -0.19165 
0.253784 0.33325 0.7813 -0.10620 0.2197 -0.19165 
0.253784 0.33325 0.7813 -0.10620 0.2197 -0.19165 
0.253784 0.33325 0.7813 -0.10620 0.2197 -0.19165 
0.253784 0.33325 0.7813 -0.10620 0.2197 -0.19165 
0.253784 0.33325 0.8057 -0.18311 0.5371 -0.14282 
0.256714 0.33203 0.8057 -0.18311 0.5371 -0.14282 
0.256714 0.33203 0.8057 -0.18311 0.5371 -0.14282 
0.256714 0.33203 0.8057 -0.18311 0.5371 -0.14282 
0.256714 0.33203 0.8057 -0.18311 0.5371 -0.14282 
0.256714 0.33203 0.8057 -0.18311 0.5371 -0.14282 
0.256714 0.33203 0.8057 -0.18311 0.5371 -0.14282 
0.256714 0.33203 0.8057 -0.18311 0.5371 -0.14282 
0.256714 0.33203 0.8057 -0.18311 0.5371 -0.14282 
0.256714 0.33203 0.8057 -0.18311 0.5371 -0.14282 
0.256714 0.33203 0.8057 -0.18311 0.6226 -0.10498 
0.257690 0.33203 0.7935 -0.20630 0.6226 -0.10498 
0.257690 0.33203 0.7935 -0.20630 0.6226 -0.10498 
0.257690 0.33203 0.7935 -0.20630 0.6226 -0.10498 
0.257690 0.33203 0.7935 -0.20630 0.6226 -0.10498 
0.257690 0.33203 0.7935 -0.20630 0.6226 -0.10498 
0.257690 0.33203 0.7935 -0.20630 0.6226 -0.10498 
0.257690 0.33203 0.7935 -0.20630 0.6226 -0.10498 
0.257690 0.33203 0.7935 -0.20630 0.6226 -0.10498 
0.257690 0.33203 0.7935 -0.20630 0.6226 -0.10498 
0.257690 0.33203 0.7935 -0.20630 0.6226 -0.10498 
0.257568 0.34180 0.8423 -0.19043 0.5981 -0.7813 
0.257568 0.34180 0.8423 -0.19043 0.5981 -0.7813 
0.257568 0.34180 0.8423 -0.19043 0.5981 -0.7813 
0.257568 0.34180 0.8423 -0.19043 0.5981 -0.7813 
0.257568 0.34180 0.8423 -0.19043 0.5981 -0.7813 
0.257568 0.34180 0.8423 -0.19043 0.5981 -0.7813 
0.257568 0.34180 0.8423 -0.19043 0.5981 -0.7813 
0.257568 0.34180 0.8423 -0.19043 0.5981 -0.7813 
0.257568 0.34180 0.8423 -0.19043 0.5981 -0.7813 
0.257568 0.34180 0.8423 -0.19043 0.5981 -0.7813 
0.257568 0.34180 0.8667 -0.15381 0.4639 -0.6836 
0.255859 0.35156 0.8667 -0.15381 0.4639 -0.6836 
0.255859 0.35156 0.8667 -0.15381 0.4639 -0.6836 
0.255859 0.35156 0.8667 -0.15381 0.4639 -0.6836 
0.255859 0.35156 0.8667 -0.15381 0.4639 -0.6836 
0.255859 0.35156 0.8667 -0.15381 0.4639 -0.6836 
0.255859 0.35156 0.8667 -0.15381 0.4639 -0.6836 
0.255859 0.35156 0.8667 -0.15381 0.4639 -0.6836 
0.255859 0.35156 0.8667 -0.15381 0.4639 -0.6836 
0.255859 0.35156 0.8667 -0.15381 0.4639 -0.6836 
0.255859 0.35156 0.8667 -0.15381 0.3174 -0.6714 
0.254272 0.36011 0.8789 -0.11597 0.3174 -0.6714 
0.254272 0.36011 0.8789 -0.11597 0.3174 -0.6714 
0.254272 0.36011 0.8789 -0.11597 0.3174 -0.6714 
0.254272 0.36011 0.8789 -0.11597 0.3174 -0.6714 
0.254272 0.36011 0.8789 -0.11597 0.3174 -0.6714 
0.254272 0.36011 0.8789 -0.11597 0.3174 -0.6714 
0.254272 0.36011 0.8789 -0.11597 0.3174 -0.6714 
0.254272 0.36011 0.8789 -0.11597 0.3174 -0.6714 
0.254272 0.36011 0.8789 -0.11597 0.3174 -0.6714 
0.254272 0.36011 0.8789 -0.11597 0.3174 -0.6958 
0.250732 0.37109 0.9033 -0.8423 0.1221 -0.6958 
0.250732 0.37109 0.9033 -0.8423 0.1221 -0.6958 
0.250732 0.37109 0.9033 -0.8423 0.1221 -0.6958 
0.250732 0.37109 0.9033 -0.8423 0.1221 -0.6958 
0.250732 0.37109 0.9033 -0.8423 0.1221 -0.6958 
0.250732 0.37109 0.9033 -0.8423 0.1221 -0.6958 
0.250732 0.37109 0.9033 -0.8423 0.1221 -0.6958 
0.250732 0.37109 0.9033 -0.8423 0.1221 -0.6958 
0.250732 0.37109 0.9033 -0.8423 0.1221 -0.6958 
0.250732 0.37109 0.9033 -0.8423 0.1221 -0.6958 
0.250732 0.38086 0.9155 -0.7202 -0.610 -0.6348 
0.249756 0.38086 0.9155 -0.7202 -0.610 -0.6348 
0.249756 0.38086 0.9155 -0.7202 -0.610 -0.6348 
0.249756 0.38086 0.9155 -0.7202 -0.610 -0.6348 
0.249756 0.38086 0.9155 -0.7202 -0.610 -0.6348 
0.249756 0.38086 0.9155 -0.7202 -0.610 -0.6348 
0.249756 0.38086 0.9155 -0.7202 -0.610 -0.6348 
0.249756 0.38086 0.9155 -0.7202 -0.610 -0.6348 
0.249756 0.38086 0.9155 -0.7202 -0.610 -0.6348 
0.249756 0.38086 0.9155 -0.7202 -0.610 -0.6348 
0.249756 0.38086 0.9155 -0.6958 -0.2075 -0.5615 
0.250855 0.37354 0.8789 -0.6958 -0.2075 -0.5615 
0.250855 0.37354 0.8789 -0.6958 -0.2075 -0.5615 
0.250855 0.37354 0.8789 -0.6958 -0.2075 -0.5615 
0.250855 0.37354 0.8789 -0.6958 -0.2075 -0.5615 
0.250855 0.37354 0.8789 -0.6958 -0.2075 -0.5615 
0.250855 0.37354 0.8789 -0.6958 -0.2075 -0.5615 
0.250855 0.37354 0.8789 -0.6958 -0.2075 -0.5615 
0.250855 0.37354 0.8789 -0.6958 -0.2075 -0.5615 
0.250855 0.37354 0.8789 -0.6958 -0.2075 -0.5615 
0.250855 0.37354 0.8789 -0.6958 -0.2075 -0.4639 
0.251465 0.36133 0.8057 -0.6226 -0.2197 -0.4639 
0.251465 0.36133 0.8057 -0.6226 -0.2197 -0.4639 
0.251465 0.36133 0.8057 -0.6226 -0.2197 -0.4639 
0.251465 0.36133 0.8057 -0.6226 -0.2197 -0.4639 
0.251465 0.36133 0.8057 -0.6226 -0.2197 -0.4639 
0.251465 0.36133 0.8057 -0.6226 -0.2197 -0.4639 
0.251465 0.36133 0.8057 -0.6226 -0.2197 -0.4639 
0.251465 0.36133 0.8057 -0.6226 -0.2197 -0.4639 
0.251465 0.36133 0.8057 -0.6226 -0.2197 -0.4639 
0.251465 0.36133 0.8057 -0.6226 -0.2197 -0.4639 
0.251831 0.35767 0.8423 -0.4272 -0.854 -0.2686 
0.251831 0.35767 0.8423 -0.4272 -0.854 -0.2686 
0.251831 0.35767 0.8423 -0.4272 -0.854 -0.2686 
0.251831 0.35767 0.8423 -0.4272 -0.854 -0.2686 
0.251831 0.35767 0.8423 -0.4272 -0.854 -0.2686 
0.251831 0.35767 0.8423 -0.4272 -0.854 -0.2686 
0.251831 0.35767 0.8423 -0.4272 -0.854 -0.2686 
0.251831 0.35767 0.8423 -0.4272 -0.854 -0.2686 
0.251831 0.35767 0.8423 -0.4272 -0.854 -0.2686 
0.251831 0.35767 0.8423 -0.4272 -0.854 -0.2686 
0.251831 0.35767 0.8179 -0.1953 0.1953 -0.122 
0.250000 0.35889 0.8179 -0.1953 0.1953 -0.122 
0.250000 0.35889 0.8179 -0.1953 0.1953 -0.122 
0.250000 0.35889 0.8179 -0.1953 0.1953 -0.122 
0.250000 0.35889 0.8179 -0.1953 0.1953 -0.122 
0.250000 0.35889 0.8179 -0.1953 0.1953 -0.122 
0.250000 0.35889 0.8179 -0.1953 0.1953 -0.122 
0.250000 0.35889 0.8179 -0.1953 0.1953 -0.122 
0.250000 0.35889 0.8179 -0.1953 0.1953 -0.122 
0.250000 0.35889 0.8179 -0.1953 0.1953 -0.122 
0.250000 0.35889 0.8179 -0.1953 0.5737 0.3418 
0.248779 0.36133 0.7935 -0.977 0.5737 0.3418 
0.248779 0.36133 0.7935 -0.977 0.5737 0.3418 
0.248779 0.36133 0.7935 -0.977 0.5737 0.3418 
0.248779 0.36133 0.7935 -0.977 0.5737 0.3418 
0.248779 0.36133 0.7935 -0.977 0.5737 0.3418 
0.248779 0.36133 0.7935 -0.977 0.5737 0.3418 
0.248779 0.36133 0.7935 -0.977 0.5737 0.3418 
0.248779 0.36133 0.7935 -0.977 0.5737 0.3418 
0.248779 0.36133 0.7935 -0.977 0.5737 0.3418 
0.248779 0.36133 0.7935 -0.977 0.5737 0.3418 
0.249634 0.36499 0.9155 -0.1343 0.9521 0.5981 
0.249634 0.36499 0.9155 -0.1343 0.9521 0.5981 
0.249634 0.36499 0.9155 -0.1343 0.9521 0.5981 
0.249634 0.36499 0.9155 -0.1343 0.9521 0.5981 
0.249634 0.36499 0.9155 -0.1343 0.9521 0.5981 
0.249634 0.36499 0.9155 -0.1343 0.9521 0.5981 
0.249634 0.36499 0.9155 -0.1343 0.9521 0.5981 
0.249634 0.36499 0.9155 -0.1343 0.9521 0.5981 
0.249634 0.36499 0.9155 -0.1343 0.9521 0.5981 
