0.254150 0.33936 0.6836 -0.11353 0.1465 0.3784 
0.254150 0.33936 0.6836 -0.11353 0.1465 0.3784 
0.254150 0.33936 0.6836 -0.11353 0.1465 0.3784 
0.254150 0.33936 0.6836 -0.11353 0.1465 0.3784 
0.254150 0.33936 0.6836 -0.11353 0.1465 0.3784 
0.254150 0.33936 0.6836 -0.11353 0.1465 0.3784 
0.254150 0.33936 0.6836 -0.11353 0.1465 0.3418 
0.253906 0.33203 0.5981 -0.15259 0.3662 0.3418 
0.253906 0.33203 0.5981 -0.15259 0.3662 0.3418 
0.253906 0.33203 0.5981 -0.15259 0.3662 0.3418 
0.253906 0.33203 0.5981 -0.15259 0.3662 0.3418 
0.253906 0.33203 0.5981 -0.15259 0.3662 0.3418 
0.253906 0.33203 0.5981 -0.15259 0.3662 0.3418 
0.253906 0.33203 0.5981 -0.15259 0.3662 0.3418 
0.253906 0.33203 0.5981 -0.15259 0.3662 0.3418 
0.253906 0.33203 0.5981 -0.15259 0.3662 0.3418 
0.253906 0.33203 0.5981 -0.15259 0.3662 0.3418 
0.253296 0.32715 0.6348 -0.19531 0.4761 0.3052 
0.253296 0.32715 0.6348 -0.19531 0.4761 0.3052 
0.253296 0.32715 0.6348 -0.19531 0.4761 0.3052 
0.253296 0.32715 0.6348 -0.19531 0.4761 0.3052 
0.253296 0.32715 0.6348 -0.19531 0.4761 0.3052 
0.253296 0.32715 0.6348 -0.19531 0.4761 0.3052 
0.253296 0.32715 0.6348 -0.19531 0.4761 0.3052 
0.253296 0.32715 0.6348 -0.19531 0.4761 0.3052 
0.253296 0.32715 0.6348 -0.19531 0.4761 0.3052 
0.253296 0.32715 0.6348 -0.19531 0.4761 0.3052 
0.253296 0.32715 0.6592 -0.22339 0.3174 0.2197 
0.254883 0.31860 0.6592 -0.22339 0.3174 0.2197 
0.254883 0.31860 0.6592 -0.22339 0.3174 0.2197 
0.254883 0.31860 0.6592 -0.22339 0.3174 0.2197 
0.254883 0.31860 0.6592 -0.22339 0.3174 0.2197 
0.254883 0.31860 0.6592 -0.22339 0.3174 0.2197 
0.254883 0.31860 0.6592 -0.22339 0.3174 0.2197 
0.254883 0.31860 0.6592 -0.22339 0.3174 0.2197 
0.254883 0.31860 0.6592 -0.22339 0.3174 0.2197 
0.254883 0.31860 0.6592 -0.22339 0.3174 0.2197 
0.254883 0.31860 0.6592 -0.22339 0.1709 -0.366 
0.256958 0.31128 0.6836 -0.23682 0.1709 -0.366 
0.256958 0.31128 0.6836 -0.23682 0.1709 -0.366 
0.256958 0.31128 0.6836 -0.23682 0.1709 -0.366 
0.256958 0.31128 0.6836 -0.23682 0.1709 -0.366 
0.256958 0.31128 0.6836 -0.23682 0.1709 -0.366 
0.256958 0.31128 0.6836 -0.23682 0.1709 -0.366 
0.256958 0.31128 0.6836 -0.23682 0.1709 -0.366 
0.256958 0.31128 0.6836 -0.23682 0.1709 -0.366 
0.256958 0.31128 0.6836 -0.23682 0.1709 -0.366 
0.256958 0.31128 0.6836 -0.23682 0.1709 -0.366 
0.259888 0.30518 0.7324 -0.22095 0.366 -0.4028 
0.259888 0.30518 0.7324 -0.22095 0.366 -0.4028 
0.259888 0.30518 0.7324 -0.22095 0.366 -0.4028 
0.259888 0.30518 0.7324 -0.22095 0.366 -0.4028 
0.259888 0.30518 0.7324 -0.22095 0.366 -0.4028 
0.259888 0.30518 0.7324 -0.22095 0.366 -0.4028 
0.259888 0.30518 0.7324 -0.22095 0.366 -0.4028 
0.259888 0.30518 0.7324 -0.22095 0.366 -0.4028 
0.259888 0.30518 0.7324 -0.22095 0.366 -0.4028 
0.259888 0.30518 0.7324 -0.22095 0.366 -0.4028 
0.259888 0.30518 0.8179 -0.17456 -0.610 -0.8423 
0.262817 0.30029 0.8179 -0.17456 -0.610 -0.8423 
0.262817 0.30029 0.8179 -0.17456 -0.610 -0.8423 
0.262817 0.30029 0.8179 -0.17456 -0.610 -0.8423 
0.262817 0.30029 0.8179 -0.17456 -0.610 -0.8423 
0.262817 0.30029 0.8179 -0.17456 -0.610 -0.8423 
0.262817 0.30029 0.8179 -0.17456 -0.610 -0.8423 
0.262817 0.30029 0.8179 -0.17456 -0.610 -0.8423 
0.262817 0.30029 0.8179 -0.17456 -0.610 -0.8423 
0.262817 0.30029 0.8179 -0.17456 -0.610 -0.8423 
0.262817 0.30029 0.8179 -0.10620 -0.854 -0.12451 
0.263306 0.30151 0.8057 -0.10620 -0.854 -0.12451 
0.263306 0.30151 0.8057 -0.10620 -0.854 -0.12451 
0.263306 0.30151 0.8057 -0.10620 -0.854 -0.12451 
0.263306 0.30151 0.8057 -0.10620 -0.854 -0.12451 
0.263306 0.30151 0.8057 -0.10620 -0.854 -0.12451 
0.263306 0.30151 0.8057 -0.10620 -0.854 -0.12451 
0.263306 0.30151 0.8057 -0.10620 -0.854 -0.12451 
0.263306 0.30151 0.8057 -0.10620 -0.854 -0.12451 
0.263306 0.30151 0.8057 -0.10620 -0.854 -0.12451 
0.263306 0.30151 0.8057 -0.10620 -0.854 -0.14526 
0.261597 0.31250 0.7813 -0.4395 -0.488 -0.14526 
0.261597 0.31250 0.7813 -0.4395 -0.488 -0.14526 
0.261597 0.31250 0.7813 -0.4395 -0.488 -0.14526 
0.261597 0.31250 0.7813 -0.4395 -0.488 -0.14526 
0.261597 0.31250 0.7813 -0.4395 -0.488 -0.14526 
0.261597 0.31250 0.7813 -0.4395 -0.488 -0.14526 
0.261597 0.31250 0.7813 -0.4395 -0.488 -0.14526 
0.261597 0.31250 0.7813 -0.4395 -0.488 -0.14526 
0.261597 0.31250 0.7813 -0.4395 -0.488 -0.14526 
0.261597 0.31250 0.7813 -0.4395 -0.488 -0.14526 
0.261597 0.32471 0.6958 -0.2075 0.1221 -0.12939 
0.258667 0.32471 0.6958 -0.2075 0.1221 -0.12939 
0.258667 0.32471 0.6958 -0.2075 0.1221 -0.12939 
0.258667 0.32471 0.6958 -0.2075 0.1221 -0.12939 
0.258667 0.32471 0.6958 -0.2075 0.1221 -0.12939 
0.258667 0.32471 0.6958 -0.2075 0.1221 -0.12939 
0.258667 0.32471 0.6958 -0.2075 0.1221 -0.12939 
0.258667 0.32471 0.6958 -0.2075 0.1221 -0.12939 
0.258667 0.32471 0.6958 -0.2075 0.1221 -0.12939 
0.258667 0.32471 0.6958 -0.2075 0.1221 -0.12939 
0.258667 0.32471 0.6958 -0.2686 0.3418 -0.8179 
0.255615 0.33203 0.6226 -0.2686 0.3418 -0.8179 
0.255615 0.33203 0.6226 -0.2686 0.3418 -0.8179 
0.255615 0.33203 0.6226 -0.2686 0.3418 -0.8179 
0.255615 0.33203 0.6226 -0.2686 0.3418 -0.8179 
0.255615 0.33203 0.6226 -0.2686 0.3418 -0.8179 
0.255615 0.33203 0.6226 -0.2686 0.3418 -0.8179 
0.255615 0.33203 0.6226 -0.2686 0.3418 -0.8179 
0.255615 0.33203 0.6226 -0.2686 0.3418 -0.8179 
0.255615 0.33203 0.6226 -0.2686 0.3418 -0.8179 
0.255615 0.33203 0.6226 -0.2686 0.3418 -0.1831 
0.253174 0.34424 0.5981 -0.4150 0.5737 -0.1831 
0.253174 0.34424 0.5981 -0.4150 0.5737 -0.1831 
0.253174 0.34424 0.5981 -0.4150 0.5737 -0.1831 
0.253174 0.34424 0.5981 -0.4150 0.5737 -0.1831 
0.253174 0.34424 0.5981 -0.4150 0.5737 -0.1831 
0.253174 0.34424 0.5981 -0.4150 0.5737 -0.1831 
0.253174 0.34424 0.5981 -0.4150 0.5737 -0.1831 
0.253174 0.34424 0.5981 -0.4150 0.5737 -0.1831 
0.253174 0.34424 0.5981 -0.4150 0.5737 -0.1831 
0.253174 0.34424 0.5981 -0.4150 0.5737 -0.1831 
0.251709 0.35645 0.7202 -0.5859 0.7568 0.3906 
0.251709 0.35645 0.7202 -0.5859 0.7568 0.3906 
0.251709 0.35645 0.7202 -0.5859 0.7568 0.3906 
0.251709 0.35645 0.7202 -0.5859 0.7568 0.3906 
0.251709 0.35645 0.7202 -0.5859 0.7568 0.3906 
0.251709 0.35645 0.7202 -0.5859 0.7568 0.3906 
0.251709 0.35645 0.7202 -0.5859 0.7568 0.3906 
0.251709 0.35645 0.7202 -0.5859 0.7568 0.3906 
0.251709 0.35645 0.7202 -0.5859 0.7568 0.3906 
0.251709 0.35645 0.7202 -0.5859 0.7568 0.3906 
0.251709 0.35645 0.8911 -0.5127 0.7202 0.7080 
0.253296 0.36255 0.8911 -0.5127 0.7202 0.7080 
0.253296 0.36255 0.8911 -0.5127 0.7202 0.7080 
0.253296 0.36255 0.8911 -0.5127 0.7202 0.7080 
0.253296 0.36255 0.8911 -0.5127 0.7202 0.7080 
0.253296 0.36255 0.8911 -0.5127 0.7202 0.7080 
0.253296 0.36255 0.8911 -0.5127 0.7202 0.7080 
0.253296 0.36255 0.8911 -0.5127 0.7202 0.7080 
0.253296 0.36255 0.8911 -0.5127 0.7202 0.7080 
0.253296 0.36255 0.8911 -0.5127 0.7202 0.7080 
0.253296 0.36255 0.8911 -0.5127 0.4517 0.6958 
0.256226 0.36377 0.10254 -0.244 0.4517 0.6958 
0.256226 0.36377 0.10254 -0.244 0.4517 0.6958 
0.256226 0.36377 0.10254 -0.244 0.4517 0.6958 
0.256226 0.36377 0.10254 -0.244 0.4517 0.6958 
0.256226 0.36377 0.10254 -0.244 0.4517 0.6958 
0.256226 0.36377 0.10254 -0.244 0.4517 0.6958 
0.256226 0.36377 0.10254 -0.244 0.4517 0.6958 
0.256226 0.36377 0.10254 -0.244 0.4517 0.6958 
0.256226 0.36377 0.10254 -0.244 0.4517 0.6958 
