0.249756 0.45532 0.977 -0.4395 -0.4272 0.7080 
0.249756 0.45532 0.977 -0.4395 -0.4272 0.7080 
0.249756 0.45532 0.977 -0.6348 -0.3662 0.3784 
0.253784 0.45288 0.2319 -0.6348 -0.3662 0.3784 
0.253784 0.45288 0.2319 -0.6348 -0.3662 0.3784 
0.253784 0.45288 0.2319 -0.6348 -0.3662 0.3784 
0.253784 0.45288 0.2319 -0.6348 -0.3662 0.3784 
0.253784 0.45288 0.2319 -0.6348 -0.3662 0.3784 
0.253784 0.45288 0.2319 -0.6348 -0.3662 0.3784 
0.253784 0.45288 0.2319 -0.6348 -0.3662 0.3784 
0.253784 0.45288 0.2319 -0.6348 -0.3662 0.3784 
0.253784 0.45288 0.2319 -0.6348 -0.3662 0.3784 
0.253784 0.45288 0.2319 -0.6348 -0.3662 0.00 
0.256592 0.44434 0.2808 -0.9155 -0.2075 0.00 
0.256592 0.44434 0.2808 -0.9155 -0.2075 0.00 
0.256592 0.44434 0.2808 -0.9155 -0.2075 0.00 
0.256592 0.44434 0.2808 -0.9155 -0.2075 0.00 
0.256592 0.44434 0.2808 -0.9155 -0.2075 0.00 
0.256592 0.44434 0.2808 -0.9155 -0.2075 0.00 
0.256592 0.44434 0.2808 -0.9155 -0.2075 0.00 
0.256592 0.44434 0.2808 -0.9155 -0.2075 0.00 
0.256592 0.44434 0.2808 -0.9155 -0.2075 0.00 
0.256592 0.44434 0.2808 -0.9155 -0.2075 0.00 
0.259033 0.44312 0.4028 -0.9888 -0.854 -0.5249 
0.259033 0.44312 0.4028 -0.9888 -0.854 -0.5249 
0.259033 0.44312 0.4028 -0.9888 -0.854 -0.5249 
0.259033 0.44312 0.4028 -0.9888 -0.854 -0.5249 
0.259033 0.44312 0.4028 -0.9888 -0.854 -0.5249 
0.259033 0.44312 0.4028 -0.9888 -0.854 -0.5249 
0.259033 0.44312 0.4028 -0.9888 -0.854 -0.5249 
0.259033 0.44312 0.4028 -0.9888 -0.854 -0.5249 
0.259033 0.44312 0.4028 -0.9888 -0.854 -0.5249 
0.259033 0.44312 0.4028 -0.9888 -0.854 -0.5249 
0.259033 0.44312 0.4150 -0.8667 -0.488 -0.10742 
0.260376 0.44556 0.4150 -0.8667 -0.488 -0.10742 
0.260376 0.44556 0.4150 -0.8667 -0.488 -0.10742 
0.260376 0.44556 0.4150 -0.8667 -0.488 -0.10742 
0.260376 0.44556 0.4150 -0.8667 -0.488 -0.10742 
0.260376 0.44556 0.4150 -0.8667 -0.488 -0.10742 
0.260376 0.44556 0.4150 -0.8667 -0.488 -0.10742 
0.260376 0.44556 0.4150 -0.8667 -0.488 -0.10742 
0.260376 0.44556 0.4150 -0.8667 -0.488 -0.10742 
0.260376 0.44556 0.4150 -0.8667 -0.488 -0.10742 
0.260376 0.44556 0.4150 -0.8667 -0.244 -0.14893 
0.260010 0.44312 0.3540 -0.7446 -0.244 -0.14893 
0.260010 0.44312 0.3540 -0.7446 -0.244 -0.14893 
0.260010 0.44312 0.3540 -0.7446 -0.244 -0.14893 
0.260010 0.44312 0.3540 -0.7446 -0.244 -0.14893 
0.260010 0.44312 0.3540 -0.7446 -0.244 -0.14893 
0.260010 0.44312 0.3540 -0.7446 -0.244 -0.14893 
0.260010 0.44312 0.3540 -0.7446 -0.244 -0.14893 
0.260010 0.44312 0.3540 -0.7446 -0.244 -0.14893 
0.260010 0.44312 0.3540 -0.7446 -0.244 -0.14893 
0.260010 0.44312 0.3540 -0.7446 -0.244 -0.14893 
0.258789 0.44434 0.3174 -0.6592 0.488 -0.16602 
0.258789 0.44434 0.3174 -0.6592 0.488 -0.16602 
0.258789 0.44434 0.3174 -0.6592 0.488 -0.16602 
0.258789 0.44434 0.3174 -0.6592 0.488 -0.16602 
0.258789 0.44434 0.3174 -0.6592 0.488 -0.16602 
0.258789 0.44434 0.3174 -0.6592 0.488 -0.16602 
0.258789 0.44434 0.3174 -0.6592 0.488 -0.16602 
0.258789 0.44434 0.3174 -0.6592 0.488 -0.16602 
0.258789 0.44434 0.3174 -0.6592 0.488 -0.16602 
0.258789 0.44434 0.3174 -0.6592 0.488 -0.16602 
0.258789 0.44434 0.3662 -0.6104 0.1831 -0.15625 
0.257568 0.45166 0.3662 -0.6104 0.1831 -0.15625 
0.257568 0.45166 0.3662 -0.6104 0.1831 -0.15625 
0.257568 0.45166 0.3662 -0.6104 0.1831 -0.15625 
0.257568 0.45166 0.3662 -0.6104 0.1831 -0.15625 
0.257568 0.45166 0.3662 -0.6104 0.1831 -0.15625 
0.257568 0.45166 0.3662 -0.6104 0.1831 -0.15625 
0.257568 0.45166 0.3662 -0.6104 0.1831 -0.15625 
0.257568 0.45166 0.3662 -0.6104 0.1831 -0.15625 
0.257568 0.45166 0.3662 -0.6104 0.1831 -0.15625 
0.257568 0.45166 0.3662 -0.5615 0.3296 -0.13306 
0.256226 0.46021 0.4639 -0.5615 0.3296 -0.13306 
0.256226 0.46021 0.4639 -0.5615 0.3296 -0.13306 
0.256226 0.46021 0.4639 -0.5615 0.3296 -0.13306 
0.256226 0.46021 0.4639 -0.5615 0.3296 -0.13306 
0.256226 0.46021 0.4639 -0.5615 0.3296 -0.13306 
0.256226 0.46021 0.4639 -0.5615 0.3296 -0.13306 
0.256226 0.46021 0.4639 -0.5615 0.3296 -0.13306 
0.256226 0.46021 0.4639 -0.5615 0.3296 -0.13306 
0.256226 0.46021 0.4639 -0.5615 0.3296 -0.13306 
0.256226 0.46021 0.4639 -0.5615 0.3296 -0.10376 
0.255371 0.46875 0.5859 -0.4639 0.4272 -0.10376 
0.255371 0.46875 0.5859 -0.4639 0.4272 -0.10376 
0.255371 0.46875 0.5859 -0.4639 0.4272 -0.10376 
0.255371 0.46875 0.5859 -0.4639 0.4272 -0.10376 
0.255371 0.46875 0.5859 -0.4639 0.4272 -0.10376 
0.255371 0.46875 0.5859 -0.4639 0.4272 -0.10376 
0.255371 0.46875 0.5859 -0.4639 0.4272 -0.10376 
0.255371 0.46875 0.5859 -0.4639 0.4272 -0.10376 
0.255371 0.46875 0.5859 -0.4639 0.4272 -0.10376 
0.255371 0.46875 0.5859 -0.4639 0.4272 -0.10376 
0.255371 0.47485 0.6470 -0.3052 0.4150 -0.7935 
0.253296 0.47485 0.6470 -0.3052 0.4150 -0.7935 
0.253296 0.47485 0.6470 -0.3052 0.4150 -0.7935 
0.253296 0.47485 0.6470 -0.3052 0.4150 -0.7935 
0.253296 0.47485 0.6470 -0.3052 0.4150 -0.7935 
0.253296 0.47485 0.6470 -0.3052 0.4150 -0.7935 
0.253296 0.47485 0.6470 -0.3052 0.4150 -0.7935 
0.253296 0.47485 0.6470 -0.3052 0.4150 -0.7935 
0.253296 0.47485 0.6470 -0.3052 0.4150 -0.7935 
0.253296 0.47485 0.6470 -0.3052 0.4150 -0.7935 
0.253296 0.47485 0.6470 -0.1709 0.2930 -0.5127 
0.249756 0.48340 0.6714 -0.1709 0.2930 -0.5127 
0.249756 0.48340 0.6714 -0.1709 0.2930 -0.5127 
0.249756 0.48340 0.6714 -0.1709 0.2930 -0.5127 
0.249756 0.48340 0.6714 -0.1709 0.2930 -0.5127 
0.249756 0.48340 0.6714 -0.1709 0.2930 -0.5127 
0.249756 0.48340 0.6714 -0.1709 0.2930 -0.5127 
0.249756 0.48340 0.6714 -0.1709 0.2930 -0.5127 
0.249756 0.48340 0.6714 -0.1709 0.2930 -0.5127 
0.249756 0.48340 0.6714 -0.1709 0.2930 -0.5127 
0.249756 0.48340 0.6714 -0.1709 0.854 -0.1587 
0.248169 0.49316 0.6592 -0.1343 0.854 -0.1587 
0.248169 0.49316 0.6592 -0.1343 0.854 -0.1587 
0.248169 0.49316 0.6592 -0.1343 0.854 -0.1587 
0.248169 0.49316 0.6592 -0.1343 0.854 -0.1587 
0.248169 0.49316 0.6592 -0.1343 0.854 -0.1587 
0.248169 0.49316 0.6592 -0.1343 0.854 -0.1587 
0.248169 0.49316 0.6592 -0.1343 0.854 -0.1587 
0.248169 0.49316 0.6592 -0.1343 0.854 -0.1587 
0.248169 0.49316 0.6592 -0.1343 0.854 -0.1587 
0.248169 0.49316 0.6592 -0.1343 0.854 -0.1587 
0.248047 0.50049 0.6348 -0.1221 -0.1099 0.1587 
0.248047 0.50049 0.6348 -0.1221 -0.1099 0.1587 
0.248047 0.50049 0.6348 -0.1221 -0.1099 0.1587 
0.248047 0.50049 0.6348 -0.1221 -0.1099 0.1587 
0.248047 0.50049 0.6348 -0.1221 -0.1099 0.1587 
0.248047 0.50049 0.6348 -0.1221 -0.1099 0.1587 
0.248047 0.50049 0.6348 -0.1221 -0.1099 0.1587 
0.248047 0.50049 0.6348 -0.1221 -0.1099 0.1587 
0.248047 0.50049 0.6348 -0.1221 -0.1099 0.1587 
0.248047 0.50049 0.6348 -0.1221 -0.1099 0.1587 
0.248047 0.50049 0.6226 0.244 -0.2686 0.3540 
0.248535 0.50537 0.6226 0.244 -0.2686 0.3540 
0.248535 0.50537 0.6226 0.244 -0.2686 0.3540 
0.248535 0.50537 0.6226 0.244 -0.2686 0.3540 
0.248535 0.50537 0.6226 0.244 -0.2686 0.3540 
0.248535 0.50537 0.6226 0.244 -0.2686 0.3540 
0.248535 0.50537 0.6226 0.244 -0.2686 0.3540 
0.248535 0.50537 0.6226 0.244 -0.2686 0.3540 
0.248535 0.50537 0.6226 0.244 -0.2686 0.3540 
0.248535 0.50537 0.6226 0.244 -0.2686 0.3540 
0.248535 0.50537 0.6226 0.244 -0.3784 0.4883 
0.247437 0.50903 0.4517 0.2930 -0.3784 0.4883 
0.247437 0.50903 0.4517 0.2930 -0.3784 0.4883 
0.247437 0.50903 0.4517 0.2930 -0.3784 0.4883 
