0.252930 0.40161 0.1953 0.1831 0.00 -0.1831 
0.252930 0.40161 0.1953 0.1831 0.00 -0.1831 
0.252930 0.40161 0.1953 0.1831 0.00 -0.1831 
0.252930 0.40161 0.1953 0.1831 0.00 -0.1831 
0.252930 0.40161 0.1953 0.1831 0.00 -0.1831 
0.252930 0.40161 0.1953 0.1831 0.00 -0.1831 
0.252930 0.40161 0.1953 0.1831 0.00 -0.1831 
0.252930 0.40161 0.1953 0.1831 0.00 -0.1831 
0.252930 0.40161 0.1953 0.1831 0.122 0.854 
0.253174 0.39551 0.488 -0.2808 0.122 0.854 
0.253174 0.39551 0.488 -0.2808 0.122 0.854 
0.253174 0.39551 0.488 -0.2808 0.122 0.854 
0.253174 0.39551 0.488 -0.2808 0.122 0.854 
0.253174 0.39551 0.488 -0.2808 0.122 0.854 
0.253174 0.39551 0.488 -0.2808 0.122 0.854 
0.253174 0.39551 0.488 -0.2808 0.122 0.854 
0.253174 0.39551 0.488 -0.2808 0.122 0.854 
0.253174 0.39551 0.488 -0.2808 0.122 0.854 
0.253174 0.39551 0.488 -0.2808 0.122 0.854 
0.255493 0.39185 0.854 -0.8057 -0.732 0.4272 
0.255493 0.39185 0.854 -0.8057 -0.732 0.4272 
0.255493 0.39185 0.854 -0.8057 -0.732 0.4272 
0.255493 0.39185 0.854 -0.8057 -0.732 0.4272 
0.255493 0.39185 0.854 -0.8057 -0.732 0.4272 
0.255493 0.39185 0.854 -0.8057 -0.732 0.4272 
0.255493 0.39185 0.854 -0.8057 -0.732 0.4272 
0.255493 0.39185 0.854 -0.8057 -0.732 0.4272 
0.255493 0.39185 0.854 -0.8057 -0.732 0.4272 
0.255493 0.39185 0.854 -0.8057 -0.732 0.4272 
0.255493 0.39185 0.244 -0.11353 -0.1831 0.5371 
0.256836 0.38940 0.244 -0.11353 -0.1831 0.5371 
0.256836 0.38940 0.244 -0.11353 -0.1831 0.5371 
0.256836 0.38940 0.244 -0.11353 -0.1831 0.5371 
0.256836 0.38940 0.244 -0.11353 -0.1831 0.5371 
0.256836 0.38940 0.244 -0.11353 -0.1831 0.5371 
0.256836 0.38940 0.244 -0.11353 -0.1831 0.5371 
0.256836 0.38940 0.244 -0.11353 -0.1831 0.5371 
0.256836 0.38940 0.244 -0.11353 -0.1831 0.5371 
0.256836 0.38940 0.244 -0.11353 -0.1831 0.5371 
0.256836 0.38940 0.244 -0.11353 -0.2197 0.4272 
0.257935 0.38940 -0.488 -0.13062 -0.2197 0.4272 
0.257935 0.38940 -0.488 -0.13062 -0.2197 0.4272 
0.257935 0.38940 -0.488 -0.13062 -0.2197 0.4272 
0.257935 0.38940 -0.488 -0.13062 -0.2197 0.4272 
0.257935 0.38940 -0.488 -0.13062 -0.2197 0.4272 
0.257935 0.38940 -0.488 -0.13062 -0.2197 0.4272 
0.257935 0.38940 -0.488 -0.13062 -0.2197 0.4272 
0.257935 0.38940 -0.488 -0.13062 -0.2197 0.4272 
0.257935 0.38940 -0.488 -0.13062 -0.2197 0.4272 
0.257935 0.38940 -0.488 -0.13062 -0.2197 0.4272 
0.258423 0.38330 -0.1221 -0.13184 -0.2197 0.2075 
0.258423 0.38330 -0.1221 -0.13184 -0.2197 0.2075 
0.258423 0.38330 -0.1221 -0.13184 -0.2197 0.2075 
0.258423 0.38330 -0.1221 -0.13184 -0.2197 0.2075 
0.258423 0.38330 -0.1221 -0.13184 -0.2197 0.2075 
0.258423 0.38330 -0.1221 -0.13184 -0.2197 0.2075 
0.258423 0.38330 -0.1221 -0.13184 -0.2197 0.2075 
0.258423 0.38330 -0.1221 -0.13184 -0.2197 0.2075 
0.258423 0.38330 -0.1221 -0.13184 -0.2197 0.2075 
0.258423 0.38330 -0.1221 -0.13184 -0.2197 0.2075 
0.258423 0.37720 -0.1953 -0.11719 -0.1831 -0.122 
0.259521 0.37720 -0.1953 -0.11719 -0.1831 -0.122 
0.259521 0.37720 -0.1953 -0.11719 -0.1831 -0.122 
0.259521 0.37720 -0.1953 -0.11719 -0.1831 -0.122 
0.259521 0.37720 -0.1953 -0.11719 -0.1831 -0.122 
0.259521 0.37720 -0.1953 -0.11719 -0.1831 -0.122 
0.259521 0.37720 -0.1953 -0.11719 -0.1831 -0.122 
0.259521 0.37720 -0.1953 -0.11719 -0.1831 -0.122 
0.259521 0.37720 -0.1953 -0.11719 -0.1831 -0.122 
0.259521 0.37720 -0.1953 -0.11719 -0.1831 -0.122 
0.259521 0.37720 -0.1953 -0.8301 -0.1953 -0.2197 
0.260376 0.37598 -0.1709 -0.8301 -0.1953 -0.2197 
0.260376 0.37598 -0.1709 -0.8301 -0.1953 -0.2197 
0.260376 0.37598 -0.1709 -0.8301 -0.1953 -0.2197 
0.260376 0.37598 -0.1709 -0.8301 -0.1953 -0.2197 
0.260376 0.37598 -0.1709 -0.8301 -0.1953 -0.2197 
0.260376 0.37598 -0.1709 -0.8301 -0.1953 -0.2197 
0.260376 0.37598 -0.1709 -0.8301 -0.1953 -0.2197 
0.260376 0.37598 -0.1709 -0.8301 -0.1953 -0.2197 
0.260376 0.37598 -0.1709 -0.8301 -0.1953 -0.2197 
0.260376 0.37598 -0.1709 -0.8301 -0.1953 -0.4150 
0.258423 0.37720 -0.2441 -0.4028 -0.2319 -0.4150 
0.258423 0.37720 -0.2441 -0.4028 -0.2319 -0.4150 
0.258423 0.37720 -0.2441 -0.4028 -0.2319 -0.4150 
0.258423 0.37720 -0.2441 -0.4028 -0.2319 -0.4150 
0.258423 0.37720 -0.2441 -0.4028 -0.2319 -0.4150 
0.258423 0.37720 -0.2441 -0.4028 -0.2319 -0.4150 
0.258423 0.37720 -0.2441 -0.4028 -0.2319 -0.4150 
0.258423 0.37720 -0.2441 -0.4028 -0.2319 -0.4150 
0.258423 0.37720 -0.2441 -0.4028 -0.2319 -0.4150 
0.258423 0.37720 -0.2441 -0.4028 -0.2319 -0.4150 
0.258423 0.38208 -0.3784 -0.1587 -0.1953 -0.4639 
0.255005 0.38208 -0.3784 -0.1587 -0.1953 -0.4639 
0.255005 0.38208 -0.3784 -0.1587 -0.1953 -0.4639 
0.255005 0.38208 -0.3784 -0.1587 -0.1953 -0.4639 
0.255005 0.38208 -0.3784 -0.1587 -0.1953 -0.4639 
0.255005 0.38208 -0.3784 -0.1587 -0.1953 -0.4639 
0.255005 0.38208 -0.3784 -0.1587 -0.1953 -0.4639 
0.255005 0.38208 -0.3784 -0.1587 -0.1953 -0.4639 
0.255005 0.38208 -0.3784 -0.1587 -0.1953 -0.4639 
0.255005 0.38208 -0.3784 -0.1587 -0.1953 -0.4639 
0.255005 0.38208 -0.4028 -0.1709 -0.488 -0.3052 
0.253174 0.38574 -0.4028 -0.1709 -0.488 -0.3052 
0.253174 0.38574 -0.4028 -0.1709 -0.488 -0.3052 
0.253174 0.38574 -0.4028 -0.1709 -0.488 -0.3052 
0.253174 0.38574 -0.4028 -0.1709 -0.488 -0.3052 
0.253174 0.38574 -0.4028 -0.1709 -0.488 -0.3052 
0.253174 0.38574 -0.4028 -0.1709 -0.488 -0.3052 
0.253174 0.38574 -0.4028 -0.1709 -0.488 -0.3052 
0.253174 0.38574 -0.4028 -0.1709 -0.488 -0.3052 
0.253174 0.38574 -0.4028 -0.1709 -0.488 -0.3052 
0.253174 0.38574 -0.4028 -0.1709 -0.29785 -0.610 
0.252808 0.38452 -0.3540 -0.2197 0.1465 -0.610 
0.252808 0.38452 -0.3540 -0.2197 0.1465 -0.610 
0.252808 0.38452 -0.3540 -0.2197 0.1465 -0.610 
0.252808 0.38452 -0.3540 -0.2197 0.1465 -0.610 
0.252808 0.38452 -0.3540 -0.2197 0.1465 -0.610 
0.252808 0.38452 -0.3540 -0.2197 0.1465 -0.610 
0.252808 0.38452 -0.3540 -0.2197 0.1465 -0.610 
0.252808 0.38452 -0.3540 -0.2197 0.1465 -0.610 
0.252808 0.38452 -0.3540 -0.2197 0.1465 -0.610 
0.252808 0.38452 -0.3540 -0.2197 0.1465 -0.610 
0.252197 0.38452 -0.3540 -0.1343 0.3662 0.1465 
0.252197 0.38452 -0.3540 -0.1343 0.3662 0.1465 
0.252197 0.38452 -0.3540 -0.1343 0.3662 0.1465 
0.252197 0.38452 -0.3540 -0.1343 0.3662 0.1465 
0.252197 0.38452 -0.3540 -0.1343 0.3662 0.1465 
0.252197 0.38452 -0.3540 -0.1343 0.3662 0.1465 
0.252197 0.38452 -0.3540 -0.1343 0.3662 0.1465 
0.252197 0.38452 -0.3540 -0.1343 0.3662 0.1465 
0.252197 0.38452 -0.3540 -0.1343 0.3662 0.1465 
0.252197 0.38452 -0.3540 -0.1343 0.3662 0.1465 
0.252197 0.38452 -0.3540 0.1099 0.5371 0.3174 
0.252319 0.38330 -0.3540 0.1099 0.5371 0.3174 
0.252319 0.38330 -0.3540 0.1099 0.5371 0.3174 
0.252319 0.38330 -0.3540 0.1099 0.5371 0.3174 
0.252319 0.38330 -0.3540 0.1099 0.5371 0.3174 
0.252319 0.38330 -0.3540 0.1099 0.5371 0.3174 
0.252319 0.38330 -0.3540 0.1099 0.5371 0.3174 
0.252319 0.38330 -0.3540 0.1099 0.5371 0.3174 
0.252319 0.38330 -0.3540 0.1099 0.5371 0.3174 
0.252319 0.38330 -0.3540 0.1099 0.5371 0.3174 
0.252319 0.38330 -0.3540 0.1099 0.5859 0.4395 
0.252441 0.38086 -0.3784 0.5249 0.5859 0.4395 
0.252441 0.38086 -0.3784 0.5249 0.5859 0.4395 
0.252441 0.38086 -0.3784 0.5249 0.5859 0.4395 
0.252441 0.38086 -0.3784 0.5249 0.5859 0.4395 
0.252441 0.38086 -0.3784 0.5249 0.5859 0.4395 
0.252441 0.38086 -0.3784 0.5249 0.5859 0.4395 
0.252441 0.38086 -0.3784 0.5249 0.5859 0.4395 
