0.256592 0.40283 0.2441 -0.13184 -0.10620 0.7690 
0.256592 0.40283 0.2441 -0.13184 -0.10620 0.7690 
0.256592 0.40283 0.2441 -0.13184 -0.10620 0.7690 
0.256592 0.40283 0.2441 -0.13184 -0.10620 0.7690 
0.256592 0.40283 0.2441 -0.13184 -0.10620 0.9155 
0.258667 0.38940 0.610 -0.10864 -0.20142 0.9155 
0.258667 0.38940 0.610 -0.10864 -0.20142 0.9155 
0.258667 0.38940 0.610 -0.10864 -0.20142 0.9155 
0.258667 0.38940 0.610 -0.10864 -0.20142 0.9155 
0.258667 0.38940 0.610 -0.10864 -0.20142 0.9155 
0.258667 0.38940 0.610 -0.10864 -0.20142 0.9155 
0.258667 0.38940 0.610 -0.10864 -0.20142 0.9155 
0.258667 0.38940 0.610 -0.10864 -0.20142 0.9155 
0.258667 0.38940 0.610 -0.10864 -0.20142 0.9155 
0.258667 0.38940 0.610 -0.10864 -0.20142 0.9155 
0.258667 0.37720 -0.488 -0.8545 -0.26611 0.7813 
0.260864 0.37720 -0.488 -0.8545 -0.26611 0.7813 
0.260864 0.37720 -0.488 -0.8545 -0.26611 0.7813 
0.260864 0.37720 -0.488 -0.8545 -0.26611 0.7813 
0.260864 0.37720 -0.488 -0.8545 -0.26611 0.7813 
0.260864 0.37720 -0.488 -0.8545 -0.26611 0.7813 
0.260864 0.37720 -0.488 -0.8545 -0.26611 0.7813 
0.260864 0.37720 -0.488 -0.8545 -0.26611 0.7813 
0.260864 0.37720 -0.488 -0.8545 -0.26611 0.7813 
0.260864 0.37720 -0.488 -0.8545 -0.26611 0.7813 
0.260864 0.37720 -0.488 -0.5493 -0.30273 0.4028 
0.263062 0.35889 -0.1831 -0.5493 -0.30273 0.4028 
0.263062 0.35889 -0.1831 -0.5493 -0.30273 0.4028 
0.263062 0.35889 -0.1831 -0.5493 -0.30273 0.4028 
0.263062 0.35889 -0.1831 -0.5493 -0.30273 0.4028 
0.263062 0.35889 -0.1831 -0.5493 -0.30273 0.4028 
0.263062 0.35889 -0.1831 -0.5493 -0.30273 0.4028 
0.263062 0.35889 -0.1831 -0.5493 -0.30273 0.4028 
0.263062 0.35889 -0.1831 -0.5493 -0.30273 0.4028 
0.263062 0.35889 -0.1831 -0.5493 -0.30273 0.4028 
0.263062 0.35889 -0.1831 -0.5493 -0.29175 -0.1831 
0.265381 0.35156 -0.2686 -0.2197 -0.29175 -0.1831 
0.265381 0.35156 -0.2686 -0.2197 -0.29175 -0.1831 
0.265381 0.35156 -0.2686 -0.2197 -0.29175 -0.1831 
0.265381 0.35156 -0.2686 -0.2197 -0.29175 -0.1831 
0.265381 0.35156 -0.2686 -0.2197 -0.29175 -0.1831 
0.265381 0.35156 -0.2686 -0.2197 -0.29175 -0.1831 
0.265381 0.35156 -0.2686 -0.2197 -0.29175 -0.1831 
0.265381 0.35156 -0.2686 -0.2197 -0.29175 -0.1831 
0.265381 0.35156 -0.2686 -0.2197 -0.29175 -0.1831 
0.265381 0.35156 -0.2686 -0.2197 -0.29175 -0.1831 
0.264160 0.35400 -0.3906 -0.244 -0.24048 -0.7935 
0.264160 0.35400 -0.3906 -0.244 -0.24048 -0.7935 
0.264160 0.35400 -0.3906 -0.244 -0.24048 -0.7935 
0.264160 0.35400 -0.3906 -0.244 -0.24048 -0.7935 
0.264160 0.35400 -0.3906 -0.244 -0.24048 -0.7935 
0.264160 0.35400 -0.3906 -0.244 -0.24048 -0.7935 
0.264160 0.35400 -0.3906 -0.244 -0.24048 -0.7935 
0.264160 0.35400 -0.3906 -0.244 -0.24048 -0.7935 
0.264160 0.35400 -0.3906 -0.244 -0.24048 -0.7935 
0.264160 0.35400 -0.3906 -0.244 -0.24048 -0.7935 
0.264160 0.35400 -0.4395 -0.732 -0.17334 -0.11475 
0.262573 0.36133 -0.4395 -0.732 -0.17334 -0.11475 
0.262573 0.36133 -0.4395 -0.732 -0.17334 -0.11475 
0.262573 0.36133 -0.4395 -0.732 -0.17334 -0.11475 
0.262573 0.36133 -0.4395 -0.732 -0.17334 -0.11475 
0.262573 0.36133 -0.4395 -0.732 -0.17334 -0.11475 
0.262573 0.36133 -0.4395 -0.732 -0.17334 -0.11475 
0.262573 0.36133 -0.4395 -0.732 -0.17334 -0.11475 
0.262573 0.36133 -0.4395 -0.732 -0.17334 -0.11475 
0.262573 0.36133 -0.4395 -0.732 -0.17334 -0.11475 
0.262573 0.36133 -0.4395 -0.732 -0.10498 -0.12817 
0.260864 0.37109 -0.4395 -0.2930 -0.10498 -0.12817 
0.260864 0.37109 -0.4395 -0.2930 -0.10498 -0.12817 
0.260864 0.37109 -0.4395 -0.2930 -0.10498 -0.12817 
0.260864 0.37109 -0.4395 -0.2930 -0.10498 -0.12817 
0.260864 0.37109 -0.4395 -0.2930 -0.10498 -0.12817 
0.260864 0.37109 -0.4395 -0.2930 -0.10498 -0.12817 
0.260864 0.37109 -0.4395 -0.2930 -0.10498 -0.12817 
0.260864 0.37109 -0.4395 -0.2930 -0.10498 -0.12817 
0.260864 0.37109 -0.4395 -0.2930 -0.10498 -0.12817 
0.260864 0.37109 -0.4395 -0.2930 -0.10498 -0.12817 
0.259644 0.37964 -0.4272 -0.5859 -0.3906 -0.12695 
0.259644 0.37964 -0.4272 -0.5859 -0.3906 -0.12695 
0.259644 0.37964 -0.4272 -0.5859 -0.3906 -0.12695 
0.259644 0.37964 -0.4272 -0.5859 -0.3906 -0.12695 
0.259644 0.37964 -0.4272 -0.5859 -0.3906 -0.12695 
0.259644 0.37964 -0.4272 -0.5859 -0.3906 -0.12695 
0.259644 0.37964 -0.4272 -0.5859 -0.3906 -0.12695 
0.259644 0.37964 -0.4272 -0.5859 -0.3906 -0.12695 
0.259644 0.37964 -0.4272 -0.5859 -0.3906 -0.12695 
0.259644 0.37964 -0.4272 -0.5859 -0.3906 -0.12695 
0.259644 0.38696 -0.3662 -0.8057 0.1953 -0.12207 
0.258911 0.38696 -0.3662 -0.8057 0.1953 -0.12207 
0.258911 0.38696 -0.3662 -0.8057 0.1953 -0.12207 
0.258911 0.38696 -0.3662 -0.8057 0.1953 -0.12207 
0.258911 0.38696 -0.3662 -0.8057 0.1953 -0.12207 
0.258911 0.38696 -0.3662 -0.8057 0.1953 -0.12207 
0.258911 0.38696 -0.3662 -0.8057 0.1953 -0.12207 
0.258911 0.38696 -0.3662 -0.8057 0.1953 -0.12207 
0.258911 0.38696 -0.3662 -0.8057 0.1953 -0.12207 
0.258911 0.38696 -0.3662 -0.8057 0.1953 -0.12207 
0.258911 0.38696 -0.3662 -0.8911 0.6714 -0.11841 
0.256470 0.39185 -0.4028 -0.8911 0.6714 -0.11841 
0.256470 0.39185 -0.4028 -0.8911 0.6714 -0.11841 
0.256470 0.39185 -0.4028 -0.8911 0.6714 -0.11841 
0.256470 0.39185 -0.4028 -0.8911 0.6714 -0.11841 
0.256470 0.39185 -0.4028 -0.8911 0.6714 -0.11841 
0.256470 0.39185 -0.4028 -0.8911 0.6714 -0.11841 
0.256470 0.39185 -0.4028 -0.8911 0.6714 -0.11841 
0.256470 0.39185 -0.4028 -0.8911 0.6714 -0.11841 
0.256470 0.39185 -0.4028 -0.8911 0.6714 -0.11841 
0.256470 0.39185 -0.4028 -0.8911 0.6714 -0.10010 
0.254272 0.39673 -0.4028 -0.9155 0.10498 -0.10010 
0.254272 0.39673 -0.4028 -0.9155 0.10498 -0.10010 
0.254272 0.39673 -0.4028 -0.9155 0.10498 -0.10010 
0.254272 0.39673 -0.4028 -0.9155 0.10498 -0.10010 
0.254272 0.39673 -0.4028 -0.9155 0.10498 -0.10010 
0.254272 0.39673 -0.4028 -0.9155 0.10498 -0.10010 
0.254272 0.39673 -0.4028 -0.9155 0.10498 -0.10010 
0.254272 0.39673 -0.4028 -0.9155 0.10498 -0.10010 
0.254272 0.39673 -0.4028 -0.9155 0.10498 -0.10010 
0.254272 0.39673 -0.4028 -0.9155 0.10498 -0.10010 
0.254272 0.40039 -0.3784 -0.8667 0.13306 -0.6958 
0.253296 0.40039 -0.3784 -0.8667 0.13306 -0.6958 
0.253296 0.40039 -0.3784 -0.8667 0.13306 -0.6958 
0.253296 0.40039 -0.3784 -0.8667 0.13306 -0.6958 
0.253296 0.40039 -0.3784 -0.8667 0.13306 -0.6958 
0.253296 0.40039 -0.3784 -0.8667 0.13306 -0.6958 
0.253296 0.40039 -0.3784 -0.8667 0.13306 -0.6958 
0.253296 0.40039 -0.3784 -0.8667 0.13306 -0.6958 
0.253296 0.40039 -0.3784 -0.8667 0.13306 -0.6958 
0.253296 0.40039 -0.3784 -0.8667 0.13306 -0.6958 
0.253296 0.40039 -0.3784 -0.6104 0.14648 -0.4272 
0.252808 0.40649 -0.3906 -0.6104 0.14648 -0.4272 
0.252808 0.40649 -0.3906 -0.6104 0.14648 -0.4272 
0.252808 0.40649 -0.3906 -0.6104 0.14648 -0.4272 
0.252808 0.40649 -0.3906 -0.6104 0.14648 -0.4272 
0.252808 0.40649 -0.3906 -0.6104 0.14648 -0.4272 
0.252808 0.40649 -0.3906 -0.6104 0.14648 -0.4272 
0.252808 0.40649 -0.3906 -0.6104 0.14648 -0.4272 
0.252808 0.40649 -0.3906 -0.6104 0.14648 -0.4272 
0.252808 0.40649 -0.3906 -0.6104 0.14648 -0.4272 
0.252808 0.40649 -0.3906 -0.6104 0.14404 -0.2441 
0.253052 0.41016 -0.3906 -0.1343 0.14404 -0.2441 
0.253052 0.41016 -0.3906 -0.1343 0.14404 -0.2441 
0.253052 0.41016 -0.3906 -0.1343 0.14404 -0.2441 
0.253052 0.41016 -0.3906 -0.1343 0.14404 -0.2441 
0.253052 0.41016 -0.3906 -0.1343 0.14404 -0.2441 
0.253052 0.41016 -0.3906 -0.1343 0.14404 -0.2441 
0.253052 0.41016 -0.3906 -0.1343 0.14404 -0.2441 
0.253052 0.41016 -0.3906 -0.1343 0.14404 -0.2441 
0.253052 0.41016 -0.3906 -0.1343 0.14404 -0.2441 
0.253052 0.41016 -0.3906 -0.1343 0.14404 -0.2441 
0.252319 0.41992 -0.4517 0.4761 0.12573 -0.1221 
