0.220215 0.53589 0.116577 0.6714 0.5615 -0.1343 
0.220215 0.53589 0.116577 0.6714 0.5615 -0.1343 
0.220215 0.53589 0.113525 0.7324 0.5005 -0.488 
0.218994 0.52979 0.113525 0.7324 0.5005 -0.488 
0.218994 0.52979 0.113525 0.7324 0.5005 -0.488 
0.218994 0.52979 0.113525 0.7324 0.5005 -0.488 
0.218994 0.52979 0.113525 0.7324 0.5005 -0.488 
0.218994 0.52979 0.113525 0.7324 0.5005 -0.488 
0.218994 0.52979 0.113525 0.7324 0.5005 -0.488 
0.218994 0.52979 0.113525 0.7324 0.5005 -0.488 
0.218994 0.52979 0.113525 0.7324 0.5005 -0.488 
0.218994 0.52979 0.113525 0.7324 0.5005 -0.488 
0.218994 0.52979 0.113525 0.7324 0.3906 0.1587 
0.217041 0.52124 0.109741 0.5493 0.3906 0.1587 
0.217041 0.52124 0.109741 0.5493 0.3906 0.1587 
0.217041 0.52124 0.109741 0.5493 0.3906 0.1587 
0.217041 0.52124 0.109741 0.5493 0.3906 0.1587 
0.217041 0.52124 0.109741 0.5493 0.3906 0.1587 
0.217041 0.52124 0.109741 0.5493 0.3906 0.1587 
0.217041 0.52124 0.109741 0.5493 0.3906 0.1587 
0.217041 0.52124 0.109741 0.5493 0.3906 0.1587 
0.217041 0.52124 0.109741 0.5493 0.3906 0.1587 
0.217041 0.52124 0.109741 0.5493 0.3906 0.1587 
0.218384 0.52124 0.109741 0.732 0.2075 0.4883 
0.218384 0.52124 0.109741 0.732 0.2075 0.4883 
0.218384 0.52124 0.109741 0.732 0.2075 0.4883 
0.218384 0.52124 0.109741 0.732 0.2075 0.4883 
0.218384 0.52124 0.109741 0.732 0.2075 0.4883 
0.218384 0.52124 0.109741 0.732 0.2075 0.4883 
0.218384 0.52124 0.109741 0.732 0.2075 0.4883 
0.218384 0.52124 0.109741 0.732 0.2075 0.4883 
0.218384 0.52124 0.109741 0.732 0.2075 0.4883 
0.218384 0.52124 0.109741 0.732 0.2075 0.4883 
0.218384 0.52368 0.108887 -0.488 -0.1587 0.7690 
0.221069 0.52368 0.108887 -0.488 -0.1587 0.7690 
0.221069 0.52368 0.108887 -0.488 -0.1587 0.7690 
0.221069 0.52368 0.108887 -0.488 -0.1587 0.7690 
0.221069 0.52368 0.108887 -0.488 -0.1587 0.7690 
0.221069 0.52368 0.108887 -0.488 -0.1587 0.7690 
0.221069 0.52368 0.108887 -0.488 -0.1587 0.7690 
0.221069 0.52368 0.108887 -0.488 -0.1587 0.7690 
0.221069 0.52368 0.108887 -0.488 -0.1587 0.7690 
0.221069 0.52368 0.108887 -0.488 -0.1587 0.7690 
0.221069 0.52368 0.108887 -0.29541 -0.7324 0.7935 
0.228882 0.51147 0.109741 0.1709 -0.7324 0.7935 
0.228882 0.51147 0.109741 0.1709 -0.7324 0.7935 
0.228882 0.51147 0.109741 0.1709 -0.7324 0.7935 
0.228882 0.51147 0.109741 0.1709 -0.7324 0.7935 
0.228882 0.51147 0.109741 0.1709 -0.7324 0.7935 
0.228882 0.51147 0.109741 0.1709 -0.7324 0.7935 
0.228882 0.51147 0.109741 0.1709 -0.7324 0.7935 
0.228882 0.51147 0.109741 0.1709 -0.7324 0.7935 
0.228882 0.51147 0.109741 0.1709 -0.7324 0.7935 
0.228882 0.51147 0.109741 0.1709 -0.7324 0.488 
0.233154 0.49927 0.109131 0.4517 -0.11597 0.488 
0.233154 0.49927 0.109131 0.4517 -0.11597 0.488 
0.233154 0.49927 0.109131 0.4517 -0.11597 0.488 
0.233154 0.49927 0.109131 0.4517 -0.11597 0.488 
0.233154 0.49927 0.109131 0.4517 -0.11597 0.488 
0.233154 0.49927 0.109131 0.4517 -0.11597 0.488 
0.233154 0.49927 0.109131 0.4517 -0.11597 0.488 
0.233154 0.49927 0.109131 0.4517 -0.11597 0.488 
0.233154 0.49927 0.109131 0.4517 -0.11597 0.488 
0.233154 0.49927 0.109131 0.4517 -0.11597 0.488 
0.233154 0.51514 0.114746 0.5249 -0.13550 -0.9521 
0.233398 0.51514 0.114746 0.5249 -0.13550 -0.9521 
0.233398 0.51514 0.114746 0.5249 -0.13550 -0.9521 
0.233398 0.51514 0.114746 0.5249 -0.13550 -0.9521 
0.233398 0.51514 0.114746 0.5249 -0.13550 -0.9521 
0.233398 0.51514 0.114746 0.5249 -0.13550 -0.9521 
0.233398 0.51514 0.114746 0.5249 -0.13550 -0.9521 
0.233398 0.51514 0.114746 0.5249 -0.13550 -0.9521 
0.233398 0.51514 0.114746 0.5249 -0.13550 -0.9521 
0.233398 0.51514 0.114746 0.5249 -0.13550 -0.9521 
0.233398 0.51514 0.114746 0.14404 -0.19653 -0.16113 
0.229370 0.55786 0.124634 0.14404 -0.19653 -0.16113 
0.229370 0.55786 0.124634 0.14404 -0.19653 -0.16113 
0.229370 0.55786 0.124634 0.14404 -0.19653 -0.16113 
0.229370 0.55786 0.124634 0.14404 -0.19653 -0.16113 
0.229370 0.55786 0.124634 0.14404 -0.19653 -0.16113 
0.229370 0.55786 0.124634 0.14404 -0.19653 -0.16113 
0.229370 0.55786 0.124634 0.14404 -0.19653 -0.16113 
0.229370 0.55786 0.124634 0.14404 -0.19653 -0.16113 
0.229370 0.55786 0.124634 0.14404 -0.19653 -0.16113 
0.229370 0.55786 0.124634 0.14404 -0.22705 -0.14282 
0.229858 0.56274 0.118896 0.34912 -0.22705 -0.14282 
0.229858 0.56274 0.118896 0.34912 -0.22705 -0.14282 
0.229858 0.56274 0.118896 0.34912 -0.22705 -0.14282 
0.229858 0.56274 0.118896 0.34912 -0.22705 -0.14282 
0.229858 0.56274 0.118896 0.34912 -0.22705 -0.14282 
0.229858 0.56274 0.118896 0.34912 -0.22705 -0.14282 
0.229858 0.56274 0.118896 0.34912 -0.22705 -0.14282 
0.229858 0.56274 0.118896 0.34912 -0.22705 -0.14282 
0.229858 0.56274 0.118896 0.34912 -0.22705 -0.14282 
0.229858 0.56274 0.118896 0.34912 -0.22705 -0.14282 
0.232300 0.53711 0.111084 0.36743 -0.21484 -0.10986 
0.232300 0.53711 0.111084 0.36743 -0.21484 -0.10986 
0.232300 0.53711 0.111084 0.36743 -0.21484 -0.10986 
0.232300 0.53711 0.111084 0.36743 -0.21484 -0.10986 
0.232300 0.53711 0.111084 0.36743 -0.21484 -0.10986 
0.232300 0.53711 0.111084 0.36743 -0.21484 -0.10986 
0.232300 0.53711 0.111084 0.36743 -0.21484 -0.10986 
0.232300 0.53711 0.111084 0.36743 -0.21484 -0.10986 
0.232300 0.53711 0.111084 0.36743 -0.21484 -0.10986 
0.232300 0.53711 0.111084 0.36743 -0.21484 -0.10986 
0.232300 0.53711 0.111206 0.24048 -0.18066 -0.9766 
0.236938 0.52246 0.111206 0.24048 -0.18066 -0.9766 
0.236938 0.52246 0.111206 0.24048 -0.18066 -0.9766 
0.236938 0.52246 0.111206 0.24048 -0.18066 -0.9766 
0.236938 0.52246 0.111206 0.24048 -0.18066 -0.9766 
0.236938 0.52246 0.111206 0.24048 -0.18066 -0.9766 
0.236938 0.52246 0.111206 0.24048 -0.18066 -0.9766 
0.236938 0.52246 0.111206 0.24048 -0.18066 -0.9766 
0.236938 0.52246 0.111206 0.24048 -0.18066 -0.9766 
0.236938 0.52246 0.111206 0.24048 -0.18066 -0.9766 
0.236938 0.52246 0.111206 0.24048 -0.15015 -0.10620 
0.242065 0.52490 0.114868 0.13916 -0.15015 -0.10620 
0.242065 0.52490 0.114868 0.13916 -0.15015 -0.10620 
0.242065 0.52490 0.114868 0.13916 -0.15015 -0.10620 
0.242065 0.52490 0.114868 0.13916 -0.15015 -0.10620 
0.242065 0.52490 0.114868 0.13916 -0.15015 -0.10620 
0.242065 0.52490 0.114868 0.13916 -0.15015 -0.10620 
0.242065 0.52490 0.114868 0.13916 -0.15015 -0.10620 
0.242065 0.52490 0.114868 0.13916 -0.15015 -0.10620 
0.242065 0.52490 0.114868 0.13916 -0.15015 -0.10620 
0.242065 0.52490 0.114868 0.13916 -0.15015 -0.10620 
0.244263 0.52490 0.115723 0.10010 -0.13916 -0.14282 
0.244263 0.52490 0.115723 0.10010 -0.13916 -0.14282 
0.244263 0.52490 0.115723 0.10010 -0.13916 -0.14282 
0.244263 0.52490 0.115723 0.10010 -0.13916 -0.14282 
0.244263 0.52490 0.115723 0.10010 -0.13916 -0.14282 
0.244263 0.52490 0.115723 0.10010 -0.13916 -0.14282 
0.244263 0.52490 0.115723 0.10010 -0.13916 -0.14282 
0.244263 0.52490 0.115723 0.10010 -0.13916 -0.14282 
0.244263 0.52490 0.115723 0.10010 -0.13916 -0.14282 
0.244263 0.52490 0.115723 0.10010 -0.13916 -0.14282 
0.244263 0.51636 0.114014 0.8179 -0.15137 -0.18433 
0.244141 0.51636 0.114014 0.8179 -0.15137 -0.18433 
0.244141 0.51636 0.114014 0.8179 -0.15137 -0.18433 
0.244141 0.51636 0.114014 0.8179 -0.15137 -0.18433 
0.244141 0.51636 0.114014 0.8179 -0.15137 -0.18433 
0.244141 0.51636 0.114014 0.8179 -0.15137 -0.18433 
0.244141 0.51636 0.114014 0.8179 -0.15137 -0.18433 
0.244141 0.51636 0.114014 0.8179 -0.15137 -0.18433 
0.244141 0.51636 0.114014 0.8179 -0.15137 -0.18433 
0.244141 0.51636 0.114014 0.8179 -0.15137 -0.18433 
0.244141 0.51636 0.114014 0.7080 -0.17456 -0.21729 
0.243286 0.50171 0.110229 0.7080 -0.17456 -0.21729 
0.243286 0.50171 0.110229 0.7080 -0.17456 -0.21729 
0.243286 0.50171 0.110229 0.7080 -0.17456 -0.21729 
