0.253418 0.35156 0.33203 -0.5371 -0.6836 -0.1709 
0.253418 0.35156 0.33203 -0.5371 -0.6836 -0.1709 
0.253418 0.35156 0.33203 -0.5371 -0.6836 -0.1709 
0.254761 0.35645 0.33813 -0.7080 -0.2563 -0.2563 
0.254761 0.35645 0.33813 -0.7080 -0.2563 -0.2563 
0.254761 0.35645 0.33813 -0.7080 -0.2563 -0.2563 
0.254761 0.35645 0.33813 -0.7080 -0.2563 -0.2563 
0.254761 0.35645 0.33813 -0.7080 -0.2563 -0.2563 
0.254761 0.35645 0.33813 -0.7080 -0.2563 -0.2563 
0.254761 0.35645 0.33813 -0.7080 -0.2563 -0.2563 
0.254761 0.35645 0.33813 -0.7080 -0.2563 -0.2563 
0.254761 0.35645 0.33813 -0.7080 -0.2563 -0.2563 
0.254761 0.35645 0.33813 -0.7080 -0.2563 -0.2563 
0.254761 0.36011 0.34546 -0.10132 0.4272 -0.6104 
0.254639 0.36011 0.34546 -0.10132 0.4272 -0.6104 
0.254639 0.36011 0.34546 -0.10132 0.4272 -0.6104 
0.254639 0.36011 0.34546 -0.10132 0.4272 -0.6104 
0.254639 0.36011 0.34546 -0.10132 0.4272 -0.6104 
0.254639 0.36011 0.34546 -0.10132 0.4272 -0.6104 
0.254639 0.36011 0.34546 -0.10132 0.4272 -0.6104 
0.254639 0.36011 0.34546 -0.10132 0.4272 -0.6104 
0.254639 0.36011 0.34546 -0.10132 0.4272 -0.6104 
0.254639 0.36011 0.34546 -0.10132 0.4272 -0.6104 
0.254639 0.36011 0.34546 -0.13306 0.7568 -0.8179 
0.254150 0.36133 0.36255 -0.13306 0.7568 -0.8179 
0.254150 0.36133 0.36255 -0.13306 0.7568 -0.8179 
0.254150 0.36133 0.36255 -0.13306 0.7568 -0.8179 
0.254150 0.36133 0.36255 -0.13306 0.7568 -0.8179 
0.254150 0.36133 0.36255 -0.13306 0.7568 -0.8179 
0.254150 0.36133 0.36255 -0.13306 0.7568 -0.8179 
0.254150 0.36133 0.36255 -0.13306 0.7568 -0.8179 
0.254150 0.36133 0.36255 -0.13306 0.7568 -0.8179 
0.254150 0.36133 0.36255 -0.13306 0.7568 -0.8179 
0.254150 0.36133 0.36255 -0.13306 0.7568 -0.10376 
0.254150 0.38208 0.37354 -0.11353 0.6958 -0.10376 
0.254150 0.38208 0.37354 -0.11353 0.6958 -0.10376 
0.254150 0.38208 0.37354 -0.11353 0.6958 -0.10376 
0.254150 0.38208 0.37354 -0.11353 0.6958 -0.10376 
0.254150 0.38208 0.37354 -0.11353 0.6958 -0.10376 
0.254150 0.38208 0.37354 -0.11353 0.6958 -0.10376 
0.254150 0.38208 0.37354 -0.11353 0.6958 -0.10376 
0.254150 0.38208 0.37354 -0.11353 0.6958 -0.10376 
0.254150 0.38208 0.37354 -0.11353 0.6958 -0.10376 
0.254150 0.38208 0.37354 -0.11353 0.6958 -0.10376 
0.254150 0.40161 0.37964 -0.5493 0.2930 -0.13428 
0.253906 0.40161 0.37964 -0.5493 0.2930 -0.13428 
0.253906 0.40161 0.37964 -0.5493 0.2930 -0.13428 
0.253906 0.40161 0.37964 -0.5493 0.2930 -0.13428 
0.253906 0.40161 0.37964 -0.5493 0.2930 -0.13428 
0.253906 0.40161 0.37964 -0.5493 0.2930 -0.13428 
0.253906 0.40161 0.37964 -0.5493 0.2930 -0.13428 
0.253906 0.40161 0.37964 -0.5493 0.2930 -0.13428 
0.253906 0.40161 0.37964 -0.5493 0.2930 -0.13428 
0.253906 0.40161 0.37964 -0.5493 0.2930 -0.13428 
0.253906 0.40161 0.37964 0.1099 -0.3540 -0.15991 
0.254272 0.42847 0.38696 0.1099 -0.3540 -0.15991 
0.254272 0.42847 0.38696 0.1099 -0.3540 -0.15991 
0.254272 0.42847 0.38696 0.1099 -0.3540 -0.15991 
0.254272 0.42847 0.38696 0.1099 -0.3540 -0.15991 
0.254272 0.42847 0.38696 0.1099 -0.3540 -0.15991 
0.254272 0.42847 0.38696 0.1099 -0.3540 -0.15991 
0.254272 0.42847 0.38696 0.1099 -0.3540 -0.15991 
0.254272 0.42847 0.38696 0.1099 -0.3540 -0.15991 
0.254272 0.42847 0.38696 0.1099 -0.3540 -0.15991 
0.254272 0.42847 0.38696 0.1099 -0.10132 -0.17578 
0.254028 0.45288 0.38330 0.6592 -0.10132 -0.17578 
0.254028 0.45288 0.38330 0.6592 -0.10132 -0.17578 
0.254028 0.45288 0.38330 0.6592 -0.10132 -0.17578 
0.254028 0.45288 0.38330 0.6592 -0.10132 -0.17578 
0.254028 0.45288 0.38330 0.6592 -0.10132 -0.17578 
0.254028 0.45288 0.38330 0.6592 -0.10132 -0.17578 
0.254028 0.45288 0.38330 0.6592 -0.10132 -0.17578 
0.254028 0.45288 0.38330 0.6592 -0.10132 -0.17578 
0.254028 0.45288 0.38330 0.6592 -0.10132 -0.17578 
0.254028 0.45288 0.38330 0.6592 -0.10132 -0.17578 
0.254395 0.45288 0.35767 0.9033 -0.15259 -0.18311 
0.254395 0.45288 0.35767 0.9033 -0.15259 -0.18311 
0.254395 0.45288 0.35767 0.9033 -0.15259 -0.18311 
0.254395 0.45288 0.35767 0.9033 -0.15259 -0.18311 
0.254395 0.45288 0.35767 0.9033 -0.15259 -0.18311 
0.254395 0.45288 0.35767 0.9033 -0.15259 -0.18311 
0.254395 0.45288 0.35767 0.9033 -0.15259 -0.18311 
0.254395 0.45288 0.35767 0.9033 -0.15259 -0.18311 
0.254395 0.45288 0.35767 0.9033 -0.15259 -0.18311 
0.254395 0.45288 0.35767 0.9033 -0.15259 -0.18311 
0.254395 0.45288 0.32227 0.7935 -0.18066 -0.19165 
0.257568 0.42847 0.32227 0.7935 -0.18066 -0.19165 
0.257568 0.42847 0.32227 0.7935 -0.18066 -0.19165 
0.257568 0.42847 0.32227 0.7935 -0.18066 -0.19165 
0.257568 0.42847 0.32227 0.7935 -0.18066 -0.19165 
0.257568 0.42847 0.32227 0.7935 -0.18066 -0.19165 
0.257568 0.42847 0.32227 0.7935 -0.18066 -0.19165 
0.257568 0.42847 0.32227 0.7935 -0.18066 -0.19165 
0.257568 0.42847 0.32227 0.7935 -0.18066 -0.19165 
0.257568 0.42847 0.32227 0.7935 -0.18066 -0.19165 
0.257568 0.42847 0.32227 0.7935 -0.19165 -0.20996 
0.262939 0.38818 0.29053 0.5737 -0.19165 -0.20996 
0.262939 0.38818 0.29053 0.5737 -0.19165 -0.20996 
0.262939 0.38818 0.29053 0.5737 -0.19165 -0.20996 
0.262939 0.38818 0.29053 0.5737 -0.19165 -0.20996 
0.262939 0.38818 0.29053 0.5737 -0.19165 -0.20996 
0.262939 0.38818 0.29053 0.5737 -0.19165 -0.20996 
0.262939 0.38818 0.29053 0.5737 -0.19165 -0.20996 
0.262939 0.38818 0.29053 0.5737 -0.19165 -0.20996 
0.262939 0.38818 0.29053 0.5737 -0.19165 -0.20996 
0.262939 0.38818 0.29053 0.5737 -0.19165 -0.20996 
0.267822 0.34058 0.26367 0.3784 -0.18555 -0.23804 
0.267822 0.34058 0.26367 0.3784 -0.18555 -0.23804 
0.267822 0.34058 0.26367 0.3784 -0.18555 -0.23804 
0.267822 0.34058 0.26367 0.3784 -0.18555 -0.23804 
0.267822 0.34058 0.26367 0.3784 -0.18555 -0.23804 
0.267822 0.34058 0.26367 0.3784 -0.18555 -0.23804 
0.267822 0.34058 0.26367 0.3784 -0.18555 -0.23804 
0.267822 0.34058 0.26367 0.3784 -0.18555 -0.23804 
0.267822 0.34058 0.26367 0.3784 -0.18555 -0.23804 
0.267822 0.34058 0.26367 0.3784 -0.18555 -0.23804 
0.267822 0.61768 0.24292 0.2563 -0.18311 -0.27344 
0.270630 0.30518 0.24292 0.2563 -0.18311 -0.27344 
0.270630 0.30518 0.24292 0.2563 -0.18311 -0.27344 
0.270630 0.30518 0.24292 0.2563 -0.18311 -0.27344 
0.270630 0.30518 0.24292 0.2563 -0.18311 -0.27344 
0.270630 0.30518 0.24292 0.2563 -0.18311 -0.27344 
0.270630 0.30518 0.24292 0.2563 -0.18311 -0.27344 
0.270630 0.30518 0.24292 0.2563 -0.18311 -0.27344 
0.270630 0.30518 0.24292 0.2563 -0.18311 -0.27344 
0.270630 0.30518 0.24292 0.2563 -0.18311 -0.27344 
0.270630 0.30518 0.24292 0.2686 -0.19165 -0.30762 
0.271240 0.28931 0.21362 0.2686 -0.19165 -0.30762 
0.271240 0.28931 0.21362 0.2686 -0.19165 -0.30762 
0.271240 0.28931 0.21362 0.2686 -0.19165 -0.30762 
0.271240 0.28931 0.21362 0.2686 -0.19165 -0.30762 
0.271240 0.28931 0.21362 0.2686 -0.19165 -0.30762 
0.271240 0.28931 0.21362 0.2686 -0.19165 -0.30762 
0.271240 0.28931 0.21362 0.2686 -0.19165 -0.30762 
0.271240 0.28931 0.21362 0.2686 -0.19165 -0.30762 
0.271240 0.28931 0.21362 0.2686 -0.19165 -0.30762 
0.271240 0.28931 0.21362 0.2686 -0.19165 -0.33569 
0.274170 0.28320 0.19043 0.244 -0.20630 -0.33569 
0.274170 0.28320 0.19043 0.244 -0.20630 -0.33569 
0.274170 0.28320 0.19043 0.244 -0.20630 -0.33569 
0.274170 0.28320 0.19043 0.244 -0.20630 -0.33569 
0.274170 0.28320 0.19043 0.244 -0.20630 -0.33569 
0.274170 0.28320 0.19043 0.244 -0.20630 -0.33569 
0.274170 0.28320 0.19043 0.244 -0.20630 -0.33569 
0.274170 0.28320 0.19043 0.244 -0.20630 -0.33569 
0.274170 0.28320 0.19043 0.244 -0.20630 -0.33569 
0.274170 0.28320 0.19043 0.244 -0.20630 -0.33569 
0.274170 0.30640 0.15259 -0.6348 -0.21606 -0.38452 
0.276489 0.30640 0.15259 -0.6348 -0.21606 -0.38452 
0.276489 0.30640 0.15259 -0.6348 -0.21606 -0.38452 
