0.252563 0.34546 -0.16846 -0.6470 -0.732 0.6592 
0.252563 0.34546 -0.16846 -0.6470 -0.732 0.6592 
0.252563 0.34546 -0.16846 -0.6470 -0.732 0.6592 
0.252563 0.34546 -0.16846 -0.6470 -0.732 0.6592 
0.252563 0.34546 -0.16846 -0.6470 -0.732 0.6592 
0.252563 0.34546 -0.16846 -0.6470 -0.732 0.6592 
0.252563 0.34546 -0.16846 -0.6470 -0.732 0.6592 
0.252563 0.34546 -0.16846 -0.6470 -0.732 0.6592 
0.252563 0.34546 -0.16846 -0.6470 -0.732 0.5859 
0.256104 0.33447 -0.16968 -0.5615 -0.854 0.5859 
0.256104 0.33447 -0.16968 -0.5615 -0.854 0.5859 
0.256104 0.33447 -0.16968 -0.5615 -0.854 0.5859 
0.256104 0.33447 -0.16968 -0.5615 -0.854 0.5859 
0.256104 0.33447 -0.16968 -0.5615 -0.854 0.5859 
0.256104 0.33447 -0.16968 -0.5615 -0.854 0.5859 
0.256104 0.33447 -0.16968 -0.5615 -0.854 0.5859 
0.256104 0.33447 -0.16968 -0.5615 -0.854 0.5859 
0.256104 0.33447 -0.16968 -0.5615 -0.854 0.5859 
0.256104 0.33447 -0.16968 -0.5615 -0.854 0.5859 
0.256104 0.32349 -0.15503 -0.4272 -0.122 0.2686 
0.260132 0.32349 -0.15503 -0.4272 -0.122 0.2686 
0.260132 0.32349 -0.15503 -0.4272 -0.122 0.2686 
0.260132 0.32349 -0.15503 -0.4272 -0.122 0.2686 
0.260132 0.32349 -0.15503 -0.4272 -0.122 0.2686 
0.260132 0.32349 -0.15503 -0.4272 -0.122 0.2686 
0.260132 0.32349 -0.15503 -0.4272 -0.122 0.2686 
0.260132 0.32349 -0.15503 -0.4272 -0.122 0.2686 
0.260132 0.32349 -0.15503 -0.4272 -0.122 0.2686 
0.260132 0.32349 -0.15503 -0.4272 -0.122 0.2686 
0.260132 0.32349 -0.15503 -0.1343 0.977 -0.2808 
0.262451 0.31982 -0.14893 -0.1343 0.977 -0.2808 
0.262451 0.31982 -0.14893 -0.1343 0.977 -0.2808 
0.262451 0.31982 -0.14893 -0.1343 0.977 -0.2808 
0.262451 0.31982 -0.14893 -0.1343 0.977 -0.2808 
0.262451 0.31982 -0.14893 -0.1343 0.977 -0.2808 
0.262451 0.31982 -0.14893 -0.1343 0.977 -0.2808 
0.262451 0.31982 -0.14893 -0.1343 0.977 -0.2808 
0.262451 0.31982 -0.14893 -0.1343 0.977 -0.2808 
0.262451 0.31982 -0.14893 -0.1343 0.977 -0.2808 
0.262451 0.31982 -0.14893 -0.1343 0.977 -0.7568 
0.262451 0.32104 -0.14771 0.122 0.2930 -0.7568 
0.262451 0.32104 -0.14771 0.122 0.2930 -0.7568 
0.262451 0.32104 -0.14771 0.122 0.2930 -0.7568 
0.262451 0.32104 -0.14771 0.122 0.2930 -0.7568 
0.262451 0.32104 -0.14771 0.122 0.2930 -0.7568 
0.262451 0.32104 -0.14771 0.122 0.2930 -0.7568 
0.262451 0.32104 -0.14771 0.122 0.2930 -0.7568 
0.262451 0.32104 -0.14771 0.122 0.2930 -0.7568 
0.262451 0.32104 -0.14771 0.122 0.2930 -0.7568 
0.262451 0.32104 -0.14771 0.122 0.2930 -0.7568 
0.259277 0.32715 -0.15015 -0.244 0.4272 -0.9766 
0.259277 0.32715 -0.15015 -0.244 0.4272 -0.9766 
0.259277 0.32715 -0.15015 -0.244 0.4272 -0.9766 
0.259277 0.32715 -0.15015 -0.244 0.4272 -0.9766 
0.259277 0.32715 -0.15015 -0.244 0.4272 -0.9766 
0.259277 0.32715 -0.15015 -0.244 0.4272 -0.9766 
0.259277 0.32715 -0.15015 -0.244 0.4272 -0.9766 
0.259277 0.32715 -0.15015 -0.244 0.4272 -0.9766 
0.259277 0.32715 -0.15015 -0.244 0.4272 -0.9766 
0.259277 0.32715 -0.15015 -0.244 0.4272 -0.9766 
0.259277 0.32715 -0.15503 -0.2441 0.4272 -0.7935 
0.257446 0.33569 -0.15503 -0.2441 0.4272 -0.7935 
0.257446 0.33569 -0.15503 -0.2441 0.4272 -0.7935 
0.257446 0.33569 -0.15503 -0.2441 0.4272 -0.7935 
0.257446 0.33569 -0.15503 -0.2441 0.4272 -0.7935 
0.257446 0.33569 -0.15503 -0.2441 0.4272 -0.7935 
0.257446 0.33569 -0.15503 -0.2441 0.4272 -0.7935 
0.257446 0.33569 -0.15503 -0.2441 0.4272 -0.7935 
0.257446 0.33569 -0.15503 -0.2441 0.4272 -0.7935 
0.257446 0.33569 -0.15503 -0.2441 0.4272 -0.7935 
0.257446 0.33569 -0.15503 -0.2441 0.3418 -0.4272 
0.256836 0.34302 -0.15503 -0.5127 0.3418 -0.4272 
0.256836 0.34302 -0.15503 -0.5127 0.3418 -0.4272 
0.256836 0.34302 -0.15503 -0.5127 0.3418 -0.4272 
0.256836 0.34302 -0.15503 -0.5127 0.3418 -0.4272 
0.256836 0.34302 -0.15503 -0.5127 0.3418 -0.4272 
0.256836 0.34302 -0.15503 -0.5127 0.3418 -0.4272 
0.256836 0.34302 -0.15503 -0.5127 0.3418 -0.4272 
0.256836 0.34302 -0.15503 -0.5127 0.3418 -0.4272 
0.256836 0.34302 -0.15503 -0.5127 0.3418 -0.4272 
0.256836 0.34302 -0.15503 -0.5127 0.3418 -0.4272 
0.255249 0.34912 -0.15991 -0.6714 0.2319 -0.977 
0.255249 0.34912 -0.15991 -0.6714 0.2319 -0.977 
0.255249 0.34912 -0.15991 -0.6714 0.2319 -0.977 
0.255249 0.34912 -0.15991 -0.6714 0.2319 -0.977 
0.255249 0.34912 -0.15991 -0.6714 0.2319 -0.977 
0.255249 0.34912 -0.15991 -0.6714 0.2319 -0.977 
0.255249 0.34912 -0.15991 -0.6714 0.2319 -0.977 
0.255249 0.34912 -0.15991 -0.6714 0.2319 -0.977 
0.255249 0.34912 -0.15991 -0.6714 0.2319 -0.977 
0.255249 0.34912 -0.15991 -0.6714 0.2319 -0.977 
0.255249 0.34912 -0.15869 -0.8301 0.1587 0.1831 
0.254028 0.35645 -0.15869 -0.8301 0.1587 0.1831 
0.254028 0.35645 -0.15869 -0.8301 0.1587 0.1831 
0.254028 0.35645 -0.15869 -0.8301 0.1587 0.1831 
0.254028 0.35645 -0.15869 -0.8301 0.1587 0.1831 
0.254028 0.35645 -0.15869 -0.8301 0.1587 0.1831 
0.254028 0.35645 -0.15869 -0.8301 0.1587 0.1831 
0.254028 0.35645 -0.15869 -0.8301 0.1587 0.1831 
0.254028 0.35645 -0.15869 -0.8301 0.1587 0.1831 
0.254028 0.35645 -0.15869 -0.8301 0.1587 0.1831 
0.254028 0.35645 -0.15869 -0.9521 0.977 0.3540 
0.253174 0.35889 -0.15869 -0.9521 0.977 0.3540 
0.253174 0.35889 -0.15869 -0.9521 0.977 0.3540 
0.253174 0.35889 -0.15869 -0.9521 0.977 0.3540 
0.253174 0.35889 -0.15869 -0.9521 0.977 0.3540 
0.253174 0.35889 -0.15869 -0.9521 0.977 0.3540 
0.253174 0.35889 -0.15869 -0.9521 0.977 0.3540 
0.253174 0.35889 -0.15869 -0.9521 0.977 0.3540 
0.253174 0.35889 -0.15869 -0.9521 0.977 0.3540 
0.253174 0.35889 -0.15869 -0.9521 0.977 0.3540 
0.253174 0.35889 -0.15869 -0.9521 0.977 0.4395 
0.251831 0.35400 -0.16235 -0.9644 0.244 0.4395 
0.251831 0.35400 -0.16235 -0.9644 0.244 0.4395 
0.251831 0.35400 -0.16235 -0.9644 0.244 0.4395 
0.251831 0.35400 -0.16235 -0.9644 0.244 0.4395 
0.251831 0.35400 -0.16235 -0.9644 0.244 0.4395 
0.251831 0.35400 -0.16235 -0.9644 0.244 0.4395 
0.251831 0.35400 -0.16235 -0.9644 0.244 0.4395 
0.251831 0.35400 -0.16235 -0.9644 0.244 0.4395 
0.251831 0.35400 -0.16235 -0.9644 0.244 0.4395 
0.251831 0.35400 -0.16235 -0.9644 0.244 0.4395 
0.251831 0.35400 -0.16479 -0.8301 -0.732 0.5005 
0.250977 0.35400 -0.16479 -0.8301 -0.732 0.5005 
0.250977 0.35400 -0.16479 -0.8301 -0.732 0.5005 
0.250977 0.35400 -0.16479 -0.8301 -0.732 0.5005 
0.250977 0.35400 -0.16479 -0.8301 -0.732 0.5005 
0.250977 0.35400 -0.16479 -0.8301 -0.732 0.5005 
0.250977 0.35400 -0.16479 -0.8301 -0.732 0.5005 
0.250977 0.35400 -0.16479 -0.8301 -0.732 0.5005 
0.250977 0.35400 -0.16479 -0.8301 -0.732 0.5005 
0.250977 0.35400 -0.16479 -0.8301 -0.732 0.5005 
0.250977 0.35400 -0.16479 -0.5615 -0.2075 0.4517 
0.250366 0.35522 -0.16602 -0.5615 -0.2075 0.4517 
0.250366 0.35522 -0.16602 -0.5615 -0.2075 0.4517 
0.250366 0.35522 -0.16602 -0.5615 -0.2075 0.4517 
0.250366 0.35522 -0.16602 -0.5615 -0.2075 0.4517 
0.250366 0.35522 -0.16602 -0.5615 -0.2075 0.4517 
0.250366 0.35522 -0.16602 -0.5615 -0.2075 0.4517 
0.250366 0.35522 -0.16602 -0.5615 -0.2075 0.4517 
0.250366 0.35522 -0.16602 -0.5615 -0.2075 0.4517 
0.250366 0.35522 -0.16602 -0.5615 -0.2075 0.4517 
0.250366 0.35522 -0.16602 -0.5615 -0.3418 0.3174 
0.249878 0.36133 -0.16724 -0.1953 -0.3418 0.3174 
0.249878 0.36133 -0.16724 -0.1953 -0.3418 0.3174 
0.249878 0.36133 -0.16724 -0.1953 -0.3418 0.3174 
0.249878 0.36133 -0.16724 -0.1953 -0.3418 0.3174 
0.249878 0.36133 -0.16724 -0.1953 -0.3418 0.3174 
0.249878 0.36133 -0.16724 -0.1953 -0.3418 0.3174 
0.249878 0.36133 -0.16724 -0.1953 -0.3418 0.3174 
