0.256226 0.34668 0.25146 0.1343 0.3296 0.1221 
0.256226 0.34668 0.25146 0.1343 0.3296 0.1221 
0.256226 0.34668 0.25146 0.1343 0.3296 0.1221 
0.256226 0.34668 0.25146 0.1343 0.3296 0.1221 
0.256226 0.34668 0.25146 0.1343 0.3296 0.1221 
0.256958 0.33447 0.22461 0.5249 0.3540 0.5127 
0.256958 0.33447 0.22461 0.5249 0.3540 0.5127 
0.256958 0.33447 0.22461 0.5249 0.3540 0.5127 
0.256958 0.33447 0.22461 0.5249 0.3540 0.5127 
0.256958 0.33447 0.22461 0.5249 0.3540 0.5127 
0.256958 0.33447 0.22461 0.5249 0.3540 0.5127 
0.256958 0.33447 0.22461 0.5249 0.3540 0.5127 
0.256958 0.33447 0.22461 0.5249 0.3540 0.5127 
0.256958 0.33447 0.22461 0.5249 0.3540 0.5127 
0.256958 0.33447 0.22461 0.5249 0.3540 0.5127 
0.256958 0.32959 0.22339 0.7446 0.4517 0.8179 
0.259155 0.32959 0.22339 0.7446 0.4517 0.8179 
0.259155 0.32959 0.22339 0.7446 0.4517 0.8179 
0.259155 0.32959 0.22339 0.7446 0.4517 0.8179 
0.259155 0.32959 0.22339 0.7446 0.4517 0.8179 
0.259155 0.32959 0.22339 0.7446 0.4517 0.8179 
0.259155 0.32959 0.22339 0.7446 0.4517 0.8179 
0.259155 0.32959 0.22339 0.7446 0.4517 0.8179 
0.259155 0.32959 0.22339 0.7446 0.4517 0.8179 
0.259155 0.32959 0.22339 0.7446 0.4517 0.8179 
0.259155 0.32959 0.22339 0.9277 0.4883 0.9888 
0.260254 0.32349 0.22217 0.9277 0.4883 0.9888 
0.260254 0.32349 0.22217 0.9277 0.4883 0.9888 
0.260254 0.32349 0.22217 0.9277 0.4883 0.9888 
0.260254 0.32349 0.22217 0.9277 0.4883 0.9888 
0.260254 0.32349 0.22217 0.9277 0.4883 0.9888 
0.260254 0.32349 0.22217 0.9277 0.4883 0.9888 
0.260254 0.32349 0.22217 0.9277 0.4883 0.9888 
0.260254 0.32349 0.22217 0.9277 0.4883 0.9888 
0.260254 0.32349 0.22217 0.9277 0.4883 0.9888 
0.260254 0.32349 0.22217 0.9277 0.4883 0.9399 
0.260254 0.32593 0.22583 0.10254 0.5005 0.9399 
0.260254 0.32593 0.22583 0.10254 0.5005 0.9399 
0.260254 0.32593 0.22583 0.10254 0.5005 0.9399 
0.260254 0.32593 0.22583 0.10254 0.5005 0.9399 
0.260254 0.32593 0.22583 0.10254 0.5005 0.9399 
0.260254 0.32593 0.22583 0.10254 0.5005 0.9399 
0.260254 0.32593 0.22583 0.10254 0.5005 0.9399 
0.260254 0.32593 0.22583 0.10254 0.5005 0.9399 
0.260254 0.32593 0.22583 0.10254 0.5005 0.9399 
0.260254 0.32593 0.22583 0.10254 0.5005 0.9399 
0.260254 0.32715 0.22583 0.9399 0.4395 0.7690 
0.258667 0.32715 0.22583 0.9399 0.4395 0.7690 
0.258667 0.32715 0.22583 0.9399 0.4395 0.7690 
0.258667 0.32715 0.22583 0.9399 0.4395 0.7690 
0.258667 0.32715 0.22583 0.9399 0.4395 0.7690 
0.258667 0.32715 0.22583 0.9399 0.4395 0.7690 
0.258667 0.32715 0.22583 0.9399 0.4395 0.7690 
0.258667 0.32715 0.22583 0.9399 0.4395 0.7690 
0.258667 0.32715 0.22583 0.9399 0.4395 0.7690 
0.258667 0.32715 0.22583 0.9399 0.4395 0.7690 
0.258667 0.32715 0.22583 0.5737 0.2808 0.6104 
0.257568 0.32593 0.21973 0.5737 0.2808 0.6104 
0.257568 0.32593 0.21973 0.5737 0.2808 0.6104 
0.257568 0.32593 0.21973 0.5737 0.2808 0.6104 
0.257568 0.32593 0.21973 0.5737 0.2808 0.6104 
0.257568 0.32593 0.21973 0.5737 0.2808 0.6104 
0.257568 0.32593 0.21973 0.5737 0.2808 0.6104 
0.257568 0.32593 0.21973 0.5737 0.2808 0.6104 
0.257568 0.32593 0.21973 0.5737 0.2808 0.6104 
0.257568 0.32593 0.21973 0.5737 0.2808 0.6104 
0.257568 0.32593 0.21973 0.5737 0.1221 0.4761 
0.257202 0.32471 0.22583 0.122 0.1221 0.4761 
0.257202 0.32471 0.22583 0.122 0.1221 0.4761 
0.257202 0.32471 0.22583 0.122 0.1221 0.4761 
0.257202 0.32471 0.22583 0.122 0.1221 0.4761 
0.257202 0.32471 0.22583 0.122 0.1221 0.4761 
0.257202 0.32471 0.22583 0.122 0.1221 0.4761 
0.257202 0.32471 0.22583 0.122 0.1221 0.4761 
0.257202 0.32471 0.22583 0.122 0.1221 0.4761 
0.257202 0.32471 0.22583 0.122 0.1221 0.4761 
0.257202 0.32471 0.22583 0.122 0.1221 0.4761 
0.255127 0.32837 0.21851 -0.5005 0.488 0.3540 
0.255127 0.32837 0.21851 -0.5005 0.488 0.3540 
0.255127 0.32837 0.21851 -0.5005 0.488 0.3540 
0.255127 0.32837 0.21851 -0.5005 0.488 0.3540 
0.255127 0.32837 0.21851 -0.5005 0.488 0.3540 
0.255127 0.32837 0.21851 -0.5005 0.488 0.3540 
0.255127 0.32837 0.21851 -0.5005 0.488 0.3540 
0.255127 0.32837 0.21851 -0.5005 0.488 0.3540 
0.255127 0.32837 0.21851 -0.5005 0.488 0.3540 
0.255127 0.32837 0.21851 -0.5005 0.488 0.3540 
0.255127 0.32837 0.20752 -0.10254 0.1221 0.3052 
0.252686 0.32349 0.20752 -0.10254 0.1221 0.3052 
0.252686 0.32349 0.20752 -0.10254 0.1221 0.3052 
0.252686 0.32349 0.20752 -0.10254 0.1221 0.3052 
0.252686 0.32349 0.20752 -0.10254 0.1221 0.3052 
0.252686 0.32349 0.20752 -0.10254 0.1221 0.3052 
0.252686 0.32349 0.20752 -0.10254 0.1221 0.3052 
0.252686 0.32349 0.20752 -0.10254 0.1221 0.3052 
0.252686 0.32349 0.20752 -0.10254 0.1221 0.3052 
0.252686 0.32349 0.20752 -0.10254 0.1221 0.3052 
0.252686 0.32349 0.20752 -0.10254 0.3540 0.3662 
0.251953 0.31616 0.19653 -0.14771 0.3540 0.3662 
0.251953 0.31616 0.19653 -0.14771 0.3540 0.3662 
0.251953 0.31616 0.19653 -0.14771 0.3540 0.3662 
0.251953 0.31616 0.19653 -0.14771 0.3540 0.3662 
0.251953 0.31616 0.19653 -0.14771 0.3540 0.3662 
0.251953 0.31616 0.19653 -0.14771 0.3540 0.3662 
0.251953 0.31616 0.19653 -0.14771 0.3540 0.3662 
0.251953 0.31616 0.19653 -0.14771 0.3540 0.3662 
0.251953 0.31616 0.19653 -0.14771 0.3540 0.3662 
0.251953 0.31616 0.19653 -0.14771 0.3540 0.3662 
0.252319 0.30762 0.19165 -0.16846 0.6470 0.4395 
0.252319 0.30762 0.19165 -0.16846 0.6470 0.4395 
0.252319 0.30762 0.19165 -0.16846 0.6470 0.4395 
0.252319 0.30762 0.19165 -0.16846 0.6470 0.4395 
0.252319 0.30762 0.19165 -0.16846 0.6470 0.4395 
0.252319 0.30762 0.19165 -0.16846 0.6470 0.4395 
0.252319 0.30762 0.19165 -0.16846 0.6470 0.4395 
0.252319 0.30762 0.19165 -0.16846 0.6470 0.4395 
0.252319 0.30762 0.19165 -0.16846 0.6470 0.4395 
0.252319 0.30762 0.19165 -0.16846 0.6470 0.4395 
0.252319 0.30151 0.19775 -0.16113 0.9399 0.4639 
0.253784 0.30151 0.19775 -0.16113 0.9399 0.4639 
0.253784 0.30151 0.19775 -0.16113 0.9399 0.4639 
0.253784 0.30151 0.19775 -0.16113 0.9399 0.4639 
0.253784 0.30151 0.19775 -0.16113 0.9399 0.4639 
0.253784 0.30151 0.19775 -0.16113 0.9399 0.4639 
0.253784 0.30151 0.19775 -0.16113 0.9399 0.4639 
0.253784 0.30151 0.19775 -0.16113 0.9399 0.4639 
0.253784 0.30151 0.19775 -0.16113 0.9399 0.4639 
0.253784 0.30151 0.19775 -0.16113 0.9399 0.4639 
0.253784 0.30151 0.19775 -0.11475 0.10986 0.3906 
0.257935 0.29785 0.23071 -0.11475 0.10986 0.3906 
0.257935 0.29785 0.23071 -0.11475 0.10986 0.3906 
0.257935 0.29785 0.23071 -0.11475 0.10986 0.3906 
0.257935 0.29785 0.23071 -0.11475 0.10986 0.3906 
0.257935 0.29785 0.23071 -0.11475 0.10986 0.3906 
0.257935 0.29785 0.23071 -0.11475 0.10986 0.3906 
0.257935 0.29785 0.23071 -0.11475 0.10986 0.3906 
0.257935 0.29785 0.23071 -0.11475 0.10986 0.3906 
0.257935 0.29785 0.23071 -0.11475 0.10986 0.3906 
0.257935 0.29785 0.23071 -0.11475 0.10986 0.854 
0.260742 0.29175 0.24902 -0.977 0.10010 0.854 
0.260742 0.29175 0.24902 -0.977 0.10010 0.854 
0.260742 0.29175 0.24902 -0.977 0.10010 0.854 
0.260742 0.29175 0.24902 -0.977 0.10010 0.854 
0.260742 0.29175 0.24902 -0.977 0.10010 0.854 
0.260742 0.29175 0.24902 -0.977 0.10010 0.854 
0.260742 0.29175 0.24902 -0.977 0.10010 0.854 
0.260742 0.29175 0.24902 -0.977 0.10010 0.854 
0.260742 0.29175 0.24902 -0.977 0.10010 0.854 
0.260742 0.29175 0.24902 -0.977 0.10010 0.854 
0.260742 0.28198 0.24780 0.11963 0.7324 -0.3418 
