0.250000 -0.12451 -0.65063 -0.610 0.1465 -0.2319 
0.250000 -0.12451 -0.65063 -0.610 0.1465 -0.2319 
0.250000 -0.12451 -0.65063 -0.610 0.1465 -0.2319 
0.250000 -0.12451 -0.65063 -0.610 0.1465 -0.2319 
0.250000 -0.12451 -0.65063 -0.610 0.1465 -0.2319 
0.250000 -0.12451 -0.65063 -0.610 0.1465 -0.2319 
0.250000 -0.12451 -0.65063 -0.610 0.1465 -0.2319 
0.250000 -0.12451 -0.65063 -0.610 0.1465 -0.2319 
0.250000 -0.12451 -0.65063 -0.610 0.3174 -0.3540 
0.250977 -0.11719 -0.64819 0.3540 0.3174 -0.3540 
0.250977 -0.11719 -0.64819 0.3540 0.3174 -0.3540 
0.250977 -0.11719 -0.64819 0.3540 0.3174 -0.3540 
0.250977 -0.11719 -0.64819 0.3540 0.3174 -0.3540 
0.250977 -0.11719 -0.64819 0.3540 0.3174 -0.3540 
0.250977 -0.11719 -0.64819 0.3540 0.3174 -0.3540 
0.250977 -0.11719 -0.64819 0.3540 0.3174 -0.3540 
0.250977 -0.11719 -0.64819 0.3540 0.3174 -0.3540 
0.250977 -0.11719 -0.64819 0.3540 0.3174 -0.3540 
0.250977 -0.11719 -0.64819 0.3540 0.3174 -0.3540 
0.250122 -0.11841 -0.64209 0.6348 0.4883 -0.5859 
0.250122 -0.11841 -0.64209 0.6348 0.4883 -0.5859 
0.250122 -0.11841 -0.64209 0.6348 0.4883 -0.5859 
0.250122 -0.11841 -0.64209 0.6348 0.4883 -0.5859 
0.250122 -0.11841 -0.64209 0.6348 0.4883 -0.5859 
0.250122 -0.11841 -0.64209 0.6348 0.4883 -0.5859 
0.250122 -0.11841 -0.64209 0.6348 0.4883 -0.5859 
0.250122 -0.11841 -0.64209 0.6348 0.4883 -0.5859 
0.250122 -0.11841 -0.64209 0.6348 0.4883 -0.5859 
0.250122 -0.11841 -0.64209 0.6348 0.4883 -0.5859 
0.250122 -0.11841 -0.63599 0.7568 0.6348 -0.8057 
0.250122 -0.12085 -0.63599 0.7568 0.6348 -0.8057 
0.250122 -0.12085 -0.63599 0.7568 0.6348 -0.8057 
0.250122 -0.12085 -0.63599 0.7568 0.6348 -0.8057 
0.250122 -0.12085 -0.63599 0.7568 0.6348 -0.8057 
0.250122 -0.12085 -0.63599 0.7568 0.6348 -0.8057 
0.250122 -0.12085 -0.63599 0.7568 0.6348 -0.8057 
0.250122 -0.12085 -0.63599 0.7568 0.6348 -0.8057 
0.250122 -0.12085 -0.63599 0.7568 0.6348 -0.8057 
0.250122 -0.12085 -0.63599 0.7568 0.6348 -0.8057 
0.250122 -0.12085 -0.63599 0.7935 0.8423 -0.10254 
0.250488 -0.11963 -0.63354 0.7935 0.8423 -0.10254 
0.250488 -0.11963 -0.63354 0.7935 0.8423 -0.10254 
0.250488 -0.11963 -0.63354 0.7935 0.8423 -0.10254 
0.250488 -0.11963 -0.63354 0.7935 0.8423 -0.10254 
0.250488 -0.11963 -0.63354 0.7935 0.8423 -0.10254 
0.250488 -0.11963 -0.63354 0.7935 0.8423 -0.10254 
0.250488 -0.11963 -0.63354 0.7935 0.8423 -0.10254 
0.250488 -0.11963 -0.63354 0.7935 0.8423 -0.10254 
0.250488 -0.11963 -0.63354 0.7935 0.8423 -0.10254 
0.250488 -0.11963 -0.63354 0.7935 0.8423 -0.12085 
0.251343 -0.10864 -0.62378 0.6836 0.11963 -0.12085 
0.251343 -0.10864 -0.62378 0.6836 0.11963 -0.12085 
0.251343 -0.10864 -0.62378 0.6836 0.11963 -0.12085 
0.251343 -0.10864 -0.62378 0.6836 0.11963 -0.12085 
0.251343 -0.10864 -0.62378 0.6836 0.11963 -0.12085 
0.251343 -0.10864 -0.62378 0.6836 0.11963 -0.12085 
0.251343 -0.10864 -0.62378 0.6836 0.11963 -0.12085 
0.251343 -0.10864 -0.62378 0.6836 0.11963 -0.12085 
0.251343 -0.10864 -0.62378 0.6836 0.11963 -0.12085 
0.251343 -0.10864 -0.62378 0.6836 0.11963 -0.12085 
0.251343 -0.9277 -0.63721 0.4150 0.17090 -0.13062 
0.251465 -0.9277 -0.63721 0.4150 0.17090 -0.13062 
0.251465 -0.9277 -0.63721 0.4150 0.17090 -0.13062 
0.251465 -0.9277 -0.63721 0.4150 0.17090 -0.13062 
0.251465 -0.9277 -0.63721 0.4150 0.17090 -0.13062 
0.251465 -0.9277 -0.63721 0.4150 0.17090 -0.13062 
0.251465 -0.9277 -0.63721 0.4150 0.17090 -0.13062 
0.251465 -0.9277 -0.63721 0.4150 0.17090 -0.13062 
0.251465 -0.9277 -0.63721 0.4150 0.17090 -0.13062 
0.251465 -0.9277 -0.63721 0.4150 0.17090 -0.13062 
0.251465 -0.9277 -0.63721 -0.2686 0.20386 -0.12939 
0.249634 -0.7568 -0.67017 -0.2686 0.20386 -0.12939 
0.249634 -0.7568 -0.67017 -0.2686 0.20386 -0.12939 
0.249634 -0.7568 -0.67017 -0.2686 0.20386 -0.12939 
0.249634 -0.7568 -0.67017 -0.2686 0.20386 -0.12939 
0.249634 -0.7568 -0.67017 -0.2686 0.20386 -0.12939 
0.249634 -0.7568 -0.67017 -0.2686 0.20386 -0.12939 
0.249634 -0.7568 -0.67017 -0.2686 0.20386 -0.12939 
0.249634 -0.7568 -0.67017 -0.2686 0.20386 -0.12939 
0.249634 -0.7568 -0.67017 -0.2686 0.20386 -0.12939 
0.249634 -0.7568 -0.67017 -0.2686 0.20386 -0.10742 
0.248413 -0.6470 -0.66284 -0.13428 0.19287 -0.10742 
0.248413 -0.6470 -0.66284 -0.13428 0.19287 -0.10742 
0.248413 -0.6470 -0.66284 -0.13428 0.19287 -0.10742 
0.248413 -0.6470 -0.66284 -0.13428 0.19287 -0.10742 
0.248413 -0.6470 -0.66284 -0.13428 0.19287 -0.10742 
0.248413 -0.6470 -0.66284 -0.13428 0.19287 -0.10742 
0.248413 -0.6470 -0.66284 -0.13428 0.19287 -0.10742 
0.248413 -0.6470 -0.66284 -0.13428 0.19287 -0.10742 
0.248413 -0.6470 -0.66284 -0.13428 0.19287 -0.10742 
0.248413 -0.6470 -0.66284 -0.13428 0.19287 -0.10742 
0.220703 -0.7813 -0.66406 -0.20996 0.18555 -0.7446 
0.251953 -0.7813 -0.66406 -0.20996 0.18555 -0.7446 
0.251953 -0.7813 -0.66406 -0.20996 0.18555 -0.7446 
0.251953 -0.7813 -0.66406 -0.20996 0.18555 -0.7446 
0.251953 -0.7813 -0.66406 -0.20996 0.18555 -0.7446 
0.251953 -0.7813 -0.66406 -0.20996 0.18555 -0.7446 
0.251953 -0.7813 -0.66406 -0.20996 0.18555 -0.7446 
0.251953 -0.7813 -0.66406 -0.20996 0.18555 -0.7446 
0.251953 -0.7813 -0.66406 -0.20996 0.18555 -0.7446 
0.251953 -0.7813 -0.66406 -0.20996 0.18555 -0.7446 
0.251953 -0.7813 -0.67139 -0.27832 0.17944 -0.7324 
0.257813 -0.9766 -0.67139 -0.27832 0.17944 -0.7324 
0.257813 -0.9766 -0.67139 -0.27832 0.17944 -0.7324 
0.257813 -0.9766 -0.67139 -0.27832 0.17944 -0.7324 
0.257813 -0.9766 -0.67139 -0.27832 0.17944 -0.7324 
0.257813 -0.9766 -0.67139 -0.27832 0.17944 -0.7324 
0.257813 -0.9766 -0.67139 -0.27832 0.17944 -0.7324 
0.257813 -0.9766 -0.67139 -0.27832 0.17944 -0.7324 
0.257813 -0.9766 -0.67139 -0.27832 0.17944 -0.7324 
0.257813 -0.9766 -0.67139 -0.27832 0.17944 -0.7324 
0.257813 -0.9766 -0.67139 -0.27832 0.16602 -0.11841 
0.261230 -0.10986 -0.66650 -0.33203 0.16602 -0.11841 
0.261230 -0.10986 -0.66650 -0.33203 0.16602 -0.11841 
0.261230 -0.10986 -0.66650 -0.33203 0.16602 -0.11841 
0.261230 -0.10986 -0.66650 -0.33203 0.16602 -0.11841 
0.261230 -0.10986 -0.66650 -0.33203 0.16602 -0.11841 
0.261230 -0.10986 -0.66650 -0.33203 0.16602 -0.11841 
0.261230 -0.10986 -0.66650 -0.33203 0.16602 -0.11841 
0.261230 -0.10986 -0.66650 -0.33203 0.16602 -0.11841 
0.261230 -0.10986 -0.66650 -0.33203 0.16602 -0.11841 
0.261230 -0.10986 -0.66650 -0.33203 0.16602 -0.11841 
0.263306 -0.9888 -0.65186 -0.33813 0.13794 -0.17578 
0.263306 -0.9888 -0.65186 -0.33813 0.13794 -0.17578 
0.263306 -0.9888 -0.65186 -0.33813 0.13794 -0.17578 
0.263306 -0.9888 -0.65186 -0.33813 0.13794 -0.17578 
0.263306 -0.9888 -0.65186 -0.33813 0.13794 -0.17578 
0.263306 -0.9888 -0.65186 -0.33813 0.13794 -0.17578 
0.263306 -0.9888 -0.65186 -0.33813 0.13794 -0.17578 
0.263306 -0.9888 -0.65186 -0.33813 0.13794 -0.17578 
0.263306 -0.9888 -0.65186 -0.33813 0.13794 -0.17578 
0.263306 -0.9888 -0.65186 -0.33813 0.13794 -0.17578 
0.263306 -0.9888 -0.62744 -0.32471 0.10376 -0.22827 
0.265259 -0.7446 -0.62744 -0.32471 0.10376 -0.22827 
0.265259 -0.7446 -0.62744 -0.32471 0.10376 -0.22827 
0.265259 -0.7446 -0.62744 -0.32471 0.10376 -0.22827 
0.265259 -0.7446 -0.62744 -0.32471 0.10376 -0.22827 
0.265259 -0.7446 -0.62744 -0.32471 0.10376 -0.22827 
0.265259 -0.7446 -0.62744 -0.32471 0.10376 -0.22827 
0.265259 -0.7446 -0.62744 -0.32471 0.10376 -0.22827 
0.265259 -0.7446 -0.62744 -0.32471 0.10376 -0.22827 
0.265259 -0.7446 -0.62744 -0.32471 0.10376 -0.22827 
0.265259 -0.7446 -0.62744 -0.60425 0.8057 -0.27832 
0.268311 -0.6104 -0.62012 -0.29175 0.8057 -0.27832 
0.268311 -0.6104 -0.62012 -0.29175 0.8057 -0.27832 
0.268311 -0.6104 -0.62012 -0.29175 0.8057 -0.27832 
0.268311 -0.6104 -0.62012 -0.29175 0.8057 -0.27832 
0.268311 -0.6104 -0.62012 -0.29175 0.8057 -0.27832 
0.268311 -0.6104 -0.62012 -0.29175 0.8057 -0.27832 
0.268311 -0.6104 -0.62012 -0.29175 0.8057 -0.27832 
