0.246704 0.38940 0.3784 -0.20752 0.10132 0.12939 
0.246704 0.38940 0.3784 -0.20752 0.10132 0.12939 
0.246704 0.38940 0.3784 -0.20752 0.10132 0.12939 
0.246704 0.38940 0.3784 -0.20752 0.10132 0.12939 
0.246704 0.38940 0.3784 -0.21362 0.7446 0.18066 
0.246216 0.38574 0.977 -0.21362 0.7446 0.18066 
0.246216 0.38574 0.977 -0.21362 0.7446 0.18066 
0.246216 0.38574 0.977 -0.21362 0.7446 0.18066 
0.246216 0.38574 0.977 -0.21362 0.7446 0.18066 
0.246216 0.38574 0.977 -0.21362 0.7446 0.18066 
0.246216 0.38574 0.977 -0.21362 0.7446 0.18066 
0.246216 0.38574 0.977 -0.21362 0.7446 0.18066 
0.246216 0.38574 0.977 -0.21362 0.7446 0.18066 
0.246216 0.38574 0.977 -0.21362 0.7446 0.18066 
0.246216 0.38574 0.977 -0.21362 0.7446 0.24536 
0.247925 0.37598 0.1953 -0.22827 0.5127 0.24536 
0.247925 0.37598 0.1953 -0.22827 0.5127 0.24536 
0.247925 0.37598 0.1953 -0.22827 0.5127 0.24536 
0.247925 0.37598 0.1953 -0.22827 0.5127 0.24536 
0.247925 0.37598 0.1953 -0.22827 0.5127 0.24536 
0.247925 0.37598 0.1953 -0.22827 0.5127 0.24536 
0.247925 0.37598 0.1953 -0.22827 0.5127 0.24536 
0.247925 0.37598 0.1953 -0.22827 0.5127 0.24536 
0.247925 0.37598 0.1953 -0.22827 0.5127 0.24536 
0.247925 0.37598 0.1953 -0.22827 0.5127 0.24536 
0.247925 0.36377 0.1343 -0.19287 0.610 0.28564 
0.251221 0.36377 0.1343 -0.19287 0.610 0.28564 
0.251221 0.36377 0.1343 -0.19287 0.610 0.28564 
0.251221 0.36377 0.1343 -0.19287 0.610 0.28564 
0.251221 0.36377 0.1343 -0.19287 0.610 0.28564 
0.251221 0.36377 0.1343 -0.19287 0.610 0.28564 
0.251221 0.36377 0.1343 -0.19287 0.610 0.28564 
0.251221 0.36377 0.1343 -0.19287 0.610 0.28564 
0.251221 0.36377 0.1343 -0.19287 0.610 0.28564 
0.251221 0.36377 0.1343 -0.19287 0.610 0.28564 
0.251221 0.36377 0.1343 -0.13550 -0.2563 0.27466 
0.255005 0.35400 0.2197 -0.13550 -0.2563 0.27466 
0.255005 0.35400 0.2197 -0.13550 -0.2563 0.27466 
0.255005 0.35400 0.2197 -0.13550 -0.2563 0.27466 
0.255005 0.35400 0.2197 -0.13550 -0.2563 0.27466 
0.255005 0.35400 0.2197 -0.13550 -0.2563 0.27466 
0.255005 0.35400 0.2197 -0.13550 -0.2563 0.27466 
0.255005 0.35400 0.2197 -0.13550 -0.2563 0.27466 
0.255005 0.35400 0.2197 -0.13550 -0.2563 0.27466 
0.255005 0.35400 0.2197 -0.13550 -0.2563 0.27466 
0.255005 0.35400 0.2197 -0.13550 -0.3540 0.21973 
0.258667 0.34546 0.3296 -0.7813 -0.3540 0.21973 
0.258667 0.34546 0.3296 -0.7813 -0.3540 0.21973 
0.258667 0.34546 0.3296 -0.7813 -0.3540 0.21973 
0.258667 0.34546 0.3296 -0.7813 -0.3540 0.21973 
0.258667 0.34546 0.3296 -0.7813 -0.3540 0.21973 
0.258667 0.34546 0.3296 -0.7813 -0.3540 0.21973 
0.258667 0.34546 0.3296 -0.7813 -0.3540 0.21973 
0.258667 0.34546 0.3296 -0.7813 -0.3540 0.21973 
0.258667 0.34546 0.3296 -0.7813 -0.3540 0.21973 
0.258667 0.34546 0.3296 -0.7813 -0.3540 0.21973 
0.260864 0.34058 0.4272 -0.2930 -0.2686 0.13184 
0.260864 0.34058 0.4272 -0.2930 -0.2686 0.13184 
0.260864 0.34058 0.4272 -0.2930 -0.2686 0.13184 
0.260864 0.34058 0.4272 -0.2930 -0.2686 0.13184 
0.260864 0.34058 0.4272 -0.2930 -0.2686 0.13184 
0.260864 0.34058 0.4272 -0.2930 -0.2686 0.13184 
0.260864 0.34058 0.4272 -0.2930 -0.2686 0.13184 
0.260864 0.34058 0.4272 -0.2930 -0.2686 0.13184 
0.260864 0.34058 0.4272 -0.2930 -0.2686 0.13184 
0.260864 0.34058 0.4272 -0.2930 -0.2686 0.13184 
0.260864 0.34058 0.5493 -0.732 0.366 0.3418 
0.262451 0.33936 0.5493 -0.732 0.366 0.3418 
0.262451 0.33936 0.5493 -0.732 0.366 0.3418 
0.262451 0.33936 0.5493 -0.732 0.366 0.3418 
0.262451 0.33936 0.5493 -0.732 0.366 0.3418 
0.262451 0.33936 0.5493 -0.732 0.366 0.3418 
0.262451 0.33936 0.5493 -0.732 0.366 0.3418 
0.262451 0.33936 0.5493 -0.732 0.366 0.3418 
0.262451 0.33936 0.5493 -0.732 0.366 0.3418 
0.262451 0.33936 0.5493 -0.732 0.366 0.3418 
0.262451 0.33936 0.5493 -0.732 0.4639 -0.5493 
0.262817 0.33691 0.5981 -0.1587 0.4639 -0.5493 
0.262817 0.33691 0.5981 -0.1587 0.4639 -0.5493 
0.262817 0.33691 0.5981 -0.1587 0.4639 -0.5493 
0.262817 0.33691 0.5981 -0.1587 0.4639 -0.5493 
0.262817 0.33691 0.5981 -0.1587 0.4639 -0.5493 
0.262817 0.33691 0.5981 -0.1587 0.4639 -0.5493 
0.262817 0.33691 0.5981 -0.1587 0.4639 -0.5493 
0.262817 0.33691 0.5981 -0.1587 0.4639 -0.5493 
0.262817 0.33691 0.5981 -0.1587 0.4639 -0.5493 
0.262817 0.33691 0.5981 -0.1587 0.4639 -0.5493 
0.262329 0.33569 0.6470 -0.4639 0.9644 -0.11841 
0.262329 0.33569 0.6470 -0.4639 0.9644 -0.11841 
0.262329 0.33569 0.6470 -0.4639 0.9644 -0.11841 
0.262329 0.33569 0.6470 -0.4639 0.9644 -0.11841 
0.262329 0.33569 0.6470 -0.4639 0.9644 -0.11841 
0.262329 0.33569 0.6470 -0.4639 0.9644 -0.11841 
0.262329 0.33569 0.6470 -0.4639 0.9644 -0.11841 
0.262329 0.33569 0.6470 -0.4639 0.9644 -0.11841 
0.262329 0.33569 0.6470 -0.4639 0.9644 -0.11841 
0.262329 0.33569 0.6470 -0.4639 0.9644 -0.11841 
0.262329 0.33569 0.7568 -0.8667 0.15015 -0.15747 
0.261963 0.33569 0.7568 -0.8667 0.15015 -0.15747 
0.261963 0.33569 0.7568 -0.8667 0.15015 -0.15747 
0.261963 0.33569 0.7568 -0.8667 0.15015 -0.15747 
0.261963 0.33569 0.7568 -0.8667 0.15015 -0.15747 
0.261963 0.33569 0.7568 -0.8667 0.15015 -0.15747 
0.261963 0.33569 0.7568 -0.8667 0.15015 -0.15747 
0.261963 0.33569 0.7568 -0.8667 0.15015 -0.15747 
0.261963 0.33569 0.7568 -0.8667 0.15015 -0.15747 
0.261963 0.33569 0.7568 -0.8667 0.15015 -0.15747 
0.261963 0.33569 0.7568 -0.12817 0.20752 -0.17822 
0.261475 0.33325 0.7568 -0.12817 0.20752 -0.17822 
0.261475 0.33325 0.7568 -0.12817 0.20752 -0.17822 
0.261475 0.33325 0.7568 -0.12817 0.20752 -0.17822 
0.261475 0.33325 0.7568 -0.12817 0.20752 -0.17822 
0.261475 0.33325 0.7568 -0.12817 0.20752 -0.17822 
0.261475 0.33325 0.7568 -0.12817 0.20752 -0.17822 
0.261475 0.33325 0.7568 -0.12817 0.20752 -0.17822 
0.261475 0.33325 0.7568 -0.12817 0.20752 -0.17822 
0.261475 0.33325 0.7568 -0.12817 0.20752 -0.17822 
0.261475 0.33325 0.7568 -0.12817 0.20752 -0.18555 
0.260620 0.33325 0.7690 -0.15991 0.26978 -0.18555 
0.260620 0.33325 0.7690 -0.15991 0.26978 -0.18555 
0.260620 0.33325 0.7690 -0.15991 0.26978 -0.18555 
0.260620 0.33325 0.7690 -0.15991 0.26978 -0.18555 
0.260620 0.33325 0.7690 -0.15991 0.26978 -0.18555 
0.260620 0.33325 0.7690 -0.15991 0.26978 -0.18555 
0.260620 0.33325 0.7690 -0.15991 0.26978 -0.18555 
0.260620 0.33325 0.7690 -0.15991 0.26978 -0.18555 
0.260620 0.33325 0.7690 -0.15991 0.26978 -0.18555 
0.260620 0.33325 0.7690 -0.15991 0.26978 -0.18555 
0.260620 0.34546 0.8667 -0.16968 0.33569 -0.18921 
0.260010 0.34546 0.8667 -0.16968 0.33569 -0.18921 
0.260010 0.34546 0.8667 -0.16968 0.33569 -0.18921 
0.260010 0.34546 0.8667 -0.16968 0.33569 -0.18921 
0.260010 0.34546 0.8667 -0.16968 0.33569 -0.18921 
0.260010 0.34546 0.8667 -0.16968 0.33569 -0.18921 
0.260010 0.34546 0.8667 -0.16968 0.33569 -0.18921 
0.260010 0.34546 0.8667 -0.16968 0.33569 -0.18921 
0.260010 0.34546 0.8667 -0.16968 0.33569 -0.18921 
0.260010 0.34546 0.8667 -0.16968 0.33569 -0.18921 
0.260010 0.34546 0.8667 -0.15137 0.38940 -0.19653 
0.259644 0.35522 0.9521 -0.15137 0.38940 -0.19653 
0.259644 0.35522 0.9521 -0.15137 0.38940 -0.19653 
0.259644 0.35522 0.9521 -0.15137 0.38940 -0.19653 
0.259644 0.35522 0.9521 -0.15137 0.38940 -0.19653 
0.259644 0.35522 0.9521 -0.15137 0.38940 -0.19653 
0.259644 0.35522 0.9521 -0.15137 0.38940 -0.19653 
0.259644 0.35522 0.9521 -0.15137 0.38940 -0.19653 
0.259644 0.35522 0.9521 -0.15137 0.38940 -0.19653 
0.259644 0.35522 0.9521 -0.15137 0.38940 -0.19653 
0.259644 0.35522 0.9521 -0.15137 0.41870 -0.20752 
0.258667 0.36377 0.10010 -0.10864 0.41870 -0.20752 
