0.258057 0.37231 0.9033 -0.3906 -0.8301 0.1953 
0.258057 0.37231 0.9033 -0.3906 -0.8301 0.1953 
0.258057 0.37231 0.9033 -0.3906 -0.8301 0.1953 
0.258057 0.37231 0.9033 -0.3906 -0.8301 0.1953 
0.258057 0.37231 0.9033 -0.3906 -0.8301 0.1953 
0.258057 0.37231 0.9033 -0.3906 -0.8301 0.1953 
0.258057 0.36499 0.8911 -0.1953 -0.9033 -0.366 
0.260254 0.36499 0.8911 -0.1953 -0.9033 -0.366 
0.260254 0.36499 0.8911 -0.1953 -0.9033 -0.366 
0.260254 0.36499 0.8911 -0.1953 -0.9033 -0.366 
0.260254 0.36499 0.8911 -0.1953 -0.9033 -0.366 
0.260254 0.36499 0.8911 -0.1953 -0.9033 -0.366 
0.260254 0.36499 0.8911 -0.1953 -0.9033 -0.366 
0.260254 0.36499 0.8911 -0.1953 -0.9033 -0.366 
0.260254 0.36499 0.8911 -0.1953 -0.9033 -0.366 
0.260254 0.36499 0.8911 -0.1953 -0.9033 -0.366 
0.260254 0.36499 0.8911 -0.854 -0.7202 -0.3784 
0.260864 0.36743 0.9277 -0.854 -0.7202 -0.3784 
0.260864 0.36743 0.9277 -0.854 -0.7202 -0.3784 
0.260864 0.36743 0.9277 -0.854 -0.7202 -0.3784 
0.260864 0.36743 0.9277 -0.854 -0.7202 -0.3784 
0.260864 0.36743 0.9277 -0.854 -0.7202 -0.3784 
0.260864 0.36743 0.9277 -0.854 -0.7202 -0.3784 
0.260864 0.36743 0.9277 -0.854 -0.7202 -0.3784 
0.260864 0.36743 0.9277 -0.854 -0.7202 -0.3784 
0.260864 0.36743 0.9277 -0.854 -0.7202 -0.3784 
0.260864 0.36743 0.9277 -0.854 -0.7202 -0.7446 
0.258057 0.36621 0.9399 -0.366 -0.4883 -0.7446 
0.258057 0.36621 0.9399 -0.366 -0.4883 -0.7446 
0.258057 0.36621 0.9399 -0.366 -0.4883 -0.7446 
0.258057 0.36621 0.9399 -0.366 -0.4883 -0.7446 
0.258057 0.36621 0.9399 -0.366 -0.4883 -0.7446 
0.258057 0.36621 0.9399 -0.366 -0.4883 -0.7446 
0.258057 0.36621 0.9399 -0.366 -0.4883 -0.7446 
0.258057 0.36621 0.9399 -0.366 -0.4883 -0.7446 
0.258057 0.36621 0.9399 -0.366 -0.4883 -0.7446 
0.258057 0.36621 0.9399 -0.366 -0.4883 -0.7446 
0.258057 0.38086 0.8789 -0.1465 -0.2319 -0.8911 
0.257324 0.38086 0.8789 -0.1465 -0.2319 -0.8911 
0.257324 0.38086 0.8789 -0.1465 -0.2319 -0.8911 
0.257324 0.38086 0.8789 -0.1465 -0.2319 -0.8911 
0.257324 0.38086 0.8789 -0.1465 -0.2319 -0.8911 
0.257324 0.38086 0.8789 -0.1465 -0.2319 -0.8911 
0.257324 0.38086 0.8789 -0.1465 -0.2319 -0.8911 
0.257324 0.38086 0.8789 -0.1465 -0.2319 -0.8911 
0.257324 0.38086 0.8789 -0.1465 -0.2319 -0.8911 
0.257324 0.38086 0.8789 -0.1465 -0.2319 -0.8911 
0.257324 0.38086 0.9521 -0.3296 0.122 -0.8301 
0.257446 0.38940 0.9521 -0.3296 0.122 -0.8301 
0.257446 0.38940 0.9521 -0.3296 0.122 -0.8301 
0.257446 0.38940 0.9521 -0.3296 0.122 -0.8301 
0.257446 0.38940 0.9521 -0.3296 0.122 -0.8301 
0.257446 0.38940 0.9521 -0.3296 0.122 -0.8301 
0.257446 0.38940 0.9521 -0.3296 0.122 -0.8301 
0.257446 0.38940 0.9521 -0.3296 0.122 -0.8301 
0.257446 0.38940 0.9521 -0.3296 0.122 -0.8301 
0.257446 0.38940 0.9521 -0.3296 0.122 -0.8301 
0.257446 0.38940 0.9521 -0.3296 0.2930 -0.8057 
0.257324 0.39673 0.9888 -0.4639 0.2930 -0.8057 
0.257324 0.39673 0.9888 -0.4639 0.2930 -0.8057 
0.257324 0.39673 0.9888 -0.4639 0.2930 -0.8057 
0.257324 0.39673 0.9888 -0.4639 0.2930 -0.8057 
0.257324 0.39673 0.9888 -0.4639 0.2930 -0.8057 
0.257324 0.39673 0.9888 -0.4639 0.2930 -0.8057 
0.257324 0.39673 0.9888 -0.4639 0.2930 -0.8057 
0.257324 0.39673 0.9888 -0.4639 0.2930 -0.8057 
0.257324 0.39673 0.9888 -0.4639 0.2930 -0.8057 
0.257324 0.39673 0.9888 -0.4639 0.2930 -0.8057 
0.255615 0.40039 0.9521 -0.5127 0.5737 -0.8545 
0.255615 0.40039 0.9521 -0.5127 0.5737 -0.8545 
0.255615 0.40039 0.9521 -0.5127 0.5737 -0.8545 
0.255615 0.40039 0.9521 -0.5127 0.5737 -0.8545 
0.255615 0.40039 0.9521 -0.5127 0.5737 -0.8545 
0.255615 0.40039 0.9521 -0.5127 0.5737 -0.8545 
0.255615 0.40039 0.9521 -0.5127 0.5737 -0.8545 
0.255615 0.40039 0.9521 -0.5127 0.5737 -0.8545 
0.255615 0.40039 0.9521 -0.5127 0.5737 -0.8545 
0.255615 0.40039 0.9521 -0.5127 0.5737 -0.8545 
0.255615 0.40039 0.9888 -0.5981 0.8423 -0.8911 
0.254150 0.40649 0.9888 -0.5981 0.8423 -0.8911 
0.254150 0.40649 0.9888 -0.5981 0.8423 -0.8911 
0.254150 0.40649 0.9888 -0.5981 0.8423 -0.8911 
0.254150 0.40649 0.9888 -0.5981 0.8423 -0.8911 
0.254150 0.40649 0.9888 -0.5981 0.8423 -0.8911 
0.254150 0.40649 0.9888 -0.5981 0.8423 -0.8911 
0.254150 0.40649 0.9888 -0.5981 0.8423 -0.8911 
0.254150 0.40649 0.9888 -0.5981 0.8423 -0.8911 
0.254150 0.40649 0.9888 -0.5981 0.8423 -0.8911 
0.254150 0.40649 0.9888 -0.5981 0.10376 -0.9399 
0.251587 0.40649 0.10010 -0.7813 0.10376 -0.9399 
0.251587 0.40649 0.10010 -0.7813 0.10376 -0.9399 
0.251587 0.40649 0.10010 -0.7813 0.10376 -0.9399 
0.251587 0.40649 0.10010 -0.7813 0.10376 -0.9399 
0.251587 0.40649 0.10010 -0.7813 0.10376 -0.9399 
0.251587 0.40649 0.10010 -0.7813 0.10376 -0.9399 
0.251587 0.40649 0.10010 -0.7813 0.10376 -0.9399 
0.251587 0.40649 0.10010 -0.7813 0.10376 -0.9399 
0.251587 0.40649 0.10010 -0.7813 0.10376 -0.9399 
0.251587 0.40649 0.10010 -0.7813 0.10376 -0.9766 
0.249146 0.41626 0.9521 -0.10620 0.12085 -0.9766 
0.249146 0.41626 0.9521 -0.10620 0.12085 -0.9766 
0.249146 0.41626 0.9521 -0.10620 0.12085 -0.9766 
0.249146 0.41626 0.9521 -0.10620 0.12085 -0.9766 
0.249146 0.41626 0.9521 -0.10620 0.12085 -0.9766 
0.249146 0.41626 0.9521 -0.10620 0.12085 -0.9766 
0.249146 0.41626 0.9521 -0.10620 0.12085 -0.9766 
0.249146 0.41626 0.9521 -0.10620 0.12085 -0.9766 
0.249146 0.41626 0.9521 -0.10620 0.12085 -0.9766 
0.249146 0.41626 0.9521 -0.10620 0.12085 -0.9766 
0.249146 0.41870 0.9277 -0.14160 0.13428 -0.8911 
0.246826 0.41870 0.9277 -0.14160 0.13428 -0.8911 
0.246826 0.41870 0.9277 -0.14160 0.13428 -0.8911 
0.246826 0.41870 0.9277 -0.14160 0.13428 -0.8911 
0.246826 0.41870 0.9277 -0.14160 0.13428 -0.8911 
0.246826 0.41870 0.9277 -0.14160 0.13428 -0.8911 
0.246826 0.41870 0.9277 -0.14160 0.13428 -0.8911 
0.246826 0.41870 0.9277 -0.14160 0.13428 -0.8911 
0.246826 0.41870 0.9277 -0.14160 0.13428 -0.8911 
0.246826 0.41870 0.9277 -0.14160 0.13428 -0.8911 
0.246826 0.41870 0.9277 -0.17456 0.14648 -0.6714 
0.245728 0.41992 0.10376 -0.17456 0.14648 -0.6714 
0.245728 0.41992 0.10376 -0.17456 0.14648 -0.6714 
0.245728 0.41992 0.10376 -0.17456 0.14648 -0.6714 
0.245728 0.41992 0.10376 -0.17456 0.14648 -0.6714 
0.245728 0.41992 0.10376 -0.17456 0.14648 -0.6714 
0.245728 0.41992 0.10376 -0.17456 0.14648 -0.6714 
0.245728 0.41992 0.10376 -0.17456 0.14648 -0.6714 
0.245728 0.41992 0.10376 -0.17456 0.14648 -0.6714 
0.245728 0.41992 0.10376 -0.17456 0.14648 -0.6714 
0.245728 0.41992 0.10376 -0.17456 0.14648 -0.4150 
0.245972 0.41992 0.11353 -0.18677 0.15137 -0.4150 
0.245972 0.41992 0.11353 -0.18677 0.15137 -0.4150 
0.245972 0.41992 0.11353 -0.18677 0.15137 -0.4150 
0.245972 0.41992 0.11353 -0.18677 0.15137 -0.4150 
0.245972 0.41992 0.11353 -0.18677 0.15137 -0.4150 
0.245972 0.41992 0.11353 -0.18677 0.15137 -0.4150 
0.245972 0.41992 0.11353 -0.18677 0.15137 -0.4150 
0.245972 0.41992 0.11353 -0.18677 0.15137 -0.4150 
0.245972 0.41992 0.11353 -0.18677 0.15137 -0.4150 
0.245972 0.41992 0.11353 -0.18677 0.15137 -0.4150 
0.245972 0.41870 0.12085 -0.16357 0.14526 -0.1953 
0.247314 0.41870 0.12085 -0.16357 0.14526 -0.1953 
0.247314 0.41870 0.12085 -0.16357 0.14526 -0.1953 
0.247314 0.41870 0.12085 -0.16357 0.14526 -0.1953 
0.247314 0.41870 0.12085 -0.16357 0.14526 -0.1953 
0.247314 0.41870 0.12085 -0.16357 0.14526 -0.1953 
0.247314 0.41870 0.12085 -0.16357 0.14526 -0.1953 
0.247314 0.41870 0.12085 -0.16357 0.14526 -0.1953 
0.247314 0.41870 0.12085 -0.16357 0.14526 -0.1953 
0.247314 0.41870 0.12085 -0.16357 0.14526 -0.1953 
