0.251465 0.42480 -0.3418 -0.5493 -0.5005 0.6104 
0.251465 0.42480 -0.3418 -0.5493 -0.5005 0.6104 
0.251465 0.42480 -0.3418 -0.5493 -0.5005 0.6104 
0.251465 0.42480 -0.3418 -0.5493 -0.5005 0.6104 
0.251465 0.42480 -0.3418 -0.5493 -0.5005 0.6104 
0.251465 0.42480 -0.3418 -0.5493 -0.5005 0.6104 
0.251465 0.42480 -0.3418 -0.5493 -0.5005 0.6104 
0.251465 0.42480 -0.3418 -0.5493 -0.5005 0.6104 
0.251465 0.41504 -0.7080 -0.3906 -0.7935 0.8545 
0.251099 0.41504 -0.7080 -0.3906 -0.7935 0.8545 
0.251099 0.41504 -0.7080 -0.3906 -0.7935 0.8545 
0.251099 0.41504 -0.7080 -0.3906 -0.7935 0.8545 
0.251099 0.41504 -0.7080 -0.3906 -0.7935 0.8545 
0.251099 0.41504 -0.7080 -0.3906 -0.7935 0.8545 
0.251099 0.41504 -0.7080 -0.3906 -0.7935 0.8545 
0.251099 0.41504 -0.7080 -0.3906 -0.7935 0.8545 
0.251099 0.41504 -0.7080 -0.3906 -0.7935 0.8545 
0.251099 0.41504 -0.7080 -0.3906 -0.7935 0.8545 
0.251099 0.41504 -0.8911 -0.6348 -0.8179 0.10010 
0.253906 0.41016 -0.8911 -0.6348 -0.8179 0.10010 
0.253906 0.41016 -0.8911 -0.6348 -0.8179 0.10010 
0.253906 0.41016 -0.8911 -0.6348 -0.8179 0.10010 
0.253906 0.41016 -0.8911 -0.6348 -0.8179 0.10010 
0.253906 0.41016 -0.8911 -0.6348 -0.8179 0.10010 
0.253906 0.41016 -0.8911 -0.6348 -0.8179 0.10010 
0.253906 0.41016 -0.8911 -0.6348 -0.8179 0.10010 
0.253906 0.41016 -0.8911 -0.6348 -0.8179 0.10010 
0.253906 0.41016 -0.8911 -0.6348 -0.8179 0.10010 
0.253906 0.41016 -0.8911 -0.6348 -0.5981 0.9155 
0.257813 0.40527 -0.9155 -0.9399 -0.5981 0.9155 
0.257813 0.40527 -0.9155 -0.9399 -0.5981 0.9155 
0.257813 0.40527 -0.9155 -0.9399 -0.5981 0.9155 
0.257813 0.40527 -0.9155 -0.9399 -0.5981 0.9155 
0.257813 0.40527 -0.9155 -0.9399 -0.5981 0.9155 
0.257813 0.40527 -0.9155 -0.9399 -0.5981 0.9155 
0.257813 0.40527 -0.9155 -0.9399 -0.5981 0.9155 
0.257813 0.40527 -0.9155 -0.9399 -0.5981 0.9155 
0.257813 0.40527 -0.9155 -0.9399 -0.5981 0.9155 
0.257813 0.40527 -0.9155 -0.9399 -0.5981 0.9155 
0.261353 0.40527 -0.8179 -0.11108 -0.1221 0.5371 
0.261353 0.40527 -0.8179 -0.11108 -0.1221 0.5371 
0.261353 0.40527 -0.8179 -0.11108 -0.1221 0.5371 
0.261353 0.40527 -0.8179 -0.11108 -0.1221 0.5371 
0.261353 0.40527 -0.8179 -0.11108 -0.1221 0.5371 
0.261353 0.40527 -0.8179 -0.11108 -0.1221 0.5371 
0.261353 0.40527 -0.8179 -0.11108 -0.1221 0.5371 
0.261353 0.40527 -0.8179 -0.11108 -0.1221 0.5371 
0.261353 0.40527 -0.8179 -0.11108 -0.1221 0.5371 
0.261353 0.40527 -0.8179 -0.11108 -0.1221 0.5371 
0.261353 0.40527 -0.6714 -0.10498 0.4272 -0.1099 
0.262939 0.40649 -0.6714 -0.10498 0.4272 -0.1099 
0.262939 0.40649 -0.6714 -0.10498 0.4272 -0.1099 
0.262939 0.40649 -0.6714 -0.10498 0.4272 -0.1099 
0.262939 0.40649 -0.6714 -0.10498 0.4272 -0.1099 
0.262939 0.40649 -0.6714 -0.10498 0.4272 -0.1099 
0.262939 0.40649 -0.6714 -0.10498 0.4272 -0.1099 
0.262939 0.40649 -0.6714 -0.10498 0.4272 -0.1099 
0.262939 0.40649 -0.6714 -0.10498 0.4272 -0.1099 
0.262939 0.40649 -0.6714 -0.10498 0.4272 -0.1099 
0.262939 0.40649 -0.6714 -0.10498 0.8789 -0.7935 
0.261719 0.39307 -0.5249 -0.8301 0.8789 -0.7935 
0.261719 0.39307 -0.5249 -0.8301 0.8789 -0.7935 
0.261719 0.39307 -0.5249 -0.8301 0.8789 -0.7935 
0.261719 0.39307 -0.5249 -0.8301 0.8789 -0.7935 
0.261719 0.39307 -0.5249 -0.8301 0.8789 -0.7935 
0.261719 0.39307 -0.5249 -0.8301 0.8789 -0.7935 
0.261719 0.39307 -0.5249 -0.8301 0.8789 -0.7935 
0.261719 0.39307 -0.5249 -0.8301 0.8789 -0.7935 
0.261719 0.39307 -0.5249 -0.8301 0.8789 -0.7935 
0.261719 0.39307 -0.5249 -0.8301 0.8789 -0.12817 
0.259155 0.41870 -0.5005 -0.6104 0.11353 -0.12817 
0.259155 0.41870 -0.5005 -0.6104 0.11353 -0.12817 
0.259155 0.41870 -0.5005 -0.6104 0.11353 -0.12817 
0.259155 0.41870 -0.5005 -0.6104 0.11353 -0.12817 
0.259155 0.41870 -0.5005 -0.6104 0.11353 -0.12817 
0.259155 0.41870 -0.5005 -0.6104 0.11353 -0.12817 
0.259155 0.41870 -0.5005 -0.6104 0.11353 -0.12817 
0.259155 0.41870 -0.5005 -0.6104 0.11353 -0.12817 
0.259155 0.41870 -0.5005 -0.6104 0.11353 -0.12817 
0.259155 0.41870 -0.5005 -0.6104 0.11353 -0.12817 
0.259155 0.42603 -0.5737 -0.6348 0.11108 -0.13184 
0.256104 0.42603 -0.5737 -0.6348 0.11108 -0.13184 
0.256104 0.42603 -0.5737 -0.6348 0.11108 -0.13184 
0.256104 0.42603 -0.5737 -0.6348 0.11108 -0.13184 
0.256104 0.42603 -0.5737 -0.6348 0.11108 -0.13184 
0.256104 0.42603 -0.5737 -0.6348 0.11108 -0.13184 
0.256104 0.42603 -0.5737 -0.6348 0.11108 -0.13184 
0.256104 0.42603 -0.5737 -0.6348 0.11108 -0.13184 
0.256104 0.42603 -0.5737 -0.6348 0.11108 -0.13184 
0.256104 0.42603 -0.5737 -0.6348 0.11108 -0.13184 
0.256104 0.42603 -0.5737 -0.9644 0.10376 -0.10376 
0.253662 0.43213 -0.6714 -0.9644 0.10376 -0.10376 
0.253662 0.43213 -0.6714 -0.9644 0.10376 -0.10376 
0.253662 0.43213 -0.6714 -0.9644 0.10376 -0.10376 
0.253662 0.43213 -0.6714 -0.9644 0.10376 -0.10376 
0.253662 0.43213 -0.6714 -0.9644 0.10376 -0.10376 
0.253662 0.43213 -0.6714 -0.9644 0.10376 -0.10376 
0.253662 0.43213 -0.6714 -0.9644 0.10376 -0.10376 
0.253662 0.43213 -0.6714 -0.9644 0.10376 -0.10376 
0.253662 0.43213 -0.6714 -0.9644 0.10376 -0.10376 
0.253662 0.43213 -0.6714 -0.9644 0.10376 -0.5859 
0.252197 0.43823 -0.7446 -0.14038 0.9399 -0.5859 
0.252197 0.43823 -0.7446 -0.14038 0.9399 -0.5859 
0.252197 0.43823 -0.7446 -0.14038 0.9399 -0.5859 
0.252197 0.43823 -0.7446 -0.14038 0.9399 -0.5859 
0.252197 0.43823 -0.7446 -0.14038 0.9399 -0.5859 
0.252197 0.43823 -0.7446 -0.14038 0.9399 -0.5859 
0.252197 0.43823 -0.7446 -0.14038 0.9399 -0.5859 
0.252197 0.43823 -0.7446 -0.14038 0.9399 -0.5859 
0.252197 0.43823 -0.7446 -0.14038 0.9399 -0.5859 
0.252197 0.43823 -0.7446 -0.14038 0.9399 -0.5859 
0.252197 0.44434 -0.7935 -0.16846 0.8179 -0.1221 
0.251221 0.44434 -0.7935 -0.16846 0.8179 -0.1221 
0.251221 0.44434 -0.7935 -0.16846 0.8179 -0.1221 
0.251221 0.44434 -0.7935 -0.16846 0.8179 -0.1221 
0.251221 0.44434 -0.7935 -0.16846 0.8179 -0.1221 
0.251221 0.44434 -0.7935 -0.16846 0.8179 -0.1221 
0.251221 0.44434 -0.7935 -0.16846 0.8179 -0.1221 
0.251221 0.44434 -0.7935 -0.16846 0.8179 -0.1221 
0.251221 0.44434 -0.7935 -0.16846 0.8179 -0.1221 
0.251221 0.44434 -0.7935 -0.16846 0.8179 -0.1221 
0.251221 0.44434 -0.7935 -0.17578 0.7202 0.3296 
0.250977 0.45288 -0.7935 -0.17578 0.7202 0.3296 
0.250977 0.45288 -0.7935 -0.17578 0.7202 0.3296 
0.250977 0.45288 -0.7935 -0.17578 0.7202 0.3296 
0.250977 0.45288 -0.7935 -0.17578 0.7202 0.3296 
0.250977 0.45288 -0.7935 -0.17578 0.7202 0.3296 
0.250977 0.45288 -0.7935 -0.17578 0.7202 0.3296 
0.250977 0.45288 -0.7935 -0.17578 0.7202 0.3296 
0.250977 0.45288 -0.7935 -0.17578 0.7202 0.3296 
0.250977 0.45288 -0.7935 -0.17578 0.7202 0.3296 
0.250977 0.45288 -0.7935 -0.17578 0.5859 0.6714 
0.251465 0.45776 -0.6836 -0.15015 0.5859 0.6714 
0.251465 0.45776 -0.6836 -0.15015 0.5859 0.6714 
0.251465 0.45776 -0.6836 -0.15015 0.5859 0.6714 
0.251465 0.45776 -0.6836 -0.15015 0.5859 0.6714 
0.251465 0.45776 -0.6836 -0.15015 0.5859 0.6714 
0.251465 0.45776 -0.6836 -0.15015 0.5859 0.6714 
0.251465 0.45776 -0.6836 -0.15015 0.5859 0.6714 
0.251465 0.45776 -0.6836 -0.15015 0.5859 0.6714 
0.251465 0.45776 -0.6836 -0.15015 0.5859 0.6714 
0.251465 0.45776 -0.6836 -0.15015 0.5859 0.6714 
0.252563 0.45898 -0.6104 -0.8423 0.3540 0.8179 
0.252563 0.45898 -0.6104 -0.8423 0.3540 0.8179 
0.252563 0.45898 -0.6104 -0.8423 0.3540 0.8179 
0.252563 0.45898 -0.6104 -0.8423 0.3540 0.8179 
0.252563 0.45898 -0.6104 -0.8423 0.3540 0.8179 
0.252563 0.45898 -0.6104 -0.8423 0.3540 0.8179 
0.252563 0.45898 -0.6104 -0.8423 0.3540 0.8179 
0.252563 0.45898 -0.6104 -0.8423 0.3540 0.8179 
