0.246582 0.42358 0.47485 -0.1709 -0.488 0.732 
0.246582 0.42358 0.47485 -0.1709 -0.488 0.732 
0.246582 0.42358 0.47485 -0.1709 -0.488 0.732 
0.246582 0.42358 0.47485 -0.1709 -0.488 0.732 
0.246582 0.42358 0.47485 -0.1709 -0.488 0.732 
0.246582 0.42358 0.47485 -0.1709 -0.488 0.732 
0.246582 0.42358 0.47485 -0.1709 -0.488 0.732 
0.246582 0.42358 0.47485 -0.1709 -0.488 0.732 
0.246582 0.42358 0.47485 -0.3296 -0.1343 0.122 
0.246582 0.42603 0.47485 -0.3296 -0.1343 0.122 
0.246582 0.42603 0.47485 -0.3296 -0.1343 0.122 
0.246582 0.42603 0.47485 -0.3296 -0.1343 0.122 
0.246582 0.42603 0.47485 -0.3296 -0.1343 0.122 
0.246582 0.42603 0.47485 -0.3296 -0.1343 0.122 
0.246582 0.42603 0.47485 -0.3296 -0.1343 0.122 
0.246582 0.42603 0.47485 -0.3296 -0.1343 0.122 
0.246582 0.42603 0.47485 -0.3296 -0.1343 0.122 
0.246582 0.42603 0.47485 -0.3296 -0.1343 0.122 
0.246582 0.42603 0.47485 -0.3296 -0.1343 0.31006 
0.246582 0.42847 0.47852 -0.5371 -0.2319 -0.244 
0.246582 0.42847 0.47852 -0.5371 -0.2319 -0.244 
0.246582 0.42847 0.47852 -0.5371 -0.2319 -0.244 
0.246582 0.42847 0.47852 -0.5371 -0.2319 -0.244 
0.246582 0.42847 0.47852 -0.5371 -0.2319 -0.244 
0.246582 0.42847 0.47852 -0.5371 -0.2319 -0.244 
0.246582 0.42847 0.47852 -0.5371 -0.2319 -0.244 
0.246582 0.42847 0.47852 -0.5371 -0.2319 -0.244 
0.246582 0.42847 0.47852 -0.5371 -0.2319 -0.244 
0.246582 0.42847 0.47852 -0.5371 -0.2319 -0.244 
0.246582 0.43091 0.47974 -0.6836 -0.2930 -0.366 
0.246460 0.43091 0.47974 -0.6836 -0.2930 -0.366 
0.246460 0.43091 0.47974 -0.6836 -0.2930 -0.366 
0.246460 0.43091 0.47974 -0.6836 -0.2930 -0.366 
0.246460 0.43091 0.47974 -0.6836 -0.2930 -0.366 
0.246460 0.43091 0.47974 -0.6836 -0.2930 -0.366 
0.246460 0.43091 0.47974 -0.6836 -0.2930 -0.366 
0.246460 0.43091 0.47974 -0.6836 -0.2930 -0.366 
0.246460 0.43091 0.47974 -0.6836 -0.2930 -0.366 
0.246460 0.43091 0.47974 -0.6836 -0.2930 -0.366 
0.246460 0.43091 0.47974 -0.7324 -0.3662 -0.366 
0.243896 0.44189 0.48340 -0.7324 -0.3662 -0.366 
0.243896 0.44189 0.48340 -0.7324 -0.3662 -0.366 
0.243896 0.44189 0.48340 -0.7324 -0.3662 -0.366 
0.243896 0.44189 0.48340 -0.7324 -0.3662 -0.366 
0.243896 0.44189 0.48340 -0.7324 -0.3662 -0.366 
0.243896 0.44189 0.48340 -0.7324 -0.3662 -0.366 
0.243896 0.44189 0.48340 -0.7324 -0.3662 -0.366 
0.243896 0.44189 0.48340 -0.7324 -0.3662 -0.366 
0.243896 0.44189 0.48340 -0.7324 -0.3662 -0.366 
0.243896 0.44189 0.48340 -0.7324 -0.3662 0.2197 
0.241455 0.44312 0.46875 -0.7568 -0.5981 0.2197 
0.241455 0.44312 0.46875 -0.7568 -0.5981 0.2197 
0.241455 0.44312 0.46875 -0.7568 -0.5981 0.2197 
0.241455 0.44312 0.46875 -0.7568 -0.5981 0.2197 
0.241455 0.44312 0.46875 -0.7568 -0.5981 0.2197 
0.241455 0.44312 0.46875 -0.7568 -0.5981 0.2197 
0.241455 0.44312 0.46875 -0.7568 -0.5981 0.2197 
0.241455 0.44312 0.46875 -0.7568 -0.5981 0.2197 
0.241455 0.44312 0.46875 -0.7568 -0.5981 0.2197 
0.241455 0.44312 0.46875 -0.7568 -0.5981 0.2197 
0.241089 0.43701 0.45044 -0.8423 -0.8789 0.6714 
0.241089 0.43701 0.45044 -0.8423 -0.8789 0.6714 
0.241089 0.43701 0.45044 -0.8423 -0.8789 0.6714 
0.241089 0.43701 0.45044 -0.8423 -0.8789 0.6714 
0.241089 0.43701 0.45044 -0.8423 -0.8789 0.6714 
0.241089 0.43701 0.45044 -0.8423 -0.8789 0.6714 
0.241089 0.43701 0.45044 -0.8423 -0.8789 0.6714 
0.241089 0.43701 0.45044 -0.8423 -0.8789 0.6714 
0.241089 0.43701 0.45044 -0.8423 -0.8789 0.6714 
0.241089 0.43701 0.45044 -0.8423 -0.8789 0.6714 
0.241089 0.43701 0.43701 -0.8911 -0.10742 0.10986 
0.242065 0.43335 0.43701 -0.8911 -0.10742 0.10986 
0.242065 0.43335 0.43701 -0.8911 -0.10742 0.10986 
0.242065 0.43335 0.43701 -0.8911 -0.10742 0.10986 
0.242065 0.43335 0.43701 -0.8911 -0.10742 0.10986 
0.242065 0.43335 0.43701 -0.8911 -0.10742 0.10986 
0.242065 0.43335 0.43701 -0.8911 -0.10742 0.10986 
0.242065 0.43335 0.43701 -0.8911 -0.10742 0.10986 
0.242065 0.43335 0.43701 -0.8911 -0.10742 0.10986 
0.242065 0.43335 0.43701 -0.8911 -0.10742 0.10986 
0.242065 0.43335 0.43701 -0.8911 -0.11230 0.13184 
0.243774 0.43335 0.44067 -0.8789 -0.11230 0.13184 
0.243774 0.43335 0.44067 -0.8789 -0.11230 0.13184 
0.243774 0.43335 0.44067 -0.8789 -0.11230 0.13184 
0.243774 0.43335 0.44067 -0.8789 -0.11230 0.13184 
0.243774 0.43335 0.44067 -0.8789 -0.11230 0.13184 
0.243774 0.43335 0.44067 -0.8789 -0.11230 0.13184 
0.243774 0.43335 0.44067 -0.8789 -0.11230 0.13184 
0.243774 0.43335 0.44067 -0.8789 -0.11230 0.13184 
0.243774 0.43335 0.44067 -0.8789 -0.11230 0.13184 
0.243774 0.43335 0.44067 -0.8789 -0.11230 0.13184 
0.244629 0.42969 0.44189 -0.7324 -0.10132 0.12817 
0.244629 0.42969 0.44189 -0.7324 -0.10132 0.12817 
0.244629 0.42969 0.44189 -0.7324 -0.10132 0.12817 
0.244629 0.42969 0.44189 -0.7324 -0.10132 0.12817 
0.244629 0.42969 0.44189 -0.7324 -0.10132 0.12817 
0.244629 0.42969 0.44189 -0.7324 -0.10132 0.12817 
0.244629 0.42969 0.44189 -0.7324 -0.10132 0.12817 
0.244629 0.42969 0.44189 -0.7324 -0.10132 0.12817 
0.244629 0.42969 0.44189 -0.7324 -0.10132 0.12817 
0.244629 0.42969 0.44189 -0.7324 -0.10132 0.12817 
0.244629 0.42969 0.45044 -0.4517 -0.7080 0.10498 
0.245483 0.42847 0.45044 -0.4517 -0.7080 0.10498 
0.245483 0.42847 0.45044 -0.4517 -0.7080 0.10498 
0.245483 0.42847 0.45044 -0.4517 -0.7080 0.10498 
0.245483 0.42847 0.45044 -0.4517 -0.7080 0.10498 
0.245483 0.42847 0.45044 -0.4517 -0.7080 0.10498 
0.245483 0.42847 0.45044 -0.4517 -0.7080 0.10498 
0.245483 0.42847 0.45044 -0.4517 -0.7080 0.10498 
0.245483 0.42847 0.45044 -0.4517 -0.7080 0.10498 
0.245483 0.42847 0.45044 -0.4517 -0.7080 0.10498 
0.245483 0.42847 0.45044 -0.1587 -0.2319 0.7202 
0.246826 0.42847 0.46265 -0.1587 -0.2319 0.7202 
0.246826 0.42847 0.46265 -0.1587 -0.2319 0.7202 
0.246826 0.42847 0.46265 -0.1587 -0.2319 0.7202 
0.246826 0.42847 0.46265 -0.1587 -0.2319 0.7202 
0.246826 0.42847 0.46265 -0.1587 -0.2319 0.7202 
0.246826 0.42847 0.46265 -0.1587 -0.2319 0.7202 
0.246826 0.42847 0.46265 -0.1587 -0.2319 0.7202 
0.246826 0.42847 0.46265 -0.1587 -0.2319 0.7202 
0.246826 0.42847 0.46265 -0.1587 -0.2319 0.7202 
0.246826 0.42847 0.46265 -0.1587 -0.2319 0.3052 
0.249390 0.42847 0.48218 0.2197 0.3052 0.3052 
0.249390 0.42847 0.48218 0.2197 0.3052 0.3052 
0.249390 0.42847 0.48218 0.2197 0.3052 0.3052 
0.249390 0.42847 0.48218 0.2197 0.3052 0.3052 
0.249390 0.42847 0.48218 0.2197 0.3052 0.3052 
0.249390 0.42847 0.48218 0.2197 0.3052 0.3052 
0.249390 0.42847 0.48218 0.2197 0.3052 0.3052 
0.249390 0.42847 0.48218 0.2197 0.3052 0.3052 
0.249390 0.42847 0.48218 0.2197 0.3052 0.3052 
0.249390 0.42847 0.48218 0.2197 0.3052 0.3052 
0.249390 0.42603 0.50537 0.7202 0.7080 -0.1831 
0.251465 0.42603 0.50537 0.7202 0.7080 -0.1831 
0.251465 0.42603 0.50537 0.7202 0.7080 -0.1831 
0.251465 0.42603 0.50537 0.7202 0.7080 -0.1831 
0.251465 0.42603 0.50537 0.7202 0.7080 -0.1831 
0.251465 0.42603 0.50537 0.7202 0.7080 -0.1831 
0.251465 0.42603 0.50537 0.7202 0.7080 -0.1831 
0.251465 0.42603 0.50537 0.7202 0.7080 -0.1831 
0.251465 0.42603 0.50537 0.7202 0.7080 -0.1831 
0.251465 0.42603 0.50537 0.7202 0.7080 -0.1831 
0.251465 0.42603 0.50537 0.13428 0.8545 -0.6104 
0.252075 0.42603 0.51270 0.13428 0.8545 -0.6104 
0.252075 0.42603 0.51270 0.13428 0.8545 -0.6104 
0.252075 0.42603 0.51270 0.13428 0.8545 -0.6104 
0.252075 0.42603 0.51270 0.13428 0.8545 -0.6104 
0.252075 0.42603 0.51270 0.13428 0.8545 -0.6104 
0.252075 0.42603 0.51270 0.13428 0.8545 -0.6104 
0.252075 0.42603 0.51270 0.13428 0.8545 -0.6104 
