0.246704 0.11353 -0.31860 -0.4761 0.610 0.10742 
0.246704 0.11353 -0.31860 -0.4761 0.610 0.10742 
0.246704 0.11353 -0.31860 -0.4761 0.610 0.10742 
0.246704 0.11353 -0.31860 -0.10864 0.3174 0.12207 
0.252686 0.10132 -0.29785 -0.10864 0.3174 0.12207 
0.252686 0.10132 -0.29785 -0.10864 0.3174 0.12207 
0.252686 0.10132 -0.29785 -0.10864 0.3174 0.12207 
0.252686 0.10132 -0.29785 -0.10864 0.3174 0.12207 
0.252686 0.10132 -0.29785 -0.10864 0.3174 0.12207 
0.252686 0.10132 -0.29785 -0.10864 0.3174 0.12207 
0.252686 0.10132 -0.29785 -0.10864 0.3174 0.12207 
0.252686 0.10132 -0.29785 -0.10864 0.3174 0.12207 
0.252686 0.10132 -0.29785 -0.10864 0.3174 0.12207 
0.252686 0.10132 -0.29785 -0.10864 0.3174 0.11108 
0.256592 0.8911 -0.27344 -0.14404 0.8179 0.11108 
0.256592 0.8911 -0.27344 -0.14404 0.8179 0.11108 
0.256592 0.8911 -0.27344 -0.14404 0.8179 0.11108 
0.256592 0.8911 -0.27344 -0.14404 0.8179 0.11108 
0.256592 0.8911 -0.27344 -0.14404 0.8179 0.11108 
0.256592 0.8911 -0.27344 -0.14404 0.8179 0.11108 
0.256592 0.8911 -0.27344 -0.14404 0.8179 0.11108 
0.256592 0.8911 -0.27344 -0.14404 0.8179 0.11108 
0.256592 0.8911 -0.27344 -0.14404 0.8179 0.11108 
0.256592 0.8911 -0.27344 -0.14404 0.8179 0.11108 
0.258667 0.8789 -0.25391 -0.14038 0.10986 0.6592 
0.258667 0.8789 -0.25391 -0.14038 0.10986 0.6592 
0.258667 0.8789 -0.25391 -0.14038 0.10986 0.6592 
0.258667 0.8789 -0.25391 -0.14038 0.10986 0.6592 
0.258667 0.8789 -0.25391 -0.14038 0.10986 0.6592 
0.258667 0.8789 -0.25391 -0.14038 0.10986 0.6592 
0.258667 0.8789 -0.25391 -0.14038 0.10986 0.6592 
0.258667 0.8789 -0.25391 -0.14038 0.10986 0.6592 
0.258667 0.8789 -0.25391 -0.14038 0.10986 0.6592 
0.258667 0.8789 -0.25391 -0.14038 0.10986 0.6592 
0.258667 0.8789 -0.24658 -0.10620 0.12329 0.1953 
0.258057 0.9521 -0.24658 -0.10620 0.12329 0.1953 
0.258057 0.9521 -0.24658 -0.10620 0.12329 0.1953 
0.258057 0.9521 -0.24658 -0.10620 0.12329 0.1953 
0.258057 0.9521 -0.24658 -0.10620 0.12329 0.1953 
0.258057 0.9521 -0.24658 -0.10620 0.12329 0.1953 
0.258057 0.9521 -0.24658 -0.10620 0.12329 0.1953 
0.258057 0.9521 -0.24658 -0.10620 0.12329 0.1953 
0.258057 0.9521 -0.24658 -0.10620 0.12329 0.1953 
0.258057 0.9521 -0.24658 -0.10620 0.12329 0.1953 
0.258057 0.9521 -0.24658 -0.10620 0.11230 0.00 
0.257690 0.10254 -0.24292 -0.7446 0.11230 0.00 
0.257690 0.10254 -0.24292 -0.7446 0.11230 0.00 
0.257690 0.10254 -0.24292 -0.7446 0.11230 0.00 
0.257690 0.10254 -0.24292 -0.7446 0.11230 0.00 
0.257690 0.10254 -0.24292 -0.7446 0.11230 0.00 
0.257690 0.10254 -0.24292 -0.7446 0.11230 0.00 
0.257690 0.10254 -0.24292 -0.7446 0.11230 0.00 
0.257690 0.10254 -0.24292 -0.7446 0.11230 0.00 
0.257690 0.10254 -0.24292 -0.7446 0.11230 0.00 
0.257690 0.10254 -0.24292 -0.7446 0.11230 0.00 
0.258301 0.11475 -0.24170 -0.4761 0.8667 -0.610 
0.258301 0.11475 -0.24170 -0.4761 0.8667 -0.610 
0.258301 0.11475 -0.24170 -0.4761 0.8667 -0.610 
0.258301 0.11475 -0.24170 -0.4761 0.8667 -0.610 
0.258301 0.11475 -0.24170 -0.4761 0.8667 -0.610 
0.258301 0.11475 -0.24170 -0.4761 0.8667 -0.610 
0.258301 0.11475 -0.24170 -0.4761 0.8667 -0.610 
0.258301 0.11475 -0.24170 -0.4761 0.8667 -0.610 
0.258301 0.11475 -0.24170 -0.4761 0.8667 -0.610 
0.258301 0.11475 -0.24170 -0.4761 0.8667 -0.610 
0.258301 0.13184 -0.23804 -0.3296 0.6348 -0.1221 
0.259033 0.13184 -0.23804 -0.3296 0.6348 -0.1221 
0.259033 0.13184 -0.23804 -0.3296 0.6348 -0.1221 
0.259033 0.13184 -0.23804 -0.3296 0.6348 -0.1221 
0.259033 0.13184 -0.23804 -0.3296 0.6348 -0.1221 
0.259033 0.13184 -0.23804 -0.3296 0.6348 -0.1221 
0.259033 0.13184 -0.23804 -0.3296 0.6348 -0.1221 
0.259033 0.13184 -0.23804 -0.3296 0.6348 -0.1221 
0.259033 0.13184 -0.23804 -0.3296 0.6348 -0.1221 
0.259033 0.13184 -0.23804 -0.3296 0.6348 -0.1221 
0.259033 0.13184 -0.23804 -0.3296 0.5493 -0.3174 
0.259766 0.14771 -0.23315 -0.3296 0.5493 -0.3174 
0.259766 0.14771 -0.23315 -0.3296 0.5493 -0.3174 
0.259766 0.14771 -0.23315 -0.3296 0.5493 -0.3174 
0.259766 0.14771 -0.23315 -0.3296 0.5493 -0.3174 
0.259766 0.14771 -0.23315 -0.3296 0.5493 -0.3174 
0.259766 0.14771 -0.23315 -0.3296 0.5493 -0.3174 
0.259766 0.14771 -0.23315 -0.3296 0.5493 -0.3174 
0.259766 0.14771 -0.23315 -0.3296 0.5493 -0.3174 
0.259766 0.14771 -0.23315 -0.3296 0.5493 -0.3174 
0.259766 0.14771 -0.23315 -0.3296 0.5493 -0.6592 
0.259766 0.15991 -0.22095 -0.4272 0.6592 -0.6592 
0.259766 0.15991 -0.22095 -0.4272 0.6592 -0.6592 
0.259766 0.15991 -0.22095 -0.4272 0.6592 -0.6592 
0.259766 0.15991 -0.22095 -0.4272 0.6592 -0.6592 
0.259766 0.15991 -0.22095 -0.4272 0.6592 -0.6592 
0.259766 0.15991 -0.22095 -0.4272 0.6592 -0.6592 
0.259766 0.15991 -0.22095 -0.4272 0.6592 -0.6592 
0.259766 0.15991 -0.22095 -0.4272 0.6592 -0.6592 
0.259766 0.15991 -0.22095 -0.4272 0.6592 -0.6592 
0.259766 0.15991 -0.22095 -0.4272 0.6592 -0.6592 
0.259766 0.17334 -0.21606 -0.5249 0.8911 -0.10376 
0.258057 0.17334 -0.21606 -0.5249 0.8911 -0.10376 
0.258057 0.17334 -0.21606 -0.5249 0.8911 -0.10376 
0.258057 0.17334 -0.21606 -0.5249 0.8911 -0.10376 
0.258057 0.17334 -0.21606 -0.5249 0.8911 -0.10376 
0.258057 0.17334 -0.21606 -0.5249 0.8911 -0.10376 
0.258057 0.17334 -0.21606 -0.5249 0.8911 -0.10376 
0.258057 0.17334 -0.21606 -0.5249 0.8911 -0.10376 
0.258057 0.17334 -0.21606 -0.5249 0.8911 -0.10376 
0.258057 0.17334 -0.21606 -0.5249 0.8911 -0.10376 
0.258057 0.17334 -0.21606 -0.6836 0.11719 -0.12817 
0.255127 0.18799 -0.21729 -0.6836 0.11719 -0.12817 
0.255127 0.18799 -0.21729 -0.6836 0.11719 -0.12817 
0.255127 0.18799 -0.21729 -0.6836 0.11719 -0.12817 
0.255127 0.18799 -0.21729 -0.6836 0.11719 -0.12817 
0.255127 0.18799 -0.21729 -0.6836 0.11719 -0.12817 
0.255127 0.18799 -0.21729 -0.6836 0.11719 -0.12817 
0.255127 0.18799 -0.21729 -0.6836 0.11719 -0.12817 
0.255127 0.18799 -0.21729 -0.6836 0.11719 -0.12817 
0.255127 0.18799 -0.21729 -0.6836 0.11719 -0.12817 
0.255127 0.18799 -0.21729 -0.6836 0.14648 -0.12085 
0.251465 0.20020 -0.21851 -0.9155 0.14648 -0.12085 
0.251465 0.20020 -0.21851 -0.9155 0.14648 -0.12085 
0.251465 0.20020 -0.21851 -0.9155 0.14648 -0.12085 
0.251465 0.20020 -0.21851 -0.9155 0.14648 -0.12085 
0.251465 0.20020 -0.21851 -0.9155 0.14648 -0.12085 
0.251465 0.20020 -0.21851 -0.9155 0.14648 -0.12085 
0.251465 0.20020 -0.21851 -0.9155 0.14648 -0.12085 
0.251465 0.20020 -0.21851 -0.9155 0.14648 -0.12085 
0.251465 0.20020 -0.21851 -0.9155 0.14648 -0.12085 
0.251465 0.20020 -0.21851 -0.9155 0.14648 -0.12085 
0.279297 0.20752 -0.22095 -0.10620 0.17212 -0.7568 
0.248047 0.20752 -0.22095 -0.10620 0.17212 -0.7568 
0.248047 0.20752 -0.22095 -0.10620 0.17212 -0.7568 
0.248047 0.20752 -0.22095 -0.10620 0.17212 -0.7568 
0.248047 0.20752 -0.22095 -0.10620 0.17212 -0.7568 
0.248047 0.20752 -0.22095 -0.10620 0.17212 -0.7568 
0.248047 0.20752 -0.22095 -0.10620 0.17212 -0.7568 
0.248047 0.20752 -0.22095 -0.10620 0.17212 -0.7568 
0.248047 0.20752 -0.22095 -0.10620 0.17212 -0.7568 
0.248047 0.20752 -0.22095 -0.10620 0.17212 -0.7568 
0.248047 0.20752 -0.21851 -0.9644 0.18921 0.366 
0.247437 0.20996 -0.21851 -0.9644 0.18921 0.366 
0.247437 0.20996 -0.21851 -0.9644 0.18921 0.366 
0.247437 0.20996 -0.21851 -0.9644 0.18921 0.366 
0.247437 0.20996 -0.21851 -0.9644 0.18921 0.366 
0.247437 0.20996 -0.21851 -0.9644 0.18921 0.366 
0.247437 0.20996 -0.21851 -0.9644 0.18921 0.366 
0.247437 0.20996 -0.21851 -0.9644 0.18921 0.366 
0.247437 0.20996 -0.21851 -0.9644 0.18921 0.366 
0.247437 0.20996 -0.21851 -0.9644 0.18921 0.366 
0.247437 0.20996 -0.21851 -0.9644 0.19653 0.8423 
0.250122 0.20996 -0.20752 -0.5493 0.19653 0.8423 
0.250122 0.20996 -0.20752 -0.5493 0.19653 0.8423 
