0.251953 0.15869 -0.23804 -0.4883 0.2686 -0.1221 
0.251953 0.15869 -0.23804 -0.4883 0.2686 -0.1221 
0.251953 0.15869 -0.23804 -0.4883 0.2686 -0.1221 
0.251953 0.15869 -0.23804 -0.10620 0.3906 -0.1587 
0.255005 0.15625 -0.22705 -0.10620 0.3906 -0.1587 
0.255005 0.15625 -0.22705 -0.10620 0.3906 -0.1587 
0.255005 0.15625 -0.22705 -0.10620 0.3906 -0.1587 
0.255005 0.15625 -0.22705 -0.10620 0.3906 -0.1587 
0.255005 0.15625 -0.22705 -0.10620 0.3906 -0.1587 
0.255005 0.15625 -0.22705 -0.10620 0.3906 -0.1587 
0.255005 0.15625 -0.22705 -0.10620 0.3906 -0.1587 
0.255005 0.15625 -0.22705 -0.10620 0.3906 -0.1587 
0.255005 0.15625 -0.22705 -0.10620 0.3906 -0.1587 
0.255005 0.15625 -0.22705 -0.10620 0.6226 -0.4395 
0.256958 0.14648 -0.21362 -0.13794 0.6226 -0.4395 
0.256958 0.14648 -0.21362 -0.13794 0.6226 -0.4395 
0.256958 0.14648 -0.21362 -0.13794 0.6226 -0.4395 
0.256958 0.14648 -0.21362 -0.13794 0.6226 -0.4395 
0.256958 0.14648 -0.21362 -0.13794 0.6226 -0.4395 
0.256958 0.14648 -0.21362 -0.13794 0.6226 -0.4395 
0.256958 0.14648 -0.21362 -0.13794 0.6226 -0.4395 
0.256958 0.14648 -0.21362 -0.13794 0.6226 -0.4395 
0.256958 0.14648 -0.21362 -0.13794 0.6226 -0.4395 
0.256958 0.14648 -0.21362 -0.13794 0.6226 -0.4395 
0.259277 0.13672 -0.20386 -0.13794 0.8301 -0.5981 
0.259277 0.13672 -0.20386 -0.13794 0.8301 -0.5981 
0.259277 0.13672 -0.20386 -0.13794 0.8301 -0.5981 
0.259277 0.13672 -0.20386 -0.13794 0.8301 -0.5981 
0.259277 0.13672 -0.20386 -0.13794 0.8301 -0.5981 
0.259277 0.13672 -0.20386 -0.13794 0.8301 -0.5981 
0.259277 0.13672 -0.20386 -0.13794 0.8301 -0.5981 
0.259277 0.13672 -0.20386 -0.13794 0.8301 -0.5981 
0.259277 0.13672 -0.20386 -0.13794 0.8301 -0.5981 
0.259277 0.13672 -0.20386 -0.13794 0.8301 -0.5981 
0.259277 0.13672 -0.19653 -0.10742 0.11230 -0.7202 
0.260864 0.13306 -0.19653 -0.10742 0.11230 -0.7202 
0.260864 0.13306 -0.19653 -0.10742 0.11230 -0.7202 
0.260864 0.13306 -0.19653 -0.10742 0.11230 -0.7202 
0.260864 0.13306 -0.19653 -0.10742 0.11230 -0.7202 
0.260864 0.13306 -0.19653 -0.10742 0.11230 -0.7202 
0.260864 0.13306 -0.19653 -0.10742 0.11230 -0.7202 
0.260864 0.13306 -0.19653 -0.10742 0.11230 -0.7202 
0.260864 0.13306 -0.19653 -0.10742 0.11230 -0.7202 
0.260864 0.13306 -0.19653 -0.10742 0.11230 -0.7202 
0.260864 0.13306 -0.19653 -0.10742 0.13672 -0.6836 
0.261963 0.13428 -0.18311 -0.6470 0.13672 -0.6836 
0.261963 0.13428 -0.18311 -0.6470 0.13672 -0.6836 
0.261963 0.13428 -0.18311 -0.6470 0.13672 -0.6836 
0.261963 0.13428 -0.18311 -0.6470 0.13672 -0.6836 
0.261963 0.13428 -0.18311 -0.6470 0.13672 -0.6836 
0.261963 0.13428 -0.18311 -0.6470 0.13672 -0.6836 
0.261963 0.13428 -0.18311 -0.6470 0.13672 -0.6836 
0.261963 0.13428 -0.18311 -0.6470 0.13672 -0.6836 
0.261963 0.13428 -0.18311 -0.6470 0.13672 -0.6836 
0.261963 0.13428 -0.18311 -0.6470 0.13672 -0.6836 
0.260132 0.14526 -0.17822 -0.1587 0.14526 -0.5493 
0.260132 0.14526 -0.17822 -0.1587 0.14526 -0.5493 
0.260132 0.14526 -0.17822 -0.1587 0.14526 -0.5493 
0.260132 0.14526 -0.17822 -0.1587 0.14526 -0.5493 
0.260132 0.14526 -0.17822 -0.1587 0.14526 -0.5493 
0.260132 0.14526 -0.17822 -0.1587 0.14526 -0.5493 
0.260132 0.14526 -0.17822 -0.1587 0.14526 -0.5493 
0.260132 0.14526 -0.17822 -0.1587 0.14526 -0.5493 
0.260132 0.14526 -0.17822 -0.1587 0.14526 -0.5493 
0.260132 0.14526 -0.17822 -0.1587 0.14526 -0.5493 
0.260132 0.16479 -0.18433 0.2808 0.12817 -0.1587 
0.255615 0.16479 -0.18433 0.2808 0.12817 -0.1587 
0.255615 0.16479 -0.18433 0.2808 0.12817 -0.1587 
0.255615 0.16479 -0.18433 0.2808 0.12817 -0.1587 
0.255615 0.16479 -0.18433 0.2808 0.12817 -0.1587 
0.255615 0.16479 -0.18433 0.2808 0.12817 -0.1587 
0.255615 0.16479 -0.18433 0.2808 0.12817 -0.1587 
0.255615 0.16479 -0.18433 0.2808 0.12817 -0.1587 
0.255615 0.16479 -0.18433 0.2808 0.12817 -0.1587 
0.255615 0.16479 -0.18433 0.2808 0.12817 -0.1587 
0.255615 0.16479 -0.18433 0.4272 0.8301 0.4883 
0.253540 0.18188 -0.19287 0.4272 0.8301 0.4883 
0.253540 0.18188 -0.19287 0.4272 0.8301 0.4883 
0.253540 0.18188 -0.19287 0.4272 0.8301 0.4883 
0.253540 0.18188 -0.19287 0.4272 0.8301 0.4883 
0.253540 0.18188 -0.19287 0.4272 0.8301 0.4883 
0.253540 0.18188 -0.19287 0.4272 0.8301 0.4883 
0.253540 0.18188 -0.19287 0.4272 0.8301 0.4883 
0.253540 0.18188 -0.19287 0.4272 0.8301 0.4883 
0.253540 0.18188 -0.19287 0.4272 0.8301 0.4883 
0.253540 0.18188 -0.19287 0.4272 0.8301 0.11353 
0.254272 0.18433 -0.19409 0.2441 0.2563 0.11353 
0.254272 0.18433 -0.19409 0.2441 0.2563 0.11353 
0.254272 0.18433 -0.19409 0.2441 0.2563 0.11353 
0.254272 0.18433 -0.19409 0.2441 0.2563 0.11353 
0.254272 0.18433 -0.19409 0.2441 0.2563 0.11353 
0.254272 0.18433 -0.19409 0.2441 0.2563 0.11353 
0.254272 0.18433 -0.19409 0.2441 0.2563 0.11353 
0.254272 0.18433 -0.19409 0.2441 0.2563 0.11353 
0.254272 0.18433 -0.19409 0.2441 0.2563 0.11353 
0.254272 0.18433 -0.19409 0.2441 0.2563 0.11353 
0.254272 0.17944 -0.18311 -0.122 -0.2319 0.14648 
0.256592 0.17944 -0.18311 -0.122 -0.2319 0.14648 
0.256592 0.17944 -0.18311 -0.122 -0.2319 0.14648 
0.256592 0.17944 -0.18311 -0.122 -0.2319 0.14648 
0.256592 0.17944 -0.18311 -0.122 -0.2319 0.14648 
0.256592 0.17944 -0.18311 -0.122 -0.2319 0.14648 
0.256592 0.17944 -0.18311 -0.122 -0.2319 0.14648 
0.256592 0.17944 -0.18311 -0.122 -0.2319 0.14648 
0.256592 0.17944 -0.18311 -0.122 -0.2319 0.14648 
0.256592 0.17944 -0.18311 -0.122 -0.2319 0.14648 
0.256592 0.17944 -0.18311 -0.1953 -0.5371 0.14282 
0.258789 0.17456 -0.17578 -0.1953 -0.5371 0.14282 
0.258789 0.17456 -0.17578 -0.1953 -0.5371 0.14282 
0.258789 0.17456 -0.17578 -0.1953 -0.5371 0.14282 
0.258789 0.17456 -0.17578 -0.1953 -0.5371 0.14282 
0.258789 0.17456 -0.17578 -0.1953 -0.5371 0.14282 
0.258789 0.17456 -0.17578 -0.1953 -0.5371 0.14282 
0.258789 0.17456 -0.17578 -0.1953 -0.5371 0.14282 
0.258789 0.17456 -0.17578 -0.1953 -0.5371 0.14282 
0.258789 0.17456 -0.17578 -0.1953 -0.5371 0.14282 
0.258789 0.17456 -0.17578 -0.1953 -0.6104 0.11353 
0.259155 0.16357 -0.17456 -0.2930 -0.6104 0.11353 
0.259155 0.16357 -0.17456 -0.2930 -0.6104 0.11353 
0.259155 0.16357 -0.17456 -0.2930 -0.6104 0.11353 
0.259155 0.16357 -0.17456 -0.2930 -0.6104 0.11353 
0.259155 0.16357 -0.17456 -0.2930 -0.6104 0.11353 
0.259155 0.16357 -0.17456 -0.2930 -0.6104 0.11353 
0.259155 0.16357 -0.17456 -0.2930 -0.6104 0.11353 
0.259155 0.16357 -0.17456 -0.2930 -0.6104 0.11353 
0.259155 0.16357 -0.17456 -0.2930 -0.6104 0.11353 
0.259155 0.16357 -0.17456 -0.2930 -0.6104 0.11353 
0.258057 0.14893 -0.18677 -0.3540 -0.4517 0.8301 
0.258057 0.14893 -0.18677 -0.3540 -0.4517 0.8301 
0.258057 0.14893 -0.18677 -0.3540 -0.4517 0.8301 
0.258057 0.14893 -0.18677 -0.3540 -0.4517 0.8301 
0.258057 0.14893 -0.18677 -0.3540 -0.4517 0.8301 
0.258057 0.14893 -0.18677 -0.3540 -0.4517 0.8301 
0.258057 0.14893 -0.18677 -0.3540 -0.4517 0.8301 
0.258057 0.14893 -0.18677 -0.3540 -0.4517 0.8301 
0.258057 0.14893 -0.18677 -0.3540 -0.4517 0.8301 
0.258057 0.14893 -0.18677 -0.3540 -0.4517 0.8301 
0.258057 0.14893 -0.19775 -0.3418 -0.977 0.6470 
0.257080 0.13672 -0.19775 -0.3418 -0.977 0.6470 
0.257080 0.13672 -0.19775 -0.3418 -0.977 0.6470 
0.257080 0.13672 -0.19775 -0.3418 -0.977 0.6470 
0.257080 0.13672 -0.19775 -0.3418 -0.977 0.6470 
0.257080 0.13672 -0.19775 -0.3418 -0.977 0.6470 
0.257080 0.13672 -0.19775 -0.3418 -0.977 0.6470 
0.257080 0.13672 -0.19775 -0.3418 -0.977 0.6470 
0.257080 0.13672 -0.19775 -0.3418 -0.977 0.6470 
0.257080 0.13672 -0.19775 -0.3418 -0.977 0.6470 
0.257080 0.13672 -0.19775 -0.3418 0.3906 0.5127 
0.257080 0.12939 -0.19897 -0.2075 0.3906 0.5127 
0.257080 0.12939 -0.19897 -0.2075 0.3906 0.5127 
