0.252930 0.16968 -0.25513 -0.122 0.1343 -0.30029 
0.254395 0.16724 -0.25269 -0.3540 0.2075 0.1221 
0.254395 0.16724 -0.25269 -0.3540 0.2075 0.1221 
0.254395 0.16724 -0.25269 -0.3540 0.2075 0.1221 
0.254395 0.16724 -0.25269 -0.3540 0.2075 0.1221 
0.254395 0.16724 -0.25269 -0.3540 0.2075 0.1221 
0.254395 0.16724 -0.25269 -0.3540 0.2075 0.1221 
0.254395 0.16724 -0.25269 -0.3540 0.2075 0.1221 
0.254395 0.16724 -0.25269 -0.3540 0.2075 0.1221 
0.254395 0.16724 -0.25269 -0.3540 0.2075 0.1221 
0.254395 0.16724 -0.25269 -0.3540 0.2075 0.1221 
0.254395 0.17212 -0.25024 -0.6226 0.4272 0.1099 
0.254150 0.17212 -0.25024 -0.6226 0.4272 0.1099 
0.254150 0.17212 -0.25024 -0.6226 0.4272 0.1099 
0.254150 0.17212 -0.25024 -0.6226 0.4272 0.1099 
0.254150 0.17212 -0.25024 -0.6226 0.4272 0.1099 
0.254150 0.17212 -0.25024 -0.6226 0.4272 0.1099 
0.254150 0.17212 -0.25024 -0.6226 0.4272 0.1099 
0.254150 0.17212 -0.25024 -0.6226 0.4272 0.1099 
0.254150 0.17212 -0.25024 -0.6226 0.4272 0.1099 
0.254150 0.17212 -0.25024 -0.6226 0.4272 0.1099 
0.254150 0.17212 -0.25024 -0.7324 0.3296 0.488 
0.255859 0.17578 -0.24292 -0.7324 0.3296 0.488 
0.255859 0.17578 -0.24292 -0.7324 0.3296 0.488 
0.255859 0.17578 -0.24292 -0.7324 0.3296 0.488 
0.255859 0.17578 -0.24292 -0.7324 0.3296 0.488 
0.255859 0.17578 -0.24292 -0.7324 0.3296 0.488 
0.255859 0.17578 -0.24292 -0.7324 0.3296 0.488 
0.255859 0.17578 -0.24292 -0.7324 0.3296 0.488 
0.255859 0.17578 -0.24292 -0.7324 0.3296 0.488 
0.255859 0.17578 -0.24292 -0.7324 0.3296 0.488 
0.255859 0.17578 -0.24292 -0.7324 0.3296 -0.2808 
0.257080 0.17456 -0.23438 -0.6226 0.1343 -0.2808 
0.257080 0.17456 -0.23438 -0.6226 0.1343 -0.2808 
0.257080 0.17456 -0.23438 -0.6226 0.1343 -0.2808 
0.257080 0.17456 -0.23438 -0.6226 0.1343 -0.2808 
0.257080 0.17456 -0.23438 -0.6226 0.1343 -0.2808 
0.257080 0.17456 -0.23438 -0.6226 0.1343 -0.2808 
0.257080 0.17456 -0.23438 -0.6226 0.1343 -0.2808 
0.257080 0.17456 -0.23438 -0.6226 0.1343 -0.2808 
0.257080 0.17456 -0.23438 -0.6226 0.1343 -0.2808 
0.257080 0.17456 -0.23438 -0.6226 0.1343 -0.2808 
0.259644 0.18066 -0.20874 -0.3540 -0.122 -0.7080 
0.259644 0.18066 -0.20874 -0.3540 -0.122 -0.7080 
0.259644 0.18066 -0.20874 -0.3540 -0.122 -0.7080 
0.259644 0.18066 -0.20874 -0.3540 -0.122 -0.7080 
0.259644 0.18066 -0.20874 -0.3540 -0.122 -0.7080 
0.259644 0.18066 -0.20874 -0.3540 -0.122 -0.7080 
0.259644 0.18066 -0.20874 -0.3540 -0.122 -0.7080 
0.259644 0.18066 -0.20874 -0.3540 -0.122 -0.7080 
0.259644 0.18066 -0.20874 -0.3540 -0.122 -0.7080 
0.259644 0.18066 -0.20874 -0.3540 -0.122 -0.7080 
0.259644 0.18066 -0.19531 0.2686 -0.3052 -0.12573 
0.260864 0.19165 -0.19531 0.2686 -0.3052 -0.12573 
0.260864 0.19165 -0.19531 0.2686 -0.3052 -0.12573 
0.260864 0.19165 -0.19531 0.2686 -0.3052 -0.12573 
0.260864 0.19165 -0.19531 0.2686 -0.3052 -0.12573 
0.260864 0.19165 -0.19531 0.2686 -0.3052 -0.12573 
0.260864 0.19165 -0.19531 0.2686 -0.3052 -0.12573 
0.260864 0.19165 -0.19531 0.2686 -0.3052 -0.12573 
0.260864 0.19165 -0.19531 0.2686 -0.3052 -0.12573 
0.260864 0.19165 -0.19531 0.2686 -0.3052 -0.12573 
0.260864 0.19165 -0.19531 0.2686 -0.5493 -0.17212 
0.257446 0.20752 -0.22339 0.8545 -0.5493 -0.17212 
0.257446 0.20752 -0.22339 0.8545 -0.5493 -0.17212 
0.257446 0.20752 -0.22339 0.8545 -0.5493 -0.17212 
0.257446 0.20752 -0.22339 0.8545 -0.5493 -0.17212 
0.257446 0.20752 -0.22339 0.8545 -0.5493 -0.17212 
0.257446 0.20752 -0.22339 0.8545 -0.5493 -0.17212 
0.257446 0.20752 -0.22339 0.8545 -0.5493 -0.17212 
0.257446 0.20752 -0.22339 0.8545 -0.5493 -0.17212 
0.257446 0.20752 -0.22339 0.8545 -0.5493 -0.17212 
0.257446 0.20752 -0.22339 0.8545 -0.5493 -0.17212 
0.253784 0.22339 -0.24658 0.8789 -0.6104 -0.17944 
0.253784 0.22339 -0.24658 0.8789 -0.6104 -0.17944 
0.253784 0.22339 -0.24658 0.8789 -0.6104 -0.17944 
0.253784 0.22339 -0.24658 0.8789 -0.6104 -0.17944 
0.253784 0.22339 -0.24658 0.8789 -0.6104 -0.17944 
0.253784 0.22339 -0.24658 0.8789 -0.6104 -0.17944 
0.253784 0.22339 -0.24658 0.8789 -0.6104 -0.17944 
0.253784 0.22339 -0.24658 0.8789 -0.6104 -0.17944 
0.253784 0.22339 -0.24658 0.8789 -0.6104 -0.17944 
0.253784 0.22339 -0.24658 0.8789 -0.6104 -0.17944 
0.253784 0.22339 -0.26855 0.5493 -0.6104 -0.16235 
0.249878 0.24048 -0.26855 0.5493 -0.6104 -0.16235 
0.249878 0.24048 -0.26855 0.5493 -0.6104 -0.16235 
0.249878 0.24048 -0.26855 0.5493 -0.6104 -0.16235 
0.249878 0.24048 -0.26855 0.5493 -0.6104 -0.16235 
0.249878 0.24048 -0.26855 0.5493 -0.6104 -0.16235 
0.249878 0.24048 -0.26855 0.5493 -0.6104 -0.16235 
0.249878 0.24048 -0.26855 0.5493 -0.6104 -0.16235 
0.249878 0.24048 -0.26855 0.5493 -0.6104 -0.16235 
0.249878 0.24048 -0.26855 0.5493 -0.6104 -0.16235 
0.249878 0.24048 -0.26855 0.30884 -0.5005 -0.12573 
0.245483 0.25391 -0.30029 -0.366 -0.5005 -0.12573 
0.245483 0.25391 -0.30029 -0.366 -0.5005 -0.12573 
0.245483 0.25391 -0.30029 -0.366 -0.5005 -0.12573 
0.245483 0.25391 -0.30029 -0.366 -0.5005 -0.12573 
0.245483 0.25391 -0.30029 -0.366 -0.5005 -0.12573 
0.245483 0.25391 -0.30029 -0.366 -0.5005 -0.12573 
0.245483 0.25391 -0.30029 -0.366 -0.5005 -0.12573 
0.245483 0.25391 -0.30029 -0.366 -0.5005 -0.12573 
0.245483 0.25391 -0.30029 -0.366 -0.5005 -0.12573 
0.245483 0.25391 -0.30029 -0.366 -0.5005 -0.7324 
0.241821 0.25757 -0.33203 -0.8545 -0.2441 -0.7324 
0.241821 0.25757 -0.33203 -0.8545 -0.2441 -0.7324 
0.241821 0.25757 -0.33203 -0.8545 -0.2441 -0.7324 
0.241821 0.25757 -0.33203 -0.8545 -0.2441 -0.7324 
0.241821 0.25757 -0.33203 -0.8545 -0.2441 -0.7324 
0.241821 0.25757 -0.33203 -0.8545 -0.2441 -0.7324 
0.241821 0.25757 -0.33203 -0.8545 -0.2441 -0.7324 
0.241821 0.25757 -0.33203 -0.8545 -0.2441 -0.7324 
0.241821 0.25757 -0.33203 -0.8545 -0.2441 -0.7324 
0.241821 0.25757 -0.33203 -0.8545 -0.2441 -0.7324 
0.241821 0.26123 -0.36133 -0.17456 0.2075 -0.1831 
0.238770 0.26123 -0.36133 -0.17456 0.2075 -0.1831 
0.238770 0.26123 -0.36133 -0.17456 0.2075 -0.1831 
0.238770 0.26123 -0.36133 -0.17456 0.2075 -0.1831 
0.238770 0.26123 -0.36133 -0.17456 0.2075 -0.1831 
0.238770 0.26123 -0.36133 -0.17456 0.2075 -0.1831 
0.238770 0.26123 -0.36133 -0.17456 0.2075 -0.1831 
0.238770 0.26123 -0.36133 -0.17456 0.2075 -0.1831 
0.238770 0.26123 -0.36133 -0.17456 0.2075 -0.1831 
0.238770 0.26123 -0.36133 -0.17456 0.2075 -0.1831 
0.238770 0.26123 -0.36133 -0.23804 0.6958 0.2563 
0.237549 0.25635 -0.37354 -0.23804 0.6958 0.2563 
0.237549 0.25635 -0.37354 -0.23804 0.6958 0.2563 
0.237549 0.25635 -0.37354 -0.23804 0.6958 0.2563 
0.237549 0.25635 -0.37354 -0.23804 0.6958 0.2563 
0.237549 0.25635 -0.37354 -0.23804 0.6958 0.2563 
0.237549 0.25635 -0.37354 -0.23804 0.6958 0.2563 
0.237549 0.25635 -0.37354 -0.23804 0.6958 0.2563 
0.237549 0.25635 -0.37354 -0.23804 0.6958 0.2563 
0.237549 0.25635 -0.37354 -0.23804 0.6958 0.2563 
0.237549 0.25635 -0.37354 -0.23804 0.10986 0.5493 
0.239990 0.24902 -0.36743 -0.24170 0.10986 0.5493 
0.239990 0.24902 -0.36743 -0.24170 0.10986 0.5493 
0.239990 0.24902 -0.36743 -0.24170 0.10986 0.5493 
0.239990 0.24902 -0.36743 -0.24170 0.10986 0.5493 
0.239990 0.24902 -0.36743 -0.24170 0.10986 0.5493 
0.239990 0.24902 -0.36743 -0.24170 0.10986 0.5493 
0.239990 0.24902 -0.36743 -0.24170 0.10986 0.5493 
0.239990 0.24902 -0.36743 -0.24170 0.10986 0.5493 
0.239990 0.24902 -0.36743 -0.24170 0.10986 0.5493 
0.239990 0.24902 -0.36743 -0.24170 0.10986 0.5493 
0.244507 0.24536 -0.34668 -0.18433 0.13672 0.6226 
0.244507 0.24536 -0.34668 -0.18433 0.13672 0.6226 
0.244507 0.24536 -0.34668 -0.18433 0.13672 0.6226 
0.244507 0.24536 -0.34668 -0.18433 0.13672 0.6226 
0.244507 0.24536 -0.34668 -0.18433 0.13672 0.6226 
