0.246948 0.24170 -0.32715 -0.17700 -0.11719 0.8789 
0.246948 0.24170 -0.32715 -0.17700 -0.11719 0.8789 
0.246948 0.24170 -0.32715 -0.17700 -0.11719 0.8789 
0.246948 0.24170 -0.32715 -0.17700 -0.11719 0.8789 
0.246948 0.24170 -0.32715 -0.17700 -0.11719 0.8789 
0.245239 0.25269 -0.34546 -0.11963 -0.10254 0.5127 
0.245239 0.25269 -0.34546 -0.11963 -0.10254 0.5127 
0.245239 0.25269 -0.34546 -0.11963 -0.10254 0.5127 
0.245239 0.25269 -0.34546 -0.11963 -0.10254 0.5127 
0.245239 0.25269 -0.34546 -0.11963 -0.10254 0.5127 
0.245239 0.25269 -0.34546 -0.11963 -0.10254 0.5127 
0.245239 0.25269 -0.34546 -0.11963 -0.10254 0.5127 
0.245239 0.25269 -0.34546 -0.11963 -0.10254 0.5127 
0.245239 0.25269 -0.34546 -0.11963 -0.10254 0.5127 
0.245239 0.25269 -0.34546 -0.11963 -0.10254 0.5127 
0.245239 0.27100 -0.36011 -0.9277 -0.6836 0.2197 
0.244629 0.27100 -0.36011 -0.9277 -0.6836 0.2197 
0.244629 0.27100 -0.36011 -0.9277 -0.6836 0.2197 
0.244629 0.27100 -0.36011 -0.9277 -0.6836 0.2197 
0.244629 0.27100 -0.36011 -0.9277 -0.6836 0.2197 
0.244629 0.27100 -0.36011 -0.9277 -0.6836 0.2197 
0.244629 0.27100 -0.36011 -0.9277 -0.6836 0.2197 
0.244629 0.27100 -0.36011 -0.9277 -0.6836 0.2197 
0.244629 0.27100 -0.36011 -0.9277 -0.6836 0.2197 
0.244629 0.27100 -0.36011 -0.9277 -0.6836 0.2197 
0.244629 0.27100 -0.36011 -0.9766 -0.3784 0.122 
0.244751 0.27588 -0.36011 -0.9766 -0.3784 0.122 
0.244751 0.27588 -0.36011 -0.9766 -0.3784 0.122 
0.244751 0.27588 -0.36011 -0.9766 -0.3784 0.122 
0.244751 0.27588 -0.36011 -0.9766 -0.3784 0.122 
0.244751 0.27588 -0.36011 -0.9766 -0.3784 0.122 
0.244751 0.27588 -0.36011 -0.9766 -0.3784 0.122 
0.244751 0.27588 -0.36011 -0.9766 -0.3784 0.122 
0.244751 0.27588 -0.36011 -0.9766 -0.3784 0.122 
0.244751 0.27588 -0.36011 -0.9766 -0.3784 0.122 
0.244751 0.27588 -0.36011 -0.9766 -0.3784 0.28687 
0.246826 0.27466 -0.34546 -0.11475 -0.732 -0.2563 
0.246826 0.27466 -0.34546 -0.11475 -0.732 -0.2563 
0.246826 0.27466 -0.34546 -0.11475 -0.732 -0.2563 
0.246826 0.27466 -0.34546 -0.11475 -0.732 -0.2563 
0.246826 0.27466 -0.34546 -0.11475 -0.732 -0.2563 
0.246826 0.27466 -0.34546 -0.11475 -0.732 -0.2563 
0.246826 0.27466 -0.34546 -0.11475 -0.732 -0.2563 
0.246826 0.27466 -0.34546 -0.11475 -0.732 -0.2563 
0.246826 0.27466 -0.34546 -0.11475 -0.732 -0.2563 
0.246826 0.27466 -0.34546 -0.11475 -0.732 -0.2563 
0.246826 0.26733 -0.31860 -0.12451 0.1709 -0.5859 
0.250732 0.26733 -0.31860 -0.12451 0.1709 -0.5859 
0.250732 0.26733 -0.31860 -0.12451 0.1709 -0.5859 
0.250732 0.26733 -0.31860 -0.12451 0.1709 -0.5859 
0.250732 0.26733 -0.31860 -0.12451 0.1709 -0.5859 
0.250732 0.26733 -0.31860 -0.12451 0.1709 -0.5859 
0.250732 0.26733 -0.31860 -0.12451 0.1709 -0.5859 
0.250732 0.26733 -0.31860 -0.12451 0.1709 -0.5859 
0.250732 0.26733 -0.31860 -0.12451 0.1709 -0.5859 
0.250732 0.26733 -0.31860 -0.12451 0.1709 -0.5859 
0.250732 0.26733 -0.31860 -0.11719 0.4028 -0.8789 
0.254639 0.26001 -0.29175 -0.11719 0.4028 -0.8789 
0.254639 0.26001 -0.29175 -0.11719 0.4028 -0.8789 
0.254639 0.26001 -0.29175 -0.11719 0.4028 -0.8789 
0.254639 0.26001 -0.29175 -0.11719 0.4028 -0.8789 
0.254639 0.26001 -0.29175 -0.11719 0.4028 -0.8789 
0.254639 0.26001 -0.29175 -0.11719 0.4028 -0.8789 
0.254639 0.26001 -0.29175 -0.11719 0.4028 -0.8789 
0.254639 0.26001 -0.29175 -0.11719 0.4028 -0.8789 
0.254639 0.26001 -0.29175 -0.11719 0.4028 -0.8789 
0.254639 0.26001 -0.29175 -0.11719 0.5859 -0.10864 
0.257080 0.25391 -0.27588 -0.9155 0.5859 -0.10864 
0.257080 0.25391 -0.27588 -0.9155 0.5859 -0.10864 
0.257080 0.25391 -0.27588 -0.9155 0.5859 -0.10864 
0.257080 0.25391 -0.27588 -0.9155 0.5859 -0.10864 
0.257080 0.25391 -0.27588 -0.9155 0.5859 -0.10864 
0.257080 0.25391 -0.27588 -0.9155 0.5859 -0.10864 
0.257080 0.25391 -0.27588 -0.9155 0.5859 -0.10864 
0.257080 0.25391 -0.27588 -0.9155 0.5859 -0.10864 
0.257080 0.25391 -0.27588 -0.9155 0.5859 -0.10864 
0.257080 0.25391 -0.27588 -0.9155 0.5859 -0.10864 
0.256958 0.25146 -0.26855 -0.6592 0.7568 -0.11230 
0.256958 0.25146 -0.26855 -0.6592 0.7568 -0.11230 
0.256958 0.25146 -0.26855 -0.6592 0.7568 -0.11230 
0.256958 0.25146 -0.26855 -0.6592 0.7568 -0.11230 
0.256958 0.25146 -0.26855 -0.6592 0.7568 -0.11230 
0.256958 0.25146 -0.26855 -0.6592 0.7568 -0.11230 
0.256958 0.25146 -0.26855 -0.6592 0.7568 -0.11230 
0.256958 0.25146 -0.26855 -0.6592 0.7568 -0.11230 
0.256958 0.25146 -0.26855 -0.6592 0.7568 -0.11230 
0.256958 0.25146 -0.26855 -0.6592 0.7568 -0.11230 
0.256958 0.25146 -0.26978 -0.5005 0.9644 -0.9766 
0.255127 0.25391 -0.26978 -0.5005 0.9644 -0.9766 
0.255127 0.25391 -0.26978 -0.5005 0.9644 -0.9766 
0.255127 0.25391 -0.26978 -0.5005 0.9644 -0.9766 
0.255127 0.25391 -0.26978 -0.5005 0.9644 -0.9766 
0.255127 0.25391 -0.26978 -0.5005 0.9644 -0.9766 
0.255127 0.25391 -0.26978 -0.5005 0.9644 -0.9766 
0.255127 0.25391 -0.26978 -0.5005 0.9644 -0.9766 
0.255127 0.25391 -0.26978 -0.5005 0.9644 -0.9766 
0.255127 0.25391 -0.26978 -0.5005 0.9644 -0.9766 
0.255127 0.25391 -0.26978 -0.5005 0.12207 -0.6958 
0.252441 0.25391 -0.26611 -0.4883 0.12207 -0.6958 
0.252441 0.25391 -0.26611 -0.4883 0.12207 -0.6958 
0.252441 0.25391 -0.26611 -0.4883 0.12207 -0.6958 
0.252441 0.25391 -0.26611 -0.4883 0.12207 -0.6958 
0.252441 0.25391 -0.26611 -0.4883 0.12207 -0.6958 
0.252441 0.25391 -0.26611 -0.4883 0.12207 -0.6958 
0.252441 0.25391 -0.26611 -0.4883 0.12207 -0.6958 
0.252441 0.25391 -0.26611 -0.4883 0.12207 -0.6958 
0.252441 0.25391 -0.26611 -0.4883 0.12207 -0.6958 
0.252441 0.25391 -0.26611 -0.4883 0.12207 -0.6958 
0.251831 0.26611 -0.25269 -0.5737 0.14404 -0.4150 
0.251831 0.26611 -0.25269 -0.5737 0.14404 -0.4150 
0.251831 0.26611 -0.25269 -0.5737 0.14404 -0.4150 
0.251831 0.26611 -0.25269 -0.5737 0.14404 -0.4150 
0.251831 0.26611 -0.25269 -0.5737 0.14404 -0.4150 
0.251831 0.26611 -0.25269 -0.5737 0.14404 -0.4150 
0.251831 0.26611 -0.25269 -0.5737 0.14404 -0.4150 
0.251831 0.26611 -0.25269 -0.5737 0.14404 -0.4150 
0.251831 0.26611 -0.25269 -0.5737 0.14404 -0.4150 
0.251831 0.26611 -0.25269 -0.5737 0.14404 -0.4150 
0.251831 0.26733 -0.23560 -0.5737 0.15015 -0.2686 
0.253174 0.26733 -0.23560 -0.5737 0.15015 -0.2686 
0.253174 0.26733 -0.23560 -0.5737 0.15015 -0.2686 
0.253174 0.26733 -0.23560 -0.5737 0.15015 -0.2686 
0.253174 0.26733 -0.23560 -0.5737 0.15015 -0.2686 
0.253174 0.26733 -0.23560 -0.5737 0.15015 -0.2686 
0.253174 0.26733 -0.23560 -0.5737 0.15015 -0.2686 
0.253174 0.26733 -0.23560 -0.5737 0.15015 -0.2686 
0.253174 0.26733 -0.23560 -0.5737 0.15015 -0.2686 
0.253174 0.26733 -0.23560 -0.5737 0.15015 -0.2686 
0.253174 0.26733 -0.23560 -0.3662 0.14282 -0.3662 
0.253418 0.26489 -0.22461 -0.3662 0.14282 -0.3662 
0.253418 0.26489 -0.22461 -0.3662 0.14282 -0.3662 
0.253418 0.26489 -0.22461 -0.3662 0.14282 -0.3662 
0.253418 0.26489 -0.22461 -0.3662 0.14282 -0.3662 
0.253418 0.26489 -0.22461 -0.3662 0.14282 -0.3662 
0.253418 0.26489 -0.22461 -0.3662 0.14282 -0.3662 
0.253418 0.26489 -0.22461 -0.3662 0.14282 -0.3662 
0.253418 0.26489 -0.22461 -0.3662 0.14282 -0.3662 
0.253418 0.26489 -0.22461 -0.3662 0.14282 -0.3662 
0.253418 0.26489 -0.22461 -0.3662 0.14282 -0.5493 
0.253296 0.26367 -0.22705 0.732 0.11963 -0.5493 
0.253296 0.26367 -0.22705 0.732 0.11963 -0.5493 
0.253296 0.26367 -0.22705 0.732 0.11963 -0.5493 
0.253296 0.26367 -0.22705 0.732 0.11963 -0.5493 
0.253296 0.26367 -0.22705 0.732 0.11963 -0.5493 
0.253296 0.26367 -0.22705 0.732 0.11963 -0.5493 
0.253296 0.26367 -0.22705 0.732 0.11963 -0.5493 
0.253296 0.26367 -0.22705 0.732 0.11963 -0.5493 
0.253296 0.26367 -0.22705 0.732 0.11963 -0.5493 
0.253296 0.26367 -0.22705 0.732 0.11963 -0.5493 
0.253296 0.24536 -0.23926 0.5371 0.7813 -0.7568 
