0.256226 0.19531 -0.25879 -0.4395 0.5615 -0.5493 
0.256226 0.19531 -0.25879 -0.4395 0.5615 -0.5493 
0.256226 0.19531 -0.25879 -0.4395 0.5615 -0.5493 
0.256226 0.19531 -0.25879 -0.4395 0.5615 -0.5493 
0.253540 0.19897 -0.26367 -0.4639 0.7690 -0.10986 
0.253540 0.19897 -0.26367 -0.4639 0.7690 -0.10986 
0.253540 0.19897 -0.26367 -0.4639 0.7690 -0.10986 
0.253540 0.19897 -0.26367 -0.4639 0.7690 -0.10986 
0.253540 0.19897 -0.26367 -0.4639 0.7690 -0.10986 
0.253540 0.19897 -0.26367 -0.4639 0.7690 -0.10986 
0.253540 0.19897 -0.26367 -0.4639 0.7690 -0.10986 
0.253540 0.19897 -0.26367 -0.4639 0.7690 -0.10986 
0.253540 0.19897 -0.26367 -0.4639 0.7690 -0.10986 
0.253540 0.19897 -0.26367 -0.4639 0.7690 -0.10986 
0.253540 0.19897 -0.25879 -0.5005 0.9766 -0.13184 
0.251343 0.21606 -0.25879 -0.5005 0.9766 -0.13184 
0.251343 0.21606 -0.25879 -0.5005 0.9766 -0.13184 
0.251343 0.21606 -0.25879 -0.5005 0.9766 -0.13184 
0.251343 0.21606 -0.25879 -0.5005 0.9766 -0.13184 
0.251343 0.21606 -0.25879 -0.5005 0.9766 -0.13184 
0.251343 0.21606 -0.25879 -0.5005 0.9766 -0.13184 
0.251343 0.21606 -0.25879 -0.5005 0.9766 -0.13184 
0.251343 0.21606 -0.25879 -0.5005 0.9766 -0.13184 
0.251343 0.21606 -0.25879 -0.5005 0.9766 -0.13184 
0.251343 0.21606 -0.25879 -0.5005 0.8545 -0.9766 
0.249756 0.22827 -0.25635 -0.5249 0.8545 -0.9766 
0.249756 0.22827 -0.25635 -0.5249 0.8545 -0.9766 
0.249756 0.22827 -0.25635 -0.5249 0.8545 -0.9766 
0.249756 0.22827 -0.25635 -0.5249 0.8545 -0.9766 
0.249756 0.22827 -0.25635 -0.5249 0.8545 -0.9766 
0.249756 0.22827 -0.25635 -0.5249 0.8545 -0.9766 
0.249756 0.22827 -0.25635 -0.5249 0.8545 -0.9766 
0.249756 0.22827 -0.25635 -0.5249 0.8545 -0.9766 
0.249756 0.22827 -0.25635 -0.5249 0.8545 -0.9766 
0.249756 0.22827 -0.25635 -0.5249 0.8545 -0.9766 
0.250855 0.22949 -0.26489 -0.4272 0.5737 -0.2319 
0.250855 0.22949 -0.26489 -0.4272 0.5737 -0.2319 
0.250855 0.22949 -0.26489 -0.4272 0.5737 -0.2319 
0.250855 0.22949 -0.26489 -0.4272 0.5737 -0.2319 
0.250855 0.22949 -0.26489 -0.4272 0.5737 -0.2319 
0.250855 0.22949 -0.26489 -0.4272 0.5737 -0.2319 
0.250855 0.22949 -0.26489 -0.4272 0.5737 -0.2319 
0.250855 0.22949 -0.26489 -0.4272 0.5737 -0.2319 
0.250855 0.22949 -0.26489 -0.4272 0.5737 -0.2319 
0.250855 0.22949 -0.26489 -0.4272 0.5737 -0.2319 
0.250855 0.22949 -0.28809 -0.3418 0.2930 0.5249 
0.254395 0.21606 -0.28809 -0.3418 0.2930 0.5249 
0.254395 0.21606 -0.28809 -0.3418 0.2930 0.5249 
0.254395 0.21606 -0.28809 -0.3418 0.2930 0.5249 
0.254395 0.21606 -0.28809 -0.3418 0.2930 0.5249 
0.254395 0.21606 -0.28809 -0.3418 0.2930 0.5249 
0.254395 0.21606 -0.28809 -0.3418 0.2930 0.5249 
0.254395 0.21606 -0.28809 -0.3418 0.2930 0.5249 
0.254395 0.21606 -0.28809 -0.3418 0.2930 0.5249 
0.254395 0.21606 -0.28809 -0.3418 0.2930 0.5249 
0.254395 0.21606 -0.28809 -0.3906 0.1343 0.10132 
0.259888 0.19653 -0.30029 -0.3906 0.1343 0.10132 
0.259888 0.19653 -0.30029 -0.3906 0.1343 0.10132 
0.259888 0.19653 -0.30029 -0.3906 0.1343 0.10132 
0.259888 0.19653 -0.30029 -0.3906 0.1343 0.10132 
0.259888 0.19653 -0.30029 -0.3906 0.1343 0.10132 
0.259888 0.19653 -0.30029 -0.3906 0.1343 0.10132 
0.259888 0.19653 -0.30029 -0.3906 0.1343 0.10132 
0.259888 0.19653 -0.30029 -0.3906 0.1343 0.10132 
0.259888 0.19653 -0.30029 -0.3906 0.1343 0.10132 
0.259888 0.19653 -0.30029 -0.3906 0.1343 0.10498 
0.264893 0.17822 -0.29907 -0.4761 0.1709 0.10498 
0.264893 0.17822 -0.29907 -0.4761 0.1709 0.10498 
0.264893 0.17822 -0.29907 -0.4761 0.1709 0.10498 
0.264893 0.17822 -0.29907 -0.4761 0.1709 0.10498 
0.264893 0.17822 -0.29907 -0.4761 0.1709 0.10498 
0.264893 0.17822 -0.29907 -0.4761 0.1709 0.10498 
0.264893 0.17822 -0.29907 -0.4761 0.1709 0.10498 
0.264893 0.17822 -0.29907 -0.4761 0.1709 0.10498 
0.264893 0.17822 -0.29907 -0.4761 0.1709 0.10498 
0.264893 0.17822 -0.29907 -0.4761 0.1709 0.10498 
0.264893 0.16846 -0.29419 -0.3052 0.3662 0.5981 
0.267212 0.16846 -0.29419 -0.3052 0.3662 0.5981 
0.267212 0.16846 -0.29419 -0.3052 0.3662 0.5981 
0.267212 0.16846 -0.29419 -0.3052 0.3662 0.5981 
0.267212 0.16846 -0.29419 -0.3052 0.3662 0.5981 
0.267212 0.16846 -0.29419 -0.3052 0.3662 0.5981 
0.267212 0.16846 -0.29419 -0.3052 0.3662 0.5981 
0.267212 0.16846 -0.29419 -0.3052 0.3662 0.5981 
0.267212 0.16846 -0.29419 -0.3052 0.3662 0.5981 
0.267212 0.16846 -0.29419 -0.3052 0.3662 0.5981 
0.267212 0.16846 -0.29419 -0.122 0.5859 -0.1709 
0.266235 0.16357 -0.29297 -0.122 0.5859 -0.1709 
0.266235 0.16357 -0.29297 -0.122 0.5859 -0.1709 
0.266235 0.16357 -0.29297 -0.122 0.5859 -0.1709 
0.266235 0.16357 -0.29297 -0.122 0.5859 -0.1709 
0.266235 0.16357 -0.29297 -0.122 0.5859 -0.1709 
0.266235 0.16357 -0.29297 -0.122 0.5859 -0.1709 
0.266235 0.16357 -0.29297 -0.122 0.5859 -0.1709 
0.266235 0.16357 -0.29297 -0.122 0.5859 -0.1709 
0.266235 0.16357 -0.29297 -0.122 0.5859 -0.1709 
0.266235 0.16357 -0.29297 -0.122 0.5859 -0.9644 
0.262573 0.16724 -0.30151 0.854 0.7446 -0.9644 
0.262573 0.16724 -0.30151 0.854 0.7446 -0.9644 
0.262573 0.16724 -0.30151 0.854 0.7446 -0.9644 
0.262573 0.16724 -0.30151 0.854 0.7446 -0.9644 
0.262573 0.16724 -0.30151 0.854 0.7446 -0.9644 
0.262573 0.16724 -0.30151 0.854 0.7446 -0.9644 
0.262573 0.16724 -0.30151 0.854 0.7446 -0.9644 
0.262573 0.16724 -0.30151 0.854 0.7446 -0.9644 
0.262573 0.16724 -0.30151 0.854 0.7446 -0.9644 
0.262573 0.16724 -0.30151 0.854 0.7446 -0.9644 
0.257690 0.16968 -0.31616 -0.2441 0.9033 -0.14893 
0.257690 0.16968 -0.31616 -0.2441 0.9033 -0.14893 
0.257690 0.16968 -0.31616 -0.2441 0.9033 -0.14893 
0.257690 0.16968 -0.31616 -0.2441 0.9033 -0.14893 
0.257690 0.16968 -0.31616 -0.2441 0.9033 -0.14893 
0.257690 0.16968 -0.31616 -0.2441 0.9033 -0.14893 
0.257690 0.16968 -0.31616 -0.2441 0.9033 -0.14893 
0.257690 0.16968 -0.31616 -0.2441 0.9033 -0.14893 
0.257690 0.16968 -0.31616 -0.2441 0.9033 -0.14893 
0.257690 0.16968 -0.31616 -0.2441 0.9033 -0.14893 
0.257690 0.16968 -0.34790 -0.8423 0.11597 -0.16235 
0.250488 0.16968 -0.34790 -0.8423 0.11597 -0.16235 
0.250488 0.16968 -0.34790 -0.8423 0.11597 -0.16235 
0.250488 0.16968 -0.34790 -0.8423 0.11597 -0.16235 
0.250488 0.16968 -0.34790 -0.8423 0.11597 -0.16235 
0.250488 0.16968 -0.34790 -0.8423 0.11597 -0.16235 
0.250488 0.16968 -0.34790 -0.8423 0.11597 -0.16235 
0.250488 0.16968 -0.34790 -0.8423 0.11597 -0.16235 
0.250488 0.16968 -0.34790 -0.8423 0.11597 -0.16235 
0.250488 0.16968 -0.34790 -0.8423 0.11597 -0.16235 
0.250488 0.16968 -0.34790 -0.8423 0.15503 -0.13428 
0.244019 0.16479 -0.37598 -0.16357 0.15503 -0.13428 
0.244019 0.16479 -0.37598 -0.16357 0.15503 -0.13428 
0.244019 0.16479 -0.37598 -0.16357 0.15503 -0.13428 
0.244019 0.16479 -0.37598 -0.16357 0.15503 -0.13428 
0.244019 0.16479 -0.37598 -0.16357 0.15503 -0.13428 
0.244019 0.16479 -0.37598 -0.16357 0.15503 -0.13428 
0.244019 0.16479 -0.37598 -0.16357 0.15503 -0.13428 
0.244019 0.16479 -0.37598 -0.16357 0.15503 -0.13428 
0.244019 0.16479 -0.37598 -0.16357 0.15503 -0.13428 
0.244019 0.16479 -0.37598 -0.16357 0.15503 -0.13428 
0.242676 0.17212 -0.38940 -0.23438 0.20386 -0.7813 
0.242676 0.17212 -0.38940 -0.23438 0.20386 -0.7813 
0.242676 0.17212 -0.38940 -0.23438 0.20386 -0.7813 
0.242676 0.17212 -0.38940 -0.23438 0.20386 -0.7813 
0.242676 0.17212 -0.38940 -0.23438 0.20386 -0.7813 
0.242676 0.17212 -0.38940 -0.23438 0.20386 -0.7813 
0.242676 0.17212 -0.38940 -0.23438 0.20386 -0.7813 
0.242676 0.17212 -0.38940 -0.23438 0.20386 -0.7813 
0.242676 0.17212 -0.38940 -0.23438 0.20386 -0.7813 
0.242676 0.17212 -0.38940 -0.23438 0.20386 -0.7813 
0.242676 0.17212 -0.38818 -0.26001 0.23926 -0.2319 
0.246094 0.17822 -0.38818 -0.26001 0.23926 -0.2319 
