0.256958 0.13794 -0.20386 -0.46021 -0.10620 -0.20508 
0.256958 0.13794 -0.23926 -0.36743 -0.14648 -0.17456 
0.251831 0.12573 -0.23926 -0.36743 -0.14648 -0.17456 
0.251831 0.12573 -0.23926 -0.36743 -0.14648 -0.17456 
0.251831 0.12573 -0.23926 -0.36743 -0.14648 -0.17456 
0.251831 0.12573 -0.23926 -0.36743 -0.14648 -0.17456 
0.251831 0.12573 -0.23926 -0.36743 -0.14648 -0.17456 
0.251831 0.12573 -0.23926 -0.36743 -0.14648 -0.17456 
0.251831 0.12573 -0.23926 -0.36743 -0.14648 -0.17456 
0.251831 0.12573 -0.23926 -0.36743 -0.14648 -0.17456 
0.251831 0.12573 -0.23926 -0.36743 -0.14648 -0.17456 
0.251831 0.12573 -0.23926 -0.58960 -0.15625 -0.9399 
0.244873 0.12207 -0.30151 -0.27710 -0.15625 -0.9399 
0.244873 0.12207 -0.30151 -0.27710 -0.15625 -0.9399 
0.244873 0.12207 -0.30151 -0.27710 -0.15625 -0.9399 
0.244873 0.12207 -0.30151 -0.27710 -0.15625 -0.9399 
0.244873 0.12207 -0.30151 -0.27710 -0.15625 -0.9399 
0.244873 0.12207 -0.30151 -0.27710 -0.15625 -0.9399 
0.244873 0.12207 -0.30151 -0.27710 -0.15625 -0.9399 
0.244873 0.12207 -0.30151 -0.27710 -0.15625 -0.9399 
0.244873 0.12207 -0.30151 -0.27710 -0.15625 -0.9399 
0.244873 0.12207 -0.30151 -0.27710 -0.15625 -0.122 
0.246338 0.14526 -0.29297 -0.21729 -0.13306 -0.122 
0.246338 0.14526 -0.29297 -0.21729 -0.13306 -0.122 
0.246338 0.14526 -0.29297 -0.21729 -0.13306 -0.122 
0.246338 0.14526 -0.29297 -0.21729 -0.13306 -0.122 
0.246338 0.14526 -0.29297 -0.21729 -0.13306 -0.122 
0.246338 0.14526 -0.29297 -0.21729 -0.13306 -0.122 
0.246338 0.14526 -0.29297 -0.21729 -0.13306 -0.122 
0.246338 0.14526 -0.29297 -0.21729 -0.13306 -0.122 
0.246338 0.14526 -0.29297 -0.21729 -0.13306 -0.122 
0.246338 0.14526 -0.29297 -0.21729 -0.13306 -0.122 
0.246338 0.16113 -0.25513 -0.17090 -0.9155 0.4761 
0.251587 0.16113 -0.25513 -0.17090 -0.9155 0.4761 
0.251587 0.16113 -0.25513 -0.17090 -0.9155 0.4761 
0.251587 0.16113 -0.25513 -0.17090 -0.9155 0.4761 
0.251587 0.16113 -0.25513 -0.17090 -0.9155 0.4761 
0.251587 0.16113 -0.25513 -0.17090 -0.9155 0.4761 
0.251587 0.16113 -0.25513 -0.17090 -0.9155 0.4761 
0.251587 0.16113 -0.25513 -0.17090 -0.9155 0.4761 
0.251587 0.16113 -0.25513 -0.17090 -0.9155 0.4761 
0.251587 0.16113 -0.25513 -0.17090 -0.9155 0.4761 
0.251587 0.16113 -0.25513 -0.11475 -0.3540 0.3052 
0.256226 0.18188 -0.21606 -0.11475 -0.3540 0.3052 
0.256226 0.18188 -0.21606 -0.11475 -0.3540 0.3052 
0.256226 0.18188 -0.21606 -0.11475 -0.3540 0.3052 
0.256226 0.18188 -0.21606 -0.11475 -0.3540 0.3052 
0.256226 0.18188 -0.21606 -0.11475 -0.3540 0.3052 
0.256226 0.18188 -0.21606 -0.11475 -0.3540 0.3052 
0.256226 0.18188 -0.21606 -0.11475 -0.3540 0.3052 
0.256226 0.18188 -0.21606 -0.11475 -0.3540 0.3052 
0.256226 0.18188 -0.21606 -0.11475 -0.3540 0.3052 
0.256226 0.18188 -0.21606 -0.11475 -0.3540 -0.3052 
0.258179 0.20020 -0.19043 -0.6226 0.2441 -0.3052 
0.258179 0.20020 -0.19043 -0.6226 0.2441 -0.3052 
0.258179 0.20020 -0.19043 -0.6226 0.2441 -0.3052 
0.258179 0.20020 -0.19043 -0.6226 0.2441 -0.3052 
0.258179 0.20020 -0.19043 -0.6226 0.2441 -0.3052 
0.258179 0.20020 -0.19043 -0.6226 0.2441 -0.3052 
0.258179 0.20020 -0.19043 -0.6226 0.2441 -0.3052 
0.258179 0.20020 -0.19043 -0.6226 0.2441 -0.3052 
0.258179 0.20020 -0.19043 -0.6226 0.2441 -0.3052 
0.258179 0.20020 -0.19043 -0.6226 0.2441 -0.3052 
0.258301 0.20996 -0.18188 -0.3174 0.8179 -0.11841 
0.258301 0.20996 -0.18188 -0.3174 0.8179 -0.11841 
0.258301 0.20996 -0.18188 -0.3174 0.8179 -0.11841 
0.258301 0.20996 -0.18188 -0.3174 0.8179 -0.11841 
0.258301 0.20996 -0.18188 -0.3174 0.8179 -0.11841 
0.258301 0.20996 -0.18188 -0.3174 0.8179 -0.11841 
0.258301 0.20996 -0.18188 -0.3174 0.8179 -0.11841 
0.258301 0.20996 -0.18188 -0.3174 0.8179 -0.11841 
0.258301 0.20996 -0.18188 -0.3174 0.8179 -0.11841 
0.258301 0.20996 -0.18188 -0.3174 0.8179 -0.11841 
0.258301 0.20996 -0.19043 -0.3052 0.14038 -0.19287 
0.255493 0.21851 -0.19043 -0.3052 0.14038 -0.19287 
0.255493 0.21851 -0.19043 -0.3052 0.14038 -0.19287 
0.255493 0.21851 -0.19043 -0.3052 0.14038 -0.19287 
0.255493 0.21851 -0.19043 -0.3052 0.14038 -0.19287 
0.255493 0.21851 -0.19043 -0.3052 0.14038 -0.19287 
0.255493 0.21851 -0.19043 -0.3052 0.14038 -0.19287 
0.255493 0.21851 -0.19043 -0.3052 0.14038 -0.19287 
0.255493 0.21851 -0.19043 -0.3052 0.14038 -0.19287 
0.255493 0.21851 -0.19043 -0.3052 0.14038 -0.19287 
0.255493 0.21851 -0.19043 -0.3052 0.19287 -0.22705 
0.251709 0.24170 -0.20142 -0.6592 0.19287 -0.22705 
0.251709 0.24170 -0.20142 -0.6592 0.19287 -0.22705 
0.251709 0.24170 -0.20142 -0.6592 0.19287 -0.22705 
0.251709 0.24170 -0.20142 -0.6592 0.19287 -0.22705 
0.251709 0.24170 -0.20142 -0.6592 0.19287 -0.22705 
0.251709 0.24170 -0.20142 -0.6592 0.19287 -0.22705 
0.251709 0.24170 -0.20142 -0.6592 0.19287 -0.22705 
0.251709 0.24170 -0.20142 -0.6592 0.19287 -0.22705 
0.251709 0.24170 -0.20142 -0.6592 0.19287 -0.22705 
0.251709 0.24170 -0.20142 -0.6592 0.19287 -0.22705 
0.247803 0.25513 -0.21362 -0.15137 0.23804 -0.21973 
0.247803 0.25513 -0.21362 -0.15137 0.23804 -0.21973 
0.247803 0.25513 -0.21362 -0.15137 0.23804 -0.21973 
0.247803 0.25513 -0.21362 -0.15137 0.23804 -0.21973 
0.247803 0.25513 -0.21362 -0.15137 0.23804 -0.21973 
0.247803 0.25513 -0.21362 -0.15137 0.23804 -0.21973 
0.247803 0.25513 -0.21362 -0.15137 0.23804 -0.21973 
0.247803 0.25513 -0.21362 -0.15137 0.23804 -0.21973 
0.247803 0.25513 -0.21362 -0.15137 0.23804 -0.21973 
0.247803 0.25513 -0.21362 -0.15137 0.23804 -0.21973 
0.247803 0.25513 -0.21118 -0.26001 0.27832 -0.17578 
0.245728 0.26733 -0.21118 -0.26001 0.27832 -0.17578 
0.245728 0.26733 -0.21118 -0.26001 0.27832 -0.17578 
0.245728 0.26733 -0.21118 -0.26001 0.27832 -0.17578 
0.245728 0.26733 -0.21118 -0.26001 0.27832 -0.17578 
0.245728 0.26733 -0.21118 -0.26001 0.27832 -0.17578 
0.245728 0.26733 -0.21118 -0.26001 0.27832 -0.17578 
0.245728 0.26733 -0.21118 -0.26001 0.27832 -0.17578 
0.245728 0.26733 -0.21118 -0.26001 0.27832 -0.17578 
0.245728 0.26733 -0.21118 -0.26001 0.27832 -0.17578 
0.245728 0.26733 -0.21118 -0.2808 0.30640 -0.11475 
0.248047 0.28809 -0.17578 -0.34058 0.30640 -0.11475 
0.248047 0.28809 -0.17578 -0.34058 0.30640 -0.11475 
0.248047 0.28809 -0.17578 -0.34058 0.30640 -0.11475 
0.248047 0.28809 -0.17578 -0.34058 0.30640 -0.11475 
0.248047 0.28809 -0.17578 -0.34058 0.30640 -0.11475 
0.248047 0.28809 -0.17578 -0.34058 0.30640 -0.11475 
0.248047 0.28809 -0.17578 -0.34058 0.30640 -0.11475 
0.248047 0.28809 -0.17578 -0.34058 0.30640 -0.11475 
0.248047 0.28809 -0.17578 -0.34058 0.30640 -0.11475 
0.248047 0.28809 -0.17578 -0.34058 0.30640 -0.7446 
0.254150 0.30151 -0.11108 -0.34302 0.30029 -0.7446 
0.254150 0.30151 -0.11108 -0.34302 0.30029 -0.7446 
0.254150 0.30151 -0.11108 -0.34302 0.30029 -0.7446 
0.254150 0.30151 -0.11108 -0.34302 0.30029 -0.7446 
0.254150 0.30151 -0.11108 -0.34302 0.30029 -0.7446 
0.254150 0.30151 -0.11108 -0.34302 0.30029 -0.7446 
0.254150 0.30151 -0.11108 -0.34302 0.30029 -0.7446 
0.254150 0.30151 -0.11108 -0.34302 0.30029 -0.7446 
0.254150 0.30151 -0.11108 -0.34302 0.30029 -0.7446 
0.254150 0.30151 -0.11108 -0.34302 0.30029 -0.7446 
0.254150 0.00 -0.8545 -0.23560 0.25635 -0.7690 
0.257202 0.31250 -0.8545 -0.23560 0.25635 -0.7690 
0.257202 0.31250 -0.8545 -0.23560 0.25635 -0.7690 
0.257202 0.31250 -0.8545 -0.23560 0.25635 -0.7690 
0.257202 0.31250 -0.8545 -0.23560 0.25635 -0.7690 
0.257202 0.31250 -0.8545 -0.23560 0.25635 -0.7690 
0.257202 0.31250 -0.8545 -0.23560 0.25635 -0.7690 
0.257202 0.31250 -0.8545 -0.23560 0.25635 -0.7690 
0.257202 0.31250 -0.8545 -0.23560 0.25635 -0.7690 
0.257202 0.31250 -0.8545 -0.23560 0.25635 -0.7690 
0.257202 0.31250 -0.8545 -0.6714 0.17944 -0.10376 
0.256714 0.32959 -0.9521 -0.6714 0.17944 -0.10376 
0.256714 0.32959 -0.9521 -0.6714 0.17944 -0.10376 
0.256714 0.32959 -0.9521 -0.6714 0.17944 -0.10376 
0.256714 0.32959 -0.9521 -0.6714 0.17944 -0.10376 
