0.248291 0.34302 -0.13306 -0.1831 -0.244 -0.2686 
0.248291 0.34302 -0.13306 -0.1831 -0.244 -0.2686 
0.248291 0.34302 -0.13306 -0.1831 -0.1953 -0.1831 
0.250732 0.34668 -0.13306 -0.3662 -0.1953 -0.1831 
0.250732 0.34668 -0.13306 -0.3662 -0.1953 -0.1831 
0.250732 0.34668 -0.13306 -0.3662 -0.1953 -0.1831 
0.250732 0.34668 -0.13306 -0.3662 -0.1953 -0.1831 
0.250732 0.34668 -0.13306 -0.3662 -0.1953 -0.1831 
0.250732 0.34668 -0.13306 -0.3662 -0.1953 -0.1831 
0.250732 0.34668 -0.13306 -0.3662 -0.1953 -0.1831 
0.250732 0.34668 -0.13306 -0.3662 -0.1953 -0.1831 
0.250732 0.34668 -0.13306 -0.3662 -0.1953 -0.1831 
0.250732 0.34668 -0.13306 -0.3662 -0.1953 -0.30518 
0.251099 0.34424 -0.13428 -0.6348 -0.3052 0.732 
0.251099 0.34424 -0.13428 -0.6348 -0.3052 0.732 
0.251099 0.34424 -0.13428 -0.6348 -0.3052 0.732 
0.251099 0.34424 -0.13428 -0.6348 -0.3052 0.732 
0.251099 0.34424 -0.13428 -0.6348 -0.3052 0.732 
0.251099 0.34424 -0.13428 -0.6348 -0.3052 0.732 
0.251099 0.34424 -0.13428 -0.6348 -0.3052 0.732 
0.251099 0.34424 -0.13428 -0.6348 -0.3052 0.732 
0.251099 0.34424 -0.13428 -0.6348 -0.3052 0.732 
0.251099 0.34424 -0.13428 -0.6348 -0.3052 0.732 
0.251099 0.34180 -0.13550 -0.8911 -0.4272 0.2563 
0.252686 0.34180 -0.13550 -0.8911 -0.4272 0.2563 
0.252686 0.34180 -0.13550 -0.8911 -0.4272 0.2563 
0.252686 0.34180 -0.13550 -0.8911 -0.4272 0.2563 
0.252686 0.34180 -0.13550 -0.8911 -0.4272 0.2563 
0.252686 0.34180 -0.13550 -0.8911 -0.4272 0.2563 
0.252686 0.34180 -0.13550 -0.8911 -0.4272 0.2563 
0.252686 0.34180 -0.13550 -0.8911 -0.4272 0.2563 
0.252686 0.34180 -0.13550 -0.8911 -0.4272 0.2563 
0.252686 0.34180 -0.13550 -0.8911 -0.4272 0.2563 
0.252686 0.34180 -0.13550 -0.10132 -0.4883 0.3296 
0.255859 0.33569 -0.12695 -0.10132 -0.4883 0.3296 
0.255859 0.33569 -0.12695 -0.10132 -0.4883 0.3296 
0.255859 0.33569 -0.12695 -0.10132 -0.4883 0.3296 
0.255859 0.33569 -0.12695 -0.10132 -0.4883 0.3296 
0.255859 0.33569 -0.12695 -0.10132 -0.4883 0.3296 
0.255859 0.33569 -0.12695 -0.10132 -0.4883 0.3296 
0.255859 0.33569 -0.12695 -0.10132 -0.4883 0.3296 
0.255859 0.33569 -0.12695 -0.10132 -0.4883 0.3296 
0.255859 0.33569 -0.12695 -0.10132 -0.4883 0.3296 
0.255859 0.33569 -0.12695 -0.10132 -0.4883 0.732 
0.260620 0.33203 -0.11353 -0.8301 -0.5005 0.732 
0.260620 0.33203 -0.11353 -0.8301 -0.5005 0.732 
0.260620 0.33203 -0.11353 -0.8301 -0.5005 0.732 
0.260620 0.33203 -0.11353 -0.8301 -0.5005 0.732 
0.260620 0.33203 -0.11353 -0.8301 -0.5005 0.732 
0.260620 0.33203 -0.11353 -0.8301 -0.5005 0.732 
0.260620 0.33203 -0.11353 -0.8301 -0.5005 0.732 
0.260620 0.33203 -0.11353 -0.8301 -0.5005 0.732 
0.260620 0.33203 -0.11353 -0.8301 -0.5005 0.732 
0.260620 0.33203 -0.11353 -0.8301 -0.5005 0.732 
0.260620 0.33447 -0.10254 -0.3418 -0.4517 -0.5005 
0.261597 0.33447 -0.10254 -0.3418 -0.4517 -0.5005 
0.261597 0.33447 -0.10254 -0.3418 -0.4517 -0.5005 
0.261597 0.33447 -0.10254 -0.3418 -0.4517 -0.5005 
0.261597 0.33447 -0.10254 -0.3418 -0.4517 -0.5005 
0.261597 0.33447 -0.10254 -0.3418 -0.4517 -0.5005 
0.261597 0.33447 -0.10254 -0.3418 -0.4517 -0.5005 
0.261597 0.33447 -0.10254 -0.3418 -0.4517 -0.5005 
0.261597 0.33447 -0.10254 -0.3418 -0.4517 -0.5005 
0.261597 0.33447 -0.10254 -0.3418 -0.4517 -0.5005 
0.261597 0.33447 -0.11108 0.1587 -0.3784 -0.9644 
0.260498 0.34058 -0.11108 0.1587 -0.3784 -0.9644 
0.260498 0.34058 -0.11108 0.1587 -0.3784 -0.9644 
0.260498 0.34058 -0.11108 0.1587 -0.3784 -0.9644 
0.260498 0.34058 -0.11108 0.1587 -0.3784 -0.9644 
0.260498 0.34058 -0.11108 0.1587 -0.3784 -0.9644 
0.260498 0.34058 -0.11108 0.1587 -0.3784 -0.9644 
0.260498 0.34058 -0.11108 0.1587 -0.3784 -0.9644 
0.260498 0.34058 -0.11108 0.1587 -0.3784 -0.9644 
0.260498 0.34058 -0.11108 0.1587 -0.3784 -0.9644 
0.260498 0.34058 -0.11108 0.1587 -0.2441 -0.12207 
0.258911 0.34546 -0.12085 0.4028 -0.2441 -0.12207 
0.258911 0.34546 -0.12085 0.4028 -0.2441 -0.12207 
0.258911 0.34546 -0.12085 0.4028 -0.2441 -0.12207 
0.258911 0.34546 -0.12085 0.4028 -0.2441 -0.12207 
0.258911 0.34546 -0.12085 0.4028 -0.2441 -0.12207 
0.258911 0.34546 -0.12085 0.4028 -0.2441 -0.12207 
0.258911 0.34546 -0.12085 0.4028 -0.2441 -0.12207 
0.258911 0.34546 -0.12085 0.4028 -0.2441 -0.12207 
0.258911 0.34546 -0.12085 0.4028 -0.2441 -0.12207 
0.258911 0.34546 -0.12085 0.4028 -0.2441 -0.12207 
0.256592 0.35767 -0.12939 0.4150 -0.610 -0.12207 
0.256592 0.35767 -0.12939 0.4150 -0.610 -0.12207 
0.256592 0.35767 -0.12939 0.4150 -0.610 -0.12207 
0.256592 0.35767 -0.12939 0.4150 -0.610 -0.12207 
0.256592 0.35767 -0.12939 0.4150 -0.610 -0.12207 
0.256592 0.35767 -0.12939 0.4150 -0.610 -0.12207 
0.256592 0.35767 -0.12939 0.4150 -0.610 -0.12207 
0.256592 0.35767 -0.12939 0.4150 -0.610 -0.12207 
0.256592 0.35767 -0.12939 0.4150 -0.610 -0.12207 
0.256592 0.35767 -0.12939 0.4150 -0.610 -0.12207 
0.256592 0.35767 -0.13550 0.1709 0.1343 -0.10376 
0.255737 0.36621 -0.13550 0.1709 0.1343 -0.10376 
0.255737 0.36621 -0.13550 0.1709 0.1343 -0.10376 
0.255737 0.36621 -0.13550 0.1709 0.1343 -0.10376 
0.255737 0.36621 -0.13550 0.1709 0.1343 -0.10376 
0.255737 0.36621 -0.13550 0.1709 0.1343 -0.10376 
0.255737 0.36621 -0.13550 0.1709 0.1343 -0.10376 
0.255737 0.36621 -0.13550 0.1709 0.1343 -0.10376 
0.255737 0.36621 -0.13550 0.1709 0.1343 -0.10376 
0.255737 0.36621 -0.13550 0.1709 0.1343 -0.10376 
0.255737 0.36621 -0.13550 0.1709 0.3418 -0.8423 
0.254883 0.36011 -0.15381 -0.2197 0.3418 -0.8423 
0.254883 0.36011 -0.15381 -0.2197 0.3418 -0.8423 
0.254883 0.36011 -0.15381 -0.2197 0.3418 -0.8423 
0.254883 0.36011 -0.15381 -0.2197 0.3418 -0.8423 
0.254883 0.36011 -0.15381 -0.2197 0.3418 -0.8423 
0.254883 0.36011 -0.15381 -0.2197 0.3418 -0.8423 
0.254883 0.36011 -0.15381 -0.2197 0.3418 -0.8423 
0.254883 0.36011 -0.15381 -0.2197 0.3418 -0.8423 
0.254883 0.36011 -0.15381 -0.2197 0.3418 -0.8423 
0.254883 0.36011 -0.15381 -0.2197 0.3418 -0.6836 
0.256714 0.35034 -0.14526 -0.6714 0.4761 -0.6836 
0.256714 0.35034 -0.14526 -0.6714 0.4761 -0.6836 
0.256714 0.35034 -0.14526 -0.6714 0.4761 -0.6836 
0.256714 0.35034 -0.14526 -0.6714 0.4761 -0.6836 
0.256714 0.35034 -0.14526 -0.6714 0.4761 -0.6836 
0.256714 0.35034 -0.14526 -0.6714 0.4761 -0.6836 
0.256714 0.35034 -0.14526 -0.6714 0.4761 -0.6836 
0.256714 0.35034 -0.14526 -0.6714 0.4761 -0.6836 
0.256714 0.35034 -0.14526 -0.6714 0.4761 -0.6836 
0.256714 0.35034 -0.14526 -0.6714 0.4761 -0.6836 
0.256714 0.34180 -0.12451 -0.7690 0.4761 -0.6958 
0.260376 0.34180 -0.12451 -0.7690 0.4761 -0.6958 
0.260376 0.34180 -0.12451 -0.7690 0.4761 -0.6958 
0.260376 0.34180 -0.12451 -0.7690 0.4761 -0.6958 
0.260376 0.34180 -0.12451 -0.7690 0.4761 -0.6958 
0.260376 0.34180 -0.12451 -0.7690 0.4761 -0.6958 
0.260376 0.34180 -0.12451 -0.7690 0.4761 -0.6958 
0.260376 0.34180 -0.12451 -0.7690 0.4761 -0.6958 
0.260376 0.34180 -0.12451 -0.7690 0.4761 -0.6958 
0.260376 0.34180 -0.12451 -0.7690 0.4761 -0.6958 
0.260376 0.34180 -0.12451 -0.4395 0.3418 -0.9399 
0.261108 0.34546 -0.10864 -0.4395 0.3418 -0.9399 
0.261108 0.34546 -0.10864 -0.4395 0.3418 -0.9399 
0.261108 0.34546 -0.10864 -0.4395 0.3418 -0.9399 
0.261108 0.34546 -0.10864 -0.4395 0.3418 -0.9399 
0.261108 0.34546 -0.10864 -0.4395 0.3418 -0.9399 
0.261108 0.34546 -0.10864 -0.4395 0.3418 -0.9399 
0.261108 0.34546 -0.10864 -0.4395 0.3418 -0.9399 
0.261108 0.34546 -0.10864 -0.4395 0.3418 -0.9399 
0.261108 0.34546 -0.10864 -0.4395 0.3418 -0.9399 
0.261108 0.34546 -0.10864 -0.4395 0.3418 -0.10620 
0.261475 0.35278 -0.10986 -0.366 0.00 -0.10620 
0.261475 0.35278 -0.10986 -0.366 0.00 -0.10620 
0.261475 0.35278 -0.10986 -0.366 0.00 -0.10620 
