0.239990 0.30151 -0.16113 -0.12939 0.3784 0.2319 
0.239990 0.30151 -0.16113 -0.12939 0.3784 0.2319 
0.239990 0.30151 -0.16113 -0.12939 0.3784 0.2319 
0.239990 0.29907 -0.12329 -0.13306 0.5249 0.5737 
0.244995 0.29907 -0.12329 -0.13306 0.5249 0.5737 
0.244995 0.29907 -0.12329 -0.13306 0.5249 0.5737 
0.244995 0.29907 -0.12329 -0.13306 0.5249 0.5737 
0.244995 0.29907 -0.12329 -0.13306 0.5249 0.5737 
0.244995 0.29907 -0.12329 -0.13306 0.5249 0.5737 
0.244995 0.29907 -0.12329 -0.13306 0.5249 0.5737 
0.244995 0.29907 -0.12329 -0.13306 0.5249 0.5737 
0.244995 0.29907 -0.12329 -0.13306 0.5249 0.5737 
0.244995 0.29907 -0.12329 -0.13306 0.5249 0.5737 
0.244995 0.29907 -0.8423 -0.10254 0.6836 0.6104 
0.248535 0.28687 -0.8423 -0.10254 0.6836 0.6104 
0.248535 0.28687 -0.8423 -0.10254 0.6836 0.6104 
0.248535 0.28687 -0.8423 -0.10254 0.6836 0.6104 
0.248535 0.28687 -0.8423 -0.10254 0.6836 0.6104 
0.248535 0.28687 -0.8423 -0.10254 0.6836 0.6104 
0.248535 0.28687 -0.8423 -0.10254 0.6836 0.6104 
0.248535 0.28687 -0.8423 -0.10254 0.6836 0.6104 
0.248535 0.28687 -0.8423 -0.10254 0.6836 0.6104 
0.248535 0.28687 -0.8423 -0.10254 0.6836 0.6104 
0.248535 0.28687 -0.8423 -0.10254 0.5249 0.6348 
0.252441 0.28198 -0.6226 -0.6104 0.5249 0.6348 
0.252441 0.28198 -0.6226 -0.6104 0.5249 0.6348 
0.252441 0.28198 -0.6226 -0.6104 0.5249 0.6348 
0.252441 0.28198 -0.6226 -0.6104 0.5249 0.6348 
0.252441 0.28198 -0.6226 -0.6104 0.5249 0.6348 
0.252441 0.28198 -0.6226 -0.6104 0.5249 0.6348 
0.252441 0.28198 -0.6226 -0.6104 0.5249 0.6348 
0.252441 0.28198 -0.6226 -0.6104 0.5249 0.6348 
0.252441 0.28198 -0.6226 -0.6104 0.5249 0.6348 
0.252441 0.28198 -0.6226 -0.6104 0.5249 0.6348 
0.256226 0.26733 -0.4883 -0.3418 0.1709 0.6348 
0.256226 0.26733 -0.4883 -0.3418 0.1709 0.6348 
0.256226 0.26733 -0.4883 -0.3418 0.1709 0.6348 
0.256226 0.26733 -0.4883 -0.3418 0.1709 0.6348 
0.256226 0.26733 -0.4883 -0.3418 0.1709 0.6348 
0.256226 0.26733 -0.4883 -0.3418 0.1709 0.6348 
0.256226 0.26733 -0.4883 -0.3418 0.1709 0.6348 
0.256226 0.26733 -0.4883 -0.3418 0.1709 0.6348 
0.256226 0.26733 -0.4883 -0.3418 0.1709 0.6348 
0.256226 0.26733 -0.4883 -0.3418 0.1709 0.6348 
0.256226 0.26733 -0.4028 -0.2075 -0.2563 0.5615 
0.259521 0.25879 -0.4028 -0.2075 -0.2563 0.5615 
0.259521 0.25879 -0.4028 -0.2075 -0.2563 0.5615 
0.259521 0.25879 -0.4028 -0.2075 -0.2563 0.5615 
0.259521 0.25879 -0.4028 -0.2075 -0.2563 0.5615 
0.259521 0.25879 -0.4028 -0.2075 -0.2563 0.5615 
0.259521 0.25879 -0.4028 -0.2075 -0.2563 0.5615 
0.259521 0.25879 -0.4028 -0.2075 -0.2563 0.5615 
0.259521 0.25879 -0.4028 -0.2075 -0.2563 0.5615 
0.259521 0.25879 -0.4028 -0.2075 -0.2563 0.5615 
0.259521 0.25879 -0.4028 -0.2075 -0.8179 0.4883 
0.262329 0.24170 -0.2686 -0.1465 -0.8179 0.4883 
0.262329 0.24170 -0.2686 -0.1465 -0.8179 0.4883 
0.262329 0.24170 -0.2686 -0.1465 -0.8179 0.4883 
0.262329 0.24170 -0.2686 -0.1465 -0.8179 0.4883 
0.262329 0.24170 -0.2686 -0.1465 -0.8179 0.4883 
0.262329 0.24170 -0.2686 -0.1465 -0.8179 0.4883 
0.262329 0.24170 -0.2686 -0.1465 -0.8179 0.4883 
0.262329 0.24170 -0.2686 -0.1465 -0.8179 0.4883 
0.262329 0.24170 -0.2686 -0.1465 -0.8179 0.4883 
0.262329 0.24170 -0.2686 -0.1465 -0.8179 0.3174 
0.265015 0.23560 -0.2075 -0.1831 -0.10254 0.3174 
0.265015 0.23560 -0.2075 -0.1831 -0.10254 0.3174 
0.265015 0.23560 -0.2075 -0.1831 -0.10254 0.3174 
0.265015 0.23560 -0.2075 -0.1831 -0.10254 0.3174 
0.265015 0.23560 -0.2075 -0.1831 -0.10254 0.3174 
0.265015 0.23560 -0.2075 -0.1831 -0.10254 0.3174 
0.265015 0.23560 -0.2075 -0.1831 -0.10254 0.3174 
0.265015 0.23560 -0.2075 -0.1831 -0.10254 0.3174 
0.265015 0.23560 -0.2075 -0.1831 -0.10254 0.3174 
0.265015 0.23560 -0.2075 -0.1831 -0.10254 0.3174 
0.265015 0.23926 -0.2197 -0.3784 -0.9277 0.977 
0.263794 0.23926 -0.2197 -0.3784 -0.9277 0.977 
0.263794 0.23926 -0.2197 -0.3784 -0.9277 0.977 
0.263794 0.23926 -0.2197 -0.3784 -0.9277 0.977 
0.263794 0.23926 -0.2197 -0.3784 -0.9277 0.977 
0.263794 0.23926 -0.2197 -0.3784 -0.9277 0.977 
0.263794 0.23926 -0.2197 -0.3784 -0.9277 0.977 
0.263794 0.23926 -0.2197 -0.3784 -0.9277 0.977 
0.263794 0.23926 -0.2197 -0.3784 -0.9277 0.977 
0.263794 0.23926 -0.2197 -0.3784 -0.9277 0.977 
0.263794 0.23926 -0.2197 -0.8423 -0.6714 0.1587 
0.261597 0.24902 -0.3906 -0.8423 -0.6714 0.1587 
0.261597 0.24902 -0.3906 -0.8423 -0.6714 0.1587 
0.261597 0.24902 -0.3906 -0.8423 -0.6714 0.1587 
0.261597 0.24902 -0.3906 -0.8423 -0.6714 0.1587 
0.261597 0.24902 -0.3906 -0.8423 -0.6714 0.1587 
0.261597 0.24902 -0.3906 -0.8423 -0.6714 0.1587 
0.261597 0.24902 -0.3906 -0.8423 -0.6714 0.1587 
0.261597 0.24902 -0.3906 -0.8423 -0.6714 0.1587 
0.261597 0.24902 -0.3906 -0.8423 -0.6714 0.1587 
0.261597 0.24902 -0.3906 -0.8423 -0.6714 0.4272 
0.261353 0.26001 -0.4883 -0.14526 -0.2686 0.4272 
0.261353 0.26001 -0.4883 -0.14526 -0.2686 0.4272 
0.261353 0.26001 -0.4883 -0.14526 -0.2686 0.4272 
0.261353 0.26001 -0.4883 -0.14526 -0.2686 0.4272 
0.261353 0.26001 -0.4883 -0.14526 -0.2686 0.4272 
0.261353 0.26001 -0.4883 -0.14526 -0.2686 0.4272 
0.261353 0.26001 -0.4883 -0.14526 -0.2686 0.4272 
0.261353 0.26001 -0.4883 -0.14526 -0.2686 0.4272 
0.261353 0.26001 -0.4883 -0.14526 -0.2686 0.4272 
0.261353 0.26001 -0.4883 -0.14526 -0.2686 0.4272 
0.261230 0.26733 -0.6714 -0.18066 0.1465 0.6226 
0.261230 0.26733 -0.6714 -0.18066 0.1465 0.6226 
0.261230 0.26733 -0.6714 -0.18066 0.1465 0.6226 
0.261230 0.26733 -0.6714 -0.18066 0.1465 0.6226 
0.261230 0.26733 -0.6714 -0.18066 0.1465 0.6226 
0.261230 0.26733 -0.6714 -0.18066 0.1465 0.6226 
0.261230 0.26733 -0.6714 -0.18066 0.1465 0.6226 
0.261230 0.26733 -0.6714 -0.18066 0.1465 0.6226 
0.261230 0.26733 -0.6714 -0.18066 0.1465 0.6226 
0.261230 0.26733 -0.6714 -0.18066 0.1465 0.6226 
0.261230 0.26733 -0.8179 -0.18311 0.4761 0.6104 
0.259766 0.27466 -0.8179 -0.18311 0.4761 0.6104 
0.259766 0.27466 -0.8179 -0.18311 0.4761 0.6104 
0.259766 0.27466 -0.8179 -0.18311 0.4761 0.6104 
0.259766 0.27466 -0.8179 -0.18311 0.4761 0.6104 
0.259766 0.27466 -0.8179 -0.18311 0.4761 0.6104 
0.259766 0.27466 -0.8179 -0.18311 0.4761 0.6104 
0.259766 0.27466 -0.8179 -0.18311 0.4761 0.6104 
0.259766 0.27466 -0.8179 -0.18311 0.4761 0.6104 
0.259766 0.27466 -0.8179 -0.18311 0.4761 0.6104 
0.259766 0.27466 -0.8179 -0.18311 0.6958 0.5371 
0.258423 0.27832 -0.9277 -0.17212 0.6958 0.5371 
0.258423 0.27832 -0.9277 -0.17212 0.6958 0.5371 
0.258423 0.27832 -0.9277 -0.17212 0.6958 0.5371 
0.258423 0.27832 -0.9277 -0.17212 0.6958 0.5371 
0.258423 0.27832 -0.9277 -0.17212 0.6958 0.5371 
0.258423 0.27832 -0.9277 -0.17212 0.6958 0.5371 
0.258423 0.27832 -0.9277 -0.17212 0.6958 0.5371 
0.258423 0.27832 -0.9277 -0.17212 0.6958 0.5371 
0.258423 0.27832 -0.9277 -0.17212 0.6958 0.5371 
0.258423 0.27832 -0.9277 -0.17212 0.6958 0.5371 
0.253296 0.26245 -0.14038 -0.15381 0.8423 0.4150 
0.253296 0.26245 -0.14038 -0.15381 0.8423 0.4150 
0.253296 0.26245 -0.14038 -0.15381 0.8423 0.4150 
0.253296 0.26245 -0.14038 -0.15381 0.8423 0.4150 
0.253296 0.26245 -0.14038 -0.15381 0.8423 0.4150 
0.253296 0.26245 -0.14038 -0.15381 0.8423 0.4150 
0.253296 0.26245 -0.14038 -0.15381 0.8423 0.4150 
0.253296 0.26245 -0.14038 -0.15381 0.8423 0.4150 
0.253296 0.26245 -0.14038 -0.15381 0.8423 0.4150 
0.253296 0.26245 -0.14038 -0.15381 0.8423 0.4150 
0.253296 0.26245 -0.16602 -0.16479 0.9888 0.5005 
0.245972 0.24658 -0.16602 -0.16479 0.9888 0.5005 
0.245972 0.24658 -0.16602 -0.16479 0.9888 0.5005 
