0.246338 0.3662 -0.18188 -0.9033 -0.12939 -0.8179 
0.246338 0.3662 -0.18188 -0.9033 -0.12939 -0.8179 
0.246338 0.3662 -0.18188 -0.9033 -0.12939 -0.8179 
0.246338 0.3662 -0.18188 -0.9033 -0.12939 -0.8179 
0.246338 0.3662 -0.18188 -0.9033 -0.9888 -0.5249 
0.248169 0.2808 -0.18799 -0.13550 -0.9888 -0.5249 
0.248169 0.2808 -0.18799 -0.13550 -0.9888 -0.5249 
0.248169 0.2808 -0.18799 -0.13550 -0.9888 -0.5249 
0.248169 0.2808 -0.18799 -0.13550 -0.9888 -0.5249 
0.248169 0.2808 -0.18799 -0.13550 -0.9888 -0.5249 
0.248169 0.2808 -0.18799 -0.13550 -0.9888 -0.5249 
0.248169 0.2808 -0.18799 -0.13550 -0.9888 -0.5249 
0.248169 0.2808 -0.18799 -0.13550 -0.9888 -0.5249 
0.248169 0.2808 -0.18799 -0.13550 -0.9888 -0.5249 
0.248169 0.2808 -0.18799 -0.13550 -0.9888 -0.5249 
0.248047 0.3906 -0.18311 -0.15991 -0.6958 -0.854 
0.248047 0.3906 -0.18311 -0.15991 -0.6958 -0.854 
0.248047 0.3906 -0.18311 -0.15991 -0.6958 -0.854 
0.248047 0.3906 -0.18311 -0.15991 -0.6958 -0.854 
0.248047 0.3906 -0.18311 -0.15991 -0.6958 -0.854 
0.248047 0.3906 -0.18311 -0.15991 -0.6958 -0.854 
0.248047 0.3906 -0.18311 -0.15991 -0.6958 -0.854 
0.248047 0.3906 -0.18311 -0.15991 -0.6958 -0.854 
0.248047 0.3906 -0.18311 -0.15991 -0.6958 -0.854 
0.248047 0.3906 -0.18311 -0.15991 -0.6958 -0.854 
0.248047 0.3906 -0.18311 -0.16602 -0.7080 0.4883 
0.249512 0.4150 -0.18311 -0.16602 -0.7080 0.4883 
0.249512 0.4150 -0.18311 -0.16602 -0.7080 0.4883 
0.249512 0.4150 -0.18311 -0.16602 -0.7080 0.4883 
0.249512 0.4150 -0.18311 -0.16602 -0.7080 0.4883 
0.249512 0.4150 -0.18311 -0.16602 -0.7080 0.4883 
0.249512 0.4150 -0.18311 -0.16602 -0.7080 0.4883 
0.249512 0.4150 -0.18311 -0.16602 -0.7080 0.4883 
0.249512 0.4150 -0.18311 -0.16602 -0.7080 0.4883 
0.249512 0.4150 -0.18311 -0.16602 -0.7080 0.4883 
0.249512 0.4150 -0.18311 -0.15503 -0.7202 0.9033 
0.250000 0.5249 -0.19043 -0.15503 -0.7202 0.9033 
0.250000 0.5249 -0.19043 -0.15503 -0.7202 0.9033 
0.250000 0.5249 -0.19043 -0.15503 -0.7202 0.9033 
0.250000 0.5249 -0.19043 -0.15503 -0.7202 0.9033 
0.250000 0.5249 -0.19043 -0.15503 -0.7202 0.9033 
0.250000 0.5249 -0.19043 -0.15503 -0.7202 0.9033 
0.250000 0.5249 -0.19043 -0.15503 -0.7202 0.9033 
0.250000 0.5249 -0.19043 -0.15503 -0.7202 0.9033 
0.250000 0.5249 -0.19043 -0.15503 -0.7202 0.9033 
0.250000 0.5249 -0.19043 -0.15503 -0.7202 0.11108 
0.251953 0.6470 -0.18188 -0.12939 -0.6470 0.11108 
0.251953 0.6470 -0.18188 -0.12939 -0.6470 0.11108 
0.251953 0.6470 -0.18188 -0.12939 -0.6470 0.11108 
0.251953 0.6470 -0.18188 -0.12939 -0.6470 0.11108 
0.251953 0.6470 -0.18188 -0.12939 -0.6470 0.11108 
0.251953 0.6470 -0.18188 -0.12939 -0.6470 0.11108 
0.251953 0.6470 -0.18188 -0.12939 -0.6470 0.11108 
0.251953 0.6470 -0.18188 -0.12939 -0.6470 0.11108 
0.251953 0.6470 -0.18188 -0.12939 -0.6470 0.11108 
0.251953 0.6470 -0.18188 -0.12939 -0.6470 0.11108 
0.251953 0.6836 -0.17578 -0.10498 -0.4028 0.9399 
0.253052 0.6836 -0.17578 -0.10498 -0.4028 0.9399 
0.253052 0.6836 -0.17578 -0.10498 -0.4028 0.9399 
0.253052 0.6836 -0.17578 -0.10498 -0.4028 0.9399 
0.253052 0.6836 -0.17578 -0.10498 -0.4028 0.9399 
0.253052 0.6836 -0.17578 -0.10498 -0.4028 0.9399 
0.253052 0.6836 -0.17578 -0.10498 -0.4028 0.9399 
0.253052 0.6836 -0.17578 -0.10498 -0.4028 0.9399 
0.253052 0.6836 -0.17578 -0.10498 -0.4028 0.9399 
0.253052 0.6836 -0.17578 -0.10498 -0.4028 0.9399 
0.253052 0.6836 -0.17578 -0.8789 0.610 0.4028 
0.252197 0.7080 -0.17334 -0.8789 0.610 0.4028 
0.252197 0.7080 -0.17334 -0.8789 0.610 0.4028 
0.252197 0.7080 -0.17334 -0.8789 0.610 0.4028 
0.252197 0.7080 -0.17334 -0.8789 0.610 0.4028 
0.252197 0.7080 -0.17334 -0.8789 0.610 0.4028 
0.252197 0.7080 -0.17334 -0.8789 0.610 0.4028 
0.252197 0.7080 -0.17334 -0.8789 0.610 0.4028 
0.252197 0.7080 -0.17334 -0.8789 0.610 0.4028 
0.252197 0.7080 -0.17334 -0.8789 0.610 0.4028 
0.252197 0.7080 -0.17334 -0.8789 0.610 -0.2563 
0.252930 0.7080 -0.17090 -0.8301 0.5127 -0.2563 
0.252930 0.7080 -0.17090 -0.8301 0.5127 -0.2563 
0.252930 0.7080 -0.17090 -0.8301 0.5127 -0.2563 
0.252930 0.7080 -0.17090 -0.8301 0.5127 -0.2563 
0.252930 0.7080 -0.17090 -0.8301 0.5127 -0.2563 
0.252930 0.7080 -0.17090 -0.8301 0.5127 -0.2563 
0.252930 0.7080 -0.17090 -0.8301 0.5127 -0.2563 
0.252930 0.7080 -0.17090 -0.8301 0.5127 -0.2563 
0.252930 0.7080 -0.17090 -0.8301 0.5127 -0.2563 
0.252930 0.7080 -0.17090 -0.8301 0.5127 -0.2563 
0.254150 0.6592 -0.16357 -0.8545 0.9155 -0.8789 
0.254150 0.6592 -0.16357 -0.8545 0.9155 -0.8789 
0.254150 0.6592 -0.16357 -0.8545 0.9155 -0.8789 
0.254150 0.6592 -0.16357 -0.8545 0.9155 -0.8789 
0.254150 0.6592 -0.16357 -0.8545 0.9155 -0.8789 
0.254150 0.6592 -0.16357 -0.8545 0.9155 -0.8789 
0.254150 0.6592 -0.16357 -0.8545 0.9155 -0.8789 
0.254150 0.6592 -0.16357 -0.8545 0.9155 -0.8789 
0.254150 0.6592 -0.16357 -0.8545 0.9155 -0.8789 
0.254150 0.6592 -0.16357 -0.8545 0.9155 -0.8789 
0.254150 0.6592 -0.15869 -0.8667 0.11841 -0.13184 
0.255371 0.5981 -0.15869 -0.8667 0.11841 -0.13184 
0.255371 0.5981 -0.15869 -0.8667 0.11841 -0.13184 
0.255371 0.5981 -0.15869 -0.8667 0.11841 -0.13184 
0.255371 0.5981 -0.15869 -0.8667 0.11841 -0.13184 
0.255371 0.5981 -0.15869 -0.8667 0.11841 -0.13184 
0.255371 0.5981 -0.15869 -0.8667 0.11841 -0.13184 
0.255371 0.5981 -0.15869 -0.8667 0.11841 -0.13184 
0.255371 0.5981 -0.15869 -0.8667 0.11841 -0.13184 
0.255371 0.5981 -0.15869 -0.8667 0.11841 -0.13184 
0.255371 0.5981 -0.15869 -0.8667 0.13428 -0.14771 
0.256958 0.5737 -0.15259 -0.8545 0.13428 -0.14771 
0.256958 0.5737 -0.15259 -0.8545 0.13428 -0.14771 
0.256958 0.5737 -0.15259 -0.8545 0.13428 -0.14771 
0.256958 0.5737 -0.15259 -0.8545 0.13428 -0.14771 
0.256958 0.5737 -0.15259 -0.8545 0.13428 -0.14771 
0.256958 0.5737 -0.15259 -0.8545 0.13428 -0.14771 
0.256958 0.5737 -0.15259 -0.8545 0.13428 -0.14771 
0.256958 0.5737 -0.15259 -0.8545 0.13428 -0.14771 
0.256958 0.5737 -0.15259 -0.8545 0.13428 -0.14771 
0.256958 0.5737 -0.15259 -0.8545 0.13428 -0.14771 
0.258545 0.6104 -0.14160 -0.8545 0.14648 -0.13062 
0.258545 0.6104 -0.14160 -0.8545 0.14648 -0.13062 
0.258545 0.6104 -0.14160 -0.8545 0.14648 -0.13062 
0.258545 0.6104 -0.14160 -0.8545 0.14648 -0.13062 
0.258545 0.6104 -0.14160 -0.8545 0.14648 -0.13062 
0.258545 0.6104 -0.14160 -0.8545 0.14648 -0.13062 
0.258545 0.6104 -0.14160 -0.8545 0.14648 -0.13062 
0.258545 0.6104 -0.14160 -0.8545 0.14648 -0.13062 
0.258545 0.6104 -0.14160 -0.8545 0.14648 -0.13062 
0.258545 0.6104 -0.14160 -0.8545 0.14648 -0.13062 
0.258545 0.6104 -0.12451 -0.8057 0.15747 -0.9521 
0.260864 0.6592 -0.12451 -0.8057 0.15747 -0.9521 
0.260864 0.6592 -0.12451 -0.8057 0.15747 -0.9521 
0.260864 0.6592 -0.12451 -0.8057 0.15747 -0.9521 
0.260864 0.6592 -0.12451 -0.8057 0.15747 -0.9521 
0.260864 0.6592 -0.12451 -0.8057 0.15747 -0.9521 
0.260864 0.6592 -0.12451 -0.8057 0.15747 -0.9521 
0.260864 0.6592 -0.12451 -0.8057 0.15747 -0.9521 
0.260864 0.6592 -0.12451 -0.8057 0.15747 -0.9521 
0.260864 0.6592 -0.12451 -0.8057 0.15747 -0.9521 
0.260864 0.6592 -0.12451 -0.6714 0.16235 -0.6104 
0.264526 0.6958 -0.9766 -0.6714 0.16235 -0.6104 
0.264526 0.6958 -0.9766 -0.6714 0.16235 -0.6104 
0.264526 0.6958 -0.9766 -0.6714 0.16235 -0.6104 
0.264526 0.6958 -0.9766 -0.6714 0.16235 -0.6104 
0.264526 0.6958 -0.9766 -0.6714 0.16235 -0.6104 
0.264526 0.6958 -0.9766 -0.6714 0.16235 -0.6104 
0.264526 0.6958 -0.9766 -0.6714 0.16235 -0.6104 
0.264526 0.6958 -0.9766 -0.6714 0.16235 -0.6104 
0.264526 0.6958 -0.9766 -0.6714 0.16235 -0.6104 
0.264526 0.6958 -0.9766 -0.6714 0.16235 -0.4395 
0.267822 0.7446 -0.7568 -0.4150 0.15747 -0.4395 
