0.248535 0.20752 -0.854 -0.15869 -0.4150 0.8301 
0.248535 0.20752 -0.854 -0.15869 -0.4150 0.8301 
0.248535 0.20752 -0.854 -0.15869 -0.4150 0.8301 
0.248535 0.20752 -0.854 -0.15869 -0.4150 0.8301 
0.248535 0.20752 -0.854 -0.15869 -0.4150 0.8301 
0.248535 0.20752 -0.854 -0.15869 -0.4150 0.8301 
0.248535 0.20752 -0.854 -0.15869 -0.4150 0.8301 
0.248535 0.20752 -0.854 -0.15869 -0.4150 0.8301 
0.248535 0.20752 -0.854 -0.15869 -0.4150 0.8301 
0.248535 0.20752 -0.854 -0.15869 -0.4150 0.8301 
0.248535 0.20752 -0.31128 -0.16357 -0.1831 0.6348 
0.252319 0.20142 0.122 -0.16357 -0.1831 0.6348 
0.252319 0.20142 0.122 -0.16357 -0.1831 0.6348 
0.252319 0.20142 0.122 -0.16357 -0.1831 0.6348 
0.252319 0.20142 0.122 -0.16357 -0.1831 0.6348 
0.252319 0.20142 0.122 -0.16357 -0.1831 0.6348 
0.252319 0.20142 0.122 -0.16357 -0.1831 0.6348 
0.252319 0.20142 0.122 -0.16357 -0.1831 0.6348 
0.252319 0.20142 0.122 -0.16357 -0.1831 0.6348 
0.252319 0.20142 0.122 -0.16357 -0.1831 0.6348 
0.252319 0.20142 0.122 -0.16357 0.1709 0.4150 
0.255981 0.18677 0.1343 -0.16113 0.1709 0.4150 
0.255981 0.18677 0.1343 -0.16113 0.1709 0.4150 
0.255981 0.18677 0.1343 -0.16113 0.1709 0.4150 
0.255981 0.18677 0.1343 -0.16113 0.1709 0.4150 
0.255981 0.18677 0.1343 -0.16113 0.1709 0.4150 
0.255981 0.18677 0.1343 -0.16113 0.1709 0.4150 
0.255981 0.18677 0.1343 -0.16113 0.1709 0.4150 
0.255981 0.18677 0.1343 -0.16113 0.1709 0.4150 
0.255981 0.18677 0.1343 -0.16113 0.1709 0.4150 
0.255981 0.18677 0.1343 -0.16113 0.1709 0.4150 
0.258057 0.18066 0.3174 -0.13428 0.5127 0.1831 
0.258057 0.18066 0.3174 -0.13428 0.5127 0.1831 
0.258057 0.18066 0.3174 -0.13428 0.5127 0.1831 
0.258057 0.18066 0.3174 -0.13428 0.5127 0.1831 
0.258057 0.18066 0.3174 -0.13428 0.5127 0.1831 
0.258057 0.18066 0.3174 -0.13428 0.5127 0.1831 
0.258057 0.18066 0.3174 -0.13428 0.5127 0.1831 
0.258057 0.18066 0.3174 -0.13428 0.5127 0.1831 
0.258057 0.18066 0.3174 -0.13428 0.5127 0.1831 
0.258057 0.18066 0.3174 -0.13428 0.5127 0.1831 
0.258057 0.18066 0.5981 -0.9766 0.7568 0.488 
0.260498 0.17700 0.5981 -0.9766 0.7568 0.488 
0.260498 0.17700 0.5981 -0.9766 0.7568 0.488 
0.260498 0.17700 0.5981 -0.9766 0.7568 0.488 
0.260498 0.17700 0.5981 -0.9766 0.7568 0.488 
0.260498 0.17700 0.5981 -0.9766 0.7568 0.488 
0.260498 0.17700 0.5981 -0.9766 0.7568 0.488 
0.260498 0.17700 0.5981 -0.9766 0.7568 0.488 
0.260498 0.17700 0.5981 -0.9766 0.7568 0.488 
0.260498 0.17700 0.5981 -0.9766 0.7568 0.488 
0.260498 0.17700 0.5981 -0.5371 0.8789 -0.610 
0.260620 0.17212 0.7813 -0.5371 0.8789 -0.610 
0.260620 0.17212 0.7813 -0.5371 0.8789 -0.610 
0.260620 0.17212 0.7813 -0.5371 0.8789 -0.610 
0.260620 0.17212 0.7813 -0.5371 0.8789 -0.610 
0.260620 0.17212 0.7813 -0.5371 0.8789 -0.610 
0.260620 0.17212 0.7813 -0.5371 0.8789 -0.610 
0.260620 0.17212 0.7813 -0.5371 0.8789 -0.610 
0.260620 0.17212 0.7813 -0.5371 0.8789 -0.610 
0.260620 0.17212 0.7813 -0.5371 0.8789 -0.610 
0.260620 0.17212 0.7813 -0.5371 0.8789 -0.30884 
0.259155 0.16968 0.7568 -0.2075 0.8545 0.366 
0.259155 0.16968 0.7568 -0.2075 0.8545 0.366 
0.259155 0.16968 0.7568 -0.2075 0.8545 0.366 
0.259155 0.16968 0.7568 -0.2075 0.8545 0.366 
0.259155 0.16968 0.7568 -0.2075 0.8545 0.366 
0.259155 0.16968 0.7568 -0.2075 0.8545 0.366 
0.259155 0.16968 0.7568 -0.2075 0.8545 0.366 
0.259155 0.16968 0.7568 -0.2075 0.8545 0.366 
0.259155 0.16968 0.7568 -0.2075 0.8545 0.366 
0.259155 0.16968 0.7568 -0.2075 0.8545 0.366 
0.259155 0.17212 0.6714 -0.2930 0.7568 0.3296 
0.257568 0.17212 0.6714 -0.2930 0.7568 0.3296 
0.257568 0.17212 0.6714 -0.2930 0.7568 0.3296 
0.257568 0.17212 0.6714 -0.2930 0.7568 0.3296 
0.257568 0.17212 0.6714 -0.2930 0.7568 0.3296 
0.257568 0.17212 0.6714 -0.2930 0.7568 0.3296 
0.257568 0.17212 0.6714 -0.2930 0.7568 0.3296 
0.257568 0.17212 0.6714 -0.2930 0.7568 0.3296 
0.257568 0.17212 0.6714 -0.2930 0.7568 0.3296 
0.257568 0.17212 0.6714 -0.2930 0.7568 0.3296 
0.257568 0.17212 0.6714 -0.7690 0.7202 0.7813 
0.255493 0.17456 0.6714 -0.7690 0.7202 0.7813 
0.255493 0.17456 0.6714 -0.7690 0.7202 0.7813 
0.255493 0.17456 0.6714 -0.7690 0.7202 0.7813 
0.255493 0.17456 0.6714 -0.7690 0.7202 0.7813 
0.255493 0.17456 0.6714 -0.7690 0.7202 0.7813 
0.255493 0.17456 0.6714 -0.7690 0.7202 0.7813 
0.255493 0.17456 0.6714 -0.7690 0.7202 0.7813 
0.255493 0.17456 0.6714 -0.7690 0.7202 0.7813 
0.255493 0.17456 0.6714 -0.7690 0.7202 0.7813 
0.255493 0.17456 0.6714 -0.7690 0.7690 0.13306 
0.254517 0.17822 0.7935 -0.12939 0.7690 0.13306 
0.254517 0.17822 0.7935 -0.12939 0.7690 0.13306 
0.254517 0.17822 0.7935 -0.12939 0.7690 0.13306 
0.254517 0.17822 0.7935 -0.12939 0.7690 0.13306 
0.254517 0.17822 0.7935 -0.12939 0.7690 0.13306 
0.254517 0.17822 0.7935 -0.12939 0.7690 0.13306 
0.254517 0.17822 0.7935 -0.12939 0.7690 0.13306 
0.254517 0.17822 0.7935 -0.12939 0.7690 0.13306 
0.254517 0.17822 0.7935 -0.12939 0.7690 0.13306 
0.254517 0.17822 0.7935 -0.12939 0.7690 0.13306 
0.255493 0.18066 0.9888 -0.15747 0.8179 0.18066 
0.255493 0.18066 0.9888 -0.15747 0.8179 0.18066 
0.255493 0.18066 0.9888 -0.15747 0.8179 0.18066 
0.255493 0.18066 0.9888 -0.15747 0.8179 0.18066 
0.255493 0.18066 0.9888 -0.15747 0.8179 0.18066 
0.255493 0.18066 0.9888 -0.15747 0.8179 0.18066 
0.255493 0.18066 0.9888 -0.15747 0.8179 0.18066 
0.255493 0.18066 0.9888 -0.15747 0.8179 0.18066 
0.255493 0.18066 0.9888 -0.15747 0.8179 0.18066 
0.255493 0.18066 0.9888 -0.15747 0.8179 0.18066 
0.255493 0.18066 0.12329 -0.14282 0.7568 0.20264 
0.257690 0.17822 0.12329 -0.14282 0.7568 0.20264 
0.257690 0.17822 0.12329 -0.14282 0.7568 0.20264 
0.257690 0.17822 0.12329 -0.14282 0.7568 0.20264 
0.257690 0.17822 0.12329 -0.14282 0.7568 0.20264 
0.257690 0.17822 0.12329 -0.14282 0.7568 0.20264 
0.257690 0.17822 0.12329 -0.14282 0.7568 0.20264 
0.257690 0.17822 0.12329 -0.14282 0.7568 0.20264 
0.257690 0.17822 0.12329 -0.14282 0.7568 0.20264 
0.257690 0.17822 0.12329 -0.14282 0.7568 0.20264 
0.257690 0.17822 0.12329 -0.14282 0.5005 0.19653 
0.260376 0.17334 0.13550 -0.8545 0.5005 0.19653 
0.260376 0.17334 0.13550 -0.8545 0.5005 0.19653 
0.260376 0.17334 0.13550 -0.8545 0.5005 0.19653 
0.260376 0.17334 0.13550 -0.8545 0.5005 0.19653 
0.260376 0.17334 0.13550 -0.8545 0.5005 0.19653 
0.260376 0.17334 0.13550 -0.8545 0.5005 0.19653 
0.260376 0.17334 0.13550 -0.8545 0.5005 0.19653 
0.260376 0.17334 0.13550 -0.8545 0.5005 0.19653 
0.260376 0.17334 0.13550 -0.8545 0.5005 0.19653 
0.260376 0.17334 0.13550 -0.8545 0.5005 0.19653 
0.261719 0.16724 0.12695 -0.1099 0.488 0.17212 
0.261719 0.16724 0.12695 -0.1099 0.488 0.17212 
0.261719 0.16724 0.12695 -0.1099 0.488 0.17212 
0.261719 0.16724 0.12695 -0.1099 0.488 0.17212 
0.261719 0.16724 0.12695 -0.1099 0.488 0.17212 
0.261719 0.16724 0.12695 -0.1099 0.488 0.17212 
0.261719 0.16724 0.12695 -0.1099 0.488 0.17212 
0.261719 0.16724 0.12695 -0.1099 0.488 0.17212 
0.261719 0.16724 0.12695 -0.1099 0.488 0.17212 
0.261719 0.16724 0.12695 -0.1099 0.488 0.17212 
0.261719 0.15381 0.11353 0.4517 -0.4883 0.14893 
0.262207 0.15381 0.11353 0.4517 -0.4883 0.14893 
0.262207 0.15381 0.11353 0.4517 -0.4883 0.14893 
0.262207 0.15381 0.11353 0.4517 -0.4883 0.14893 
0.262207 0.15381 0.11353 0.4517 -0.4883 0.14893 
0.262207 0.15381 0.11353 0.4517 -0.4883 0.14893 
