0.247559 0.16602 -0.2319 -0.5371 -0.2441 -0.10132 
0.247559 0.16602 -0.2319 -0.5371 -0.2441 -0.10132 
0.247559 0.16602 -0.2319 -0.5371 -0.2441 -0.10132 
0.247559 0.16602 -0.2319 -0.5371 -0.2441 -0.10132 
0.247559 0.16602 -0.2319 -0.5371 -0.2441 -0.10132 
0.247559 0.16602 -0.2319 -0.5371 -0.2441 -0.10132 
0.247559 0.16602 -0.2319 -0.8057 -0.1343 -0.9521 
0.244141 0.17578 -0.4028 -0.8057 -0.1343 -0.9521 
0.244141 0.17578 -0.4028 -0.8057 -0.1343 -0.9521 
0.244141 0.17578 -0.4028 -0.8057 -0.1343 -0.9521 
0.244141 0.17578 -0.4028 -0.8057 -0.1343 -0.9521 
0.244141 0.17578 -0.4028 -0.8057 -0.1343 -0.9521 
0.244141 0.17578 -0.4028 -0.8057 -0.1343 -0.9521 
0.244141 0.17578 -0.4028 -0.8057 -0.1343 -0.9521 
0.244141 0.17578 -0.4028 -0.8057 -0.1343 -0.9521 
0.244141 0.17578 -0.4028 -0.8057 -0.1343 -0.9521 
0.244141 0.17578 -0.4028 -0.8057 -0.1343 -0.7324 
0.242920 0.17944 -0.5859 -0.9888 -0.122 -0.7324 
0.242920 0.17944 -0.5859 -0.9888 -0.122 -0.7324 
0.242920 0.17944 -0.5859 -0.9888 -0.122 -0.7324 
0.242920 0.17944 -0.5859 -0.9888 -0.122 -0.7324 
0.242920 0.17944 -0.5859 -0.9888 -0.122 -0.7324 
0.242920 0.17944 -0.5859 -0.9888 -0.122 -0.7324 
0.242920 0.17944 -0.5859 -0.9888 -0.122 -0.7324 
0.242920 0.17944 -0.5859 -0.9888 -0.122 -0.7324 
0.242920 0.17944 -0.5859 -0.9888 -0.122 -0.7324 
0.242920 0.17944 -0.5859 -0.9888 -0.122 -0.7324 
0.242920 0.17822 -0.7813 -0.11719 0.366 -0.5249 
0.243286 0.17822 -0.7813 -0.11719 0.366 -0.5249 
0.243286 0.17822 -0.7813 -0.11719 0.366 -0.5249 
0.243286 0.17822 -0.7813 -0.11719 0.366 -0.5249 
0.243286 0.17822 -0.7813 -0.11719 0.366 -0.5249 
0.243286 0.17822 -0.7813 -0.11719 0.366 -0.5249 
0.243286 0.17822 -0.7813 -0.11719 0.366 -0.5249 
0.243286 0.17822 -0.7813 -0.11719 0.366 -0.5249 
0.243286 0.17822 -0.7813 -0.11719 0.366 -0.5249 
0.243286 0.17822 -0.7813 -0.11719 0.366 -0.5249 
0.243286 0.17822 -0.7813 -0.14038 0.122 -0.4272 
0.244263 0.17700 -0.8667 -0.14038 0.122 -0.4272 
0.244263 0.17700 -0.8667 -0.14038 0.122 -0.4272 
0.244263 0.17700 -0.8667 -0.14038 0.122 -0.4272 
0.244263 0.17700 -0.8667 -0.14038 0.122 -0.4272 
0.244263 0.17700 -0.8667 -0.14038 0.122 -0.4272 
0.244263 0.17700 -0.8667 -0.14038 0.122 -0.4272 
0.244263 0.17700 -0.8667 -0.14038 0.122 -0.4272 
0.244263 0.17700 -0.8667 -0.14038 0.122 -0.4272 
0.244263 0.17700 -0.8667 -0.14038 0.122 -0.4272 
0.244263 0.17700 -0.8667 -0.14038 0.30762 -0.4150 
0.245850 0.17944 -0.9277 -0.15503 -0.488 -0.4150 
0.245850 0.17944 -0.9277 -0.15503 -0.488 -0.4150 
0.245850 0.17944 -0.9277 -0.15503 -0.488 -0.4150 
0.245850 0.17944 -0.9277 -0.15503 -0.488 -0.4150 
0.245850 0.17944 -0.9277 -0.15503 -0.488 -0.4150 
0.245850 0.17944 -0.9277 -0.15503 -0.488 -0.4150 
0.245850 0.17944 -0.9277 -0.15503 -0.488 -0.4150 
0.245850 0.17944 -0.9277 -0.15503 -0.488 -0.4150 
0.245850 0.17944 -0.9277 -0.15503 -0.488 -0.4150 
0.245850 0.17944 -0.9277 -0.15503 -0.488 -0.4150 
0.248901 0.17578 -0.9644 -0.16602 -0.610 -0.4517 
0.248901 0.17578 -0.9644 -0.16602 -0.610 -0.4517 
0.248901 0.17578 -0.9644 -0.16602 -0.610 -0.4517 
0.248901 0.17578 -0.9644 -0.16602 -0.610 -0.4517 
0.248901 0.17578 -0.9644 -0.16602 -0.610 -0.4517 
0.248901 0.17578 -0.9644 -0.16602 -0.610 -0.4517 
0.248901 0.17578 -0.9644 -0.16602 -0.610 -0.4517 
0.248901 0.17578 -0.9644 -0.16602 -0.610 -0.4517 
0.248901 0.17578 -0.9644 -0.16602 -0.610 -0.4517 
0.248901 0.17578 -0.9644 -0.16602 -0.610 -0.4517 
0.248901 0.17578 -0.9399 -0.16113 0.366 -0.5493 
0.252197 0.16724 -0.9399 -0.16113 0.366 -0.5493 
0.252197 0.16724 -0.9399 -0.16113 0.366 -0.5493 
0.252197 0.16724 -0.9399 -0.16113 0.366 -0.5493 
0.252197 0.16724 -0.9399 -0.16113 0.366 -0.5493 
0.252197 0.16724 -0.9399 -0.16113 0.366 -0.5493 
0.252197 0.16724 -0.9399 -0.16113 0.366 -0.5493 
0.252197 0.16724 -0.9399 -0.16113 0.366 -0.5493 
0.252197 0.16724 -0.9399 -0.16113 0.366 -0.5493 
0.252197 0.16724 -0.9399 -0.16113 0.366 -0.5493 
0.252197 0.16724 -0.9399 -0.16113 0.2563 -0.6592 
0.255493 0.16479 -0.8179 -0.12817 0.2563 -0.6592 
0.255493 0.16479 -0.8179 -0.12817 0.2563 -0.6592 
0.255493 0.16479 -0.8179 -0.12817 0.2563 -0.6592 
0.255493 0.16479 -0.8179 -0.12817 0.2563 -0.6592 
0.255493 0.16479 -0.8179 -0.12817 0.2563 -0.6592 
0.255493 0.16479 -0.8179 -0.12817 0.2563 -0.6592 
0.255493 0.16479 -0.8179 -0.12817 0.2563 -0.6592 
0.255493 0.16479 -0.8179 -0.12817 0.2563 -0.6592 
0.255493 0.16479 -0.8179 -0.12817 0.2563 -0.6592 
0.255493 0.16479 -0.8179 -0.12817 0.2563 -0.6592 
0.257446 0.17334 -0.6104 -0.7568 0.5249 -0.7202 
0.257446 0.17334 -0.6104 -0.7568 0.5249 -0.7202 
0.257446 0.17334 -0.6104 -0.7568 0.5249 -0.7202 
0.257446 0.17334 -0.6104 -0.7568 0.5249 -0.7202 
0.257446 0.17334 -0.6104 -0.7568 0.5249 -0.7202 
0.257446 0.17334 -0.6104 -0.7568 0.5249 -0.7202 
0.257446 0.17334 -0.6104 -0.7568 0.5249 -0.7202 
0.257446 0.17334 -0.6104 -0.7568 0.5249 -0.7202 
0.257446 0.17334 -0.6104 -0.7568 0.5249 -0.7202 
0.257446 0.17334 -0.6104 -0.7568 0.5249 -0.7202 
0.257446 0.18555 -0.5127 -0.1953 0.8057 -0.7202 
0.256836 0.18555 -0.5127 -0.1953 0.8057 -0.7202 
0.256836 0.18555 -0.5127 -0.1953 0.8057 -0.7202 
0.256836 0.18555 -0.5127 -0.1953 0.8057 -0.7202 
0.256836 0.18555 -0.5127 -0.1953 0.8057 -0.7202 
0.256836 0.18555 -0.5127 -0.1953 0.8057 -0.7202 
0.256836 0.18555 -0.5127 -0.1953 0.8057 -0.7202 
0.256836 0.18555 -0.5127 -0.1953 0.8057 -0.7202 
0.256836 0.18555 -0.5127 -0.1953 0.8057 -0.7202 
0.256836 0.18555 -0.5127 -0.1953 0.8057 -0.7202 
0.256836 0.18555 -0.5127 -0.29785 0.10376 -0.5859 
0.257324 0.19653 -0.3784 0.1465 0.10376 -0.5859 
0.257324 0.19653 -0.3784 0.1465 0.10376 -0.5859 
0.257324 0.19653 -0.3784 0.1465 0.10376 -0.5859 
0.257324 0.19653 -0.3784 0.1465 0.10376 -0.5859 
0.257324 0.19653 -0.3784 0.1465 0.10376 -0.5859 
0.257324 0.19653 -0.3784 0.1465 0.10376 -0.5859 
0.257324 0.19653 -0.3784 0.1465 0.10376 -0.5859 
0.257324 0.19653 -0.3784 0.1465 0.10376 -0.5859 
0.257324 0.19653 -0.3784 0.1465 0.10376 -0.5859 
0.257324 0.19653 -0.3784 0.1465 0.10376 -0.5127 
0.259644 0.20020 -0.1099 0.3662 0.11353 -0.5127 
0.259644 0.20020 -0.1099 0.3662 0.11353 -0.5127 
0.259644 0.20020 -0.1099 0.3662 0.11353 -0.5127 
0.259644 0.20020 -0.1099 0.3662 0.11353 -0.5127 
0.259644 0.20020 -0.1099 0.3662 0.11353 -0.5127 
0.259644 0.20020 -0.1099 0.3662 0.11353 -0.5127 
0.259644 0.20020 -0.1099 0.3662 0.11353 -0.5127 
0.259644 0.20020 -0.1099 0.3662 0.11353 -0.5127 
0.259644 0.20020 -0.1099 0.3662 0.11353 -0.5127 
0.259644 0.20020 -0.1099 0.3662 0.11353 -0.5127 
0.259644 0.20264 0.1831 0.5859 0.11230 -0.6348 
0.263062 0.20264 0.1831 0.5859 0.11230 -0.6348 
0.263062 0.20264 0.1831 0.5859 0.11230 -0.6348 
0.263062 0.20264 0.1831 0.5859 0.11230 -0.6348 
0.263062 0.20264 0.1831 0.5859 0.11230 -0.6348 
0.263062 0.20264 0.1831 0.5859 0.11230 -0.6348 
0.263062 0.20264 0.1831 0.5859 0.11230 -0.6348 
0.263062 0.20264 0.1831 0.5859 0.11230 -0.6348 
0.263062 0.20264 0.1831 0.5859 0.11230 -0.6348 
0.263062 0.20264 0.1831 0.5859 0.11230 -0.6348 
0.263062 0.20264 0.1831 0.8423 0.10254 -0.9521 
0.265747 0.20264 0.4150 0.8423 0.10254 -0.9521 
0.265747 0.20264 0.4150 0.8423 0.10254 -0.9521 
0.265747 0.20264 0.4150 0.8423 0.10254 -0.9521 
0.265747 0.20264 0.4150 0.8423 0.10254 -0.9521 
0.265747 0.20264 0.4150 0.8423 0.10254 -0.9521 
0.265747 0.20264 0.4150 0.8423 0.10254 -0.9521 
0.265747 0.20264 0.4150 0.8423 0.10254 -0.9521 
0.265747 0.20264 0.4150 0.8423 0.10254 -0.9521 
0.265747 0.20264 0.4150 0.8423 0.10254 -0.9521 
