0.248535 0.3906 0.11475 -0.11475 0.8179 0.4883 
0.248535 0.3906 0.11475 -0.11475 0.8179 0.4883 
0.248535 0.3906 0.11475 -0.11475 0.8179 0.4883 
0.248535 0.3906 0.11475 -0.11475 0.8179 0.4883 
0.248535 0.3906 0.11475 -0.11475 0.8179 0.4883 
0.248535 0.3906 0.11475 -0.11475 0.8179 0.4883 
0.248535 0.3906 0.11475 -0.11475 0.8179 0.4883 
0.248535 0.3906 0.11475 -0.11475 0.8179 0.4883 
0.248535 0.3662 0.13184 -0.11597 0.7080 0.4883 
0.250855 0.3662 0.13184 -0.11597 0.7080 0.4883 
0.250855 0.3662 0.13184 -0.11597 0.7080 0.4883 
0.250855 0.3662 0.13184 -0.11597 0.7080 0.4883 
0.250855 0.3662 0.13184 -0.11597 0.7080 0.4883 
0.250855 0.3662 0.13184 -0.11597 0.7080 0.4883 
0.250855 0.3662 0.13184 -0.11597 0.7080 0.4883 
0.250855 0.3662 0.13184 -0.11597 0.7080 0.4883 
0.250855 0.3662 0.13184 -0.11597 0.7080 0.4883 
0.250855 0.3662 0.13184 -0.11597 0.7080 0.4883 
0.250855 0.3662 0.13184 -0.10498 0.5737 0.5493 
0.253418 0.3174 0.14404 -0.10498 0.5737 0.5493 
0.253418 0.3174 0.14404 -0.10498 0.5737 0.5493 
0.253418 0.3174 0.14404 -0.10498 0.5737 0.5493 
0.253418 0.3174 0.14404 -0.10498 0.5737 0.5493 
0.253418 0.3174 0.14404 -0.10498 0.5737 0.5493 
0.253418 0.3174 0.14404 -0.10498 0.5737 0.5493 
0.253418 0.3174 0.14404 -0.10498 0.5737 0.5493 
0.253418 0.3174 0.14404 -0.10498 0.5737 0.5493 
0.253418 0.3174 0.14404 -0.10498 0.5737 0.5493 
0.253418 0.3174 0.14404 -0.10498 0.5737 0.6470 
0.256348 0.2686 0.15625 -0.8545 0.4150 0.6470 
0.256348 0.2686 0.15625 -0.8545 0.4150 0.6470 
0.256348 0.2686 0.15625 -0.8545 0.4150 0.6470 
0.256348 0.2686 0.15625 -0.8545 0.4150 0.6470 
0.256348 0.2686 0.15625 -0.8545 0.4150 0.6470 
0.256348 0.2686 0.15625 -0.8545 0.4150 0.6470 
0.256348 0.2686 0.15625 -0.8545 0.4150 0.6470 
0.256348 0.2686 0.15625 -0.8545 0.4150 0.6470 
0.256348 0.2686 0.15625 -0.8545 0.4150 0.6470 
0.256348 0.2686 0.15625 -0.8545 0.4150 0.6470 
0.256348 0.2319 0.16602 -0.6226 0.3052 0.5981 
0.258667 0.2319 0.16602 -0.6226 0.3052 0.5981 
0.258667 0.2319 0.16602 -0.6226 0.3052 0.5981 
0.258667 0.2319 0.16602 -0.6226 0.3052 0.5981 
0.258667 0.2319 0.16602 -0.6226 0.3052 0.5981 
0.258667 0.2319 0.16602 -0.6226 0.3052 0.5981 
0.258667 0.2319 0.16602 -0.6226 0.3052 0.5981 
0.258667 0.2319 0.16602 -0.6226 0.3052 0.5981 
0.258667 0.2319 0.16602 -0.6226 0.3052 0.5981 
0.258667 0.2319 0.16602 -0.6226 0.3052 0.5981 
0.258667 0.2319 0.16602 -0.3662 0.2686 0.3784 
0.260254 0.2319 0.17822 -0.3662 0.2686 0.3784 
0.260254 0.2319 0.17822 -0.3662 0.2686 0.3784 
0.260254 0.2319 0.17822 -0.3662 0.2686 0.3784 
0.260254 0.2319 0.17822 -0.3662 0.2686 0.3784 
0.260254 0.2319 0.17822 -0.3662 0.2686 0.3784 
0.260254 0.2319 0.17822 -0.3662 0.2686 0.3784 
0.260254 0.2319 0.17822 -0.3662 0.2686 0.3784 
0.260254 0.2319 0.17822 -0.3662 0.2686 0.3784 
0.260254 0.2319 0.17822 -0.3662 0.2686 0.3784 
0.260254 0.2319 0.17822 -0.3662 0.2563 0.610 
0.262207 0.2319 0.20142 -0.1587 0.2563 0.610 
0.262207 0.2319 0.20142 -0.1587 0.2563 0.610 
0.262207 0.2319 0.20142 -0.1587 0.2563 0.610 
0.262207 0.2319 0.20142 -0.1587 0.2563 0.610 
0.262207 0.2319 0.20142 -0.1587 0.2563 0.610 
0.262207 0.2319 0.20142 -0.1587 0.2563 0.610 
0.262207 0.2319 0.20142 -0.1587 0.2563 0.610 
0.262207 0.2319 0.20142 -0.1587 0.2563 0.610 
0.262207 0.2319 0.20142 -0.1587 0.2563 0.610 
0.262207 0.2319 0.20142 -0.1587 0.2563 0.610 
0.264282 0.2563 0.21851 -0.366 0.3174 -0.3052 
0.264282 0.2563 0.21851 -0.366 0.3174 -0.3052 
0.264282 0.2563 0.21851 -0.366 0.3174 -0.3052 
0.264282 0.2563 0.21851 -0.366 0.3174 -0.3052 
0.264282 0.2563 0.21851 -0.366 0.3174 -0.3052 
0.264282 0.2563 0.21851 -0.366 0.3174 -0.3052 
0.264282 0.2563 0.21851 -0.366 0.3174 -0.3052 
0.264282 0.2563 0.21851 -0.366 0.3174 -0.3052 
0.264282 0.2563 0.21851 -0.366 0.3174 -0.3052 
0.264282 0.2563 0.21851 -0.366 0.3174 -0.3052 
0.264282 0.2563 0.23193 0.366 0.4150 -0.6226 
0.265503 0.2319 0.23193 0.366 0.4150 -0.6226 
0.265503 0.2319 0.23193 0.366 0.4150 -0.6226 
0.265503 0.2319 0.23193 0.366 0.4150 -0.6226 
0.265503 0.2319 0.23193 0.366 0.4150 -0.6226 
0.265503 0.2319 0.23193 0.366 0.4150 -0.6226 
0.265503 0.2319 0.23193 0.366 0.4150 -0.6226 
0.265503 0.2319 0.23193 0.366 0.4150 -0.6226 
0.265503 0.2319 0.23193 0.366 0.4150 -0.6226 
0.265503 0.2319 0.23193 0.366 0.4150 -0.6226 
0.265503 0.2319 0.23193 0.366 0.5737 -0.8179 
0.266602 0.2197 0.24780 0.732 0.5737 -0.8179 
0.266602 0.2197 0.24780 0.732 0.5737 -0.8179 
0.266602 0.2197 0.24780 0.732 0.5737 -0.8179 
0.266602 0.2197 0.24780 0.732 0.5737 -0.8179 
0.266602 0.2197 0.24780 0.732 0.5737 -0.8179 
0.266602 0.2197 0.24780 0.732 0.5737 -0.8179 
0.266602 0.2197 0.24780 0.732 0.5737 -0.8179 
0.266602 0.2197 0.24780 0.732 0.5737 -0.8179 
0.266602 0.2197 0.24780 0.732 0.5737 -0.8179 
0.266602 0.2197 0.24780 0.732 0.5737 -0.8179 
0.269165 0.2197 0.27344 0.1587 0.6836 -0.9033 
0.269165 0.2197 0.27344 0.1587 0.6836 -0.9033 
0.269165 0.2197 0.27344 0.1587 0.6836 -0.9033 
0.269165 0.2197 0.27344 0.1587 0.6836 -0.9033 
0.269165 0.2197 0.27344 0.1587 0.6836 -0.9033 
0.269165 0.2197 0.27344 0.1587 0.6836 -0.9033 
0.269165 0.2197 0.27344 0.1587 0.6836 -0.9033 
0.269165 0.2197 0.27344 0.1587 0.6836 -0.9033 
0.269165 0.2197 0.27344 0.1587 0.6836 -0.9033 
0.269165 0.2197 0.27344 0.1587 0.6836 -0.9033 
0.269165 0.2563 0.29785 0.4639 0.7202 -0.9766 
0.270996 0.2563 0.29785 0.4639 0.7202 -0.9766 
0.270996 0.2563 0.29785 0.4639 0.7202 -0.9766 
0.270996 0.2563 0.29785 0.4639 0.7202 -0.9766 
0.270996 0.2563 0.29785 0.4639 0.7202 -0.9766 
0.270996 0.2563 0.29785 0.4639 0.7202 -0.9766 
0.270996 0.2563 0.29785 0.4639 0.7202 -0.9766 
0.270996 0.2563 0.29785 0.4639 0.7202 -0.9766 
0.270996 0.2563 0.29785 0.4639 0.7202 -0.9766 
0.270996 0.2563 0.29785 0.4639 0.7202 -0.9766 
0.270996 0.2563 0.29785 0.10254 0.5371 -0.10498 
0.271851 0.2930 0.31860 0.10254 0.5371 -0.10498 
0.271851 0.2930 0.31860 0.10254 0.5371 -0.10498 
0.271851 0.2930 0.31860 0.10254 0.5371 -0.10498 
0.271851 0.2930 0.31860 0.10254 0.5371 -0.10498 
0.271851 0.2930 0.31860 0.10254 0.5371 -0.10498 
0.271851 0.2930 0.31860 0.10254 0.5371 -0.10498 
0.271851 0.2930 0.31860 0.10254 0.5371 -0.10498 
0.271851 0.2930 0.31860 0.10254 0.5371 -0.10498 
0.271851 0.2930 0.31860 0.10254 0.5371 -0.10498 
0.271851 0.2930 0.31860 0.10254 0.5371 -0.10864 
0.273804 0.2319 0.33569 0.16724 0.1343 -0.10864 
0.273804 0.2319 0.33569 0.16724 0.1343 -0.10864 
0.273804 0.2319 0.33569 0.16724 0.1343 -0.10864 
0.273804 0.2319 0.33569 0.16724 0.1343 -0.10864 
0.273804 0.2319 0.33569 0.16724 0.1343 -0.10864 
0.273804 0.2319 0.33569 0.16724 0.1343 -0.10864 
0.273804 0.2319 0.33569 0.16724 0.1343 -0.10864 
0.273804 0.2319 0.33569 0.16724 0.1343 -0.10864 
0.273804 0.2319 0.33569 0.16724 0.1343 -0.10864 
0.273804 0.2319 0.33569 0.16724 0.1343 -0.10864 
0.273804 0.732 0.32227 0.23193 -0.3174 -0.10864 
0.274414 0.732 0.32227 0.23193 -0.3174 -0.10864 
0.274414 0.732 0.32227 0.23193 -0.3174 -0.10864 
0.274414 0.732 0.32227 0.23193 -0.3174 -0.10864 
0.274414 0.732 0.32227 0.23193 -0.3174 -0.10864 
0.274414 0.732 0.32227 0.23193 -0.3174 -0.10864 
0.274414 0.732 0.32227 0.23193 -0.3174 -0.10864 
0.274414 0.732 0.32227 0.23193 -0.3174 -0.10864 
