0.256714 0.22949 -0.22827 -0.19043 0.3540 -0.3662 
0.256714 0.22949 -0.22827 -0.17944 0.5127 -0.3540 
0.256348 0.22949 -0.21729 -0.17944 0.5127 -0.3540 
0.256348 0.22949 -0.21729 -0.17944 0.5127 -0.3540 
0.256348 0.22949 -0.21729 -0.17944 0.5127 -0.3540 
0.256348 0.22949 -0.21729 -0.17944 0.5127 -0.3540 
0.256348 0.22949 -0.21729 -0.17944 0.5127 -0.3540 
0.256348 0.22949 -0.21729 -0.17944 0.5127 -0.3540 
0.256348 0.22949 -0.21729 -0.17944 0.5127 -0.3540 
0.256348 0.22949 -0.21729 -0.17944 0.5127 -0.3540 
0.256348 0.22949 -0.21729 -0.17944 0.5127 -0.3540 
0.256348 0.22949 -0.21729 -0.17944 0.5127 -0.5005 
0.256470 0.23804 -0.21362 -0.16235 0.6104 -0.5005 
0.256470 0.23804 -0.21362 -0.16235 0.6104 -0.5005 
0.256470 0.23804 -0.21362 -0.16235 0.6104 -0.5005 
0.256470 0.23804 -0.21362 -0.16235 0.6104 -0.5005 
0.256470 0.23804 -0.21362 -0.16235 0.6104 -0.5005 
0.256470 0.23804 -0.21362 -0.16235 0.6104 -0.5005 
0.256470 0.23804 -0.21362 -0.16235 0.6104 -0.5005 
0.256470 0.23804 -0.21362 -0.16235 0.6104 -0.5005 
0.256470 0.23804 -0.21362 -0.16235 0.6104 -0.5005 
0.256470 0.23804 -0.21362 -0.16235 0.6104 -0.5005 
0.256470 0.23682 -0.20752 -0.14404 0.5249 -0.5615 
0.257568 0.23682 -0.20752 -0.14404 0.5249 -0.5615 
0.257568 0.23682 -0.20752 -0.14404 0.5249 -0.5615 
0.257568 0.23682 -0.20752 -0.14404 0.5249 -0.5615 
0.257568 0.23682 -0.20752 -0.14404 0.5249 -0.5615 
0.257568 0.23682 -0.20752 -0.14404 0.5249 -0.5615 
0.257568 0.23682 -0.20752 -0.14404 0.5249 -0.5615 
0.257568 0.23682 -0.20752 -0.14404 0.5249 -0.5615 
0.257568 0.23682 -0.20752 -0.14404 0.5249 -0.5615 
0.257568 0.23682 -0.20752 -0.14404 0.5249 -0.5615 
0.257568 0.23682 -0.20752 -0.11963 0.3052 -0.7324 
0.258179 0.23560 -0.20142 -0.11963 0.3052 -0.7324 
0.258179 0.23560 -0.20142 -0.11963 0.3052 -0.7324 
0.258179 0.23560 -0.20142 -0.11963 0.3052 -0.7324 
0.258179 0.23560 -0.20142 -0.11963 0.3052 -0.7324 
0.258179 0.23560 -0.20142 -0.11963 0.3052 -0.7324 
0.258179 0.23560 -0.20142 -0.11963 0.3052 -0.7324 
0.258179 0.23560 -0.20142 -0.11963 0.3052 -0.7324 
0.258179 0.23560 -0.20142 -0.11963 0.3052 -0.7324 
0.258179 0.23560 -0.20142 -0.11963 0.3052 -0.7324 
0.258179 0.23560 -0.20142 -0.11963 0.00 -0.9277 
0.257202 0.23682 -0.20752 -0.9888 0.00 -0.9277 
0.257202 0.23682 -0.20752 -0.9888 0.00 -0.9277 
0.257202 0.23682 -0.20752 -0.9888 0.00 -0.9277 
0.257202 0.23682 -0.20752 -0.9888 0.00 -0.9277 
0.257202 0.23682 -0.20752 -0.9888 0.00 -0.9277 
0.257202 0.23682 -0.20752 -0.9888 0.00 -0.9277 
0.257202 0.23682 -0.20752 -0.9888 0.00 -0.9277 
0.257202 0.23682 -0.20752 -0.9888 0.00 -0.9277 
0.257202 0.23682 -0.20752 -0.9888 0.00 -0.9277 
0.257202 0.23682 -0.20752 -0.9888 0.00 -0.9277 
0.255859 0.24170 -0.21973 -0.10254 -0.3052 -0.10010 
0.255859 0.24170 -0.21973 -0.10254 -0.3052 -0.10010 
0.255859 0.24170 -0.21973 -0.10254 -0.3052 -0.10010 
0.255859 0.24170 -0.21973 -0.10254 -0.3052 -0.10010 
0.255859 0.24170 -0.21973 -0.10254 -0.3052 -0.10010 
0.255859 0.24170 -0.21973 -0.10254 -0.3052 -0.10010 
0.255859 0.24170 -0.21973 -0.10254 -0.3052 -0.10010 
0.255859 0.24170 -0.21973 -0.10254 -0.3052 -0.10010 
0.255859 0.24170 -0.21973 -0.10254 -0.3052 -0.10010 
0.255859 0.24170 -0.21973 -0.10254 -0.3052 -0.10010 
0.255859 0.24170 -0.22217 -0.13062 -0.5737 -0.9766 
0.256104 0.24902 -0.22217 -0.13062 -0.5737 -0.9766 
0.256104 0.24902 -0.22217 -0.13062 -0.5737 -0.9766 
0.256104 0.24902 -0.22217 -0.13062 -0.5737 -0.9766 
0.256104 0.24902 -0.22217 -0.13062 -0.5737 -0.9766 
0.256104 0.24902 -0.22217 -0.13062 -0.5737 -0.9766 
0.256104 0.24902 -0.22217 -0.13062 -0.5737 -0.9766 
0.256104 0.24902 -0.22217 -0.13062 -0.5737 -0.9766 
0.256104 0.24902 -0.22217 -0.13062 -0.5737 -0.9766 
0.256104 0.24902 -0.22217 -0.13062 -0.5737 -0.9766 
0.256104 0.24902 -0.22217 -0.13062 -0.7690 -0.9521 
0.256226 0.26123 -0.21362 -0.16357 -0.7690 -0.9521 
0.256226 0.26123 -0.21362 -0.16357 -0.7690 -0.9521 
0.256226 0.26123 -0.21362 -0.16357 -0.7690 -0.9521 
0.256226 0.26123 -0.21362 -0.16357 -0.7690 -0.9521 
0.256226 0.26123 -0.21362 -0.16357 -0.7690 -0.9521 
0.256226 0.26123 -0.21362 -0.16357 -0.7690 -0.9521 
0.256226 0.26123 -0.21362 -0.16357 -0.7690 -0.9521 
0.256226 0.26123 -0.21362 -0.16357 -0.7690 -0.9521 
0.256226 0.26123 -0.21362 -0.16357 -0.7690 -0.9521 
0.256226 0.26123 -0.21362 -0.16357 -0.7690 -0.9521 
0.255005 0.26733 -0.21729 -0.17822 -0.9399 -0.8667 
0.255005 0.26733 -0.21729 -0.17822 -0.9399 -0.8667 
0.255005 0.26733 -0.21729 -0.17822 -0.9399 -0.8667 
0.255005 0.26733 -0.21729 -0.17822 -0.9399 -0.8667 
0.255005 0.26733 -0.21729 -0.17822 -0.9399 -0.8667 
0.255005 0.26733 -0.21729 -0.17822 -0.9399 -0.8667 
0.255005 0.26733 -0.21729 -0.17822 -0.9399 -0.8667 
0.255005 0.26733 -0.21729 -0.17822 -0.9399 -0.8667 
0.255005 0.26733 -0.21729 -0.17822 -0.9399 -0.8667 
0.255005 0.26733 -0.21729 -0.17822 -0.9399 -0.8667 
0.255005 0.27710 -0.21240 -0.16357 -0.10620 -0.6226 
0.254761 0.27710 -0.21240 -0.16357 -0.10620 -0.6226 
0.254761 0.27710 -0.21240 -0.16357 -0.10620 -0.6226 
0.254761 0.27710 -0.21240 -0.16357 -0.10620 -0.6226 
0.254761 0.27710 -0.21240 -0.16357 -0.10620 -0.6226 
0.254761 0.27710 -0.21240 -0.16357 -0.10620 -0.6226 
0.254761 0.27710 -0.21240 -0.16357 -0.10620 -0.6226 
0.254761 0.27710 -0.21240 -0.16357 -0.10620 -0.6226 
0.254761 0.27710 -0.21240 -0.16357 -0.10620 -0.6226 
0.254761 0.27710 -0.21240 -0.16357 -0.10620 -0.6226 
0.254761 0.27710 -0.21240 -0.11108 -0.11353 -0.3296 
0.254761 0.28442 -0.21118 -0.11108 -0.11353 -0.3296 
0.254761 0.28442 -0.21118 -0.11108 -0.11353 -0.3296 
0.254761 0.28442 -0.21118 -0.11108 -0.11353 -0.3296 
0.254761 0.28442 -0.21118 -0.11108 -0.11353 -0.3296 
0.254761 0.28442 -0.21118 -0.11108 -0.11353 -0.3296 
0.254761 0.28442 -0.21118 -0.11108 -0.11353 -0.3296 
0.254761 0.28442 -0.21118 -0.11108 -0.11353 -0.3296 
0.254761 0.28442 -0.21118 -0.11108 -0.11353 -0.3296 
0.254761 0.28442 -0.21118 -0.11108 -0.11353 -0.3296 
0.254761 0.28442 -0.21118 -0.11108 -0.11353 -0.854 
0.255859 0.28687 -0.20386 -0.4150 -0.11353 -0.854 
0.255859 0.28687 -0.20386 -0.4150 -0.11353 -0.854 
0.255859 0.28687 -0.20386 -0.4150 -0.11353 -0.854 
0.255859 0.28687 -0.20386 -0.4150 -0.11353 -0.854 
0.255859 0.28687 -0.20386 -0.4150 -0.11353 -0.854 
0.255859 0.28687 -0.20386 -0.4150 -0.11353 -0.854 
0.255859 0.28687 -0.20386 -0.4150 -0.11353 -0.854 
0.255859 0.28687 -0.20386 -0.4150 -0.11353 -0.854 
0.255859 0.28687 -0.20386 -0.4150 -0.11353 -0.854 
0.255859 0.28687 -0.20386 -0.4150 -0.11353 -0.854 
0.255859 0.28931 -0.19043 0.2930 -0.9766 -0.366 
0.257202 0.28931 -0.19043 0.2930 -0.9766 -0.366 
0.257202 0.28931 -0.19043 0.2930 -0.9766 -0.366 
0.257202 0.28931 -0.19043 0.2930 -0.9766 -0.366 
0.257202 0.28931 -0.19043 0.2930 -0.9766 -0.366 
0.257202 0.28931 -0.19043 0.2930 -0.9766 -0.366 
0.257202 0.28931 -0.19043 0.2930 -0.9766 -0.366 
0.257202 0.28931 -0.19043 0.2930 -0.9766 -0.366 
0.257202 0.28931 -0.19043 0.2930 -0.9766 -0.366 
0.257202 0.28931 -0.19043 0.2930 -0.9766 -0.366 
0.257202 0.28931 -0.19043 0.9521 -0.6592 -0.1831 
0.259399 0.28931 -0.17456 0.9521 -0.6592 -0.1831 
0.259399 0.28931 -0.17456 0.9521 -0.6592 -0.1831 
0.259399 0.28931 -0.17456 0.9521 -0.6592 -0.1831 
0.259399 0.28931 -0.17456 0.9521 -0.6592 -0.1831 
0.259399 0.28931 -0.17456 0.9521 -0.6592 -0.1831 
0.259399 0.28931 -0.17456 0.9521 -0.6592 -0.1831 
0.259399 0.28931 -0.17456 0.9521 -0.6592 -0.1831 
0.259399 0.28931 -0.17456 0.9521 -0.6592 -0.1831 
0.259399 0.28931 -0.17456 0.9521 -0.6592 -0.1831 
0.259399 0.28931 -0.17456 0.9521 -0.2197 -0.4150 
0.261353 0.28198 -0.16357 0.15381 -0.2197 -0.4150 
0.261353 0.28198 -0.16357 0.15381 -0.2197 -0.4150 
0.261353 0.28198 -0.16357 0.15381 -0.2197 -0.4150 
0.261353 0.28198 -0.16357 0.15381 -0.2197 -0.4150 
