0.252197 0.13672 0.34790 -0.15015 -0.1953 0.8911 
0.253906 0.13428 0.34790 -0.15015 -0.1953 0.8911 
0.253906 0.13428 0.34790 -0.15015 -0.1953 0.8911 
0.253906 0.13428 0.34790 -0.15015 -0.1953 0.8911 
0.253906 0.13428 0.34790 -0.15015 -0.1953 0.8911 
0.253906 0.13428 0.34790 -0.15015 -0.1953 0.8911 
0.253906 0.13428 0.34790 -0.15015 -0.1953 0.8911 
0.253906 0.13428 0.34790 -0.15015 -0.1953 0.8911 
0.253906 0.13428 0.34790 -0.15015 -0.1953 0.8911 
0.253906 0.13428 0.34790 -0.15015 -0.1953 0.8911 
0.253906 0.13428 0.34790 -0.15015 -0.1465 0.8057 
0.254395 0.13550 0.34058 -0.12573 -0.1465 0.8057 
0.254395 0.13550 0.34058 -0.12573 -0.1465 0.8057 
0.254395 0.13550 0.34058 -0.12573 -0.1465 0.8057 
0.254395 0.13550 0.34058 -0.12573 -0.1465 0.8057 
0.254395 0.13550 0.34058 -0.12573 -0.1465 0.8057 
0.254395 0.13550 0.34058 -0.12573 -0.1465 0.8057 
0.254395 0.13550 0.34058 -0.12573 -0.1465 0.8057 
0.254395 0.13550 0.34058 -0.12573 -0.1465 0.8057 
0.254395 0.13550 0.34058 -0.12573 -0.1465 0.8057 
0.254395 0.13550 0.34058 -0.12573 -0.1465 0.8057 
0.254150 0.13916 0.33203 -0.12695 -0.977 0.7080 
0.254150 0.13916 0.33203 -0.12695 -0.977 0.7080 
0.254150 0.13916 0.33203 -0.12695 -0.977 0.7080 
0.254150 0.13916 0.33203 -0.12695 -0.977 0.7080 
0.254150 0.13916 0.33203 -0.12695 -0.977 0.7080 
0.254150 0.13916 0.33203 -0.12695 -0.977 0.7080 
0.254150 0.13916 0.33203 -0.12695 -0.977 0.7080 
0.254150 0.13916 0.33203 -0.12695 -0.977 0.7080 
0.254150 0.13916 0.33203 -0.12695 -0.977 0.7080 
0.254150 0.13916 0.33203 -0.12695 -0.977 0.7080 
0.254150 0.14893 0.32837 -0.14160 -0.366 0.6714 
0.254639 0.14893 0.32837 -0.14160 -0.366 0.6714 
0.254639 0.14893 0.32837 -0.14160 -0.366 0.6714 
0.254639 0.14893 0.32837 -0.14160 -0.366 0.6714 
0.254639 0.14893 0.32837 -0.14160 -0.366 0.6714 
0.254639 0.14893 0.32837 -0.14160 -0.366 0.6714 
0.254639 0.14893 0.32837 -0.14160 -0.366 0.6714 
0.254639 0.14893 0.32837 -0.14160 -0.366 0.6714 
0.254639 0.14893 0.32837 -0.14160 -0.366 0.6714 
0.254639 0.14893 0.32837 -0.14160 -0.366 0.6714 
0.254639 0.14893 0.32837 -0.16113 0.244 0.6470 
0.256104 0.15625 0.33203 -0.16113 0.244 0.6470 
0.256104 0.15625 0.33203 -0.16113 0.244 0.6470 
0.256104 0.15625 0.33203 -0.16113 0.244 0.6470 
0.256104 0.15625 0.33203 -0.16113 0.244 0.6470 
0.256104 0.15625 0.33203 -0.16113 0.244 0.6470 
0.256104 0.15625 0.33203 -0.16113 0.244 0.6470 
0.256104 0.15625 0.33203 -0.16113 0.244 0.6470 
0.256104 0.15625 0.33203 -0.16113 0.244 0.6470 
0.256104 0.15625 0.33203 -0.16113 0.244 0.6470 
0.256104 0.15625 0.33203 -0.16113 0.244 0.5859 
0.256592 0.16235 0.33447 -0.16968 0.1465 0.5859 
0.256592 0.16235 0.33447 -0.16968 0.1465 0.5859 
0.256592 0.16235 0.33447 -0.16968 0.1465 0.5859 
0.256592 0.16235 0.33447 -0.16968 0.1465 0.5859 
0.256592 0.16235 0.33447 -0.16968 0.1465 0.5859 
0.256592 0.16235 0.33447 -0.16968 0.1465 0.5859 
0.256592 0.16235 0.33447 -0.16968 0.1465 0.5859 
0.256592 0.16235 0.33447 -0.16968 0.1465 0.5859 
0.256592 0.16235 0.33447 -0.16968 0.1465 0.5859 
0.256592 0.16235 0.33447 -0.16968 0.1465 0.5859 
0.256592 0.16479 0.32715 -0.17090 0.2930 0.5981 
0.256836 0.16479 0.32715 -0.17090 0.2930 0.5981 
0.256836 0.16479 0.32715 -0.17090 0.2930 0.5981 
0.256836 0.16479 0.32715 -0.17090 0.2930 0.5981 
0.256836 0.16479 0.32715 -0.17090 0.2930 0.5981 
0.256836 0.16479 0.32715 -0.17090 0.2930 0.5981 
0.256836 0.16479 0.32715 -0.17090 0.2930 0.5981 
0.256836 0.16479 0.32715 -0.17090 0.2930 0.5981 
0.256836 0.16479 0.32715 -0.17090 0.2930 0.5981 
0.256836 0.16479 0.32715 -0.17090 0.2930 0.5981 
0.256836 0.16479 0.32715 -0.17212 0.4272 0.7446 
0.256836 0.16724 0.31982 -0.17212 0.4272 0.7446 
0.256836 0.16724 0.31982 -0.17212 0.4272 0.7446 
0.256836 0.16724 0.31982 -0.17212 0.4272 0.7446 
0.256836 0.16724 0.31982 -0.17212 0.4272 0.7446 
0.256836 0.16724 0.31982 -0.17212 0.4272 0.7446 
0.256836 0.16724 0.31982 -0.17212 0.4272 0.7446 
0.256836 0.16724 0.31982 -0.17212 0.4272 0.7446 
0.256836 0.16724 0.31982 -0.17212 0.4272 0.7446 
0.256836 0.16724 0.31982 -0.17212 0.4272 0.7446 
0.256836 0.16724 0.31982 -0.17212 0.4150 0.9399 
0.258911 0.16846 0.32593 -0.17578 0.4150 0.9399 
0.258911 0.16846 0.32593 -0.17578 0.4150 0.9399 
0.258911 0.16846 0.32593 -0.17578 0.4150 0.9399 
0.258911 0.16846 0.32593 -0.17578 0.4150 0.9399 
0.258911 0.16846 0.32593 -0.17578 0.4150 0.9399 
0.258911 0.16846 0.32593 -0.17578 0.4150 0.9399 
0.258911 0.16846 0.32593 -0.17578 0.4150 0.9399 
0.258911 0.16846 0.32593 -0.17578 0.4150 0.9399 
0.258911 0.16846 0.32593 -0.17578 0.4150 0.9399 
0.258911 0.16846 0.32593 -0.17578 0.4150 0.9399 
0.260132 0.16846 0.32715 -0.17700 0.2930 0.10620 
0.260132 0.16846 0.32715 -0.17700 0.2930 0.10620 
0.260132 0.16846 0.32715 -0.17700 0.2930 0.10620 
0.260132 0.16846 0.32715 -0.17700 0.2930 0.10620 
0.260132 0.16846 0.32715 -0.17700 0.2930 0.10620 
0.260132 0.16846 0.32715 -0.17700 0.2930 0.10620 
0.260132 0.16846 0.32715 -0.17700 0.2930 0.10620 
0.260132 0.16846 0.32715 -0.17700 0.2930 0.10620 
0.260132 0.16846 0.32715 -0.17700 0.2930 0.10620 
0.260132 0.16846 0.32715 -0.17700 0.2930 0.10620 
0.260132 0.16846 0.34058 -0.16602 0.1099 0.9521 
0.261719 0.17212 0.34058 -0.16602 0.1099 0.9521 
0.261719 0.17212 0.34058 -0.16602 0.1099 0.9521 
0.261719 0.17212 0.34058 -0.16602 0.1099 0.9521 
0.261719 0.17212 0.34058 -0.16602 0.1099 0.9521 
0.261719 0.17212 0.34058 -0.16602 0.1099 0.9521 
0.261719 0.17212 0.34058 -0.16602 0.1099 0.9521 
0.261719 0.17212 0.34058 -0.16602 0.1099 0.9521 
0.261719 0.17212 0.34058 -0.16602 0.1099 0.9521 
0.261719 0.17212 0.34058 -0.16602 0.1099 0.9521 
0.261719 0.17212 0.34058 -0.16602 -0.854 0.5371 
0.264771 0.17212 0.37598 -0.13672 -0.854 0.5371 
0.264771 0.17212 0.37598 -0.13672 -0.854 0.5371 
0.264771 0.17212 0.37598 -0.13672 -0.854 0.5371 
0.264771 0.17212 0.37598 -0.13672 -0.854 0.5371 
0.264771 0.17212 0.37598 -0.13672 -0.854 0.5371 
0.264771 0.17212 0.37598 -0.13672 -0.854 0.5371 
0.264771 0.17212 0.37598 -0.13672 -0.854 0.5371 
0.264771 0.17212 0.37598 -0.13672 -0.854 0.5371 
0.264771 0.17212 0.37598 -0.13672 -0.854 0.5371 
0.264771 0.17212 0.37598 -0.13672 -0.854 0.5371 
0.270996 0.16479 0.43823 -0.6226 -0.3296 -0.2441 
0.270996 0.16479 0.43823 -0.6226 -0.3296 -0.2441 
0.270996 0.16479 0.43823 -0.6226 -0.3296 -0.2441 
0.270996 0.16479 0.43823 -0.6226 -0.3296 -0.2441 
0.270996 0.16479 0.43823 -0.6226 -0.3296 -0.2441 
0.270996 0.16479 0.43823 -0.6226 -0.3296 -0.2441 
0.270996 0.16479 0.43823 -0.6226 -0.3296 -0.2441 
0.270996 0.16479 0.43823 -0.6226 -0.3296 -0.2441 
0.270996 0.16479 0.43823 -0.6226 -0.3296 -0.2441 
0.270996 0.16479 0.43823 -0.6226 -0.3296 -0.2441 
0.270996 0.15137 0.46265 0.8179 -0.6714 -0.14282 
0.275147 0.15137 0.46265 0.8179 -0.6714 -0.14282 
0.275147 0.15137 0.46265 0.8179 -0.6714 -0.14282 
0.275147 0.15137 0.46265 0.8179 -0.6714 -0.14282 
0.275147 0.15137 0.46265 0.8179 -0.6714 -0.14282 
0.275147 0.15137 0.46265 0.8179 -0.6714 -0.14282 
0.275147 0.15137 0.46265 0.8179 -0.6714 -0.14282 
0.275147 0.15137 0.46265 0.8179 -0.6714 -0.14282 
0.275147 0.15137 0.46265 0.8179 -0.6714 -0.14282 
0.275147 0.15137 0.46265 0.8179 -0.6714 -0.14282 
0.275147 0.15137 0.46265 0.22095 -0.9521 -0.25146 
0.271606 0.13428 0.42603 0.22095 -0.9521 -0.25146 
0.271606 0.13428 0.42603 0.22095 -0.9521 -0.25146 
0.271606 0.13428 0.42603 0.22095 -0.9521 -0.25146 
0.271606 0.13428 0.42603 0.22095 -0.9521 -0.25146 
0.271606 0.13428 0.42603 0.22095 -0.9521 -0.25146 
