0.255493 0.8545 0.7202 0.2197 0.5493 -0.9399 
0.255493 0.8545 0.7202 0.2197 0.2319 -0.6348 
0.255493 0.8667 0.7324 0.6470 0.2319 -0.6348 
0.255493 0.8667 0.7324 0.6470 0.2319 -0.6348 
0.255493 0.8667 0.7324 0.6470 0.2319 -0.6348 
0.255493 0.8667 0.7324 0.6470 0.2319 -0.6348 
0.255493 0.8667 0.7324 0.6470 0.2319 -0.6348 
0.255493 0.8667 0.7324 0.6470 0.2319 -0.6348 
0.255493 0.8667 0.7324 0.6470 0.2319 -0.6348 
0.255493 0.8667 0.7324 0.6470 0.2319 -0.6348 
0.255493 0.8667 0.7324 0.6470 0.2319 -0.6348 
0.255493 0.8667 0.7324 0.6470 0.2319 -0.6348 
0.253052 0.7813 0.4395 0.8789 -0.1465 -0.2686 
0.253052 0.7813 0.4395 0.8789 -0.1465 -0.2686 
0.253052 0.7813 0.4395 0.8789 -0.1465 -0.2686 
0.253052 0.7813 0.4395 0.8789 -0.1465 -0.2686 
0.253052 0.7813 0.4395 0.8789 -0.1465 -0.2686 
0.253052 0.7813 0.4395 0.8789 -0.1465 -0.2686 
0.253052 0.7813 0.4395 0.8789 -0.1465 -0.2686 
0.253052 0.7813 0.4395 0.8789 -0.1465 -0.2686 
0.253052 0.7813 0.4395 0.8789 -0.1465 -0.2686 
0.253052 0.7813 0.4395 0.8789 -0.1465 -0.2686 
0.253052 0.7813 0.2197 0.5737 -0.4150 0.2197 
0.252319 0.6714 0.2197 0.5737 -0.4150 0.2197 
0.252319 0.6714 0.2197 0.5737 -0.4150 0.2197 
0.252319 0.6714 0.2197 0.5737 -0.4150 0.2197 
0.252319 0.6714 0.2197 0.5737 -0.4150 0.2197 
0.252319 0.6714 0.2197 0.5737 -0.4150 0.2197 
0.252319 0.6714 0.2197 0.5737 -0.4150 0.2197 
0.252319 0.6714 0.2197 0.5737 -0.4150 0.2197 
0.252319 0.6714 0.2197 0.5737 -0.4150 0.2197 
0.252319 0.6714 0.2197 0.5737 -0.4150 0.2197 
0.252319 0.6714 0.2197 0.30029 -0.3174 0.7813 
0.251953 0.6470 0.1587 -0.1221 -0.3174 0.7813 
0.251953 0.6470 0.1587 -0.1221 -0.3174 0.7813 
0.251953 0.6470 0.1587 -0.1221 -0.3174 0.7813 
0.251953 0.6470 0.1587 -0.1221 -0.3174 0.7813 
0.251953 0.6470 0.1587 -0.1221 -0.3174 0.7813 
0.251953 0.6470 0.1587 -0.1221 -0.3174 0.7813 
0.251953 0.6470 0.1587 -0.1221 -0.3174 0.7813 
0.251953 0.6470 0.1587 -0.1221 -0.3174 0.7813 
0.251953 0.6470 0.1587 -0.1221 -0.3174 0.7813 
0.251953 0.6470 0.1587 -0.1221 -0.3174 0.14282 
0.253540 0.7690 0.3418 -0.8423 0.854 0.14282 
0.253540 0.7690 0.3418 -0.8423 0.854 0.14282 
0.253540 0.7690 0.3418 -0.8423 0.854 0.14282 
0.253540 0.7690 0.3418 -0.8423 0.854 0.14282 
0.253540 0.7690 0.3418 -0.8423 0.854 0.14282 
0.253540 0.7690 0.3418 -0.8423 0.854 0.14282 
0.253540 0.7690 0.3418 -0.8423 0.854 0.14282 
0.253540 0.7690 0.3418 -0.8423 0.854 0.14282 
0.253540 0.7690 0.3418 -0.8423 0.854 0.14282 
0.253540 0.7690 0.3418 -0.8423 0.854 0.14282 
0.253540 0.8789 0.5981 -0.12085 0.4761 0.16968 
0.256958 0.8789 0.5981 -0.12085 0.4761 0.16968 
0.256958 0.8789 0.5981 -0.12085 0.4761 0.16968 
0.256958 0.8789 0.5981 -0.12085 0.4761 0.16968 
0.256958 0.8789 0.5981 -0.12085 0.4761 0.16968 
0.256958 0.8789 0.5981 -0.12085 0.4761 0.16968 
0.256958 0.8789 0.5981 -0.12085 0.4761 0.16968 
0.256958 0.8789 0.5981 -0.12085 0.4761 0.16968 
0.256958 0.8789 0.5981 -0.12085 0.4761 0.16968 
0.256958 0.8789 0.5981 -0.12085 0.4761 0.16968 
0.256958 0.8789 0.5981 -0.12207 0.8301 0.14893 
0.259277 0.9033 0.6470 -0.12207 0.8301 0.14893 
0.259277 0.9033 0.6470 -0.12207 0.8301 0.14893 
0.259277 0.9033 0.6470 -0.12207 0.8301 0.14893 
0.259277 0.9033 0.6470 -0.12207 0.8301 0.14893 
0.259277 0.9033 0.6470 -0.12207 0.8301 0.14893 
0.259277 0.9033 0.6470 -0.12207 0.8301 0.14893 
0.259277 0.9033 0.6470 -0.12207 0.8301 0.14893 
0.259277 0.9033 0.6470 -0.12207 0.8301 0.14893 
0.259277 0.9033 0.6470 -0.12207 0.8301 0.14893 
0.259277 0.9033 0.6470 -0.12207 0.8301 0.10132 
0.260620 0.9277 0.7202 -0.10132 0.11108 0.10132 
0.260620 0.9277 0.7202 -0.10132 0.11108 0.10132 
0.260620 0.9277 0.7202 -0.10132 0.11108 0.10132 
0.260620 0.9277 0.7202 -0.10132 0.11108 0.10132 
0.260620 0.9277 0.7202 -0.10132 0.11108 0.10132 
0.260620 0.9277 0.7202 -0.10132 0.11108 0.10132 
0.260620 0.9277 0.7202 -0.10132 0.11108 0.10132 
0.260620 0.9277 0.7202 -0.10132 0.11108 0.10132 
0.260620 0.9277 0.7202 -0.10132 0.11108 0.10132 
0.260620 0.9277 0.7202 -0.10132 0.11108 0.10132 
0.260132 0.9888 0.6348 -0.7568 0.12451 0.3296 
0.260132 0.9888 0.6348 -0.7568 0.12451 0.3296 
0.260132 0.9888 0.6348 -0.7568 0.12451 0.3296 
0.260132 0.9888 0.6348 -0.7568 0.12451 0.3296 
0.260132 0.9888 0.6348 -0.7568 0.12451 0.3296 
0.260132 0.9888 0.6348 -0.7568 0.12451 0.3296 
0.260132 0.9888 0.6348 -0.7568 0.12451 0.3296 
0.260132 0.9888 0.6348 -0.7568 0.12451 0.3296 
0.260132 0.9888 0.6348 -0.7568 0.12451 0.3296 
0.260132 0.9888 0.6348 -0.7568 0.12451 0.3296 
0.260132 0.9888 0.3174 -0.8179 0.12451 -0.2441 
0.258545 0.9644 0.3174 -0.8179 0.12451 -0.2441 
0.258545 0.9644 0.3174 -0.8179 0.12451 -0.2441 
0.258545 0.9644 0.3174 -0.8179 0.12451 -0.2441 
0.258545 0.9644 0.3174 -0.8179 0.12451 -0.2441 
0.258545 0.9644 0.3174 -0.8179 0.12451 -0.2441 
0.258545 0.9644 0.3174 -0.8179 0.12451 -0.2441 
0.258545 0.9644 0.3174 -0.8179 0.12451 -0.2441 
0.258545 0.9644 0.3174 -0.8179 0.12451 -0.2441 
0.258545 0.9644 0.3174 -0.8179 0.12451 -0.2441 
0.258545 0.9644 0.3174 -0.8179 0.12207 -0.4150 
0.258179 0.9033 0.122 -0.13306 0.12207 -0.4150 
0.258179 0.9033 0.122 -0.13306 0.12207 -0.4150 
0.258179 0.9033 0.122 -0.13306 0.12207 -0.4150 
0.258179 0.9033 0.122 -0.13306 0.12207 -0.4150 
0.258179 0.9033 0.122 -0.13306 0.12207 -0.4150 
0.258179 0.9033 0.122 -0.13306 0.12207 -0.4150 
0.258179 0.9033 0.122 -0.13306 0.12207 -0.4150 
0.258179 0.9033 0.122 -0.13306 0.12207 -0.4150 
0.258179 0.9033 0.122 -0.13306 0.12207 -0.4150 
0.258179 0.9033 0.122 -0.13306 0.12207 -0.4150 
0.258301 0.8789 -0.2563 -0.19775 0.11963 -0.1953 
0.258301 0.8789 -0.2563 -0.19775 0.11963 -0.1953 
0.258301 0.8789 -0.2563 -0.19775 0.11963 -0.1953 
0.258301 0.8789 -0.2563 -0.19775 0.11963 -0.1953 
0.258301 0.8789 -0.2563 -0.19775 0.11963 -0.1953 
0.258301 0.8789 -0.2563 -0.19775 0.11963 -0.1953 
0.258301 0.8789 -0.2563 -0.19775 0.11963 -0.1953 
0.258301 0.8789 -0.2563 -0.19775 0.11963 -0.1953 
0.258301 0.8789 -0.2563 -0.19775 0.11963 -0.1953 
0.258301 0.8789 -0.2563 -0.19775 0.11963 -0.1953 
0.258301 0.8789 -0.1099 -0.24780 0.10498 0.2563 
0.261719 0.8423 -0.1099 -0.24780 0.10498 0.2563 
0.261719 0.8423 -0.1099 -0.24780 0.10498 0.2563 
0.261719 0.8423 -0.1099 -0.24780 0.10498 0.2563 
0.261719 0.8423 -0.1099 -0.24780 0.10498 0.2563 
0.261719 0.8423 -0.1099 -0.24780 0.10498 0.2563 
0.261719 0.8423 -0.1099 -0.24780 0.10498 0.2563 
0.261719 0.8423 -0.1099 -0.24780 0.10498 0.2563 
0.261719 0.8423 -0.1099 -0.24780 0.10498 0.2563 
0.261719 0.8423 -0.1099 -0.24780 0.10498 0.2563 
0.261719 0.8423 -0.1099 -0.22217 0.6592 0.6958 
0.265137 0.8667 0.1709 -0.22217 0.6592 0.6958 
0.265137 0.8667 0.1709 -0.22217 0.6592 0.6958 
0.265137 0.8667 0.1709 -0.22217 0.6592 0.6958 
0.265137 0.8667 0.1709 -0.22217 0.6592 0.6958 
0.265137 0.8667 0.1709 -0.22217 0.6592 0.6958 
0.265137 0.8667 0.1709 -0.22217 0.6592 0.6958 
0.265137 0.8667 0.1709 -0.22217 0.6592 0.6958 
0.265137 0.8667 0.1709 -0.22217 0.6592 0.6958 
0.265137 0.8667 0.1709 -0.22217 0.6592 0.6958 
0.265137 0.8667 0.1709 -0.22217 0.6592 0.10254 
0.261597 0.8423 -0.977 -0.13306 -0.977 0.10254 
0.261597 0.8423 -0.977 -0.13306 -0.977 0.10254 
0.261597 0.8423 -0.977 -0.13306 -0.977 0.10254 
0.261597 0.8423 -0.977 -0.13306 -0.977 0.10254 
