0.244019 0.8911 0.37231 -0.7080 0.9521 0.4395 
0.244019 0.8911 0.37231 -0.7080 0.9521 0.4395 
0.244019 0.8911 0.37231 -0.7080 0.9521 0.29541 
0.244873 0.8179 0.37842 -0.2075 0.10620 -0.1709 
0.244873 0.8179 0.37842 -0.2075 0.10620 -0.1709 
0.244873 0.8179 0.37842 -0.2075 0.10620 -0.1709 
0.244873 0.8179 0.37842 -0.2075 0.10620 -0.1709 
0.244873 0.8179 0.37842 -0.2075 0.10620 -0.1709 
0.244873 0.8179 0.37842 -0.2075 0.10620 -0.1709 
0.244873 0.8179 0.37842 -0.2075 0.10620 -0.1709 
0.244873 0.8179 0.37842 -0.2075 0.10620 -0.1709 
0.244873 0.8179 0.37842 -0.2075 0.10620 -0.1709 
0.244873 0.8179 0.37842 -0.2075 0.10620 -0.1709 
0.244873 0.7324 0.37720 0.1099 0.9399 -0.2808 
0.245239 0.7324 0.37720 0.1099 0.9399 -0.2808 
0.245239 0.7324 0.37720 0.1099 0.9399 -0.2808 
0.245239 0.7324 0.37720 0.1099 0.9399 -0.2808 
0.245239 0.7324 0.37720 0.1099 0.9399 -0.2808 
0.245239 0.7324 0.37720 0.1099 0.9399 -0.2808 
0.245239 0.7324 0.37720 0.1099 0.9399 -0.2808 
0.245239 0.7324 0.37720 0.1099 0.9399 -0.2808 
0.245239 0.7324 0.37720 0.1099 0.9399 -0.2808 
0.245239 0.7324 0.37720 0.1099 0.9399 -0.2808 
0.245239 0.7324 0.37720 -0.122 0.6836 -0.122 
0.245361 0.6958 0.36865 -0.122 0.6836 -0.122 
0.245361 0.6958 0.36865 -0.122 0.6836 -0.122 
0.245361 0.6958 0.36865 -0.122 0.6836 -0.122 
0.245361 0.6958 0.36865 -0.122 0.6836 -0.122 
0.245361 0.6958 0.36865 -0.122 0.6836 -0.122 
0.245361 0.6958 0.36865 -0.122 0.6836 -0.122 
0.245361 0.6958 0.36865 -0.122 0.6836 -0.122 
0.245361 0.6958 0.36865 -0.122 0.6836 -0.122 
0.245361 0.6958 0.36865 -0.122 0.6836 -0.122 
0.245361 0.6958 0.36865 -0.122 0.6836 0.5249 
0.247559 0.6592 0.37720 -0.4517 0.4028 0.5249 
0.247559 0.6592 0.37720 -0.4517 0.4028 0.5249 
0.247559 0.6592 0.37720 -0.4517 0.4028 0.5249 
0.247559 0.6592 0.37720 -0.4517 0.4028 0.5249 
0.247559 0.6592 0.37720 -0.4517 0.4028 0.5249 
0.247559 0.6592 0.37720 -0.4517 0.4028 0.5249 
0.247559 0.6592 0.37720 -0.4517 0.4028 0.5249 
0.247559 0.6592 0.37720 -0.4517 0.4028 0.5249 
0.247559 0.6592 0.37720 -0.4517 0.4028 0.5249 
0.247559 0.6592 0.37720 -0.4517 0.4028 0.5249 
0.219360 0.6836 0.39917 -0.7813 0.1709 0.9277 
0.250610 0.6836 0.39917 -0.7813 0.1709 0.9277 
0.250610 0.6836 0.39917 -0.7813 0.1709 0.9277 
0.250610 0.6836 0.39917 -0.7813 0.1709 0.9277 
0.250610 0.6836 0.39917 -0.7813 0.1709 0.9277 
0.250610 0.6836 0.39917 -0.7813 0.1709 0.9277 
0.250610 0.6836 0.39917 -0.7813 0.1709 0.9277 
0.250610 0.6836 0.39917 -0.7813 0.1709 0.9277 
0.250610 0.6836 0.39917 -0.7813 0.1709 0.9277 
0.250610 0.6836 0.39917 -0.7813 0.1709 0.9277 
0.250610 0.6836 0.42480 -0.9033 0.488 0.9766 
0.252808 0.7446 0.42480 -0.9033 0.488 0.9766 
0.252808 0.7446 0.42480 -0.9033 0.488 0.9766 
0.252808 0.7446 0.42480 -0.9033 0.488 0.9766 
0.252808 0.7446 0.42480 -0.9033 0.488 0.9766 
0.252808 0.7446 0.42480 -0.9033 0.488 0.9766 
0.252808 0.7446 0.42480 -0.9033 0.488 0.9766 
0.252808 0.7446 0.42480 -0.9033 0.488 0.9766 
0.252808 0.7446 0.42480 -0.9033 0.488 0.9766 
0.252808 0.7446 0.42480 -0.9033 0.488 0.9766 
0.252808 0.7446 0.42480 -0.9033 0.1099 0.7202 
0.255371 0.8057 0.45288 -0.8667 0.1099 0.7202 
0.255371 0.8057 0.45288 -0.8667 0.1099 0.7202 
0.255371 0.8057 0.45288 -0.8667 0.1099 0.7202 
0.255371 0.8057 0.45288 -0.8667 0.1099 0.7202 
0.255371 0.8057 0.45288 -0.8667 0.1099 0.7202 
0.255371 0.8057 0.45288 -0.8667 0.1099 0.7202 
0.255371 0.8057 0.45288 -0.8667 0.1099 0.7202 
0.255371 0.8057 0.45288 -0.8667 0.1099 0.7202 
0.255371 0.8057 0.45288 -0.8667 0.1099 0.7202 
0.255371 0.8057 0.45288 -0.8667 0.1099 0.7202 
0.257568 0.8423 0.47729 -0.7690 0.3174 0.3296 
0.257568 0.8423 0.47729 -0.7690 0.3174 0.3296 
0.257568 0.8423 0.47729 -0.7690 0.3174 0.3296 
0.257568 0.8423 0.47729 -0.7690 0.3174 0.3296 
0.257568 0.8423 0.47729 -0.7690 0.3174 0.3296 
0.257568 0.8423 0.47729 -0.7690 0.3174 0.3296 
0.257568 0.8423 0.47729 -0.7690 0.3174 0.3296 
0.257568 0.8423 0.47729 -0.7690 0.3174 0.3296 
0.257568 0.8423 0.47729 -0.7690 0.3174 0.3296 
0.257568 0.8423 0.47729 -0.7690 0.3174 0.3296 
0.257568 0.8423 0.48706 -0.7202 0.6226 -0.366 
0.257690 0.9033 0.48706 -0.7202 0.6226 -0.366 
0.257690 0.9033 0.48706 -0.7202 0.6226 -0.366 
0.257690 0.9033 0.48706 -0.7202 0.6226 -0.366 
0.257690 0.9033 0.48706 -0.7202 0.6226 -0.366 
0.257690 0.9033 0.48706 -0.7202 0.6226 -0.366 
0.257690 0.9033 0.48706 -0.7202 0.6226 -0.366 
0.257690 0.9033 0.48706 -0.7202 0.6226 -0.366 
0.257690 0.9033 0.48706 -0.7202 0.6226 -0.366 
0.257690 0.9033 0.48706 -0.7202 0.6226 -0.366 
0.257690 0.9033 0.48706 -0.7324 0.9644 -0.2441 
0.256714 0.9888 0.49316 -0.7324 0.9644 -0.2441 
0.256714 0.9888 0.49316 -0.7324 0.9644 -0.2441 
0.256714 0.9888 0.49316 -0.7324 0.9644 -0.2441 
0.256714 0.9888 0.49316 -0.7324 0.9644 -0.2441 
0.256714 0.9888 0.49316 -0.7324 0.9644 -0.2441 
0.256714 0.9888 0.49316 -0.7324 0.9644 -0.2441 
0.256714 0.9888 0.49316 -0.7324 0.9644 -0.2441 
0.256714 0.9888 0.49316 -0.7324 0.9644 -0.2441 
0.256714 0.9888 0.49316 -0.7324 0.9644 -0.2441 
0.256714 0.9888 0.49316 -0.7324 0.9644 -0.3296 
0.256226 0.10376 0.48828 -0.8545 0.13184 -0.3296 
0.256226 0.10376 0.48828 -0.8545 0.13184 -0.3296 
0.256226 0.10376 0.48828 -0.8545 0.13184 -0.3296 
0.256226 0.10376 0.48828 -0.8545 0.13184 -0.3296 
0.256226 0.10376 0.48828 -0.8545 0.13184 -0.3296 
0.256226 0.10376 0.48828 -0.8545 0.13184 -0.3296 
0.256226 0.10376 0.48828 -0.8545 0.13184 -0.3296 
0.256226 0.10376 0.48828 -0.8545 0.13184 -0.3296 
0.256226 0.10376 0.48828 -0.8545 0.13184 -0.3296 
0.256226 0.10376 0.48828 -0.8545 0.13184 -0.3296 
0.256226 0.10254 0.50171 -0.10132 0.16235 -0.3662 
0.258911 0.10254 0.50171 -0.10132 0.16235 -0.3662 
0.258911 0.10254 0.50171 -0.10132 0.16235 -0.3662 
0.258911 0.10254 0.50171 -0.10132 0.16235 -0.3662 
0.258911 0.10254 0.50171 -0.10132 0.16235 -0.3662 
0.258911 0.10254 0.50171 -0.10132 0.16235 -0.3662 
0.258911 0.10254 0.50171 -0.10132 0.16235 -0.3662 
0.258911 0.10254 0.50171 -0.10132 0.16235 -0.3662 
0.258911 0.10254 0.50171 -0.10132 0.16235 -0.3662 
0.258911 0.10254 0.50171 -0.10132 0.16235 -0.3662 
0.258911 0.10254 0.50171 -0.7568 0.17334 -0.4639 
0.262207 0.9888 0.50781 -0.7568 0.17334 -0.4639 
0.262207 0.9888 0.50781 -0.7568 0.17334 -0.4639 
0.262207 0.9888 0.50781 -0.7568 0.17334 -0.4639 
0.262207 0.9888 0.50781 -0.7568 0.17334 -0.4639 
0.262207 0.9888 0.50781 -0.7568 0.17334 -0.4639 
0.262207 0.9888 0.50781 -0.7568 0.17334 -0.4639 
0.262207 0.9888 0.50781 -0.7568 0.17334 -0.4639 
0.262207 0.9888 0.50781 -0.7568 0.17334 -0.4639 
0.262207 0.9888 0.50781 -0.7568 0.17334 -0.4639 
0.262207 0.9888 0.50781 -0.7568 0.17334 -0.7446 
0.268799 0.9644 0.53711 0.366 0.15137 -0.7446 
0.268799 0.9644 0.53711 0.366 0.15137 -0.7446 
0.268799 0.9644 0.53711 0.366 0.15137 -0.7446 
0.268799 0.9644 0.53711 0.366 0.15137 -0.7446 
0.268799 0.9644 0.53711 0.366 0.15137 -0.7446 
0.268799 0.9644 0.53711 0.366 0.15137 -0.7446 
0.268799 0.9644 0.53711 0.366 0.15137 -0.7446 
0.268799 0.9644 0.53711 0.366 0.15137 -0.7446 
0.268799 0.9644 0.53711 0.366 0.15137 -0.7446 
0.268799 0.9644 0.53711 0.366 0.15137 -0.7446 
0.276733 0.9644 0.57373 0.11353 0.9766 -0.11597 
0.276733 0.9644 0.57373 0.11353 0.9766 -0.11597 
0.276733 0.9644 0.57373 0.11353 0.9766 -0.11597 
