0.258545 0.13306 0.2808 -0.8545 0.5127 0.6226 
0.258545 0.13306 0.2808 -0.8545 0.5127 0.6226 
0.258545 0.13306 0.2808 -0.8545 0.5127 0.6226 
0.258545 0.13306 0.2808 -0.8545 0.5127 0.6226 
0.258545 0.13306 0.2808 -0.8545 0.5127 0.6226 
0.258545 0.13306 0.2808 -0.8545 0.5127 0.6226 
0.258545 0.13306 0.2808 -0.8545 0.5127 0.6226 
0.258423 0.13306 0.2686 -0.12817 0.6226 0.6592 
0.258423 0.13306 0.2686 -0.12817 0.6226 0.6592 
0.258423 0.13306 0.2686 -0.12817 0.6226 0.6592 
0.258423 0.13306 0.2686 -0.12817 0.6226 0.6592 
0.258423 0.13306 0.2686 -0.12817 0.6226 0.6592 
0.258423 0.13306 0.2686 -0.12817 0.6226 0.6592 
0.258423 0.13306 0.2686 -0.12817 0.6226 0.6592 
0.258423 0.13306 0.2686 -0.12817 0.6226 0.6592 
0.258423 0.13306 0.2686 -0.12817 0.6226 0.6592 
0.258423 0.13306 0.2686 -0.12817 0.6226 0.6592 
0.258423 0.13306 0.2686 -0.16357 0.7446 0.7202 
0.257690 0.12939 0.2686 -0.16357 0.7446 0.7202 
0.257690 0.12939 0.2686 -0.16357 0.7446 0.7202 
0.257690 0.12939 0.2686 -0.16357 0.7446 0.7202 
0.257690 0.12939 0.2686 -0.16357 0.7446 0.7202 
0.257690 0.12939 0.2686 -0.16357 0.7446 0.7202 
0.257690 0.12939 0.2686 -0.16357 0.7446 0.7202 
0.257690 0.12939 0.2686 -0.16357 0.7446 0.7202 
0.257690 0.12939 0.2686 -0.16357 0.7446 0.7202 
0.257690 0.12939 0.2686 -0.16357 0.7446 0.7202 
0.257690 0.12939 0.2686 -0.16357 0.7568 0.8545 
0.259277 0.12329 0.3296 -0.18921 0.7568 0.8545 
0.259277 0.12329 0.3296 -0.18921 0.7568 0.8545 
0.259277 0.12329 0.3296 -0.18921 0.7568 0.8545 
0.259277 0.12329 0.3296 -0.18921 0.7568 0.8545 
0.259277 0.12329 0.3296 -0.18921 0.7568 0.8545 
0.259277 0.12329 0.3296 -0.18921 0.7568 0.8545 
0.259277 0.12329 0.3296 -0.18921 0.7568 0.8545 
0.259277 0.12329 0.3296 -0.18921 0.7568 0.8545 
0.259277 0.12329 0.3296 -0.18921 0.7568 0.8545 
0.259277 0.12329 0.3296 -0.18921 0.7568 0.8545 
0.260986 0.11963 0.4883 -0.18433 0.7202 0.9399 
0.260986 0.11963 0.4883 -0.18433 0.7202 0.9399 
0.260986 0.11963 0.4883 -0.18433 0.7202 0.9399 
0.260986 0.11963 0.4883 -0.18433 0.7202 0.9399 
0.260986 0.11963 0.4883 -0.18433 0.7202 0.9399 
0.260986 0.11963 0.4883 -0.18433 0.7202 0.9399 
0.260986 0.11963 0.4883 -0.18433 0.7202 0.9399 
0.260986 0.11963 0.4883 -0.18433 0.7202 0.9399 
0.260986 0.11963 0.4883 -0.18433 0.7202 0.9399 
0.260986 0.11963 0.4883 -0.18433 0.7202 0.9399 
0.260986 0.11963 0.5737 -0.14526 0.6226 0.8545 
0.262085 0.11597 0.5737 -0.14526 0.6226 0.8545 
0.262085 0.11597 0.5737 -0.14526 0.6226 0.8545 
0.262085 0.11597 0.5737 -0.14526 0.6226 0.8545 
0.262085 0.11597 0.5737 -0.14526 0.6226 0.8545 
0.262085 0.11597 0.5737 -0.14526 0.6226 0.8545 
0.262085 0.11597 0.5737 -0.14526 0.6226 0.8545 
0.262085 0.11597 0.5737 -0.14526 0.6226 0.8545 
0.262085 0.11597 0.5737 -0.14526 0.6226 0.8545 
0.262085 0.11597 0.5737 -0.14526 0.6226 0.8545 
0.262085 0.11597 0.5737 -0.8789 0.5249 0.6714 
0.263306 0.11597 0.7080 -0.8789 0.5249 0.6714 
0.263306 0.11597 0.7080 -0.8789 0.5249 0.6714 
0.263306 0.11597 0.7080 -0.8789 0.5249 0.6714 
0.263306 0.11597 0.7080 -0.8789 0.5249 0.6714 
0.263306 0.11597 0.7080 -0.8789 0.5249 0.6714 
0.263306 0.11597 0.7080 -0.8789 0.5249 0.6714 
0.263306 0.11597 0.7080 -0.8789 0.5249 0.6714 
0.263306 0.11597 0.7080 -0.8789 0.5249 0.6714 
0.263306 0.11597 0.7080 -0.8789 0.5249 0.6714 
0.263306 0.11597 0.7080 -0.8789 0.5249 0.4272 
0.263306 0.11353 0.7813 -0.3296 0.4517 0.4272 
0.263306 0.11353 0.7813 -0.3296 0.4517 0.4272 
0.263306 0.11353 0.7813 -0.3296 0.4517 0.4272 
0.263306 0.11353 0.7813 -0.3296 0.4517 0.4272 
0.263306 0.11353 0.7813 -0.3296 0.4517 0.4272 
0.263306 0.11353 0.7813 -0.3296 0.4517 0.4272 
0.263306 0.11353 0.7813 -0.3296 0.4517 0.4272 
0.263306 0.11353 0.7813 -0.3296 0.4517 0.4272 
0.263306 0.11353 0.7813 -0.3296 0.4517 0.4272 
0.263306 0.11353 0.7813 -0.3296 0.4517 0.4272 
0.263306 0.11353 0.7568 0.122 0.4272 0.1709 
0.262085 0.11353 0.7568 0.122 0.4272 0.1709 
0.262085 0.11353 0.7568 0.122 0.4272 0.1709 
0.262085 0.11353 0.7568 0.122 0.4272 0.1709 
0.262085 0.11353 0.7568 0.122 0.4272 0.1709 
0.262085 0.11353 0.7568 0.122 0.4272 0.1709 
0.262085 0.11353 0.7568 0.122 0.4272 0.1709 
0.262085 0.11353 0.7568 0.122 0.4272 0.1709 
0.262085 0.11353 0.7568 0.122 0.4272 0.1709 
0.262085 0.11353 0.7568 0.122 0.4272 0.1709 
0.262085 0.11353 0.7568 0.488 0.3906 -0.610 
0.259644 0.11353 0.6836 0.488 0.3906 -0.610 
0.259644 0.11353 0.6836 0.488 0.3906 -0.610 
0.259644 0.11353 0.6836 0.488 0.3906 -0.610 
0.259644 0.11353 0.6836 0.488 0.3906 -0.610 
0.259644 0.11353 0.6836 0.488 0.3906 -0.610 
0.259644 0.11353 0.6836 0.488 0.3906 -0.610 
0.259644 0.11353 0.6836 0.488 0.3906 -0.610 
0.259644 0.11353 0.6836 0.488 0.3906 -0.610 
0.259644 0.11353 0.6836 0.488 0.3906 -0.610 
0.259644 0.11353 0.6836 0.488 0.3906 -0.2075 
0.256958 0.11230 0.5249 -0.3174 0.3052 -0.2075 
0.256958 0.11230 0.5249 -0.3174 0.3052 -0.2075 
0.256958 0.11230 0.5249 -0.3174 0.3052 -0.2075 
0.256958 0.11230 0.5249 -0.3174 0.3052 -0.2075 
0.256958 0.11230 0.5249 -0.3174 0.3052 -0.2075 
0.256958 0.11230 0.5249 -0.3174 0.3052 -0.2075 
0.256958 0.11230 0.5249 -0.3174 0.3052 -0.2075 
0.256958 0.11230 0.5249 -0.3174 0.3052 -0.2075 
0.256958 0.11230 0.5249 -0.3174 0.3052 -0.2075 
0.256958 0.11230 0.5249 -0.3174 0.3052 -0.2075 
0.255859 0.10010 0.5005 -0.9888 0.1953 -0.1953 
0.255859 0.10010 0.5005 -0.9888 0.1953 -0.1953 
0.255859 0.10010 0.5005 -0.9888 0.1953 -0.1953 
0.255859 0.10010 0.5005 -0.9888 0.1953 -0.1953 
0.255859 0.10010 0.5005 -0.9888 0.1953 -0.1953 
0.255859 0.10010 0.5005 -0.9888 0.1953 -0.1953 
0.255859 0.10010 0.5005 -0.9888 0.1953 -0.1953 
0.255859 0.10010 0.5005 -0.9888 0.1953 -0.1953 
0.255859 0.10010 0.5005 -0.9888 0.1953 -0.1953 
0.255859 0.10010 0.5005 -0.9888 0.1953 -0.1953 
0.255859 0.10010 0.4395 -0.15015 0.1465 -0.2075 
0.256592 0.10620 0.4395 -0.15015 0.1465 -0.2075 
0.256592 0.10620 0.4395 -0.15015 0.1465 -0.2075 
0.256592 0.10620 0.4395 -0.15015 0.1465 -0.2075 
0.256592 0.10620 0.4395 -0.15015 0.1465 -0.2075 
0.256592 0.10620 0.4395 -0.15015 0.1465 -0.2075 
0.256592 0.10620 0.4395 -0.15015 0.1465 -0.2075 
0.256592 0.10620 0.4395 -0.15015 0.1465 -0.2075 
0.256592 0.10620 0.4395 -0.15015 0.1465 -0.2075 
0.256592 0.10620 0.4395 -0.15015 0.1465 -0.2075 
0.256592 0.10620 0.4395 -0.15015 0.1831 -0.3052 
0.257813 0.11841 0.4517 -0.16235 0.1831 -0.3052 
0.257813 0.11841 0.4517 -0.16235 0.1831 -0.3052 
0.257813 0.11841 0.4517 -0.16235 0.1831 -0.3052 
0.257813 0.11841 0.4517 -0.16235 0.1831 -0.3052 
0.257813 0.11841 0.4517 -0.16235 0.1831 -0.3052 
0.257813 0.11841 0.4517 -0.16235 0.1831 -0.3052 
0.257813 0.11841 0.4517 -0.16235 0.1831 -0.3052 
0.257813 0.11841 0.4517 -0.16235 0.1831 -0.3052 
0.257813 0.11841 0.4517 -0.16235 0.1831 -0.3052 
0.257813 0.11841 0.4517 -0.16235 0.1831 -0.3052 
0.258301 0.12451 0.4639 -0.15259 0.2930 -0.4639 
0.258301 0.12451 0.4639 -0.15259 0.2930 -0.4639 
0.258301 0.12451 0.4639 -0.15259 0.2930 -0.4639 
0.258301 0.12451 0.4639 -0.15259 0.2930 -0.4639 
0.258301 0.12451 0.4639 -0.15259 0.2930 -0.4639 
0.258301 0.12451 0.4639 -0.15259 0.2930 -0.4639 
0.258301 0.12451 0.4639 -0.15259 0.2930 -0.4639 
0.258301 0.12451 0.4639 -0.15259 0.2930 -0.4639 
0.258301 0.12451 0.4639 -0.15259 0.2930 -0.4639 
