0.259521 0.1587 -0.8057 -0.8423 -0.6104 0.4150 
0.259521 0.1587 -0.8057 -0.8423 -0.6104 0.4150 
0.259521 0.1587 -0.8057 -0.8423 -0.6104 0.4150 
0.259521 0.1587 -0.8057 -0.8423 -0.6104 0.4150 
0.259521 0.1587 -0.8057 -0.8423 -0.6104 0.4150 
0.259521 0.1587 -0.8057 -0.8423 -0.6104 0.4150 
0.259521 0.1587 -0.8057 -0.8423 -0.6104 0.4150 
0.259521 0.1587 -0.7690 -0.2686 -0.7935 0.1953 
0.262451 0.1465 -0.7690 -0.2686 -0.7935 0.1953 
0.262451 0.1465 -0.7690 -0.2686 -0.7935 0.1953 
0.262451 0.1465 -0.7690 -0.2686 -0.7935 0.1953 
0.262451 0.1465 -0.7690 -0.2686 -0.7935 0.1953 
0.262451 0.1465 -0.7690 -0.2686 -0.7935 0.1953 
0.262451 0.1465 -0.7690 -0.2686 -0.7935 0.1953 
0.262451 0.1465 -0.7690 -0.2686 -0.7935 0.1953 
0.262451 0.1465 -0.7690 -0.2686 -0.7935 0.1953 
0.262451 0.1465 -0.7690 -0.2686 -0.7935 0.1953 
0.262451 0.1465 -0.7690 -0.2686 -0.8789 0.122 
0.264648 0.1099 -0.6714 0.2319 -0.8789 0.122 
0.264648 0.1099 -0.6714 0.2319 -0.8789 0.122 
0.264648 0.1099 -0.6714 0.2319 -0.8789 0.122 
0.264648 0.1099 -0.6714 0.2319 -0.8789 0.122 
0.264648 0.1099 -0.6714 0.2319 -0.8789 0.122 
0.264648 0.1099 -0.6714 0.2319 -0.8789 0.122 
0.264648 0.1099 -0.6714 0.2319 -0.8789 0.122 
0.264648 0.1099 -0.6714 0.2319 -0.8789 0.122 
0.264648 0.1099 -0.6714 0.2319 -0.8789 0.122 
0.264648 0.1099 -0.6714 0.2319 -0.8789 0.122 
0.267212 0.732 -0.6226 0.6470 -0.9033 -0.2197 
0.267212 0.732 -0.6226 0.6470 -0.9033 -0.2197 
0.267212 0.732 -0.6226 0.6470 -0.9033 -0.2197 
0.267212 0.732 -0.6226 0.6470 -0.9033 -0.2197 
0.267212 0.732 -0.6226 0.6470 -0.9033 -0.2197 
0.267212 0.732 -0.6226 0.6470 -0.9033 -0.2197 
0.267212 0.732 -0.6226 0.6470 -0.9033 -0.2197 
0.267212 0.732 -0.6226 0.6470 -0.9033 -0.2197 
0.267212 0.732 -0.6226 0.6470 -0.9033 -0.2197 
0.267212 0.732 -0.6226 0.6470 -0.9033 -0.2197 
0.267212 0.00 -0.8545 0.9766 -0.7690 -0.6226 
0.265259 0.00 -0.8545 0.9766 -0.7690 -0.6226 
0.265259 0.00 -0.8545 0.9766 -0.7690 -0.6226 
0.265259 0.00 -0.8545 0.9766 -0.7690 -0.6226 
0.265259 0.00 -0.8545 0.9766 -0.7690 -0.6226 
0.265259 0.00 -0.8545 0.9766 -0.7690 -0.6226 
0.265259 0.00 -0.8545 0.9766 -0.7690 -0.6226 
0.265259 0.00 -0.8545 0.9766 -0.7690 -0.6226 
0.265259 0.00 -0.8545 0.9766 -0.7690 -0.6226 
0.265259 0.00 -0.8545 0.9766 -0.7690 -0.6226 
0.265259 0.00 -0.8545 0.10254 -0.5127 -0.9521 
0.261597 -0.244 -0.11230 0.10254 -0.5127 -0.9521 
0.261597 -0.244 -0.11230 0.10254 -0.5127 -0.9521 
0.261597 -0.244 -0.11230 0.10254 -0.5127 -0.9521 
0.261597 -0.244 -0.11230 0.10254 -0.5127 -0.9521 
0.261597 -0.244 -0.11230 0.10254 -0.5127 -0.9521 
0.261597 -0.244 -0.11230 0.10254 -0.5127 -0.9521 
0.261597 -0.244 -0.11230 0.10254 -0.5127 -0.9521 
0.261597 -0.244 -0.11230 0.10254 -0.5127 -0.9521 
0.261597 -0.244 -0.11230 0.10254 -0.5127 -0.9521 
0.261597 -0.244 -0.11230 0.10254 -0.5127 -0.10864 
0.258057 0.244 -0.13184 0.7690 -0.2441 -0.10864 
0.258057 0.244 -0.13184 0.7690 -0.2441 -0.10864 
0.258057 0.244 -0.13184 0.7690 -0.2441 -0.10864 
0.258057 0.244 -0.13184 0.7690 -0.2441 -0.10864 
0.258057 0.244 -0.13184 0.7690 -0.2441 -0.10864 
0.258057 0.244 -0.13184 0.7690 -0.2441 -0.10864 
0.258057 0.244 -0.13184 0.7690 -0.2441 -0.10864 
0.258057 0.244 -0.13184 0.7690 -0.2441 -0.10864 
0.258057 0.244 -0.13184 0.7690 -0.2441 -0.10864 
0.258057 0.244 -0.13184 0.7690 -0.2441 -0.10864 
0.258057 0.1343 -0.14160 0.1587 0.366 -0.10010 
0.256714 0.1343 -0.14160 0.1587 0.366 -0.10010 
0.256714 0.1343 -0.14160 0.1587 0.366 -0.10010 
0.256714 0.1343 -0.14160 0.1587 0.366 -0.10010 
0.256714 0.1343 -0.14160 0.1587 0.366 -0.10010 
0.256714 0.1343 -0.14160 0.1587 0.366 -0.10010 
0.256714 0.1343 -0.14160 0.1587 0.366 -0.10010 
0.256714 0.1343 -0.14160 0.1587 0.366 -0.10010 
0.256714 0.1343 -0.14160 0.1587 0.366 -0.10010 
0.256714 0.1343 -0.14160 0.1587 0.366 -0.10010 
0.256714 0.1343 -0.14160 -0.5981 0.2930 -0.8545 
0.257324 0.2197 -0.14404 -0.5981 0.2930 -0.8545 
0.257324 0.2197 -0.14404 -0.5981 0.2930 -0.8545 
0.257324 0.2197 -0.14404 -0.5981 0.2930 -0.8545 
0.257324 0.2197 -0.14404 -0.5981 0.2930 -0.8545 
0.257324 0.2197 -0.14404 -0.5981 0.2930 -0.8545 
0.257324 0.2197 -0.14404 -0.5981 0.2930 -0.8545 
0.257324 0.2197 -0.14404 -0.5981 0.2930 -0.8545 
0.257324 0.2197 -0.14404 -0.5981 0.2930 -0.8545 
0.257324 0.2197 -0.14404 -0.5981 0.2930 -0.8545 
0.257324 0.2197 -0.14404 -0.5981 0.5005 -0.7324 
0.258423 0.2075 -0.14160 -0.12451 0.5005 -0.7324 
0.258423 0.2075 -0.14160 -0.12451 0.5005 -0.7324 
0.258423 0.2075 -0.14160 -0.12451 0.5005 -0.7324 
0.258423 0.2075 -0.14160 -0.12451 0.5005 -0.7324 
0.258423 0.2075 -0.14160 -0.12451 0.5005 -0.7324 
0.258423 0.2075 -0.14160 -0.12451 0.5005 -0.7324 
0.258423 0.2075 -0.14160 -0.12451 0.5005 -0.7324 
0.258423 0.2075 -0.14160 -0.12451 0.5005 -0.7324 
0.258423 0.2075 -0.14160 -0.12451 0.5005 -0.7324 
0.258423 0.2075 -0.14160 -0.12451 0.5005 -0.7324 
0.259155 0.1831 -0.13550 -0.15747 0.6714 -0.5981 
0.259155 0.1831 -0.13550 -0.15747 0.6714 -0.5981 
0.259155 0.1831 -0.13550 -0.15747 0.6714 -0.5981 
0.259155 0.1831 -0.13550 -0.15747 0.6714 -0.5981 
0.259155 0.1831 -0.13550 -0.15747 0.6714 -0.5981 
0.259155 0.1831 -0.13550 -0.15747 0.6714 -0.5981 
0.259155 0.1831 -0.13550 -0.15747 0.6714 -0.5981 
0.259155 0.1831 -0.13550 -0.15747 0.6714 -0.5981 
0.259155 0.1831 -0.13550 -0.15747 0.6714 -0.5981 
0.259155 0.1831 -0.13550 -0.15747 0.6714 -0.5981 
0.259155 0.1831 -0.13062 -0.15747 0.7813 -0.5005 
0.259033 0.1221 -0.13062 -0.15747 0.7813 -0.5005 
0.259033 0.1221 -0.13062 -0.15747 0.7813 -0.5005 
0.259033 0.1221 -0.13062 -0.15747 0.7813 -0.5005 
0.259033 0.1221 -0.13062 -0.15747 0.7813 -0.5005 
0.259033 0.1221 -0.13062 -0.15747 0.7813 -0.5005 
0.259033 0.1221 -0.13062 -0.15747 0.7813 -0.5005 
0.259033 0.1221 -0.13062 -0.15747 0.7813 -0.5005 
0.259033 0.1221 -0.13062 -0.15747 0.7813 -0.5005 
0.259033 0.1221 -0.13062 -0.15747 0.7813 -0.5005 
0.259033 0.1221 -0.13062 -0.15747 0.7690 -0.4395 
0.258545 0.00 -0.12695 -0.12939 0.7690 -0.4395 
0.258545 0.00 -0.12695 -0.12939 0.7690 -0.4395 
0.258545 0.00 -0.12695 -0.12939 0.7690 -0.4395 
0.258545 0.00 -0.12695 -0.12939 0.7690 -0.4395 
0.258545 0.00 -0.12695 -0.12939 0.7690 -0.4395 
0.258545 0.00 -0.12695 -0.12939 0.7690 -0.4395 
0.258545 0.00 -0.12695 -0.12939 0.7690 -0.4395 
0.258545 0.00 -0.12695 -0.12939 0.7690 -0.4395 
0.258545 0.00 -0.12695 -0.12939 0.7690 -0.4395 
0.258545 0.00 -0.12695 -0.12939 0.7690 -0.4395 
0.259033 -0.610 -0.12573 -0.7202 0.6592 -0.4028 
0.259033 -0.610 -0.12573 -0.7202 0.6592 -0.4028 
0.259033 -0.610 -0.12573 -0.7202 0.6592 -0.4028 
0.259033 -0.610 -0.12573 -0.7202 0.6592 -0.4028 
0.259033 -0.610 -0.12573 -0.7202 0.6592 -0.4028 
0.259033 -0.610 -0.12573 -0.7202 0.6592 -0.4028 
0.259033 -0.610 -0.12573 -0.7202 0.6592 -0.4028 
0.259033 -0.610 -0.12573 -0.7202 0.6592 -0.4028 
0.259033 -0.610 -0.12573 -0.7202 0.6592 -0.4028 
0.259033 -0.610 -0.12573 -0.7202 0.6592 -0.4028 
0.259033 -0.732 -0.13550 -0.1099 0.5005 -0.3296 
0.257324 -0.732 -0.13550 -0.1099 0.5005 -0.3296 
0.257324 -0.732 -0.13550 -0.1099 0.5005 -0.3296 
0.257324 -0.732 -0.13550 -0.1099 0.5005 -0.3296 
0.257324 -0.732 -0.13550 -0.1099 0.5005 -0.3296 
0.257324 -0.732 -0.13550 -0.1099 0.5005 -0.3296 
0.257324 -0.732 -0.13550 -0.1099 0.5005 -0.3296 
0.257324 -0.732 -0.13550 -0.1099 0.5005 -0.3296 
0.257324 -0.732 -0.13550 -0.1099 0.5005 -0.3296 
