0.250610 0.30518 0.19165 -0.1709 -0.5981 -0.3784 
0.250610 0.30518 0.19165 -0.1709 -0.5981 -0.3784 
0.250610 0.30518 0.19165 -0.1709 -0.5981 -0.3784 
0.250610 0.30518 0.19165 -0.1709 -0.5981 -0.3784 
0.250610 0.30518 0.19165 -0.1709 -0.5981 -0.3784 
0.250610 0.30518 0.19165 -0.1709 -0.5981 -0.3784 
0.250610 0.30518 0.19165 -0.732 -0.6836 -0.4761 
0.248413 0.31128 0.17456 -0.732 -0.6836 -0.4761 
0.248413 0.31128 0.17456 -0.732 -0.6836 -0.4761 
0.248413 0.31128 0.17456 -0.732 -0.6836 -0.4761 
0.248413 0.31128 0.17456 -0.732 -0.6836 -0.4761 
0.248413 0.31128 0.17456 -0.732 -0.6836 -0.4761 
0.248413 0.31128 0.17456 -0.732 -0.6836 -0.4761 
0.248413 0.31128 0.17456 -0.732 -0.6836 -0.4761 
0.248413 0.31128 0.17456 -0.732 -0.6836 -0.4761 
0.248413 0.31128 0.17456 -0.732 -0.6836 -0.4761 
0.248413 0.31128 0.17456 -0.732 -0.7813 -0.2930 
0.247192 0.32104 0.16602 -0.1831 -0.7813 -0.2930 
0.247192 0.32104 0.16602 -0.1831 -0.7813 -0.2930 
0.247192 0.32104 0.16602 -0.1831 -0.7813 -0.2930 
0.247192 0.32104 0.16602 -0.1831 -0.7813 -0.2930 
0.247192 0.32104 0.16602 -0.1831 -0.7813 -0.2930 
0.247192 0.32104 0.16602 -0.1831 -0.7813 -0.2930 
0.247192 0.32104 0.16602 -0.1831 -0.7813 -0.2930 
0.247192 0.32104 0.16602 -0.1831 -0.7813 -0.2930 
0.247192 0.32104 0.16602 -0.1831 -0.7813 -0.2930 
0.247192 0.32104 0.16602 -0.1831 -0.7813 -0.2930 
0.248535 0.31982 0.15991 -0.3662 -0.8667 0.610 
0.248535 0.31982 0.15991 -0.3662 -0.8667 0.610 
0.248535 0.31982 0.15991 -0.3662 -0.8667 0.610 
0.248535 0.31982 0.15991 -0.3662 -0.8667 0.610 
0.248535 0.31982 0.15991 -0.3662 -0.8667 0.610 
0.248535 0.31982 0.15991 -0.3662 -0.8667 0.610 
0.248535 0.31982 0.15991 -0.3662 -0.8667 0.610 
0.248535 0.31982 0.15991 -0.3662 -0.8667 0.610 
0.248535 0.31982 0.15991 -0.3662 -0.8667 0.610 
0.248535 0.31982 0.15991 -0.3662 -0.8667 0.610 
0.248535 0.31982 0.16846 -0.4883 -0.8911 0.3052 
0.251587 0.31494 0.16846 -0.4883 -0.8911 0.3052 
0.251587 0.31494 0.16846 -0.4883 -0.8911 0.3052 
0.251587 0.31494 0.16846 -0.4883 -0.8911 0.3052 
0.251587 0.31494 0.16846 -0.4883 -0.8911 0.3052 
0.251587 0.31494 0.16846 -0.4883 -0.8911 0.3052 
0.251587 0.31494 0.16846 -0.4883 -0.8911 0.3052 
0.251587 0.31494 0.16846 -0.4883 -0.8911 0.3052 
0.251587 0.31494 0.16846 -0.4883 -0.8911 0.3052 
0.251587 0.31494 0.16846 -0.4883 -0.8911 0.3052 
0.251587 0.31494 0.16846 -0.4883 -0.8911 0.3418 
0.254272 0.31006 0.17334 -0.3540 -0.8911 0.3418 
0.254272 0.31006 0.17334 -0.3540 -0.8911 0.3418 
0.254272 0.31006 0.17334 -0.3540 -0.8911 0.3418 
0.254272 0.31006 0.17334 -0.3540 -0.8911 0.3418 
0.254272 0.31006 0.17334 -0.3540 -0.8911 0.3418 
0.254272 0.31006 0.17334 -0.3540 -0.8911 0.3418 
0.254272 0.31006 0.17334 -0.3540 -0.8911 0.3418 
0.254272 0.31006 0.17334 -0.3540 -0.8911 0.3418 
0.254272 0.31006 0.17334 -0.3540 -0.8911 0.3418 
0.254272 0.31006 0.17334 -0.3540 -0.8911 0.3418 
0.256226 0.30396 0.17456 -0.610 -0.8545 0.2197 
0.256226 0.30396 0.17456 -0.610 -0.8545 0.2197 
0.256226 0.30396 0.17456 -0.610 -0.8545 0.2197 
0.256226 0.30396 0.17456 -0.610 -0.8545 0.2197 
0.256226 0.30396 0.17456 -0.610 -0.8545 0.2197 
0.256226 0.30396 0.17456 -0.610 -0.8545 0.2197 
0.256226 0.30396 0.17456 -0.610 -0.8545 0.2197 
0.256226 0.30396 0.17456 -0.610 -0.8545 0.2197 
0.256226 0.30396 0.17456 -0.610 -0.8545 0.2197 
0.256226 0.30396 0.17456 -0.610 -0.8545 0.2197 
0.256226 0.30273 0.17212 0.2808 -0.6958 0.00 
0.256958 0.30273 0.17212 0.2808 -0.6958 0.00 
0.256958 0.30273 0.17212 0.2808 -0.6958 0.00 
0.256958 0.30273 0.17212 0.2808 -0.6958 0.00 
0.256958 0.30273 0.17212 0.2808 -0.6958 0.00 
0.256958 0.30273 0.17212 0.2808 -0.6958 0.00 
0.256958 0.30273 0.17212 0.2808 -0.6958 0.00 
0.256958 0.30273 0.17212 0.2808 -0.6958 0.00 
0.256958 0.30273 0.17212 0.2808 -0.6958 0.00 
0.256958 0.30273 0.17212 0.2808 -0.6958 0.00 
0.256958 0.30273 0.17212 0.5249 -0.4883 -0.2808 
0.256226 0.30640 0.15747 0.5249 -0.4883 -0.2808 
0.256226 0.30640 0.15747 0.5249 -0.4883 -0.2808 
0.256226 0.30640 0.15747 0.5249 -0.4883 -0.2808 
0.256226 0.30640 0.15747 0.5249 -0.4883 -0.2808 
0.256226 0.30640 0.15747 0.5249 -0.4883 -0.2808 
0.256226 0.30640 0.15747 0.5249 -0.4883 -0.2808 
0.256226 0.30640 0.15747 0.5249 -0.4883 -0.2808 
0.256226 0.30640 0.15747 0.5249 -0.4883 -0.2808 
0.256226 0.30640 0.15747 0.5249 -0.4883 -0.2808 
0.256226 0.30640 0.15747 0.5249 -0.4883 -0.5249 
0.255005 0.30762 0.14160 0.3784 -0.2319 -0.5249 
0.255005 0.30762 0.14160 0.3784 -0.2319 -0.5249 
0.255005 0.30762 0.14160 0.3784 -0.2319 -0.5249 
0.255005 0.30762 0.14160 0.3784 -0.2319 -0.5249 
0.255005 0.30762 0.14160 0.3784 -0.2319 -0.5249 
0.255005 0.30762 0.14160 0.3784 -0.2319 -0.5249 
0.255005 0.30762 0.14160 0.3784 -0.2319 -0.5249 
0.255005 0.30762 0.14160 0.3784 -0.2319 -0.5249 
0.255005 0.30762 0.14160 0.3784 -0.2319 -0.5249 
0.255005 0.30762 0.14160 0.3784 -0.2319 -0.5249 
0.255005 0.30640 0.13184 -0.244 0.610 -0.6592 
0.253174 0.30640 0.13184 -0.244 0.610 -0.6592 
0.253174 0.30640 0.13184 -0.244 0.610 -0.6592 
0.253174 0.30640 0.13184 -0.244 0.610 -0.6592 
0.253174 0.30640 0.13184 -0.244 0.610 -0.6592 
0.253174 0.30640 0.13184 -0.244 0.610 -0.6592 
0.253174 0.30640 0.13184 -0.244 0.610 -0.6592 
0.253174 0.30640 0.13184 -0.244 0.610 -0.6592 
0.253174 0.30640 0.13184 -0.244 0.610 -0.6592 
0.253174 0.30640 0.13184 -0.244 0.610 -0.6592 
0.253174 0.30640 0.13184 -0.4761 0.3296 -0.6714 
0.252197 0.30762 0.12573 -0.4761 0.3296 -0.6714 
0.252197 0.30762 0.12573 -0.4761 0.3296 -0.6714 
0.252197 0.30762 0.12573 -0.4761 0.3296 -0.6714 
0.252197 0.30762 0.12573 -0.4761 0.3296 -0.6714 
0.252197 0.30762 0.12573 -0.4761 0.3296 -0.6714 
0.252197 0.30762 0.12573 -0.4761 0.3296 -0.6714 
0.252197 0.30762 0.12573 -0.4761 0.3296 -0.6714 
0.252197 0.30762 0.12573 -0.4761 0.3296 -0.6714 
0.252197 0.30762 0.12573 -0.4761 0.3296 -0.6714 
0.252197 0.30762 0.12573 -0.4761 0.6592 -0.5859 
0.251343 0.31006 0.12329 -0.9033 0.6592 -0.5859 
0.251343 0.31006 0.12329 -0.9033 0.6592 -0.5859 
0.251343 0.31006 0.12329 -0.9033 0.6592 -0.5859 
0.251343 0.31006 0.12329 -0.9033 0.6592 -0.5859 
0.251343 0.31006 0.12329 -0.9033 0.6592 -0.5859 
0.251343 0.31006 0.12329 -0.9033 0.6592 -0.5859 
0.251343 0.31006 0.12329 -0.9033 0.6592 -0.5859 
0.251343 0.31006 0.12329 -0.9033 0.6592 -0.5859 
0.251343 0.31006 0.12329 -0.9033 0.6592 -0.5859 
0.251343 0.31006 0.12329 -0.9033 0.6592 -0.5859 
0.251709 0.31494 0.12939 -0.11597 0.9277 -0.4517 
0.251709 0.31494 0.12939 -0.11597 0.9277 -0.4517 
0.251709 0.31494 0.12939 -0.11597 0.9277 -0.4517 
0.251709 0.31494 0.12939 -0.11597 0.9277 -0.4517 
0.251709 0.31494 0.12939 -0.11597 0.9277 -0.4517 
0.251709 0.31494 0.12939 -0.11597 0.9277 -0.4517 
0.251709 0.31494 0.12939 -0.11597 0.9277 -0.4517 
0.251709 0.31494 0.12939 -0.11597 0.9277 -0.4517 
0.251709 0.31494 0.12939 -0.11597 0.9277 -0.4517 
0.251709 0.31494 0.12939 -0.11597 0.9277 -0.4517 
0.251709 0.31494 0.13916 -0.11353 0.10498 -0.3174 
0.252441 0.31860 0.13916 -0.11353 0.10498 -0.3174 
0.252441 0.31860 0.13916 -0.11353 0.10498 -0.3174 
0.252441 0.31860 0.13916 -0.11353 0.10498 -0.3174 
0.252441 0.31860 0.13916 -0.11353 0.10498 -0.3174 
0.252441 0.31860 0.13916 -0.11353 0.10498 -0.3174 
0.252441 0.31860 0.13916 -0.11353 0.10498 -0.3174 
0.252441 0.31860 0.13916 -0.11353 0.10498 -0.3174 
0.252441 0.31860 0.13916 -0.11353 0.10498 -0.3174 
0.252441 0.31860 0.13916 -0.11353 0.10498 -0.3174 
