0.242310 0.11963 0.37842 -0.6104 -0.13794 -0.977 
0.242310 0.11963 0.37842 -0.6104 -0.13794 -0.977 
0.242310 0.11963 0.37842 -0.6104 -0.13794 -0.977 
0.242310 0.11963 0.37842 -0.6104 -0.13794 -0.977 
0.242310 0.11963 0.37842 -0.6104 -0.13794 -0.977 
0.242310 0.11963 0.37842 -0.6104 -0.13794 -0.977 
0.242310 0.11963 0.37842 -0.6104 -0.13794 -0.31128 
0.243286 0.11108 0.36743 -0.6104 -0.14648 0.122 
0.243286 0.11108 0.36743 -0.6104 -0.14648 0.122 
0.243286 0.11108 0.36743 -0.6104 -0.14648 0.122 
0.243286 0.11108 0.36743 -0.6104 -0.14648 0.122 
0.243286 0.11108 0.36743 -0.6104 -0.14648 0.122 
0.243286 0.11108 0.36743 -0.6104 -0.14648 0.122 
0.243286 0.11108 0.36743 -0.6104 -0.14648 0.122 
0.243286 0.11108 0.36743 -0.6104 -0.14648 0.122 
0.243286 0.11108 0.36743 -0.6104 -0.14648 0.122 
0.243286 0.11108 0.36743 -0.6104 -0.14648 0.122 
0.243286 0.10132 0.37598 -0.6836 -0.14404 0.2197 
0.246460 0.10132 0.37598 -0.6836 -0.14404 0.2197 
0.246460 0.10132 0.37598 -0.6836 -0.14404 0.2197 
0.246460 0.10132 0.37598 -0.6836 -0.14404 0.2197 
0.246460 0.10132 0.37598 -0.6836 -0.14404 0.2197 
0.246460 0.10132 0.37598 -0.6836 -0.14404 0.2197 
0.246460 0.10132 0.37598 -0.6836 -0.14404 0.2197 
0.246460 0.10132 0.37598 -0.6836 -0.14404 0.2197 
0.246460 0.10132 0.37598 -0.6836 -0.14404 0.2197 
0.246460 0.10132 0.37598 -0.6836 -0.14404 0.2197 
0.246460 0.10132 0.37598 -0.6592 -0.13794 0.4028 
0.249390 0.9033 0.37720 -0.6592 -0.13794 0.4028 
0.249390 0.9033 0.37720 -0.6592 -0.13794 0.4028 
0.249390 0.9033 0.37720 -0.6592 -0.13794 0.4028 
0.249390 0.9033 0.37720 -0.6592 -0.13794 0.4028 
0.249390 0.9033 0.37720 -0.6592 -0.13794 0.4028 
0.249390 0.9033 0.37720 -0.6592 -0.13794 0.4028 
0.249390 0.9033 0.37720 -0.6592 -0.13794 0.4028 
0.249390 0.9033 0.37720 -0.6592 -0.13794 0.4028 
0.249390 0.9033 0.37720 -0.6592 -0.13794 0.4028 
0.249390 0.9033 0.37720 -0.6592 -0.13794 0.3784 
0.252075 0.8423 0.38452 -0.5249 -0.12207 0.3784 
0.252075 0.8423 0.38452 -0.5249 -0.12207 0.3784 
0.252075 0.8423 0.38452 -0.5249 -0.12207 0.3784 
0.252075 0.8423 0.38452 -0.5249 -0.12207 0.3784 
0.252075 0.8423 0.38452 -0.5249 -0.12207 0.3784 
0.252075 0.8423 0.38452 -0.5249 -0.12207 0.3784 
0.252075 0.8423 0.38452 -0.5249 -0.12207 0.3784 
0.252075 0.8423 0.38452 -0.5249 -0.12207 0.3784 
0.252075 0.8423 0.38452 -0.5249 -0.12207 0.3784 
0.252075 0.8423 0.38452 -0.5249 -0.12207 0.3784 
0.252075 0.8057 0.39063 -0.3296 -0.10132 0.1831 
0.253784 0.8057 0.39063 -0.3296 -0.10132 0.1831 
0.253784 0.8057 0.39063 -0.3296 -0.10132 0.1831 
0.253784 0.8057 0.39063 -0.3296 -0.10132 0.1831 
0.253784 0.8057 0.39063 -0.3296 -0.10132 0.1831 
0.253784 0.8057 0.39063 -0.3296 -0.10132 0.1831 
0.253784 0.8057 0.39063 -0.3296 -0.10132 0.1831 
0.253784 0.8057 0.39063 -0.3296 -0.10132 0.1831 
0.253784 0.8057 0.39063 -0.3296 -0.10132 0.1831 
0.253784 0.8057 0.39063 -0.3296 -0.10132 0.1831 
0.253784 0.8057 0.39673 -0.1221 -0.7813 -0.1221 
0.254883 0.8057 0.39673 -0.1221 -0.7813 -0.1221 
0.254883 0.8057 0.39673 -0.1221 -0.7813 -0.1221 
0.254883 0.8057 0.39673 -0.1221 -0.7813 -0.1221 
0.254883 0.8057 0.39673 -0.1221 -0.7813 -0.1221 
0.254883 0.8057 0.39673 -0.1221 -0.7813 -0.1221 
0.254883 0.8057 0.39673 -0.1221 -0.7813 -0.1221 
0.254883 0.8057 0.39673 -0.1221 -0.7813 -0.1221 
0.254883 0.8057 0.39673 -0.1221 -0.7813 -0.1221 
0.254883 0.8057 0.39673 -0.1221 -0.7813 -0.1221 
0.254883 0.8057 0.39673 -0.1221 -0.5249 -0.4639 
0.255005 0.8789 0.39795 0.366 -0.5249 -0.4639 
0.255005 0.8789 0.39795 0.366 -0.5249 -0.4639 
0.255005 0.8789 0.39795 0.366 -0.5249 -0.4639 
0.255005 0.8789 0.39795 0.366 -0.5249 -0.4639 
0.255005 0.8789 0.39795 0.366 -0.5249 -0.4639 
0.255005 0.8789 0.39795 0.366 -0.5249 -0.4639 
0.255005 0.8789 0.39795 0.366 -0.5249 -0.4639 
0.255005 0.8789 0.39795 0.366 -0.5249 -0.4639 
0.255005 0.8789 0.39795 0.366 -0.5249 -0.4639 
0.255005 0.8789 0.39795 0.366 -0.5249 -0.4639 
0.253296 0.9888 0.39185 0.732 -0.3052 -0.7446 
0.253296 0.9888 0.39185 0.732 -0.3052 -0.7446 
0.253296 0.9888 0.39185 0.732 -0.3052 -0.7446 
0.253296 0.9888 0.39185 0.732 -0.3052 -0.7446 
0.253296 0.9888 0.39185 0.732 -0.3052 -0.7446 
0.253296 0.9888 0.39185 0.732 -0.3052 -0.7446 
0.253296 0.9888 0.39185 0.732 -0.3052 -0.7446 
0.253296 0.9888 0.39185 0.732 -0.3052 -0.7446 
0.253296 0.9888 0.39185 0.732 -0.3052 -0.7446 
0.253296 0.9888 0.39185 0.732 -0.3052 -0.7446 
0.253296 0.9888 0.38574 -0.488 -0.854 -0.9644 
0.251099 0.10864 0.38574 -0.488 -0.854 -0.9644 
0.251099 0.10864 0.38574 -0.488 -0.854 -0.9644 
0.251099 0.10864 0.38574 -0.488 -0.854 -0.9644 
0.251099 0.10864 0.38574 -0.488 -0.854 -0.9644 
0.251099 0.10864 0.38574 -0.488 -0.854 -0.9644 
0.251099 0.10864 0.38574 -0.488 -0.854 -0.9644 
0.251099 0.10864 0.38574 -0.488 -0.854 -0.9644 
0.251099 0.10864 0.38574 -0.488 -0.854 -0.9644 
0.251099 0.10864 0.38574 -0.488 -0.854 -0.9644 
0.251099 0.10864 0.38574 -0.488 0.1831 -0.10498 
0.250122 0.11963 0.38818 -0.3296 0.1831 -0.10498 
0.250122 0.11963 0.38818 -0.3296 0.1831 -0.10498 
0.250122 0.11963 0.38818 -0.3296 0.1831 -0.10498 
0.250122 0.11963 0.38818 -0.3296 0.1831 -0.10498 
0.250122 0.11963 0.38818 -0.3296 0.1831 -0.10498 
0.250122 0.11963 0.38818 -0.3296 0.1831 -0.10498 
0.250122 0.11963 0.38818 -0.3296 0.1831 -0.10498 
0.250122 0.11963 0.38818 -0.3296 0.1831 -0.10498 
0.250122 0.11963 0.38818 -0.3296 0.1831 -0.10498 
0.250122 0.11963 0.38818 -0.3296 0.1831 -0.10620 
0.251099 0.12695 0.39185 -0.5981 0.4272 -0.10620 
0.251099 0.12695 0.39185 -0.5981 0.4272 -0.10620 
0.251099 0.12695 0.39185 -0.5981 0.4272 -0.10620 
0.251099 0.12695 0.39185 -0.5981 0.4272 -0.10620 
0.251099 0.12695 0.39185 -0.5981 0.4272 -0.10620 
0.251099 0.12695 0.39185 -0.5981 0.4272 -0.10620 
0.251099 0.12695 0.39185 -0.5981 0.4272 -0.10620 
0.251099 0.12695 0.39185 -0.5981 0.4272 -0.10620 
0.251099 0.12695 0.39185 -0.5981 0.4272 -0.10620 
0.251099 0.12695 0.39185 -0.5981 0.4272 -0.10620 
0.251099 0.12939 0.38330 -0.7568 0.6226 -0.10742 
0.252075 0.12939 0.38330 -0.7568 0.6226 -0.10742 
0.252075 0.12939 0.38330 -0.7568 0.6226 -0.10742 
0.252075 0.12939 0.38330 -0.7568 0.6226 -0.10742 
0.252075 0.12939 0.38330 -0.7568 0.6226 -0.10742 
0.252075 0.12939 0.38330 -0.7568 0.6226 -0.10742 
0.252075 0.12939 0.38330 -0.7568 0.6226 -0.10742 
0.252075 0.12939 0.38330 -0.7568 0.6226 -0.10742 
0.252075 0.12939 0.38330 -0.7568 0.6226 -0.10742 
0.252075 0.12939 0.38330 -0.7568 0.6226 -0.10742 
0.252075 0.12939 0.38330 -0.7202 0.7446 -0.11230 
0.254639 0.13794 0.39551 -0.7202 0.7446 -0.11230 
0.254639 0.13794 0.39551 -0.7202 0.7446 -0.11230 
0.254639 0.13794 0.39551 -0.7202 0.7446 -0.11230 
0.254639 0.13794 0.39551 -0.7202 0.7446 -0.11230 
0.254639 0.13794 0.39551 -0.7202 0.7446 -0.11230 
0.254639 0.13794 0.39551 -0.7202 0.7446 -0.11230 
0.254639 0.13794 0.39551 -0.7202 0.7446 -0.11230 
0.254639 0.13794 0.39551 -0.7202 0.7446 -0.11230 
0.254639 0.13794 0.39551 -0.7202 0.7446 -0.11230 
0.254639 0.13794 0.39551 -0.7202 0.7446 -0.12573 
0.257202 0.14771 0.41382 -0.2441 0.7202 -0.12573 
0.257202 0.14771 0.41382 -0.2441 0.7202 -0.12573 
0.257202 0.14771 0.41382 -0.2441 0.7202 -0.12573 
0.257202 0.14771 0.41382 -0.2441 0.7202 -0.12573 
0.257202 0.14771 0.41382 -0.2441 0.7202 -0.12573 
0.257202 0.14771 0.41382 -0.2441 0.7202 -0.12573 
0.257202 0.14771 0.41382 -0.2441 0.7202 -0.12573 
0.257202 0.14771 0.41382 -0.2441 0.7202 -0.12573 
0.257202 0.14771 0.41382 -0.2441 0.7202 -0.12573 
