0.248901 0.6104 0.37598 -0.3052 0.1709 0.8057 
0.248901 0.6104 0.37598 -0.3052 0.1709 0.8057 
0.248901 0.6104 0.37598 -0.3052 0.1709 0.8057 
0.248901 0.6104 0.37598 -0.3052 0.1709 0.9155 
0.250366 0.5249 0.36743 -0.7446 0.1953 0.9155 
0.250366 0.5249 0.36743 -0.7446 0.1953 0.9155 
0.250366 0.5249 0.36743 -0.7446 0.1953 0.9155 
0.250366 0.5249 0.36743 -0.7446 0.1953 0.9155 
0.250366 0.5249 0.36743 -0.7446 0.1953 0.9155 
0.250366 0.5249 0.36743 -0.7446 0.1953 0.9155 
0.250366 0.5249 0.36743 -0.7446 0.1953 0.9155 
0.250366 0.5249 0.36743 -0.7446 0.1953 0.9155 
0.250366 0.5249 0.36743 -0.7446 0.1953 0.9155 
0.250366 0.5249 0.36743 -0.7446 0.1953 0.9155 
0.251953 0.4517 0.37231 -0.12573 0.3540 0.8423 
0.251953 0.4517 0.37231 -0.12573 0.3540 0.8423 
0.251953 0.4517 0.37231 -0.12573 0.3540 0.8423 
0.251953 0.4517 0.37231 -0.12573 0.3540 0.8423 
0.251953 0.4517 0.37231 -0.12573 0.3540 0.8423 
0.251953 0.4517 0.37231 -0.12573 0.3540 0.8423 
0.251953 0.4517 0.37231 -0.12573 0.3540 0.8423 
0.251953 0.4517 0.37231 -0.12573 0.3540 0.8423 
0.251953 0.4517 0.37231 -0.12573 0.3540 0.8423 
0.251953 0.4517 0.37231 -0.12573 0.3540 0.8423 
0.251953 0.4517 0.38818 -0.16113 0.6104 0.5371 
0.254761 0.4272 0.38818 -0.16113 0.6104 0.5371 
0.254761 0.4272 0.38818 -0.16113 0.6104 0.5371 
0.254761 0.4272 0.38818 -0.16113 0.6104 0.5371 
0.254761 0.4272 0.38818 -0.16113 0.6104 0.5371 
0.254761 0.4272 0.38818 -0.16113 0.6104 0.5371 
0.254761 0.4272 0.38818 -0.16113 0.6104 0.5371 
0.254761 0.4272 0.38818 -0.16113 0.6104 0.5371 
0.254761 0.4272 0.38818 -0.16113 0.6104 0.5371 
0.254761 0.4272 0.38818 -0.16113 0.6104 0.5371 
0.254761 0.4272 0.38818 -0.16113 0.9644 0.977 
0.255615 0.4272 0.39063 -0.16357 0.9644 0.977 
0.255615 0.4272 0.39063 -0.16357 0.9644 0.977 
0.255615 0.4272 0.39063 -0.16357 0.9644 0.977 
0.255615 0.4272 0.39063 -0.16357 0.9644 0.977 
0.255615 0.4272 0.39063 -0.16357 0.9644 0.977 
0.255615 0.4272 0.39063 -0.16357 0.9644 0.977 
0.255615 0.4272 0.39063 -0.16357 0.9644 0.977 
0.255615 0.4272 0.39063 -0.16357 0.9644 0.977 
0.255615 0.4272 0.39063 -0.16357 0.9644 0.977 
0.255615 0.4272 0.39063 -0.16357 0.9644 0.977 
0.255127 0.4761 0.39917 -0.15869 0.13306 -0.2563 
0.255127 0.4761 0.39917 -0.15869 0.13306 -0.2563 
0.255127 0.4761 0.39917 -0.15869 0.13306 -0.2563 
0.255127 0.4761 0.39917 -0.15869 0.13306 -0.2563 
0.255127 0.4761 0.39917 -0.15869 0.13306 -0.2563 
0.255127 0.4761 0.39917 -0.15869 0.13306 -0.2563 
0.255127 0.4761 0.39917 -0.15869 0.13306 -0.2563 
0.255127 0.4761 0.39917 -0.15869 0.13306 -0.2563 
0.255127 0.4761 0.39917 -0.15869 0.13306 -0.2563 
0.255127 0.4761 0.39917 -0.15869 0.13306 -0.2563 
0.255127 0.5127 0.40283 -0.14771 0.15259 -0.4395 
0.255493 0.5127 0.40283 -0.14771 0.15259 -0.4395 
0.255493 0.5127 0.40283 -0.14771 0.15259 -0.4395 
0.255493 0.5127 0.40283 -0.14771 0.15259 -0.4395 
0.255493 0.5127 0.40283 -0.14771 0.15259 -0.4395 
0.255493 0.5127 0.40283 -0.14771 0.15259 -0.4395 
0.255493 0.5127 0.40283 -0.14771 0.15259 -0.4395 
0.255493 0.5127 0.40283 -0.14771 0.15259 -0.4395 
0.255493 0.5127 0.40283 -0.14771 0.15259 -0.4395 
0.255493 0.5127 0.40283 -0.14771 0.15259 -0.4395 
0.255493 0.5127 0.40283 -0.12207 0.15015 -0.5127 
0.256592 0.5005 0.40894 -0.12207 0.15015 -0.5127 
0.256592 0.5005 0.40894 -0.12207 0.15015 -0.5127 
0.256592 0.5005 0.40894 -0.12207 0.15015 -0.5127 
0.256592 0.5005 0.40894 -0.12207 0.15015 -0.5127 
0.256592 0.5005 0.40894 -0.12207 0.15015 -0.5127 
0.256592 0.5005 0.40894 -0.12207 0.15015 -0.5127 
0.256592 0.5005 0.40894 -0.12207 0.15015 -0.5127 
0.256592 0.5005 0.40894 -0.12207 0.15015 -0.5127 
0.256592 0.5005 0.40894 -0.12207 0.15015 -0.5127 
0.256592 0.5005 0.40894 -0.12207 0.15015 -0.5737 
0.256592 0.4517 0.40894 -0.7690 0.12329 -0.5737 
0.256592 0.4517 0.40894 -0.7690 0.12329 -0.5737 
0.256592 0.4517 0.40894 -0.7690 0.12329 -0.5737 
0.256592 0.4517 0.40894 -0.7690 0.12329 -0.5737 
0.256592 0.4517 0.40894 -0.7690 0.12329 -0.5737 
0.256592 0.4517 0.40894 -0.7690 0.12329 -0.5737 
0.256592 0.4517 0.40894 -0.7690 0.12329 -0.5737 
0.256592 0.4517 0.40894 -0.7690 0.12329 -0.5737 
0.256592 0.4517 0.40894 -0.7690 0.12329 -0.5737 
0.256592 0.4517 0.40894 -0.7690 0.12329 -0.5737 
0.256592 0.4272 0.40649 -0.3174 0.7935 -0.6104 
0.256348 0.4272 0.40649 -0.3174 0.7935 -0.6104 
0.256348 0.4272 0.40649 -0.3174 0.7935 -0.6104 
0.256348 0.4272 0.40649 -0.3174 0.7935 -0.6104 
0.256348 0.4272 0.40649 -0.3174 0.7935 -0.6104 
0.256348 0.4272 0.40649 -0.3174 0.7935 -0.6104 
0.256348 0.4272 0.40649 -0.3174 0.7935 -0.6104 
0.256348 0.4272 0.40649 -0.3174 0.7935 -0.6104 
0.256348 0.4272 0.40649 -0.3174 0.7935 -0.6104 
0.256348 0.4272 0.40649 -0.3174 0.7935 -0.6104 
0.256348 0.4272 0.40649 -0.732 0.2075 -0.5615 
0.256714 0.3784 0.41382 -0.732 0.2075 -0.5615 
0.256714 0.3784 0.41382 -0.732 0.2075 -0.5615 
0.256714 0.3784 0.41382 -0.732 0.2075 -0.5615 
0.256714 0.3784 0.41382 -0.732 0.2075 -0.5615 
0.256714 0.3784 0.41382 -0.732 0.2075 -0.5615 
0.256714 0.3784 0.41382 -0.732 0.2075 -0.5615 
0.256714 0.3784 0.41382 -0.732 0.2075 -0.5615 
0.256714 0.3784 0.41382 -0.732 0.2075 -0.5615 
0.256714 0.3784 0.41382 -0.732 0.2075 -0.5615 
0.256714 0.3784 0.41382 -0.732 0.27588 -0.4150 
0.254639 0.4639 0.40405 -0.1587 -0.3662 -0.4150 
0.254639 0.4639 0.40405 -0.1587 -0.3662 -0.4150 
0.254639 0.4639 0.40405 -0.1587 -0.3662 -0.4150 
0.254639 0.4639 0.40405 -0.1587 -0.3662 -0.4150 
0.254639 0.4639 0.40405 -0.1587 -0.3662 -0.4150 
0.254639 0.4639 0.40405 -0.1587 -0.3662 -0.4150 
0.254639 0.4639 0.40405 -0.1587 -0.3662 -0.4150 
0.254639 0.4639 0.40405 -0.1587 -0.3662 -0.4150 
0.254639 0.4639 0.40405 -0.1587 -0.3662 -0.4150 
0.254639 0.4639 0.40405 -0.1587 -0.3662 -0.4150 
0.255859 0.4883 0.41382 -0.5615 -0.8911 -0.1465 
0.255859 0.4883 0.41382 -0.5615 -0.8911 -0.1465 
0.255859 0.4883 0.41382 -0.5615 -0.8911 -0.1465 
0.255859 0.4883 0.41382 -0.5615 -0.8911 -0.1465 
0.255859 0.4883 0.41382 -0.5615 -0.8911 -0.1465 
0.255859 0.4883 0.41382 -0.5615 -0.8911 -0.1465 
0.255859 0.4883 0.41382 -0.5615 -0.8911 -0.1465 
0.255859 0.4883 0.41382 -0.5615 -0.8911 -0.1465 
0.255859 0.4883 0.41382 -0.5615 -0.8911 -0.1465 
0.255859 0.4883 0.41382 -0.5615 -0.8911 -0.1465 
0.255859 0.4883 0.45044 -0.12695 -0.13184 0.2197 
0.258667 0.4883 0.45044 -0.12695 -0.13184 0.2197 
0.258667 0.4883 0.45044 -0.12695 -0.13184 0.2197 
0.258667 0.4883 0.45044 -0.12695 -0.13184 0.2197 
0.258667 0.4883 0.45044 -0.12695 -0.13184 0.2197 
0.258667 0.4883 0.45044 -0.12695 -0.13184 0.2197 
0.258667 0.4883 0.45044 -0.12695 -0.13184 0.2197 
0.258667 0.4883 0.45044 -0.12695 -0.13184 0.2197 
0.258667 0.4883 0.45044 -0.12695 -0.13184 0.2197 
0.258667 0.4883 0.45044 -0.12695 -0.13184 0.2197 
0.258667 0.4883 0.45044 -0.12695 -0.15991 0.4761 
0.261597 0.5615 0.49194 -0.14526 -0.15991 0.4761 
0.261597 0.5615 0.49194 -0.14526 -0.15991 0.4761 
0.261597 0.5615 0.49194 -0.14526 -0.15991 0.4761 
0.261597 0.5615 0.49194 -0.14526 -0.15991 0.4761 
0.261597 0.5615 0.49194 -0.14526 -0.15991 0.4761 
0.261597 0.5615 0.49194 -0.14526 -0.15991 0.4761 
0.261597 0.5615 0.49194 -0.14526 -0.15991 0.4761 
0.261597 0.5615 0.49194 -0.14526 -0.15991 0.4761 
0.261597 0.5615 0.49194 -0.14526 -0.15991 0.4761 
0.261597 0.5615 0.49194 -0.14526 -0.15991 0.4761 
0.264648 0.7080 0.52124 -0.9033 -0.20020 0.3784 
0.264648 0.7080 0.52124 -0.9033 -0.20020 0.3784 
