0.250000 0.12939 0.9644 -0.15991 0.12085 0.7080 
0.250000 0.12939 0.9644 -0.15991 0.12085 0.7080 
0.253296 0.13306 0.12207 -0.16724 0.11475 0.5127 
0.253296 0.13306 0.12207 -0.16724 0.11475 0.5127 
0.253296 0.13306 0.12207 -0.16724 0.11475 0.5127 
0.253296 0.13306 0.12207 -0.16724 0.11475 0.5127 
0.253296 0.13306 0.12207 -0.16724 0.11475 0.5127 
0.253296 0.13306 0.12207 -0.16724 0.11475 0.5127 
0.253296 0.13306 0.12207 -0.16724 0.11475 0.5127 
0.253296 0.13306 0.12207 -0.16724 0.11475 0.5127 
0.253296 0.13306 0.12207 -0.16724 0.11475 0.5127 
0.253296 0.13306 0.12207 -0.16724 0.11475 0.5127 
0.253296 0.13306 0.12207 -0.17822 0.11719 0.2319 
0.254517 0.11841 0.12207 -0.17822 0.11719 0.2319 
0.254517 0.11841 0.12207 -0.17822 0.11719 0.2319 
0.254517 0.11841 0.12207 -0.17822 0.11719 0.2319 
0.254517 0.11841 0.12207 -0.17822 0.11719 0.2319 
0.254517 0.11841 0.12207 -0.17822 0.11719 0.2319 
0.254517 0.11841 0.12207 -0.17822 0.11719 0.2319 
0.254517 0.11841 0.12207 -0.17822 0.11719 0.2319 
0.254517 0.11841 0.12207 -0.17822 0.11719 0.2319 
0.254517 0.11841 0.12207 -0.17822 0.11719 0.2319 
0.254517 0.11841 0.12207 -0.17212 0.12329 0.1831 
0.257935 0.10498 0.14648 -0.17212 0.12329 0.1831 
0.257935 0.10498 0.14648 -0.17212 0.12329 0.1831 
0.257935 0.10498 0.14648 -0.17212 0.12329 0.1831 
0.257935 0.10498 0.14648 -0.17212 0.12329 0.1831 
0.257935 0.10498 0.14648 -0.17212 0.12329 0.1831 
0.257935 0.10498 0.14648 -0.17212 0.12329 0.1831 
0.257935 0.10498 0.14648 -0.17212 0.12329 0.1831 
0.257935 0.10498 0.14648 -0.17212 0.12329 0.1831 
0.257935 0.10498 0.14648 -0.17212 0.12329 0.1831 
0.257935 0.10498 0.14648 -0.17212 0.12329 0.30884 
0.261475 0.9521 0.16846 -0.12573 0.12817 -0.366 
0.261475 0.9521 0.16846 -0.12573 0.12817 -0.366 
0.261475 0.9521 0.16846 -0.12573 0.12817 -0.366 
0.261475 0.9521 0.16846 -0.12573 0.12817 -0.366 
0.261475 0.9521 0.16846 -0.12573 0.12817 -0.366 
0.261475 0.9521 0.16846 -0.12573 0.12817 -0.366 
0.261475 0.9521 0.16846 -0.12573 0.12817 -0.366 
0.261475 0.9521 0.16846 -0.12573 0.12817 -0.366 
0.261475 0.9521 0.16846 -0.12573 0.12817 -0.366 
0.261475 0.9521 0.16846 -0.12573 0.12817 -0.366 
0.261475 0.8911 0.18188 -0.6226 0.13428 -0.3662 
0.263794 0.8911 0.18188 -0.6226 0.13428 -0.3662 
0.263794 0.8911 0.18188 -0.6226 0.13428 -0.3662 
0.263794 0.8911 0.18188 -0.6226 0.13428 -0.3662 
0.263794 0.8911 0.18188 -0.6226 0.13428 -0.3662 
0.263794 0.8911 0.18188 -0.6226 0.13428 -0.3662 
0.263794 0.8911 0.18188 -0.6226 0.13428 -0.3662 
0.263794 0.8911 0.18188 -0.6226 0.13428 -0.3662 
0.263794 0.8911 0.18188 -0.6226 0.13428 -0.3662 
0.263794 0.8911 0.18188 -0.6226 0.13428 -0.3662 
0.263794 0.8911 0.18188 -0.1465 0.14282 -0.6714 
0.263428 0.8423 0.18677 -0.1465 0.14282 -0.6714 
0.263428 0.8423 0.18677 -0.1465 0.14282 -0.6714 
0.263428 0.8423 0.18677 -0.1465 0.14282 -0.6714 
0.263428 0.8423 0.18677 -0.1465 0.14282 -0.6714 
0.263428 0.8423 0.18677 -0.1465 0.14282 -0.6714 
0.263428 0.8423 0.18677 -0.1465 0.14282 -0.6714 
0.263428 0.8423 0.18677 -0.1465 0.14282 -0.6714 
0.263428 0.8423 0.18677 -0.1465 0.14282 -0.6714 
0.263428 0.8423 0.18677 -0.1465 0.14282 -0.6714 
0.263428 0.8423 0.18677 -0.1465 0.14282 -0.7202 
0.261963 0.8545 0.18433 -0.488 0.15625 -0.7202 
0.261963 0.8545 0.18433 -0.488 0.15625 -0.7202 
0.261963 0.8545 0.18433 -0.488 0.15625 -0.7202 
0.261963 0.8545 0.18433 -0.488 0.15625 -0.7202 
0.261963 0.8545 0.18433 -0.488 0.15625 -0.7202 
0.261963 0.8545 0.18433 -0.488 0.15625 -0.7202 
0.261963 0.8545 0.18433 -0.488 0.15625 -0.7202 
0.261963 0.8545 0.18433 -0.488 0.15625 -0.7202 
0.261963 0.8545 0.18433 -0.488 0.15625 -0.7202 
0.261963 0.8545 0.18433 -0.488 0.15625 -0.7202 
0.262085 0.9155 0.19165 -0.2441 0.17212 -0.5249 
0.262085 0.9155 0.19165 -0.2441 0.17212 -0.5249 
0.262085 0.9155 0.19165 -0.2441 0.17212 -0.5249 
0.262085 0.9155 0.19165 -0.2441 0.17212 -0.5249 
0.262085 0.9155 0.19165 -0.2441 0.17212 -0.5249 
0.262085 0.9155 0.19165 -0.2441 0.17212 -0.5249 
0.262085 0.9155 0.19165 -0.2441 0.17212 -0.5249 
0.262085 0.9155 0.19165 -0.2441 0.17212 -0.5249 
0.262085 0.9155 0.19165 -0.2441 0.17212 -0.5249 
0.262085 0.9155 0.19165 -0.2441 0.17212 -0.5249 
0.262085 0.9155 0.20630 -0.4517 0.18555 -0.2930 
0.264038 0.9399 0.20630 -0.4517 0.18555 -0.2930 
0.264038 0.9399 0.20630 -0.4517 0.18555 -0.2930 
0.264038 0.9399 0.20630 -0.4517 0.18555 -0.2930 
0.264038 0.9399 0.20630 -0.4517 0.18555 -0.2930 
0.264038 0.9399 0.20630 -0.4517 0.18555 -0.2930 
0.264038 0.9399 0.20630 -0.4517 0.18555 -0.2930 
0.264038 0.9399 0.20630 -0.4517 0.18555 -0.2930 
0.264038 0.9399 0.20630 -0.4517 0.18555 -0.2930 
0.264038 0.9399 0.20630 -0.4517 0.18555 -0.2930 
0.264038 0.9399 0.20630 -0.4517 0.19043 -0.2441 
0.266235 0.10010 0.22095 -0.4761 0.19043 -0.2441 
0.266235 0.10010 0.22095 -0.4761 0.19043 -0.2441 
0.266235 0.10010 0.22095 -0.4761 0.19043 -0.2441 
0.266235 0.10010 0.22095 -0.4761 0.19043 -0.2441 
0.266235 0.10010 0.22095 -0.4761 0.19043 -0.2441 
0.266235 0.10010 0.22095 -0.4761 0.19043 -0.2441 
0.266235 0.10010 0.22095 -0.4761 0.19043 -0.2441 
0.266235 0.10010 0.22095 -0.4761 0.19043 -0.2441 
0.266235 0.10010 0.22095 -0.4761 0.19043 -0.2441 
0.266235 0.10010 0.22095 -0.4761 0.19043 -0.2441 
0.269043 0.10376 0.23560 -0.3174 0.19287 -0.4761 
0.269043 0.10376 0.23560 -0.3174 0.19287 -0.4761 
0.269043 0.10376 0.23560 -0.3174 0.19287 -0.4761 
0.269043 0.10376 0.23560 -0.3174 0.19287 -0.4761 
0.269043 0.10376 0.23560 -0.3174 0.19287 -0.4761 
0.269043 0.10376 0.23560 -0.3174 0.19287 -0.4761 
0.269043 0.10376 0.23560 -0.3174 0.19287 -0.4761 
0.269043 0.10376 0.23560 -0.3174 0.19287 -0.4761 
0.269043 0.10376 0.23560 -0.3174 0.19287 -0.4761 
0.269043 0.10376 0.23560 -0.3174 0.19287 -0.4761 
0.269043 0.10376 0.24048 -0.1465 0.18311 -0.9155 
0.271606 0.9644 0.24048 -0.1465 0.18311 -0.9155 
0.271606 0.9644 0.24048 -0.1465 0.18311 -0.9155 
0.271606 0.9644 0.24048 -0.1465 0.18311 -0.9155 
0.271606 0.9644 0.24048 -0.1465 0.18311 -0.9155 
0.271606 0.9644 0.24048 -0.1465 0.18311 -0.9155 
0.271606 0.9644 0.24048 -0.1465 0.18311 -0.9155 
0.271606 0.9644 0.24048 -0.1465 0.18311 -0.9155 
0.271606 0.9644 0.24048 -0.1465 0.18311 -0.9155 
0.271606 0.9644 0.24048 -0.1465 0.18311 -0.9155 
0.271606 0.9644 0.24048 -0.29785 0.15259 -0.13794 
0.274414 0.9644 0.26855 0.1465 0.15259 -0.13794 
0.274414 0.9644 0.26855 0.1465 0.15259 -0.13794 
0.274414 0.9644 0.26855 0.1465 0.15259 -0.13794 
0.274414 0.9644 0.26855 0.1465 0.15259 -0.13794 
0.274414 0.9644 0.26855 0.1465 0.15259 -0.13794 
0.274414 0.9644 0.26855 0.1465 0.15259 -0.13794 
0.274414 0.9644 0.26855 0.1465 0.15259 -0.13794 
0.274414 0.9644 0.26855 0.1465 0.15259 -0.13794 
0.274414 0.9644 0.26855 0.1465 0.15259 -0.13794 
0.274414 0.9644 0.26855 0.1465 0.15259 -0.18555 
0.278076 0.9888 0.31006 0.9521 0.7935 -0.18555 
0.278076 0.9888 0.31006 0.9521 0.7935 -0.18555 
0.278076 0.9888 0.31006 0.9521 0.7935 -0.18555 
0.278076 0.9888 0.31006 0.9521 0.7935 -0.18555 
0.278076 0.9888 0.31006 0.9521 0.7935 -0.18555 
0.278076 0.9888 0.31006 0.9521 0.7935 -0.18555 
0.278076 0.9888 0.31006 0.9521 0.7935 -0.18555 
0.278076 0.9888 0.31006 0.9521 0.7935 -0.18555 
0.278076 0.9888 0.31006 0.9521 0.7935 -0.18555 
0.278076 0.9888 0.31006 0.9521 0.7935 -0.18555 
0.278076 0.10376 0.33081 0.20996 -0.2441 -0.22583 
0.279663 0.10376 0.33081 0.20996 -0.2441 -0.22583 
0.279663 0.10376 0.33081 0.20996 -0.2441 -0.22583 
0.279663 0.10376 0.33081 0.20996 -0.2441 -0.22583 
