0.258667 0.27710 0.15137 0.6348 -0.14282 -0.26733 
0.258667 0.27710 0.15137 0.6348 -0.14282 -0.26733 
0.258667 0.27710 0.15137 0.6348 -0.14282 -0.26733 
0.258667 0.27710 0.15137 0.6348 -0.14282 -0.26733 
0.258667 0.27710 0.15137 0.6348 -0.14282 -0.26733 
0.258667 0.27710 0.15137 0.6348 -0.14282 -0.26733 
0.258667 0.27710 0.15137 0.6348 -0.14282 -0.26733 
0.258667 0.27710 0.15137 0.6348 -0.14282 -0.26733 
0.258667 0.27710 0.15137 0.6348 -0.14282 -0.26733 
0.258667 0.27710 0.15137 0.6348 -0.14282 -0.26733 
0.258667 0.27710 0.13306 0.4761 -0.19897 -0.24902 
0.260010 0.27222 0.13306 0.4761 -0.19897 -0.24902 
0.260010 0.27222 0.13306 0.4761 -0.19897 -0.24902 
0.260010 0.27222 0.13306 0.4761 -0.19897 -0.24902 
0.260010 0.27222 0.13306 0.4761 -0.19897 -0.24902 
0.260010 0.27222 0.13306 0.4761 -0.19897 -0.24902 
0.260010 0.27222 0.13306 0.4761 -0.19897 -0.24902 
0.260010 0.27222 0.13306 0.4761 -0.19897 -0.24902 
0.260010 0.27222 0.13306 0.4761 -0.19897 -0.24902 
0.260010 0.27222 0.13306 0.4761 -0.19897 -0.24902 
0.260010 0.27222 0.13306 0.4761 -0.24658 -0.21729 
0.261719 0.27222 0.11841 0.3540 -0.24658 -0.21729 
0.261719 0.27222 0.11841 0.3540 -0.24658 -0.21729 
0.261719 0.27222 0.11841 0.3540 -0.24658 -0.21729 
0.261719 0.27222 0.11841 0.3540 -0.24658 -0.21729 
0.261719 0.27222 0.11841 0.3540 -0.24658 -0.21729 
0.261719 0.27222 0.11841 0.3540 -0.24658 -0.21729 
0.261719 0.27222 0.11841 0.3540 -0.24658 -0.21729 
0.261719 0.27222 0.11841 0.3540 -0.24658 -0.21729 
0.261719 0.27222 0.11841 0.3540 -0.24658 -0.21729 
0.261719 0.27222 0.11841 0.3540 -0.24658 -0.18311 
0.261475 0.28076 0.10254 0.4028 -0.27588 -0.18311 
0.261475 0.28076 0.10254 0.4028 -0.27588 -0.18311 
0.261475 0.28076 0.10254 0.4028 -0.27588 -0.18311 
0.261475 0.28076 0.10254 0.4028 -0.27588 -0.18311 
0.261475 0.28076 0.10254 0.4028 -0.27588 -0.18311 
0.261475 0.28076 0.10254 0.4028 -0.27588 -0.18311 
0.261475 0.28076 0.10254 0.4028 -0.27588 -0.18311 
0.261475 0.28076 0.10254 0.4028 -0.27588 -0.18311 
0.261475 0.28076 0.10254 0.4028 -0.27588 -0.18311 
0.261475 0.28076 0.10254 0.4028 -0.27588 -0.18311 
0.261475 0.29053 0.7813 0.5493 -0.27588 -0.15137 
0.260986 0.29053 0.7813 0.5493 -0.27588 -0.15137 
0.260986 0.29053 0.7813 0.5493 -0.27588 -0.15137 
0.260986 0.29053 0.7813 0.5493 -0.27588 -0.15137 
0.260986 0.29053 0.7813 0.5493 -0.27588 -0.15137 
0.260986 0.29053 0.7813 0.5493 -0.27588 -0.15137 
0.260986 0.29053 0.7813 0.5493 -0.27588 -0.15137 
0.260986 0.29053 0.7813 0.5493 -0.27588 -0.15137 
0.260986 0.29053 0.7813 0.5493 -0.27588 -0.15137 
0.260986 0.29053 0.7813 0.5493 -0.27588 -0.15137 
0.260986 0.29053 0.7813 0.7080 -0.24658 -0.13306 
0.259155 0.30151 0.5127 0.7080 -0.24658 -0.13306 
0.259155 0.30151 0.5127 0.7080 -0.24658 -0.13306 
0.259155 0.30151 0.5127 0.7080 -0.24658 -0.13306 
0.259155 0.30151 0.5127 0.7080 -0.24658 -0.13306 
0.259155 0.30151 0.5127 0.7080 -0.24658 -0.13306 
0.259155 0.30151 0.5127 0.7080 -0.24658 -0.13306 
0.259155 0.30151 0.5127 0.7080 -0.24658 -0.13306 
0.259155 0.30151 0.5127 0.7080 -0.24658 -0.13306 
0.259155 0.30151 0.5127 0.7080 -0.24658 -0.13306 
0.259155 0.30151 0.5127 0.7080 -0.24658 -0.12085 
0.256470 0.32227 0.2808 0.8301 -0.19775 -0.12085 
0.256470 0.32227 0.2808 0.8301 -0.19775 -0.12085 
0.256470 0.32227 0.2808 0.8301 -0.19775 -0.12085 
0.256470 0.32227 0.2808 0.8301 -0.19775 -0.12085 
0.256470 0.32227 0.2808 0.8301 -0.19775 -0.12085 
0.256470 0.32227 0.2808 0.8301 -0.19775 -0.12085 
0.256470 0.32227 0.2808 0.8301 -0.19775 -0.12085 
0.256470 0.32227 0.2808 0.8301 -0.19775 -0.12085 
0.256470 0.32227 0.2808 0.8301 -0.19775 -0.12085 
0.256470 0.32227 0.2808 0.8301 -0.19775 -0.12085 
0.256470 0.34180 0.366 0.8667 -0.14282 -0.11353 
0.254761 0.34180 0.366 0.8667 -0.14282 -0.11353 
0.254761 0.34180 0.366 0.8667 -0.14282 -0.11353 
0.254761 0.34180 0.366 0.8667 -0.14282 -0.11353 
0.254761 0.34180 0.366 0.8667 -0.14282 -0.11353 
0.254761 0.34180 0.366 0.8667 -0.14282 -0.11353 
0.254761 0.34180 0.366 0.8667 -0.14282 -0.11353 
0.254761 0.34180 0.366 0.8667 -0.14282 -0.11353 
0.254761 0.34180 0.366 0.8667 -0.14282 -0.11353 
0.254761 0.34180 0.366 0.8667 -0.14282 -0.11353 
0.254761 0.34180 0.29175 0.7568 -0.9521 -0.10864 
0.253296 0.35400 -0.2075 0.7568 -0.9521 -0.10864 
0.253296 0.35400 -0.2075 0.7568 -0.9521 -0.10864 
0.253296 0.35400 -0.2075 0.7568 -0.9521 -0.10864 
0.253296 0.35400 -0.2075 0.7568 -0.9521 -0.10864 
0.253296 0.35400 -0.2075 0.7568 -0.9521 -0.10864 
0.253296 0.35400 -0.2075 0.7568 -0.9521 -0.10864 
0.253296 0.35400 -0.2075 0.7568 -0.9521 -0.10864 
0.253296 0.35400 -0.2075 0.7568 -0.9521 -0.10864 
0.253296 0.35400 -0.2075 0.7568 -0.9521 -0.10864 
0.253296 0.35400 -0.2075 0.7568 -0.6104 -0.9521 
0.252075 0.36133 -0.4517 0.4639 -0.6104 -0.9521 
0.252075 0.36133 -0.4517 0.4639 -0.6104 -0.9521 
0.252075 0.36133 -0.4517 0.4639 -0.6104 -0.9521 
0.252075 0.36133 -0.4517 0.4639 -0.6104 -0.9521 
0.252075 0.36133 -0.4517 0.4639 -0.6104 -0.9521 
0.252075 0.36133 -0.4517 0.4639 -0.6104 -0.9521 
0.252075 0.36133 -0.4517 0.4639 -0.6104 -0.9521 
0.252075 0.36133 -0.4517 0.4639 -0.6104 -0.9521 
0.252075 0.36133 -0.4517 0.4639 -0.6104 -0.9521 
0.252075 0.36133 -0.4517 0.4639 -0.6104 -0.9521 
0.250488 0.36621 -0.7568 0.732 -0.3540 -0.7080 
0.250488 0.36621 -0.7568 0.732 -0.3540 -0.7080 
0.250488 0.36621 -0.7568 0.732 -0.3540 -0.7080 
0.250488 0.36621 -0.7568 0.732 -0.3540 -0.7080 
0.250488 0.36621 -0.7568 0.732 -0.3540 -0.7080 
0.250488 0.36621 -0.7568 0.732 -0.3540 -0.7080 
0.250488 0.36621 -0.7568 0.732 -0.3540 -0.7080 
0.250488 0.36621 -0.7568 0.732 -0.3540 -0.7080 
0.250488 0.36621 -0.7568 0.732 -0.3540 -0.7080 
0.250488 0.36621 -0.7568 0.732 -0.3540 -0.7080 
0.250488 0.36621 -0.9644 -0.4150 -0.1343 -0.3052 
0.250977 0.36621 -0.9644 -0.4150 -0.1343 -0.3052 
0.250977 0.36621 -0.9644 -0.4150 -0.1343 -0.3052 
0.250977 0.36621 -0.9644 -0.4150 -0.1343 -0.3052 
0.250977 0.36621 -0.9644 -0.4150 -0.1343 -0.3052 
0.250977 0.36621 -0.9644 -0.4150 -0.1343 -0.3052 
0.250977 0.36621 -0.9644 -0.4150 -0.1343 -0.3052 
0.250977 0.36621 -0.9644 -0.4150 -0.1343 -0.3052 
0.250977 0.36621 -0.9644 -0.4150 -0.1343 -0.3052 
0.250977 0.36621 -0.9644 -0.4150 -0.1343 -0.3052 
0.250977 0.36621 -0.9644 -0.4150 0.854 0.1953 
0.251587 0.36621 -0.9155 -0.8179 0.854 0.1953 
0.251587 0.36621 -0.9155 -0.8179 0.854 0.1953 
0.251587 0.36621 -0.9155 -0.8179 0.854 0.1953 
0.251587 0.36621 -0.9155 -0.8179 0.854 0.1953 
0.251587 0.36621 -0.9155 -0.8179 0.854 0.1953 
0.251587 0.36621 -0.9155 -0.8179 0.854 0.1953 
0.251587 0.36621 -0.9155 -0.8179 0.854 0.1953 
0.251587 0.36621 -0.9155 -0.8179 0.854 0.1953 
0.251587 0.36621 -0.9155 -0.8179 0.854 0.1953 
0.251587 0.36621 -0.9155 -0.8179 0.854 0.6714 
0.254028 0.37476 -0.5859 -0.8545 0.2319 0.6714 
0.254028 0.37476 -0.5859 -0.8545 0.2319 0.6714 
0.254028 0.37476 -0.5859 -0.8545 0.2319 0.6714 
0.254028 0.37476 -0.5859 -0.8545 0.2319 0.6714 
0.254028 0.37476 -0.5859 -0.8545 0.2319 0.6714 
0.254028 0.37476 -0.5859 -0.8545 0.2319 0.6714 
0.254028 0.37476 -0.5859 -0.8545 0.2319 0.6714 
0.254028 0.37476 -0.5859 -0.8545 0.2319 0.6714 
0.254028 0.37476 -0.5859 -0.8545 0.2319 0.6714 
0.254028 0.37476 -0.5859 -0.8545 0.2319 0.6714 
0.254028 0.38818 -0.1953 -0.3174 0.1465 0.8789 
0.255493 0.38818 -0.1953 -0.3174 0.1465 0.8789 
0.255493 0.38818 -0.1953 -0.3174 0.1465 0.8789 
0.255493 0.38818 -0.1953 -0.3174 0.1465 0.8789 
0.255493 0.38818 -0.1953 -0.3174 0.1465 0.8789 
0.255493 0.38818 -0.1953 -0.3174 0.1465 0.8789 
