0.258057 0.14404 0.28076 0.4150 0.10010 -0.6470 
0.258545 0.15503 0.28076 0.4150 0.10010 -0.6470 
0.258545 0.15503 0.28076 0.4150 0.10010 -0.6470 
0.258545 0.15503 0.28076 0.4150 0.10010 -0.6470 
0.258545 0.15503 0.28076 0.4150 0.10010 -0.6470 
0.258545 0.15503 0.28076 0.4150 0.10010 -0.6470 
0.258545 0.15503 0.28076 0.4150 0.10010 -0.6470 
0.258545 0.15503 0.28076 0.4150 0.10010 -0.6470 
0.258545 0.15503 0.28076 0.4150 0.10010 -0.6470 
0.258545 0.15503 0.28076 0.4150 0.10010 -0.6470 
0.258545 0.15503 0.28076 0.4150 0.13916 -0.7324 
0.257446 0.17456 0.27344 0.4028 0.13916 -0.7324 
0.257446 0.17456 0.27344 0.4028 0.13916 -0.7324 
0.257446 0.17456 0.27344 0.4028 0.13916 -0.7324 
0.257446 0.17456 0.27344 0.4028 0.13916 -0.7324 
0.257446 0.17456 0.27344 0.4028 0.13916 -0.7324 
0.257446 0.17456 0.27344 0.4028 0.13916 -0.7324 
0.257446 0.17456 0.27344 0.4028 0.13916 -0.7324 
0.257446 0.17456 0.27344 0.4028 0.13916 -0.7324 
0.257446 0.17456 0.27344 0.4028 0.13916 -0.7324 
0.257446 0.17456 0.27344 0.4028 0.13916 -0.7324 
0.257568 0.19287 0.26733 0.366 0.15991 -0.7324 
0.257568 0.19287 0.26733 0.366 0.15991 -0.7324 
0.257568 0.19287 0.26733 0.366 0.15991 -0.7324 
0.257568 0.19287 0.26733 0.366 0.15991 -0.7324 
0.257568 0.19287 0.26733 0.366 0.15991 -0.7324 
0.257568 0.19287 0.26733 0.366 0.15991 -0.7324 
0.257568 0.19287 0.26733 0.366 0.15991 -0.7324 
0.257568 0.19287 0.26733 0.366 0.15991 -0.7324 
0.257568 0.19287 0.26733 0.366 0.15991 -0.7324 
0.257568 0.19287 0.26733 0.366 0.15991 -0.7324 
0.257568 0.19287 0.27466 -0.4395 0.15137 -0.5981 
0.258545 0.20874 0.27466 -0.4395 0.15137 -0.5981 
0.258545 0.20874 0.27466 -0.4395 0.15137 -0.5981 
0.258545 0.20874 0.27466 -0.4395 0.15137 -0.5981 
0.258545 0.20874 0.27466 -0.4395 0.15137 -0.5981 
0.258545 0.20874 0.27466 -0.4395 0.15137 -0.5981 
0.258545 0.20874 0.27466 -0.4395 0.15137 -0.5981 
0.258545 0.20874 0.27466 -0.4395 0.15137 -0.5981 
0.258545 0.20874 0.27466 -0.4395 0.15137 -0.5981 
0.258545 0.20874 0.27466 -0.4395 0.15137 -0.5981 
0.258545 0.20874 0.27466 -0.8667 0.11230 -0.3418 
0.259766 0.21606 0.28442 -0.8667 0.11230 -0.3418 
0.259766 0.21606 0.28442 -0.8667 0.11230 -0.3418 
0.259766 0.21606 0.28442 -0.8667 0.11230 -0.3418 
0.259766 0.21606 0.28442 -0.8667 0.11230 -0.3418 
0.259766 0.21606 0.28442 -0.8667 0.11230 -0.3418 
0.259766 0.21606 0.28442 -0.8667 0.11230 -0.3418 
0.259766 0.21606 0.28442 -0.8667 0.11230 -0.3418 
0.259766 0.21606 0.28442 -0.8667 0.11230 -0.3418 
0.259766 0.21606 0.28442 -0.8667 0.11230 -0.3418 
0.259766 0.21606 0.28442 -0.8667 0.11230 -0.31128 
0.260864 0.21729 0.29663 -0.11353 0.5493 0.122 
0.260864 0.21729 0.29663 -0.11353 0.5493 0.122 
0.260864 0.21729 0.29663 -0.11353 0.5493 0.122 
0.260864 0.21729 0.29663 -0.11353 0.5493 0.122 
0.260864 0.21729 0.29663 -0.11353 0.5493 0.122 
0.260864 0.21729 0.29663 -0.11353 0.5493 0.122 
0.260864 0.21729 0.29663 -0.11353 0.5493 0.122 
0.260864 0.21729 0.29663 -0.11353 0.5493 0.122 
0.260864 0.21729 0.29663 -0.11353 0.5493 0.122 
0.260864 0.21729 0.29663 -0.11353 0.5493 0.122 
0.260864 0.21118 0.31494 -0.10254 -0.488 0.3296 
0.262939 0.21118 0.31494 -0.10254 -0.488 0.3296 
0.262939 0.21118 0.31494 -0.10254 -0.488 0.3296 
0.262939 0.21118 0.31494 -0.10254 -0.488 0.3296 
0.262939 0.21118 0.31494 -0.10254 -0.488 0.3296 
0.262939 0.21118 0.31494 -0.10254 -0.488 0.3296 
0.262939 0.21118 0.31494 -0.10254 -0.488 0.3296 
0.262939 0.21118 0.31494 -0.10254 -0.488 0.3296 
0.262939 0.21118 0.31494 -0.10254 -0.488 0.3296 
0.262939 0.21118 0.31494 -0.10254 -0.488 0.3296 
0.262939 0.21118 0.31494 -0.4028 -0.5005 0.4028 
0.265503 0.20020 0.33447 -0.4028 -0.5005 0.4028 
0.265503 0.20020 0.33447 -0.4028 -0.5005 0.4028 
0.265503 0.20020 0.33447 -0.4028 -0.5005 0.4028 
0.265503 0.20020 0.33447 -0.4028 -0.5005 0.4028 
0.265503 0.20020 0.33447 -0.4028 -0.5005 0.4028 
0.265503 0.20020 0.33447 -0.4028 -0.5005 0.4028 
0.265503 0.20020 0.33447 -0.4028 -0.5005 0.4028 
0.265503 0.20020 0.33447 -0.4028 -0.5005 0.4028 
0.265503 0.20020 0.33447 -0.4028 -0.5005 0.4028 
0.265503 0.20020 0.33447 -0.4028 -0.5005 0.2075 
0.266357 0.19043 0.33813 0.4883 -0.6714 0.2075 
0.266357 0.19043 0.33813 0.4883 -0.6714 0.2075 
0.266357 0.19043 0.33813 0.4883 -0.6714 0.2075 
0.266357 0.19043 0.33813 0.4883 -0.6714 0.2075 
0.266357 0.19043 0.33813 0.4883 -0.6714 0.2075 
0.266357 0.19043 0.33813 0.4883 -0.6714 0.2075 
0.266357 0.19043 0.33813 0.4883 -0.6714 0.2075 
0.266357 0.19043 0.33813 0.4883 -0.6714 0.2075 
0.266357 0.19043 0.33813 0.4883 -0.6714 0.2075 
0.266357 0.19043 0.33813 0.4883 -0.6714 0.2075 
0.265381 0.17944 0.32593 0.12695 -0.5737 -0.1099 
0.265381 0.17944 0.32593 0.12695 -0.5737 -0.1099 
0.265381 0.17944 0.32593 0.12695 -0.5737 -0.1099 
0.265381 0.17944 0.32593 0.12695 -0.5737 -0.1099 
0.265381 0.17944 0.32593 0.12695 -0.5737 -0.1099 
0.265381 0.17944 0.32593 0.12695 -0.5737 -0.1099 
0.265381 0.17944 0.32593 0.12695 -0.5737 -0.1099 
0.265381 0.17944 0.32593 0.12695 -0.5737 -0.1099 
0.265381 0.17944 0.32593 0.12695 -0.5737 -0.1099 
0.265381 0.17944 0.32593 0.12695 -0.5737 -0.1099 
0.265381 0.17944 0.61890 0.16357 -0.2930 -0.3296 
0.262451 0.17334 0.30640 0.16357 -0.2930 -0.3296 
0.262451 0.17334 0.30640 0.16357 -0.2930 -0.3296 
0.262451 0.17334 0.30640 0.16357 -0.2930 -0.3296 
0.262451 0.17334 0.30640 0.16357 -0.2930 -0.3296 
0.262451 0.17334 0.30640 0.16357 -0.2930 -0.3296 
0.262451 0.17334 0.30640 0.16357 -0.2930 -0.3296 
0.262451 0.17334 0.30640 0.16357 -0.2930 -0.3296 
0.262451 0.17334 0.30640 0.16357 -0.2930 -0.3296 
0.262451 0.17334 0.30640 0.16357 -0.2930 -0.3296 
0.262451 0.17334 0.30640 0.16357 0.244 -0.3296 
0.258667 0.16846 0.27954 0.14526 0.244 -0.3296 
0.258667 0.16846 0.27954 0.14526 0.244 -0.3296 
0.258667 0.16846 0.27954 0.14526 0.244 -0.3296 
0.258667 0.16846 0.27954 0.14526 0.244 -0.3296 
0.258667 0.16846 0.27954 0.14526 0.244 -0.3296 
0.258667 0.16846 0.27954 0.14526 0.244 -0.3296 
0.258667 0.16846 0.27954 0.14526 0.244 -0.3296 
0.258667 0.16846 0.27954 0.14526 0.244 -0.3296 
0.258667 0.16846 0.27954 0.14526 0.244 -0.3296 
0.258667 0.16846 0.27954 0.14526 0.244 -0.3296 
0.257080 0.16968 0.27466 0.7446 0.2808 -0.1099 
0.257080 0.16968 0.27466 0.7446 0.2808 -0.1099 
0.257080 0.16968 0.27466 0.7446 0.2808 -0.1099 
0.257080 0.16968 0.27466 0.7446 0.2808 -0.1099 
0.257080 0.16968 0.27466 0.7446 0.2808 -0.1099 
0.257080 0.16968 0.27466 0.7446 0.2808 -0.1099 
0.257080 0.16968 0.27466 0.7446 0.2808 -0.1099 
0.257080 0.16968 0.27466 0.7446 0.2808 -0.1099 
0.257080 0.16968 0.27466 0.7446 0.2808 -0.1099 
0.257080 0.16968 0.27466 0.7446 0.2808 -0.1099 
0.257080 0.18188 0.30151 0.00 0.3662 0.854 
0.257813 0.18188 0.30151 0.00 0.3662 0.854 
0.257813 0.18188 0.30151 0.00 0.3662 0.854 
0.257813 0.18188 0.30151 0.00 0.3662 0.854 
0.257813 0.18188 0.30151 0.00 0.3662 0.854 
0.257813 0.18188 0.30151 0.00 0.3662 0.854 
0.257813 0.18188 0.30151 0.00 0.3662 0.854 
0.257813 0.18188 0.30151 0.00 0.3662 0.854 
0.257813 0.18188 0.30151 0.00 0.3662 0.854 
0.257813 0.18188 0.30151 0.00 0.3662 0.854 
0.257813 0.18188 0.30151 0.29053 0.1343 0.366 
0.258789 0.19287 0.31738 -0.2197 0.1343 0.366 
0.258789 0.19287 0.31738 -0.2197 0.1343 0.366 
0.258789 0.19287 0.31738 -0.2197 0.1343 0.366 
0.258789 0.19287 0.31738 -0.2197 0.1343 0.366 
0.258789 0.19287 0.31738 -0.2197 0.1343 0.366 
