0.248291 0.17822 0.14526 -0.18311 0.14893 0.122 
0.248291 0.17822 0.14526 -0.18311 0.14893 0.122 
0.248291 0.17822 0.14526 -0.18311 0.14893 0.122 
0.248291 0.17822 0.14526 -0.18311 0.14893 0.122 
0.248291 0.17822 0.14526 -0.18311 0.14893 0.122 
0.248291 0.17822 0.14526 -0.18311 0.14893 0.122 
0.248291 0.17822 0.14526 -0.18311 0.14893 0.122 
0.248291 0.17822 0.14526 -0.19897 0.15137 0.1099 
0.248901 0.18311 0.14648 -0.19897 0.15137 0.1099 
0.248901 0.18311 0.14648 -0.19897 0.15137 0.1099 
0.248901 0.18311 0.14648 -0.19897 0.15137 0.1099 
0.248901 0.18311 0.14648 -0.19897 0.15137 0.1099 
0.248901 0.18311 0.14648 -0.19897 0.15137 0.1099 
0.248901 0.18311 0.14648 -0.19897 0.15137 0.1099 
0.248901 0.18311 0.14648 -0.19897 0.15137 0.1099 
0.248901 0.18311 0.14648 -0.19897 0.15137 0.1099 
0.248901 0.18311 0.14648 -0.19897 0.15137 0.1099 
0.248901 0.18311 0.14648 -0.19897 0.15137 0.2441 
0.250488 0.17578 0.14771 -0.23315 0.15137 0.2441 
0.250488 0.17578 0.14771 -0.23315 0.15137 0.2441 
0.250488 0.17578 0.14771 -0.23315 0.15137 0.2441 
0.250488 0.17578 0.14771 -0.23315 0.15137 0.2441 
0.250488 0.17578 0.14771 -0.23315 0.15137 0.2441 
0.250488 0.17578 0.14771 -0.23315 0.15137 0.2441 
0.250488 0.17578 0.14771 -0.23315 0.15137 0.2441 
0.250488 0.17578 0.14771 -0.23315 0.15137 0.2441 
0.250488 0.17578 0.14771 -0.23315 0.15137 0.2441 
0.250488 0.17578 0.14771 -0.23315 0.15137 0.2441 
0.255005 0.15625 0.15381 -0.26001 0.14526 0.2686 
0.255005 0.15625 0.15381 -0.26001 0.14526 0.2686 
0.255005 0.15625 0.15381 -0.26001 0.14526 0.2686 
0.255005 0.15625 0.15381 -0.26001 0.14526 0.2686 
0.255005 0.15625 0.15381 -0.26001 0.14526 0.2686 
0.255005 0.15625 0.15381 -0.26001 0.14526 0.2686 
0.255005 0.15625 0.15381 -0.26001 0.14526 0.2686 
0.255005 0.15625 0.15381 -0.26001 0.14526 0.2686 
0.255005 0.15625 0.15381 -0.26001 0.14526 0.2686 
0.255005 0.15625 0.15381 -0.26001 0.14526 0.2686 
0.255005 0.15625 0.17334 -0.26123 0.14038 0.122 
0.260376 0.13062 0.17334 -0.26123 0.14038 0.122 
0.260376 0.13062 0.17334 -0.26123 0.14038 0.122 
0.260376 0.13062 0.17334 -0.26123 0.14038 0.122 
0.260376 0.13062 0.17334 -0.26123 0.14038 0.122 
0.260376 0.13062 0.17334 -0.26123 0.14038 0.122 
0.260376 0.13062 0.17334 -0.26123 0.14038 0.122 
0.260376 0.13062 0.17334 -0.26123 0.14038 0.122 
0.260376 0.13062 0.17334 -0.26123 0.14038 0.122 
0.260376 0.13062 0.17334 -0.26123 0.14038 0.122 
0.260376 0.13062 0.17334 -0.26123 0.12939 -0.3662 
0.264526 0.11719 0.18311 -0.22705 0.12939 -0.3662 
0.264526 0.11719 0.18311 -0.22705 0.12939 -0.3662 
0.264526 0.11719 0.18311 -0.22705 0.12939 -0.3662 
0.264526 0.11719 0.18311 -0.22705 0.12939 -0.3662 
0.264526 0.11719 0.18311 -0.22705 0.12939 -0.3662 
0.264526 0.11719 0.18311 -0.22705 0.12939 -0.3662 
0.264526 0.11719 0.18311 -0.22705 0.12939 -0.3662 
0.264526 0.11719 0.18311 -0.22705 0.12939 -0.3662 
0.264526 0.11719 0.18311 -0.22705 0.12939 -0.3662 
0.264526 0.11719 0.18311 -0.22705 0.12939 -0.3662 
0.265625 0.11230 0.19043 -0.18188 0.11841 -0.7080 
0.265625 0.11230 0.19043 -0.18188 0.11841 -0.7080 
0.265625 0.11230 0.19043 -0.18188 0.11841 -0.7080 
0.265625 0.11230 0.19043 -0.18188 0.11841 -0.7080 
0.265625 0.11230 0.19043 -0.18188 0.11841 -0.7080 
0.265625 0.11230 0.19043 -0.18188 0.11841 -0.7080 
0.265625 0.11230 0.19043 -0.18188 0.11841 -0.7080 
0.265625 0.11230 0.19043 -0.18188 0.11841 -0.7080 
0.265625 0.11230 0.19043 -0.18188 0.11841 -0.7080 
0.265625 0.11230 0.19043 -0.18188 0.11841 -0.7080 
0.265625 0.11230 0.19043 -0.14648 0.10864 -0.8789 
0.265015 0.11597 0.19043 -0.14648 0.10864 -0.8789 
0.265015 0.11597 0.19043 -0.14648 0.10864 -0.8789 
0.265015 0.11597 0.19043 -0.14648 0.10864 -0.8789 
0.265015 0.11597 0.19043 -0.14648 0.10864 -0.8789 
0.265015 0.11597 0.19043 -0.14648 0.10864 -0.8789 
0.265015 0.11597 0.19043 -0.14648 0.10864 -0.8789 
0.265015 0.11597 0.19043 -0.14648 0.10864 -0.8789 
0.265015 0.11597 0.19043 -0.14648 0.10864 -0.8789 
0.265015 0.11597 0.19043 -0.14648 0.10864 -0.8789 
0.265015 0.11597 0.19043 -0.12939 0.10254 -0.8423 
0.263550 0.12085 0.18677 -0.12939 0.10254 -0.8423 
0.263550 0.12085 0.18677 -0.12939 0.10254 -0.8423 
0.263550 0.12085 0.18677 -0.12939 0.10254 -0.8423 
0.263550 0.12085 0.18677 -0.12939 0.10254 -0.8423 
0.263550 0.12085 0.18677 -0.12939 0.10254 -0.8423 
0.263550 0.12085 0.18677 -0.12939 0.10254 -0.8423 
0.263550 0.12085 0.18677 -0.12939 0.10254 -0.8423 
0.263550 0.12085 0.18677 -0.12939 0.10254 -0.8423 
0.263550 0.12085 0.18677 -0.12939 0.10254 -0.8423 
0.263550 0.12085 0.18677 -0.12939 0.10254 -0.6958 
0.261719 0.12573 0.17822 -0.12817 0.10010 -0.6958 
0.261719 0.12573 0.17822 -0.12817 0.10010 -0.6958 
0.261719 0.12573 0.17822 -0.12817 0.10010 -0.6958 
0.261719 0.12573 0.17822 -0.12817 0.10010 -0.6958 
0.261719 0.12573 0.17822 -0.12817 0.10010 -0.6958 
0.261719 0.12573 0.17822 -0.12817 0.10010 -0.6958 
0.261719 0.12573 0.17822 -0.12817 0.10010 -0.6958 
0.261719 0.12573 0.17822 -0.12817 0.10010 -0.6958 
0.261719 0.12573 0.17822 -0.12817 0.10010 -0.6958 
0.261719 0.12573 0.17822 -0.12817 0.10010 -0.6958 
0.261719 0.13306 0.17700 -0.13306 0.9644 -0.5371 
0.261353 0.13306 0.17700 -0.13306 0.9644 -0.5371 
0.261353 0.13306 0.17700 -0.13306 0.9644 -0.5371 
0.261353 0.13306 0.17700 -0.13306 0.9644 -0.5371 
0.261353 0.13306 0.17700 -0.13306 0.9644 -0.5371 
0.261353 0.13306 0.17700 -0.13306 0.9644 -0.5371 
0.261353 0.13306 0.17700 -0.13306 0.9644 -0.5371 
0.261353 0.13306 0.17700 -0.13306 0.9644 -0.5371 
0.261353 0.13306 0.17700 -0.13306 0.9644 -0.5371 
0.261353 0.13306 0.17700 -0.13306 0.9644 -0.5371 
0.261353 0.13306 0.17700 -0.12451 0.8179 -0.4517 
0.261841 0.12695 0.17334 -0.12451 0.8179 -0.4517 
0.261841 0.12695 0.17334 -0.12451 0.8179 -0.4517 
0.261841 0.12695 0.17334 -0.12451 0.8179 -0.4517 
0.261841 0.12695 0.17334 -0.12451 0.8179 -0.4517 
0.261841 0.12695 0.17334 -0.12451 0.8179 -0.4517 
0.261841 0.12695 0.17334 -0.12451 0.8179 -0.4517 
0.261841 0.12695 0.17334 -0.12451 0.8179 -0.4517 
0.261841 0.12695 0.17334 -0.12451 0.8179 -0.4517 
0.261841 0.12695 0.17334 -0.12451 0.8179 -0.4517 
0.261841 0.12695 0.17334 -0.12451 0.8179 -0.3296 
0.264160 0.12085 0.18677 -0.10376 0.5859 -0.3296 
0.264160 0.12085 0.18677 -0.10376 0.5859 -0.3296 
0.264160 0.12085 0.18677 -0.10376 0.5859 -0.3296 
0.264160 0.12085 0.18677 -0.10376 0.5859 -0.3296 
0.264160 0.12085 0.18677 -0.10376 0.5859 -0.3296 
0.264160 0.12085 0.18677 -0.10376 0.5859 -0.3296 
0.264160 0.12085 0.18677 -0.10376 0.5859 -0.3296 
0.264160 0.12085 0.18677 -0.10376 0.5859 -0.3296 
0.264160 0.12085 0.18677 -0.10376 0.5859 -0.3296 
0.264160 0.12085 0.18677 -0.10376 0.5859 -0.3296 
0.268188 0.11841 0.21973 -0.3296 0.2808 -0.2808 
0.268188 0.11841 0.21973 -0.3296 0.2808 -0.2808 
0.268188 0.11841 0.21973 -0.3296 0.2808 -0.2808 
0.268188 0.11841 0.21973 -0.3296 0.2808 -0.2808 
0.268188 0.11841 0.21973 -0.3296 0.2808 -0.2808 
0.268188 0.11841 0.21973 -0.3296 0.2808 -0.2808 
0.268188 0.11841 0.21973 -0.3296 0.2808 -0.2808 
0.268188 0.11841 0.21973 -0.3296 0.2808 -0.2808 
0.268188 0.11841 0.21973 -0.3296 0.2808 -0.2808 
0.268188 0.11841 0.21973 -0.3296 0.2808 -0.2808 
0.268188 0.11841 0.24658 0.11475 -0.1343 -0.4761 
0.273193 0.11475 0.24658 0.11475 -0.1343 -0.4761 
0.273193 0.11475 0.24658 0.11475 -0.1343 -0.4761 
0.273193 0.11475 0.24658 0.11475 -0.1343 -0.4761 
0.273193 0.11475 0.24658 0.11475 -0.1343 -0.4761 
0.273193 0.11475 0.24658 0.11475 -0.1343 -0.4761 
0.273193 0.11475 0.24658 0.11475 -0.1343 -0.4761 
0.273193 0.11475 0.24658 0.11475 -0.1343 -0.4761 
0.273193 0.11475 0.24658 0.11475 -0.1343 -0.4761 
