0.253662 -0.3540 0.6470 -0.15503 0.9399 0.6714 
0.253662 -0.5737 0.8301 -0.14282 0.12939 0.6592 
0.254761 -0.5737 0.8301 -0.14282 0.12939 0.6592 
0.254761 -0.5737 0.8301 -0.14282 0.12939 0.6592 
0.254761 -0.5737 0.8301 -0.14282 0.12939 0.6592 
0.254761 -0.5737 0.8301 -0.14282 0.12939 0.6592 
0.254761 -0.5737 0.8301 -0.14282 0.12939 0.6592 
0.254761 -0.5737 0.8301 -0.14282 0.12939 0.6592 
0.254761 -0.5737 0.8301 -0.14282 0.12939 0.6592 
0.254761 -0.5737 0.8301 -0.14282 0.12939 0.6592 
0.254761 -0.5737 0.8301 -0.14282 0.12939 0.6592 
0.254761 -0.5737 0.8301 -0.11597 0.17578 0.9277 
0.249878 -0.5493 0.6226 -0.11597 0.17578 0.9277 
0.249878 -0.5493 0.6226 -0.11597 0.17578 0.9277 
0.249878 -0.5493 0.6226 -0.11597 0.17578 0.9277 
0.249878 -0.5493 0.6226 -0.11597 0.17578 0.9277 
0.249878 -0.5493 0.6226 -0.11597 0.17578 0.9277 
0.249878 -0.5493 0.6226 -0.11597 0.17578 0.9277 
0.249878 -0.5493 0.6226 -0.11597 0.17578 0.9277 
0.249878 -0.5493 0.6226 -0.11597 0.17578 0.9277 
0.249878 -0.5493 0.6226 -0.11597 0.17578 0.9277 
0.249878 -0.5493 0.6226 -0.11597 0.19531 0.19775 
0.245728 -0.6348 0.4883 -0.10742 0.19531 0.19775 
0.245728 -0.6348 0.4883 -0.10742 0.19531 0.19775 
0.245728 -0.6348 0.4883 -0.10742 0.19531 0.19775 
0.245728 -0.6348 0.4883 -0.10742 0.19531 0.19775 
0.245728 -0.6348 0.4883 -0.10742 0.19531 0.19775 
0.245728 -0.6348 0.4883 -0.10742 0.19531 0.19775 
0.245728 -0.6348 0.4883 -0.10742 0.19531 0.19775 
0.245728 -0.6348 0.4883 -0.10742 0.19531 0.19775 
0.245728 -0.6348 0.4883 -0.10742 0.19531 0.19775 
0.245728 -0.6348 0.4883 -0.10742 0.19531 0.19775 
0.247803 -0.6470 0.5371 -0.10620 0.19897 0.36133 
0.247803 -0.6470 0.5371 -0.10620 0.19897 0.36133 
0.247803 -0.6470 0.5371 -0.10620 0.19897 0.36133 
0.247803 -0.6470 0.5371 -0.10620 0.19897 0.36133 
0.247803 -0.6470 0.5371 -0.10620 0.19897 0.36133 
0.247803 -0.6470 0.5371 -0.10620 0.19897 0.36133 
0.247803 -0.6470 0.5371 -0.10620 0.19897 0.36133 
0.247803 -0.6470 0.5371 -0.10620 0.19897 0.36133 
0.247803 -0.6470 0.5371 -0.10620 0.19897 0.36133 
0.247803 -0.6470 0.5371 -0.10620 0.19897 0.36133 
0.247803 -0.6470 0.5981 -0.6958 0.20264 0.49438 
0.250000 -0.5615 0.5981 -0.6958 0.20264 0.49438 
0.250000 -0.5615 0.5981 -0.6958 0.20264 0.49438 
0.250000 -0.5615 0.5981 -0.6958 0.20264 0.49438 
0.250000 -0.5615 0.5981 -0.6958 0.20264 0.49438 
0.250000 -0.5615 0.5981 -0.6958 0.20264 0.49438 
0.250000 -0.5615 0.5981 -0.6958 0.20264 0.49438 
0.250000 -0.5615 0.5981 -0.6958 0.20264 0.49438 
0.250000 -0.5615 0.5981 -0.6958 0.20264 0.49438 
0.250000 -0.5615 0.5981 -0.6958 0.20264 0.49438 
0.250000 -0.5615 0.5981 -0.6958 0.19165 0.54688 
0.252930 -0.5127 0.7080 0.122 0.19165 0.54688 
0.252930 -0.5127 0.7080 0.122 0.19165 0.54688 
0.252930 -0.5127 0.7080 0.122 0.19165 0.54688 
0.252930 -0.5127 0.7080 0.122 0.19165 0.54688 
0.252930 -0.5127 0.7080 0.122 0.19165 0.54688 
0.252930 -0.5127 0.7080 0.122 0.19165 0.54688 
0.252930 -0.5127 0.7080 0.122 0.19165 0.54688 
0.252930 -0.5127 0.7080 0.122 0.19165 0.54688 
0.252930 -0.5127 0.7080 0.122 0.19165 0.54688 
0.252930 -0.5127 0.7080 0.122 0.19165 0.54688 
0.255005 -0.5981 0.8057 0.7813 0.17456 0.51270 
0.255005 -0.5981 0.8057 0.7813 0.17456 0.51270 
0.255005 -0.5981 0.8057 0.7813 0.17456 0.51270 
0.255005 -0.5981 0.8057 0.7813 0.17456 0.51270 
0.255005 -0.5981 0.8057 0.7813 0.17456 0.51270 
0.255005 -0.5981 0.8057 0.7813 0.17456 0.51270 
0.255005 -0.5981 0.8057 0.7813 0.17456 0.51270 
0.255005 -0.5981 0.8057 0.7813 0.17456 0.51270 
0.255005 -0.5981 0.8057 0.7813 0.17456 0.51270 
0.255005 -0.5981 0.8057 0.7813 0.17456 0.51270 
0.255005 -0.6348 0.8667 0.14038 0.16479 0.40039 
0.254639 -0.6348 0.8667 0.14038 0.16479 0.40039 
0.254639 -0.6348 0.8667 0.14038 0.16479 0.40039 
0.254639 -0.6348 0.8667 0.14038 0.16479 0.40039 
0.254639 -0.6348 0.8667 0.14038 0.16479 0.40039 
0.254639 -0.6348 0.8667 0.14038 0.16479 0.40039 
0.254639 -0.6348 0.8667 0.14038 0.16479 0.40039 
0.254639 -0.6348 0.8667 0.14038 0.16479 0.40039 
0.254639 -0.6348 0.8667 0.14038 0.16479 0.40039 
0.254639 -0.6348 0.8667 0.14038 0.16479 0.40039 
0.254639 -0.6348 0.8667 0.16357 0.16602 0.25757 
0.254028 -0.7080 0.9277 0.16357 0.16602 0.25757 
0.254028 -0.7080 0.9277 0.16357 0.16602 0.25757 
0.254028 -0.7080 0.9277 0.16357 0.16602 0.25757 
0.254028 -0.7080 0.9277 0.16357 0.16602 0.25757 
0.254028 -0.7080 0.9277 0.16357 0.16602 0.25757 
0.254028 -0.7080 0.9277 0.16357 0.16602 0.25757 
0.254028 -0.7080 0.9277 0.16357 0.16602 0.25757 
0.254028 -0.7080 0.9277 0.16357 0.16602 0.25757 
0.254028 -0.7080 0.9277 0.16357 0.16602 0.25757 
0.254028 -0.7080 0.9277 0.16357 0.16602 0.11353 
0.253418 -0.6592 0.9277 0.13550 0.17456 0.11353 
0.253418 -0.6592 0.9277 0.13550 0.17456 0.11353 
0.253418 -0.6592 0.9277 0.13550 0.17456 0.11353 
0.253418 -0.6592 0.9277 0.13550 0.17456 0.11353 
0.253418 -0.6592 0.9277 0.13550 0.17456 0.11353 
0.253418 -0.6592 0.9277 0.13550 0.17456 0.11353 
0.253418 -0.6592 0.9277 0.13550 0.17456 0.11353 
0.253418 -0.6592 0.9277 0.13550 0.17456 0.11353 
0.253418 -0.6592 0.9277 0.13550 0.17456 0.11353 
0.253418 -0.6592 0.9277 0.13550 0.17456 0.11353 
0.253418 -0.6592 0.9644 0.9155 0.17700 -0.1099 
0.253174 -0.6592 0.9644 0.9155 0.17700 -0.1099 
0.253174 -0.6592 0.9644 0.9155 0.17700 -0.1099 
0.253174 -0.6592 0.9644 0.9155 0.17700 -0.1099 
0.253174 -0.6592 0.9644 0.9155 0.17700 -0.1099 
0.253174 -0.6592 0.9644 0.9155 0.17700 -0.1099 
0.253174 -0.6592 0.9644 0.9155 0.17700 -0.1099 
0.253174 -0.6592 0.9644 0.9155 0.17700 -0.1099 
0.253174 -0.6592 0.9644 0.9155 0.17700 -0.1099 
0.253174 -0.6592 0.9644 0.9155 0.17700 -0.1099 
0.253174 -0.6592 0.9644 0.4028 0.17822 -0.9644 
0.254639 -0.5859 0.8423 0.4028 0.17822 -0.9644 
0.254639 -0.5859 0.8423 0.4028 0.17822 -0.9644 
0.254639 -0.5859 0.8423 0.4028 0.17822 -0.9644 
0.254639 -0.5859 0.8423 0.4028 0.17822 -0.9644 
0.254639 -0.5859 0.8423 0.4028 0.17822 -0.9644 
0.254639 -0.5859 0.8423 0.4028 0.17822 -0.9644 
0.254639 -0.5859 0.8423 0.4028 0.17822 -0.9644 
0.254639 -0.5859 0.8423 0.4028 0.17822 -0.9644 
0.254639 -0.5859 0.8423 0.4028 0.17822 -0.9644 
0.254639 -0.5859 0.8423 0.4028 0.17334 -0.15747 
0.257568 -0.4761 0.8545 0.00 0.17334 -0.15747 
0.257568 -0.4761 0.8545 0.00 0.17334 -0.15747 
0.257568 -0.4761 0.8545 0.00 0.17334 -0.15747 
0.257568 -0.4761 0.8545 0.00 0.17334 -0.15747 
0.257568 -0.4761 0.8545 0.00 0.17334 -0.15747 
0.257568 -0.4761 0.8545 0.00 0.17334 -0.15747 
0.257568 -0.4761 0.8545 0.00 0.17334 -0.15747 
0.257568 -0.4761 0.8545 0.00 0.17334 -0.15747 
0.257568 -0.4761 0.8545 0.00 0.17334 -0.15747 
0.257568 -0.4761 0.8545 0.00 0.17334 -0.15747 
0.262573 -0.3540 0.10376 -0.1221 0.15991 -0.20508 
0.262573 -0.3540 0.10376 -0.1221 0.15991 -0.20508 
0.262573 -0.3540 0.10376 -0.1221 0.15991 -0.20508 
0.262573 -0.3540 0.10376 -0.1221 0.15991 -0.20508 
0.262573 -0.3540 0.10376 -0.1221 0.15991 -0.20508 
0.262573 -0.3540 0.10376 -0.1221 0.15991 -0.20508 
0.262573 -0.3540 0.10376 -0.1221 0.15991 -0.20508 
0.262573 -0.3540 0.10376 -0.1221 0.15991 -0.20508 
0.262573 -0.3540 0.10376 -0.1221 0.15991 -0.20508 
0.262573 -0.3540 0.10376 -0.1221 0.15991 -0.20508 
0.262573 -0.3540 0.13306 0.1465 0.14526 -0.24780 
0.269897 -0.1709 0.13306 0.1465 0.14526 -0.24780 
0.269897 -0.1709 0.13306 0.1465 0.14526 -0.24780 
0.269897 -0.1709 0.13306 0.1465 0.14526 -0.24780 
0.269897 -0.1709 0.13306 0.1465 0.14526 -0.24780 
