0.255737 0.27832 0.1953 -0.7324 -0.7080 0.14893 
0.255737 0.27832 0.1953 -0.7324 -0.7080 0.14893 
0.255737 0.27832 0.1953 -0.7324 -0.7080 0.14893 
0.255737 0.27832 0.1953 -0.7324 -0.7080 0.14893 
0.255737 0.27832 0.1953 -0.7324 -0.7080 0.14893 
0.255737 0.27832 0.1953 -0.7324 -0.7080 0.14893 
0.255737 0.27832 0.1953 -0.1465 -0.10010 0.11719 
0.256714 0.26367 0.2197 -0.1465 -0.10010 0.11719 
0.256714 0.26367 0.2197 -0.1465 -0.10010 0.11719 
0.256714 0.26367 0.2197 -0.1465 -0.10010 0.11719 
0.256714 0.26367 0.2197 -0.1465 -0.10010 0.11719 
0.256714 0.26367 0.2197 -0.1465 -0.10010 0.11719 
0.256714 0.26367 0.2197 -0.1465 -0.10010 0.11719 
0.256714 0.26367 0.2197 -0.1465 -0.10010 0.11719 
0.256714 0.26367 0.2197 -0.1465 -0.10010 0.11719 
0.256714 0.26367 0.2197 -0.1465 -0.10010 0.11719 
0.256714 0.26367 0.2197 -0.1465 -0.10010 0.7813 
0.254639 0.26245 0.977 0.2686 -0.11353 0.7813 
0.254639 0.26245 0.977 0.2686 -0.11353 0.7813 
0.254639 0.26245 0.977 0.2686 -0.11353 0.7813 
0.254639 0.26245 0.977 0.2686 -0.11353 0.7813 
0.254639 0.26245 0.977 0.2686 -0.11353 0.7813 
0.254639 0.26245 0.977 0.2686 -0.11353 0.7813 
0.254639 0.26245 0.977 0.2686 -0.11353 0.7813 
0.254639 0.26245 0.977 0.2686 -0.11353 0.7813 
0.254639 0.26245 0.977 0.2686 -0.11353 0.7813 
0.254639 0.26245 0.977 0.2686 -0.11353 0.7813 
0.254639 0.25635 0.122 0.2441 -0.12085 0.5737 
0.255127 0.25635 0.122 0.2441 -0.12085 0.5737 
0.255127 0.25635 0.122 0.2441 -0.12085 0.5737 
0.255127 0.25635 0.122 0.2441 -0.12085 0.5737 
0.255127 0.25635 0.122 0.2441 -0.12085 0.5737 
0.255127 0.25635 0.122 0.2441 -0.12085 0.5737 
0.255127 0.25635 0.122 0.2441 -0.12085 0.5737 
0.255127 0.25635 0.122 0.2441 -0.12085 0.5737 
0.255127 0.25635 0.122 0.2441 -0.12085 0.5737 
0.255127 0.25635 0.122 0.2441 -0.12085 0.5737 
0.255127 0.25635 0.122 -0.732 -0.11108 0.3174 
0.257080 0.24902 0.00 -0.732 -0.11108 0.3174 
0.257080 0.24902 0.00 -0.732 -0.11108 0.3174 
0.257080 0.24902 0.00 -0.732 -0.11108 0.3174 
0.257080 0.24902 0.00 -0.732 -0.11108 0.3174 
0.257080 0.24902 0.00 -0.732 -0.11108 0.3174 
0.257080 0.24902 0.00 -0.732 -0.11108 0.3174 
0.257080 0.24902 0.00 -0.732 -0.11108 0.3174 
0.257080 0.24902 0.00 -0.732 -0.11108 0.3174 
0.257080 0.24902 0.00 -0.732 -0.11108 0.3174 
0.257080 0.24902 0.00 -0.732 -0.11108 0.488 
0.258789 0.24292 -0.488 -0.4028 -0.8545 0.488 
0.258789 0.24292 -0.488 -0.4028 -0.8545 0.488 
0.258789 0.24292 -0.488 -0.4028 -0.8545 0.488 
0.258789 0.24292 -0.488 -0.4028 -0.8545 0.488 
0.258789 0.24292 -0.488 -0.4028 -0.8545 0.488 
0.258789 0.24292 -0.488 -0.4028 -0.8545 0.488 
0.258789 0.24292 -0.488 -0.4028 -0.8545 0.488 
0.258789 0.24292 -0.488 -0.4028 -0.8545 0.488 
0.258789 0.24292 -0.488 -0.4028 -0.8545 0.488 
0.258789 0.24292 -0.488 -0.4028 -0.8545 0.488 
0.259155 0.23682 -0.1465 -0.7324 -0.5005 -0.1465 
0.259155 0.23682 -0.1465 -0.7324 -0.5005 -0.1465 
0.259155 0.23682 -0.1465 -0.7324 -0.5005 -0.1465 
0.259155 0.23682 -0.1465 -0.7324 -0.5005 -0.1465 
0.259155 0.23682 -0.1465 -0.7324 -0.5005 -0.1465 
0.259155 0.23682 -0.1465 -0.7324 -0.5005 -0.1465 
0.259155 0.23682 -0.1465 -0.7324 -0.5005 -0.1465 
0.259155 0.23682 -0.1465 -0.7324 -0.5005 -0.1465 
0.259155 0.23682 -0.1465 -0.7324 -0.5005 -0.1465 
0.259155 0.23682 -0.1465 -0.7324 -0.5005 -0.1465 
0.259155 0.23682 -0.1343 -0.10864 -0.732 -0.1099 
0.260132 0.22827 -0.1343 -0.10864 -0.732 -0.1099 
0.260132 0.22827 -0.1343 -0.10864 -0.732 -0.1099 
0.260132 0.22827 -0.1343 -0.10864 -0.732 -0.1099 
0.260132 0.22827 -0.1343 -0.10864 -0.732 -0.1099 
0.260132 0.22827 -0.1343 -0.10864 -0.732 -0.1099 
0.260132 0.22827 -0.1343 -0.10864 -0.732 -0.1099 
0.260132 0.22827 -0.1343 -0.10864 -0.732 -0.1099 
0.260132 0.22827 -0.1343 -0.10864 -0.732 -0.1099 
0.260132 0.22827 -0.1343 -0.10864 -0.732 -0.1099 
0.260132 0.22827 -0.1343 -0.10864 -0.28198 0.977 
0.260986 0.21851 -0.1099 -0.12817 0.3052 0.977 
0.260986 0.21851 -0.1099 -0.12817 0.3052 0.977 
0.260986 0.21851 -0.1099 -0.12817 0.3052 0.977 
0.260986 0.21851 -0.1099 -0.12817 0.3052 0.977 
0.260986 0.21851 -0.1099 -0.12817 0.3052 0.977 
0.260986 0.21851 -0.1099 -0.12817 0.3052 0.977 
0.260986 0.21851 -0.1099 -0.12817 0.3052 0.977 
0.260986 0.21851 -0.1099 -0.12817 0.3052 0.977 
0.260986 0.21851 -0.1099 -0.12817 0.3052 0.977 
0.260986 0.21851 -0.1099 -0.12817 0.3052 0.977 
0.260376 0.21362 -0.610 -0.12939 0.5737 0.4272 
0.260376 0.21362 -0.610 -0.12939 0.5737 0.4272 
0.260376 0.21362 -0.610 -0.12939 0.5737 0.4272 
0.260376 0.21362 -0.610 -0.12939 0.5737 0.4272 
0.260376 0.21362 -0.610 -0.12939 0.5737 0.4272 
0.260376 0.21362 -0.610 -0.12939 0.5737 0.4272 
0.260376 0.21362 -0.610 -0.12939 0.5737 0.4272 
0.260376 0.21362 -0.610 -0.12939 0.5737 0.4272 
0.260376 0.21362 -0.610 -0.12939 0.5737 0.4272 
0.260376 0.21362 -0.610 -0.12939 0.5737 0.4272 
0.260376 0.21362 -0.122 -0.11597 0.7446 0.7690 
0.257446 0.22095 -0.122 -0.11597 0.7446 0.7690 
0.257446 0.22095 -0.122 -0.11597 0.7446 0.7690 
0.257446 0.22095 -0.122 -0.11597 0.7446 0.7690 
0.257446 0.22095 -0.122 -0.11597 0.7446 0.7690 
0.257446 0.22095 -0.122 -0.11597 0.7446 0.7690 
0.257446 0.22095 -0.122 -0.11597 0.7446 0.7690 
0.257446 0.22095 -0.122 -0.11597 0.7446 0.7690 
0.257446 0.22095 -0.122 -0.11597 0.7446 0.7690 
0.257446 0.22095 -0.122 -0.11597 0.7446 0.7690 
0.257446 0.22095 -0.122 -0.10864 0.8057 0.10742 
0.255981 0.23438 0.610 -0.10864 0.8057 0.10742 
0.255981 0.23438 0.610 -0.10864 0.8057 0.10742 
0.255981 0.23438 0.610 -0.10864 0.8057 0.10742 
0.255981 0.23438 0.610 -0.10864 0.8057 0.10742 
0.255981 0.23438 0.610 -0.10864 0.8057 0.10742 
0.255981 0.23438 0.610 -0.10864 0.8057 0.10742 
0.255981 0.23438 0.610 -0.10864 0.8057 0.10742 
0.255981 0.23438 0.610 -0.10864 0.8057 0.10742 
0.255981 0.23438 0.610 -0.10864 0.8057 0.10742 
0.255981 0.23438 0.610 -0.10864 0.8057 0.11353 
0.253906 0.23926 -0.122 -0.10498 0.8179 0.11353 
0.253906 0.23926 -0.122 -0.10498 0.8179 0.11353 
0.253906 0.23926 -0.122 -0.10498 0.8179 0.11353 
0.253906 0.23926 -0.122 -0.10498 0.8179 0.11353 
0.253906 0.23926 -0.122 -0.10498 0.8179 0.11353 
0.253906 0.23926 -0.122 -0.10498 0.8179 0.11353 
0.253906 0.23926 -0.122 -0.10498 0.8179 0.11353 
0.253906 0.23926 -0.122 -0.10498 0.8179 0.11353 
0.253906 0.23926 -0.122 -0.10498 0.8179 0.11353 
0.253906 0.23926 -0.122 -0.10498 0.8179 0.11353 
0.253906 0.24780 -0.244 -0.10620 0.9155 0.10376 
0.252441 0.24780 -0.244 -0.10620 0.9155 0.10376 
0.252441 0.24780 -0.244 -0.10620 0.9155 0.10376 
0.252441 0.24780 -0.244 -0.10620 0.9155 0.10376 
0.252441 0.24780 -0.244 -0.10620 0.9155 0.10376 
0.252441 0.24780 -0.244 -0.10620 0.9155 0.10376 
0.252441 0.24780 -0.244 -0.10620 0.9155 0.10376 
0.252441 0.24780 -0.244 -0.10620 0.9155 0.10376 
0.252441 0.24780 -0.244 -0.10620 0.9155 0.10376 
0.252441 0.24780 -0.244 -0.10620 0.9155 0.10376 
0.252441 0.24780 -0.244 -0.9277 0.10254 0.8423 
0.253418 0.25879 0.1221 -0.9277 0.10254 0.8423 
0.253418 0.25879 0.1221 -0.9277 0.10254 0.8423 
0.253418 0.25879 0.1221 -0.9277 0.10254 0.8423 
0.253418 0.25879 0.1221 -0.9277 0.10254 0.8423 
0.253418 0.25879 0.1221 -0.9277 0.10254 0.8423 
0.253418 0.25879 0.1221 -0.9277 0.10254 0.8423 
0.253418 0.25879 0.1221 -0.9277 0.10254 0.8423 
0.253418 0.25879 0.1221 -0.9277 0.10254 0.8423 
0.253418 0.25879 0.1221 -0.9277 0.10254 0.8423 
