0.250610 0.20630 -0.5859 -0.2075 -0.9644 0.1953 
0.249512 0.20630 -0.5859 -0.2075 -0.9644 0.1953 
0.249512 0.20630 -0.5859 -0.2075 -0.9644 0.1953 
0.249512 0.20630 -0.5859 -0.2075 -0.9644 0.1953 
0.249512 0.20630 -0.5859 -0.2075 -0.9644 0.1953 
0.249512 0.20630 -0.5859 -0.2075 -0.9644 0.1953 
0.249512 0.20630 -0.5859 -0.2075 -0.9644 0.1953 
0.249512 0.20630 -0.5859 -0.2075 -0.9644 0.1953 
0.249512 0.20630 -0.5859 -0.2075 -0.9644 0.1953 
0.249512 0.20630 -0.5859 -0.2075 -0.9644 0.1953 
0.249512 0.20630 -0.5859 -0.2075 -0.7446 0.6226 
0.249390 0.19897 -0.6470 -0.2075 -0.7446 0.6226 
0.249390 0.19897 -0.6470 -0.2075 -0.7446 0.6226 
0.249390 0.19897 -0.6470 -0.2075 -0.7446 0.6226 
0.249390 0.19897 -0.6470 -0.2075 -0.7446 0.6226 
0.249390 0.19897 -0.6470 -0.2075 -0.7446 0.6226 
0.249390 0.19897 -0.6470 -0.2075 -0.7446 0.6226 
0.249390 0.19897 -0.6470 -0.2075 -0.7446 0.6226 
0.249390 0.19897 -0.6470 -0.2075 -0.7446 0.6226 
0.249390 0.19897 -0.6470 -0.2075 -0.7446 0.6226 
0.249390 0.19897 -0.6470 -0.2075 -0.5859 0.10376 
0.251709 0.19043 -0.4883 -0.4150 -0.5859 0.10376 
0.251709 0.19043 -0.4883 -0.4150 -0.5859 0.10376 
0.251709 0.19043 -0.4883 -0.4150 -0.5859 0.10376 
0.251709 0.19043 -0.4883 -0.4150 -0.5859 0.10376 
0.251709 0.19043 -0.4883 -0.4150 -0.5859 0.10376 
0.251709 0.19043 -0.4883 -0.4150 -0.5859 0.10376 
0.251709 0.19043 -0.4883 -0.4150 -0.5859 0.10376 
0.251709 0.19043 -0.4883 -0.4150 -0.5859 0.10376 
0.251709 0.19043 -0.4883 -0.4150 -0.5859 0.10376 
0.251709 0.19043 -0.4883 -0.4150 -0.5859 0.10376 
0.254761 0.18188 -0.2441 -0.3418 -0.5615 0.12451 
0.254761 0.18188 -0.2441 -0.3418 -0.5615 0.12451 
0.254761 0.18188 -0.2441 -0.3418 -0.5615 0.12451 
0.254761 0.18188 -0.2441 -0.3418 -0.5615 0.12451 
0.254761 0.18188 -0.2441 -0.3418 -0.5615 0.12451 
0.254761 0.18188 -0.2441 -0.3418 -0.5615 0.12451 
0.254761 0.18188 -0.2441 -0.3418 -0.5615 0.12451 
0.254761 0.18188 -0.2441 -0.3418 -0.5615 0.12451 
0.254761 0.18188 -0.2441 -0.3418 -0.5615 0.12451 
0.254761 0.18188 -0.2441 -0.3418 -0.5615 0.12451 
0.254761 0.18188 -0.122 0.488 -0.6470 0.11841 
0.256470 0.17944 -0.122 0.488 -0.6470 0.11841 
0.256470 0.17944 -0.122 0.488 -0.6470 0.11841 
0.256470 0.17944 -0.122 0.488 -0.6470 0.11841 
0.256470 0.17944 -0.122 0.488 -0.6470 0.11841 
0.256470 0.17944 -0.122 0.488 -0.6470 0.11841 
0.256470 0.17944 -0.122 0.488 -0.6470 0.11841 
0.256470 0.17944 -0.122 0.488 -0.6470 0.11841 
0.256470 0.17944 -0.122 0.488 -0.6470 0.11841 
0.256470 0.17944 -0.122 0.488 -0.6470 0.11841 
0.256470 0.17944 -0.122 0.488 -0.8057 0.9277 
0.256348 0.17456 -0.244 0.5249 -0.8057 0.9277 
0.256348 0.17456 -0.244 0.5249 -0.8057 0.9277 
0.256348 0.17456 -0.244 0.5249 -0.8057 0.9277 
0.256348 0.17456 -0.244 0.5249 -0.8057 0.9277 
0.256348 0.17456 -0.244 0.5249 -0.8057 0.9277 
0.256348 0.17456 -0.244 0.5249 -0.8057 0.9277 
0.256348 0.17456 -0.244 0.5249 -0.8057 0.9277 
0.256348 0.17456 -0.244 0.5249 -0.8057 0.9277 
0.256348 0.17456 -0.244 0.5249 -0.8057 0.9277 
0.256348 0.17456 -0.244 0.5249 -0.8057 0.9277 
0.256348 0.16846 -0.1465 0.7202 -0.9399 0.6958 
0.256348 0.16846 -0.1465 0.7202 -0.9399 0.6958 
0.256348 0.16846 -0.1465 0.7202 -0.9399 0.6958 
0.256348 0.16846 -0.1465 0.7202 -0.9399 0.6958 
0.256348 0.16846 -0.1465 0.7202 -0.9399 0.6958 
0.256348 0.16846 -0.1465 0.7202 -0.9399 0.6958 
0.256348 0.16846 -0.1465 0.7202 -0.9399 0.6958 
0.256348 0.16846 -0.1465 0.7202 -0.9399 0.6958 
0.256348 0.16846 -0.1465 0.7202 -0.9399 0.6958 
0.256348 0.16846 -0.1465 0.7202 -0.9399 0.6958 
0.256348 0.16846 -0.3296 0.5005 -0.9521 0.6104 
0.255737 0.16846 -0.3296 0.5005 -0.9521 0.6104 
0.255737 0.16846 -0.3296 0.5005 -0.9521 0.6104 
0.255737 0.16846 -0.3296 0.5005 -0.9521 0.6104 
0.255737 0.16846 -0.3296 0.5005 -0.9521 0.6104 
0.255737 0.16846 -0.3296 0.5005 -0.9521 0.6104 
0.255737 0.16846 -0.3296 0.5005 -0.9521 0.6104 
0.255737 0.16846 -0.3296 0.5005 -0.9521 0.6104 
0.255737 0.16846 -0.3296 0.5005 -0.9521 0.6104 
0.255737 0.16846 -0.3296 0.5005 -0.9521 0.6104 
0.255737 0.16846 -0.3296 0.30029 -0.7813 0.7080 
0.255615 0.16846 -0.5127 -0.1221 -0.7813 0.7080 
0.255615 0.16846 -0.5127 -0.1221 -0.7813 0.7080 
0.255615 0.16846 -0.5127 -0.1221 -0.7813 0.7080 
0.255615 0.16846 -0.5127 -0.1221 -0.7813 0.7080 
0.255615 0.16846 -0.5127 -0.1221 -0.7813 0.7080 
0.255615 0.16846 -0.5127 -0.1221 -0.7813 0.7080 
0.255615 0.16846 -0.5127 -0.1221 -0.7813 0.7080 
0.255615 0.16846 -0.5127 -0.1221 -0.7813 0.7080 
0.255615 0.16846 -0.5127 -0.1221 -0.7813 0.7080 
0.255615 0.16846 -0.5127 -0.1221 -0.7813 0.9033 
0.255005 0.16846 -0.6958 -0.9766 -0.5127 0.9033 
0.255005 0.16846 -0.6958 -0.9766 -0.5127 0.9033 
0.255005 0.16846 -0.6958 -0.9766 -0.5127 0.9033 
0.255005 0.16846 -0.6958 -0.9766 -0.5127 0.9033 
0.255005 0.16846 -0.6958 -0.9766 -0.5127 0.9033 
0.255005 0.16846 -0.6958 -0.9766 -0.5127 0.9033 
0.255005 0.16846 -0.6958 -0.9766 -0.5127 0.9033 
0.255005 0.16846 -0.6958 -0.9766 -0.5127 0.9033 
0.255005 0.16846 -0.6958 -0.9766 -0.5127 0.9033 
0.255005 0.16846 -0.6958 -0.9766 -0.5127 0.9033 
0.255005 0.16846 -0.7935 -0.18433 -0.2319 0.11963 
0.255127 0.16846 -0.7935 -0.18433 -0.2319 0.11963 
0.255127 0.16846 -0.7935 -0.18433 -0.2319 0.11963 
0.255127 0.16846 -0.7935 -0.18433 -0.2319 0.11963 
0.255127 0.16846 -0.7935 -0.18433 -0.2319 0.11963 
0.255127 0.16846 -0.7935 -0.18433 -0.2319 0.11963 
0.255127 0.16846 -0.7935 -0.18433 -0.2319 0.11963 
0.255127 0.16846 -0.7935 -0.18433 -0.2319 0.11963 
0.255127 0.16846 -0.7935 -0.18433 -0.2319 0.11963 
0.255127 0.16846 -0.7935 -0.18433 -0.2319 0.11963 
0.255127 0.16846 -0.7935 -0.24780 0.122 0.14771 
0.255859 0.16724 -0.7324 -0.24780 0.122 0.14771 
0.255859 0.16724 -0.7324 -0.24780 0.122 0.14771 
0.255859 0.16724 -0.7324 -0.24780 0.122 0.14771 
0.255859 0.16724 -0.7324 -0.24780 0.122 0.14771 
0.255859 0.16724 -0.7324 -0.24780 0.122 0.14771 
0.255859 0.16724 -0.7324 -0.24780 0.122 0.14771 
0.255859 0.16724 -0.7324 -0.24780 0.122 0.14771 
0.255859 0.16724 -0.7324 -0.24780 0.122 0.14771 
0.255859 0.16724 -0.7324 -0.24780 0.122 0.14771 
0.255859 0.16724 -0.7324 -0.24780 0.1343 0.16235 
0.258301 0.16479 -0.5249 -0.25757 0.1343 0.16235 
0.258301 0.16479 -0.5249 -0.25757 0.1343 0.16235 
0.258301 0.16479 -0.5249 -0.25757 0.1343 0.16235 
0.258301 0.16479 -0.5249 -0.25757 0.1343 0.16235 
0.258301 0.16479 -0.5249 -0.25757 0.1343 0.16235 
0.258301 0.16479 -0.5249 -0.25757 0.1343 0.16235 
0.258301 0.16479 -0.5249 -0.25757 0.1343 0.16235 
0.258301 0.16479 -0.5249 -0.25757 0.1343 0.16235 
0.258301 0.16479 -0.5249 -0.25757 0.1343 0.16235 
0.258301 0.16479 -0.5249 -0.25757 0.1343 0.16235 
0.260376 0.16113 -0.3296 -0.19775 0.244 0.15747 
0.260376 0.16113 -0.3296 -0.19775 0.244 0.15747 
0.260376 0.16113 -0.3296 -0.19775 0.244 0.15747 
0.260376 0.16113 -0.3296 -0.19775 0.244 0.15747 
0.260376 0.16113 -0.3296 -0.19775 0.244 0.15747 
0.260376 0.16113 -0.3296 -0.19775 0.244 0.15747 
0.260376 0.16113 -0.3296 -0.19775 0.244 0.15747 
0.260376 0.16113 -0.3296 -0.19775 0.244 0.15747 
0.260376 0.16113 -0.3296 -0.19775 0.244 0.15747 
0.260376 0.16113 -0.3296 -0.19775 0.244 0.15747 
0.260376 0.16113 -0.3784 -0.9644 -0.2930 0.14160 
0.261719 0.15503 -0.3784 -0.9644 -0.2930 0.14160 
0.261719 0.15503 -0.3784 -0.9644 -0.2930 0.14160 
0.261719 0.15503 -0.3784 -0.9644 -0.2930 0.14160 
0.261719 0.15503 -0.3784 -0.9644 -0.2930 0.14160 
0.261719 0.15503 -0.3784 -0.9644 -0.2930 0.14160 
