0.241211 -0.16968 0.35156 -0.11475 -0.12451 0.20996 
0.241211 -0.16968 0.35156 -0.11475 -0.12451 0.20996 
0.241211 -0.16968 0.35156 -0.11475 -0.12451 0.20996 
0.241211 -0.16968 0.35156 -0.11475 -0.12451 0.20996 
0.241211 -0.16968 0.35156 -0.11475 -0.12451 0.20996 
0.241211 -0.16968 0.35156 -0.11475 -0.12451 0.20996 
0.241211 -0.16968 0.35156 -0.11475 -0.12451 0.20996 
0.241211 -0.16968 0.35156 -0.11475 -0.12451 0.20996 
0.241211 -0.16968 0.34546 -0.12939 -0.11353 0.22339 
0.245239 -0.18066 0.34546 -0.12939 -0.11353 0.22339 
0.245239 -0.18066 0.34546 -0.12939 -0.11353 0.22339 
0.245239 -0.18066 0.34546 -0.12939 -0.11353 0.22339 
0.245239 -0.18066 0.34546 -0.12939 -0.11353 0.22339 
0.245239 -0.18066 0.34546 -0.12939 -0.11353 0.22339 
0.245239 -0.18066 0.34546 -0.12939 -0.11353 0.22339 
0.245239 -0.18066 0.34546 -0.12939 -0.11353 0.22339 
0.245239 -0.18066 0.34546 -0.12939 -0.11353 0.22339 
0.245239 -0.18066 0.34546 -0.12939 -0.11353 0.22339 
0.245239 -0.18066 0.34546 -0.12939 -0.8301 0.18311 
0.250000 -0.19287 0.35767 -0.11841 -0.8301 0.18311 
0.250000 -0.19287 0.35767 -0.11841 -0.8301 0.18311 
0.250000 -0.19287 0.35767 -0.11841 -0.8301 0.18311 
0.250000 -0.19287 0.35767 -0.11841 -0.8301 0.18311 
0.250000 -0.19287 0.35767 -0.11841 -0.8301 0.18311 
0.250000 -0.19287 0.35767 -0.11841 -0.8301 0.18311 
0.250000 -0.19287 0.35767 -0.11841 -0.8301 0.18311 
0.250000 -0.19287 0.35767 -0.11841 -0.8301 0.18311 
0.250000 -0.19287 0.35767 -0.11841 -0.8301 0.18311 
0.250000 -0.19287 0.35767 -0.11841 -0.8301 0.9766 
0.253418 -0.19775 0.37476 -0.6592 -0.3906 0.9766 
0.253418 -0.19775 0.37476 -0.6592 -0.3906 0.9766 
0.253418 -0.19775 0.37476 -0.6592 -0.3906 0.9766 
0.253418 -0.19775 0.37476 -0.6592 -0.3906 0.9766 
0.253418 -0.19775 0.37476 -0.6592 -0.3906 0.9766 
0.253418 -0.19775 0.37476 -0.6592 -0.3906 0.9766 
0.253418 -0.19775 0.37476 -0.6592 -0.3906 0.9766 
0.253418 -0.19775 0.37476 -0.6592 -0.3906 0.9766 
0.253418 -0.19775 0.37476 -0.6592 -0.3906 0.9766 
0.253418 -0.19775 0.37476 -0.6592 -0.3906 0.9766 
0.253418 -0.19531 0.38696 -0.854 0.1709 0.244 
0.252930 -0.19531 0.38696 -0.854 0.1709 0.244 
0.252930 -0.19531 0.38696 -0.854 0.1709 0.244 
0.252930 -0.19531 0.38696 -0.854 0.1709 0.244 
0.252930 -0.19531 0.38696 -0.854 0.1709 0.244 
0.252930 -0.19531 0.38696 -0.854 0.1709 0.244 
0.252930 -0.19531 0.38696 -0.854 0.1709 0.244 
0.252930 -0.19531 0.38696 -0.854 0.1709 0.244 
0.252930 -0.19531 0.38696 -0.854 0.1709 0.244 
0.252930 -0.19531 0.38696 -0.854 0.1709 0.244 
0.252930 -0.19531 0.38696 -0.29297 0.6836 -0.6226 
0.252319 -0.19287 0.39795 0.1953 0.6836 -0.6226 
0.252319 -0.19287 0.39795 0.1953 0.6836 -0.6226 
0.252319 -0.19287 0.39795 0.1953 0.6836 -0.6226 
0.252319 -0.19287 0.39795 0.1953 0.6836 -0.6226 
0.252319 -0.19287 0.39795 0.1953 0.6836 -0.6226 
0.252319 -0.19287 0.39795 0.1953 0.6836 -0.6226 
0.252319 -0.19287 0.39795 0.1953 0.6836 -0.6226 
0.252319 -0.19287 0.39795 0.1953 0.6836 -0.6226 
0.252319 -0.19287 0.39795 0.1953 0.6836 -0.6226 
0.252319 -0.19287 0.39795 0.1953 0.6836 -0.8911 
0.251099 -0.19287 0.41260 0.2075 0.10498 -0.8911 
0.251099 -0.19287 0.41260 0.2075 0.10498 -0.8911 
0.251099 -0.19287 0.41260 0.2075 0.10498 -0.8911 
0.251099 -0.19287 0.41260 0.2075 0.10498 -0.8911 
0.251099 -0.19287 0.41260 0.2075 0.10498 -0.8911 
0.251099 -0.19287 0.41260 0.2075 0.10498 -0.8911 
0.251099 -0.19287 0.41260 0.2075 0.10498 -0.8911 
0.251099 -0.19287 0.41260 0.2075 0.10498 -0.8911 
0.251099 -0.19287 0.41260 0.2075 0.10498 -0.8911 
0.251099 -0.19287 0.41260 0.2075 0.10498 -0.8911 
0.251099 -0.19409 0.42847 0.1099 0.11841 -0.7568 
0.250366 -0.19409 0.42847 0.1099 0.11841 -0.7568 
0.250366 -0.19409 0.42847 0.1099 0.11841 -0.7568 
0.250366 -0.19409 0.42847 0.1099 0.11841 -0.7568 
0.250366 -0.19409 0.42847 0.1099 0.11841 -0.7568 
0.250366 -0.19409 0.42847 0.1099 0.11841 -0.7568 
0.250366 -0.19409 0.42847 0.1099 0.11841 -0.7568 
0.250366 -0.19409 0.42847 0.1099 0.11841 -0.7568 
0.250366 -0.19409 0.42847 0.1099 0.11841 -0.7568 
0.250366 -0.19409 0.42847 0.1099 0.11841 -0.7568 
0.250366 -0.19409 0.46265 -0.488 0.11597 -0.4639 
0.252319 -0.19653 0.46265 -0.488 0.11597 -0.4639 
0.252319 -0.19653 0.46265 -0.488 0.11597 -0.4639 
0.252319 -0.19653 0.46265 -0.488 0.11597 -0.4639 
0.252319 -0.19653 0.46265 -0.488 0.11597 -0.4639 
0.252319 -0.19653 0.46265 -0.488 0.11597 -0.4639 
0.252319 -0.19653 0.46265 -0.488 0.11597 -0.4639 
0.252319 -0.19653 0.46265 -0.488 0.11597 -0.4639 
0.252319 -0.19653 0.46265 -0.488 0.11597 -0.4639 
0.252319 -0.19653 0.46265 -0.488 0.11597 -0.4639 
0.252319 -0.19653 0.46265 -0.488 0.10010 -0.2808 
0.254028 -0.19653 0.50049 -0.244 0.10010 -0.2808 
0.254028 -0.19653 0.50049 -0.244 0.10010 -0.2808 
0.254028 -0.19653 0.50049 -0.244 0.10010 -0.2808 
0.254028 -0.19653 0.50049 -0.244 0.10010 -0.2808 
0.254028 -0.19653 0.50049 -0.244 0.10010 -0.2808 
0.254028 -0.19653 0.50049 -0.244 0.10010 -0.2808 
0.254028 -0.19653 0.50049 -0.244 0.10010 -0.2808 
0.254028 -0.19653 0.50049 -0.244 0.10010 -0.2808 
0.254028 -0.19653 0.50049 -0.244 0.10010 -0.2808 
0.254028 -0.19653 0.50049 -0.244 0.10010 -0.2808 
0.252808 -0.19653 0.52856 0.1343 0.8179 -0.3052 
0.252808 -0.19653 0.52856 0.1343 0.8179 -0.3052 
0.252808 -0.19653 0.52856 0.1343 0.8179 -0.3052 
0.252808 -0.19653 0.52856 0.1343 0.8179 -0.3052 
0.252808 -0.19653 0.52856 0.1343 0.8179 -0.3052 
0.252808 -0.19653 0.52856 0.1343 0.8179 -0.3052 
0.252808 -0.19653 0.52856 0.1343 0.8179 -0.3052 
0.252808 -0.19653 0.52856 0.1343 0.8179 -0.3052 
0.252808 -0.19653 0.52856 0.1343 0.8179 -0.3052 
0.252808 -0.19653 0.52856 0.1343 0.8179 -0.3052 
0.252808 -0.19653 0.54199 0.1953 0.6348 -0.3662 
0.249146 -0.20386 0.54199 0.1953 0.6348 -0.3662 
0.249146 -0.20386 0.54199 0.1953 0.6348 -0.3662 
0.249146 -0.20386 0.54199 0.1953 0.6348 -0.3662 
0.249146 -0.20386 0.54199 0.1953 0.6348 -0.3662 
0.249146 -0.20386 0.54199 0.1953 0.6348 -0.3662 
0.249146 -0.20386 0.54199 0.1953 0.6348 -0.3662 
0.249146 -0.20386 0.54199 0.1953 0.6348 -0.3662 
0.249146 -0.20386 0.54199 0.1953 0.6348 -0.3662 
0.249146 -0.20386 0.54199 0.1953 0.6348 -0.3662 
0.249146 -0.20386 0.54199 0.1953 0.4761 -0.1465 
0.245605 -0.21362 0.54932 0.488 0.4761 -0.1465 
0.245605 -0.21362 0.54932 0.488 0.4761 -0.1465 
0.245605 -0.21362 0.54932 0.488 0.4761 -0.1465 
0.245605 -0.21362 0.54932 0.488 0.4761 -0.1465 
0.245605 -0.21362 0.54932 0.488 0.4761 -0.1465 
0.245605 -0.21362 0.54932 0.488 0.4761 -0.1465 
0.245605 -0.21362 0.54932 0.488 0.4761 -0.1465 
0.245605 -0.21362 0.54932 0.488 0.4761 -0.1465 
0.245605 -0.21362 0.54932 0.488 0.4761 -0.1465 
0.245605 -0.21362 0.54932 0.488 0.4761 -0.27832 
0.242676 -0.22827 0.55786 -0.1587 0.2686 0.3418 
0.242676 -0.22827 0.55786 -0.1587 0.2686 0.3418 
0.242676 -0.22827 0.55786 -0.1587 0.2686 0.3418 
0.242676 -0.22827 0.55786 -0.1587 0.2686 0.3418 
0.242676 -0.22827 0.55786 -0.1587 0.2686 0.3418 
0.242676 -0.22827 0.55786 -0.1587 0.2686 0.3418 
0.242676 -0.22827 0.55786 -0.1587 0.2686 0.3418 
0.242676 -0.22827 0.55786 -0.1587 0.2686 0.3418 
0.242676 -0.22827 0.55786 -0.1587 0.2686 0.3418 
0.242676 -0.22827 0.55786 -0.1587 0.2686 0.3418 
0.242676 -0.23193 0.56030 -0.1831 0.00 0.10742 
0.240601 -0.23193 0.56030 -0.1831 0.00 0.10742 
0.240601 -0.23193 0.56030 -0.1831 0.00 0.10742 
0.240601 -0.23193 0.56030 -0.1831 0.00 0.10742 
0.240601 -0.23193 0.56030 -0.1831 0.00 0.10742 
0.240601 -0.23193 0.56030 -0.1831 0.00 0.10742 
0.240601 -0.23193 0.56030 -0.1831 0.00 0.10742 
0.240601 -0.23193 0.56030 -0.1831 0.00 0.10742 
