0.259766 -0.1221 -0.854 -0.10742 -0.6348 0.488 
0.259766 -0.1221 -0.854 -0.10742 -0.6348 0.488 
0.259766 -0.1221 -0.854 -0.10742 -0.6348 0.488 
0.259766 -0.1221 -0.854 -0.10742 -0.6348 0.488 
0.259766 -0.1831 -0.1343 -0.6958 -0.7324 0.610 
0.260620 -0.1831 -0.1343 -0.6958 -0.7324 0.610 
0.260620 -0.1831 -0.1343 -0.6958 -0.7324 0.610 
0.260620 -0.1831 -0.1343 -0.6958 -0.7324 0.610 
0.260620 -0.1831 -0.1343 -0.6958 -0.7324 0.610 
0.260620 -0.1831 -0.1343 -0.6958 -0.7324 0.610 
0.260620 -0.1831 -0.1343 -0.6958 -0.7324 0.610 
0.260620 -0.1831 -0.1343 -0.6958 -0.7324 0.610 
0.260620 -0.1831 -0.1343 -0.6958 -0.7324 0.610 
0.260620 -0.1831 -0.1343 -0.6958 -0.7324 0.610 
0.260620 -0.1831 -0.1343 -0.2808 -0.6592 -0.122 
0.259644 -0.1221 -0.732 -0.2808 -0.6592 -0.122 
0.259644 -0.1221 -0.732 -0.2808 -0.6592 -0.122 
0.259644 -0.1221 -0.732 -0.2808 -0.6592 -0.122 
0.259644 -0.1221 -0.732 -0.2808 -0.6592 -0.122 
0.259644 -0.1221 -0.732 -0.2808 -0.6592 -0.122 
0.259644 -0.1221 -0.732 -0.2808 -0.6592 -0.122 
0.259644 -0.1221 -0.732 -0.2808 -0.6592 -0.122 
0.259644 -0.1221 -0.732 -0.2808 -0.6592 -0.122 
0.259644 -0.1221 -0.732 -0.2808 -0.6592 -0.122 
0.259644 -0.1221 -0.732 -0.2808 -0.6592 -0.1587 
0.257446 -0.1221 -0.1831 0.00 -0.7202 -0.1587 
0.257446 -0.1221 -0.1831 0.00 -0.7202 -0.1587 
0.257446 -0.1221 -0.1831 0.00 -0.7202 -0.1587 
0.257446 -0.1221 -0.1831 0.00 -0.7202 -0.1587 
0.257446 -0.1221 -0.1831 0.00 -0.7202 -0.1587 
0.257446 -0.1221 -0.1831 0.00 -0.7202 -0.1587 
0.257446 -0.1221 -0.1831 0.00 -0.7202 -0.1587 
0.257446 -0.1221 -0.1831 0.00 -0.7202 -0.1587 
0.257446 -0.1221 -0.1831 0.00 -0.7202 -0.1587 
0.257446 -0.1221 -0.1831 0.00 -0.7202 -0.1587 
0.257446 -0.1465 -0.2441 0.1099 -0.8789 -0.1221 
0.256104 -0.1465 -0.2441 0.1099 -0.8789 -0.1221 
0.256104 -0.1465 -0.2441 0.1099 -0.8789 -0.1221 
0.256104 -0.1465 -0.2441 0.1099 -0.8789 -0.1221 
0.256104 -0.1465 -0.2441 0.1099 -0.8789 -0.1221 
0.256104 -0.1465 -0.2441 0.1099 -0.8789 -0.1221 
0.256104 -0.1465 -0.2441 0.1099 -0.8789 -0.1221 
0.256104 -0.1465 -0.2441 0.1099 -0.8789 -0.1221 
0.256104 -0.1465 -0.2441 0.1099 -0.8789 -0.1221 
0.256104 -0.1465 -0.2441 0.1099 -0.8789 -0.1221 
0.256104 -0.1465 -0.2441 0.366 -0.10132 0.854 
0.255493 -0.1709 -0.2441 0.366 -0.10132 0.854 
0.255493 -0.1709 -0.2441 0.366 -0.10132 0.854 
0.255493 -0.1709 -0.2441 0.366 -0.10132 0.854 
0.255493 -0.1709 -0.2441 0.366 -0.10132 0.854 
0.255493 -0.1709 -0.2441 0.366 -0.10132 0.854 
0.255493 -0.1709 -0.2441 0.366 -0.10132 0.854 
0.255493 -0.1709 -0.2441 0.366 -0.10132 0.854 
0.255493 -0.1709 -0.2441 0.366 -0.10132 0.854 
0.255493 -0.1709 -0.2441 0.366 -0.10132 0.854 
0.255493 -0.1709 -0.2441 0.366 -0.10132 0.3540 
0.255127 -0.2075 -0.1465 -0.1465 -0.10132 0.3540 
0.255127 -0.2075 -0.1465 -0.1465 -0.10132 0.3540 
0.255127 -0.2075 -0.1465 -0.1465 -0.10132 0.3540 
0.255127 -0.2075 -0.1465 -0.1465 -0.10132 0.3540 
0.255127 -0.2075 -0.1465 -0.1465 -0.10132 0.3540 
0.255127 -0.2075 -0.1465 -0.1465 -0.10132 0.3540 
0.255127 -0.2075 -0.1465 -0.1465 -0.10132 0.3540 
0.255127 -0.2075 -0.1465 -0.1465 -0.10132 0.3540 
0.255127 -0.2075 -0.1465 -0.1465 -0.10132 0.3540 
0.255127 -0.2075 -0.1465 -0.1465 -0.10132 0.3540 
0.254761 -0.2319 -0.488 -0.3418 -0.8545 0.4150 
0.254761 -0.2319 -0.488 -0.3418 -0.8545 0.4150 
0.254761 -0.2319 -0.488 -0.3418 -0.8545 0.4150 
0.254761 -0.2319 -0.488 -0.3418 -0.8545 0.4150 
0.254761 -0.2319 -0.488 -0.3418 -0.8545 0.4150 
0.254761 -0.2319 -0.488 -0.3418 -0.8545 0.4150 
0.254761 -0.2319 -0.488 -0.3418 -0.8545 0.4150 
0.254761 -0.2319 -0.488 -0.3418 -0.8545 0.4150 
0.254761 -0.2319 -0.488 -0.3418 -0.8545 0.4150 
0.254761 -0.2319 -0.488 -0.3418 -0.8545 0.4150 
0.254761 -0.2319 0.00 -0.5005 -0.6104 0.1953 
0.254395 -0.2686 0.00 -0.5005 -0.6104 0.1953 
0.254395 -0.2686 0.00 -0.5005 -0.6104 0.1953 
0.254395 -0.2686 0.00 -0.5005 -0.6104 0.1953 
0.254395 -0.2686 0.00 -0.5005 -0.6104 0.1953 
0.254395 -0.2686 0.00 -0.5005 -0.6104 0.1953 
0.254395 -0.2686 0.00 -0.5005 -0.6104 0.1953 
0.254395 -0.2686 0.00 -0.5005 -0.6104 0.1953 
0.254395 -0.2686 0.00 -0.5005 -0.6104 0.1953 
0.254395 -0.2686 0.00 -0.5005 -0.6104 0.1953 
0.254395 -0.2686 0.00 -0.5005 -0.3052 -0.1953 
0.254395 -0.3418 0.610 -0.7446 -0.3052 -0.1953 
0.254395 -0.3418 0.610 -0.7446 -0.3052 -0.1953 
0.254395 -0.3418 0.610 -0.7446 -0.3052 -0.1953 
0.254395 -0.3418 0.610 -0.7446 -0.3052 -0.1953 
0.254395 -0.3418 0.610 -0.7446 -0.3052 -0.1953 
0.254395 -0.3418 0.610 -0.7446 -0.3052 -0.1953 
0.254395 -0.3418 0.610 -0.7446 -0.3052 -0.1953 
0.254395 -0.3418 0.610 -0.7446 -0.3052 -0.1953 
0.254395 -0.3418 0.610 -0.7446 -0.3052 -0.1953 
0.254395 -0.3418 0.610 -0.7446 -0.3052 -0.6348 
0.254028 -0.4028 0.1221 -0.9644 0.00 -0.6348 
0.254028 -0.4028 0.1221 -0.9644 0.00 -0.6348 
0.254028 -0.4028 0.1221 -0.9644 0.00 -0.6348 
0.254028 -0.4028 0.1221 -0.9644 0.00 -0.6348 
0.254028 -0.4028 0.1221 -0.9644 0.00 -0.6348 
0.254028 -0.4028 0.1221 -0.9644 0.00 -0.6348 
0.254028 -0.4028 0.1221 -0.9644 0.00 -0.6348 
0.254028 -0.4028 0.1221 -0.9644 0.00 -0.6348 
0.254028 -0.4028 0.1221 -0.9644 0.00 -0.6348 
0.254028 -0.4028 0.1221 -0.9644 0.00 -0.6348 
0.254028 -0.4395 0.2441 -0.11108 0.1709 -0.9033 
0.255005 -0.4395 0.2441 -0.11108 0.1709 -0.9033 
0.255005 -0.4395 0.2441 -0.11108 0.1709 -0.9033 
0.255005 -0.4395 0.2441 -0.11108 0.1709 -0.9033 
0.255005 -0.4395 0.2441 -0.11108 0.1709 -0.9033 
0.255005 -0.4395 0.2441 -0.11108 0.1709 -0.9033 
0.255005 -0.4395 0.2441 -0.11108 0.1709 -0.9033 
0.255005 -0.4395 0.2441 -0.11108 0.1709 -0.9033 
0.255005 -0.4395 0.2441 -0.11108 0.1709 -0.9033 
0.255005 -0.4395 0.2441 -0.11108 0.1709 -0.9033 
0.255005 -0.4395 0.2441 -0.10376 0.1099 -0.10986 
0.257324 -0.5005 0.3784 -0.10376 0.1099 -0.10986 
0.257324 -0.5005 0.3784 -0.10376 0.1099 -0.10986 
0.257324 -0.5005 0.3784 -0.10376 0.1099 -0.10986 
0.257324 -0.5005 0.3784 -0.10376 0.1099 -0.10986 
0.257324 -0.5005 0.3784 -0.10376 0.1099 -0.10986 
0.257324 -0.5005 0.3784 -0.10376 0.1099 -0.10986 
0.257324 -0.5005 0.3784 -0.10376 0.1099 -0.10986 
0.257324 -0.5005 0.3784 -0.10376 0.1099 -0.10986 
0.257324 -0.5005 0.3784 -0.10376 0.1099 -0.10986 
0.257324 -0.5005 0.3784 -0.10376 0.1099 -0.13672 
0.259155 -0.5249 0.3784 -0.6348 -0.2075 -0.13672 
0.259155 -0.5249 0.3784 -0.6348 -0.2075 -0.13672 
0.259155 -0.5249 0.3784 -0.6348 -0.2075 -0.13672 
0.259155 -0.5249 0.3784 -0.6348 -0.2075 -0.13672 
0.259155 -0.5249 0.3784 -0.6348 -0.2075 -0.13672 
0.259155 -0.5249 0.3784 -0.6348 -0.2075 -0.13672 
0.259155 -0.5249 0.3784 -0.6348 -0.2075 -0.13672 
0.259155 -0.5249 0.3784 -0.6348 -0.2075 -0.13672 
0.259155 -0.5249 0.3784 -0.6348 -0.2075 -0.13672 
0.259155 -0.5249 0.3784 -0.6348 -0.2075 -0.13672 
0.261230 -0.5493 0.3418 -0.1587 -0.6592 -0.16724 
0.261230 -0.5493 0.3418 -0.1587 -0.6592 -0.16724 
0.261230 -0.5493 0.3418 -0.1587 -0.6592 -0.16724 
0.261230 -0.5493 0.3418 -0.1587 -0.6592 -0.16724 
0.261230 -0.5493 0.3418 -0.1587 -0.6592 -0.16724 
0.261230 -0.5493 0.3418 -0.1587 -0.6592 -0.16724 
0.261230 -0.5493 0.3418 -0.1587 -0.6592 -0.16724 
0.261230 -0.5493 0.3418 -0.1587 -0.6592 -0.16724 
0.261230 -0.5493 0.3418 -0.1587 -0.6592 -0.16724 
0.261230 -0.5493 0.3418 -0.1587 -0.6592 -0.16724 
0.261230 -0.5493 0.488 0.2563 -0.11597 -0.19775 
0.259521 -0.5615 0.488 0.2563 -0.11597 -0.19775 
