0.245483 0.8179 -0.13062 -0.17822 -0.12085 0.10132 
0.245483 0.8179 -0.13062 -0.17822 -0.12085 0.10132 
0.245483 0.8179 -0.13062 -0.17822 -0.12085 0.10132 
0.245483 0.8179 -0.13062 -0.17822 -0.12085 0.10132 
0.245483 0.8179 -0.13062 -0.17822 -0.12085 0.10132 
0.245483 0.8179 -0.13062 -0.17822 -0.12085 0.10132 
0.245483 0.8179 -0.13062 -0.17822 -0.12085 0.17578 
0.250000 0.8789 -0.8911 -0.20996 -0.8301 0.17578 
0.250000 0.8789 -0.8911 -0.20996 -0.8301 0.17578 
0.250000 0.8789 -0.8911 -0.20996 -0.8301 0.17578 
0.250000 0.8789 -0.8911 -0.20996 -0.8301 0.17578 
0.250000 0.8789 -0.8911 -0.20996 -0.8301 0.17578 
0.250000 0.8789 -0.8911 -0.20996 -0.8301 0.17578 
0.250000 0.8789 -0.8911 -0.20996 -0.8301 0.17578 
0.250000 0.8789 -0.8911 -0.20996 -0.8301 0.17578 
0.250000 0.8789 -0.8911 -0.20996 -0.8301 0.17578 
0.250000 0.8789 -0.8911 -0.20996 -0.8301 0.17578 
0.250000 0.9155 -0.6348 -0.15503 -0.5981 0.17212 
0.252686 0.9155 -0.6348 -0.15503 -0.5981 0.17212 
0.252686 0.9155 -0.6348 -0.15503 -0.5981 0.17212 
0.252686 0.9155 -0.6348 -0.15503 -0.5981 0.17212 
0.252686 0.9155 -0.6348 -0.15503 -0.5981 0.17212 
0.252686 0.9155 -0.6348 -0.15503 -0.5981 0.17212 
0.252686 0.9155 -0.6348 -0.15503 -0.5981 0.17212 
0.252686 0.9155 -0.6348 -0.15503 -0.5981 0.17212 
0.252686 0.9155 -0.6348 -0.15503 -0.5981 0.17212 
0.252686 0.9155 -0.6348 -0.15503 -0.5981 0.17212 
0.252686 0.9155 -0.6348 -0.7324 -0.4883 0.11230 
0.254395 0.8911 -0.4517 -0.7324 -0.4883 0.11230 
0.254395 0.8911 -0.4517 -0.7324 -0.4883 0.11230 
0.254395 0.8911 -0.4517 -0.7324 -0.4883 0.11230 
0.254395 0.8911 -0.4517 -0.7324 -0.4883 0.11230 
0.254395 0.8911 -0.4517 -0.7324 -0.4883 0.11230 
0.254395 0.8911 -0.4517 -0.7324 -0.4883 0.11230 
0.254395 0.8911 -0.4517 -0.7324 -0.4883 0.11230 
0.254395 0.8911 -0.4517 -0.7324 -0.4883 0.11230 
0.254395 0.8911 -0.4517 -0.7324 -0.4883 0.11230 
0.254395 0.8911 -0.4517 -0.7324 -0.5859 0.2563 
0.255859 0.7568 -0.3174 0.00 -0.5859 0.2563 
0.255859 0.7568 -0.3174 0.00 -0.5859 0.2563 
0.255859 0.7568 -0.3174 0.00 -0.5859 0.2563 
0.255859 0.7568 -0.3174 0.00 -0.5859 0.2563 
0.255859 0.7568 -0.3174 0.00 -0.5859 0.2563 
0.255859 0.7568 -0.3174 0.00 -0.5859 0.2563 
0.255859 0.7568 -0.3174 0.00 -0.5859 0.2563 
0.255859 0.7568 -0.3174 0.00 -0.5859 0.2563 
0.255859 0.7568 -0.3174 0.00 -0.5859 0.2563 
0.255859 0.7568 -0.3174 0.00 -0.5859 0.2563 
0.255371 0.6592 -0.3418 0.5493 -0.7690 -0.6226 
0.255371 0.6592 -0.3418 0.5493 -0.7690 -0.6226 
0.255371 0.6592 -0.3418 0.5493 -0.7690 -0.6226 
0.255371 0.6592 -0.3418 0.5493 -0.7690 -0.6226 
0.255371 0.6592 -0.3418 0.5493 -0.7690 -0.6226 
0.255371 0.6592 -0.3418 0.5493 -0.7690 -0.6226 
0.255371 0.6592 -0.3418 0.5493 -0.7690 -0.6226 
0.255371 0.6592 -0.3418 0.5493 -0.7690 -0.6226 
0.255371 0.6592 -0.3418 0.5493 -0.7690 -0.6226 
0.255371 0.6592 -0.3418 0.5493 -0.7690 -0.6226 
0.255371 0.6592 -0.4517 0.8301 -0.8667 -0.13550 
0.255249 0.6104 -0.4517 0.8301 -0.8667 -0.13550 
0.255249 0.6104 -0.4517 0.8301 -0.8667 -0.13550 
0.255249 0.6104 -0.4517 0.8301 -0.8667 -0.13550 
0.255249 0.6104 -0.4517 0.8301 -0.8667 -0.13550 
0.255249 0.6104 -0.4517 0.8301 -0.8667 -0.13550 
0.255249 0.6104 -0.4517 0.8301 -0.8667 -0.13550 
0.255249 0.6104 -0.4517 0.8301 -0.8667 -0.13550 
0.255249 0.6104 -0.4517 0.8301 -0.8667 -0.13550 
0.255249 0.6104 -0.4517 0.8301 -0.8667 -0.13550 
0.255249 0.6104 -0.4517 0.8301 -0.6836 -0.18921 
0.254272 0.6470 -0.5249 0.7202 -0.6836 -0.18921 
0.254272 0.6470 -0.5249 0.7202 -0.6836 -0.18921 
0.254272 0.6470 -0.5249 0.7202 -0.6836 -0.18921 
0.254272 0.6470 -0.5249 0.7202 -0.6836 -0.18921 
0.254272 0.6470 -0.5249 0.7202 -0.6836 -0.18921 
0.254272 0.6470 -0.5249 0.7202 -0.6836 -0.18921 
0.254272 0.6470 -0.5249 0.7202 -0.6836 -0.18921 
0.254272 0.6470 -0.5249 0.7202 -0.6836 -0.18921 
0.254272 0.6470 -0.5249 0.7202 -0.6836 -0.18921 
0.254272 0.6470 -0.5249 0.7202 -0.6836 -0.18921 
0.254883 0.7446 -0.5005 0.3540 -0.3296 -0.21851 
0.254883 0.7446 -0.5005 0.3540 -0.3296 -0.21851 
0.254883 0.7446 -0.5005 0.3540 -0.3296 -0.21851 
0.254883 0.7446 -0.5005 0.3540 -0.3296 -0.21851 
0.254883 0.7446 -0.5005 0.3540 -0.3296 -0.21851 
0.254883 0.7446 -0.5005 0.3540 -0.3296 -0.21851 
0.254883 0.7446 -0.5005 0.3540 -0.3296 -0.21851 
0.254883 0.7446 -0.5005 0.3540 -0.3296 -0.21851 
0.254883 0.7446 -0.5005 0.3540 -0.3296 -0.21851 
0.254883 0.7446 -0.5005 0.3540 -0.3296 -0.21851 
0.254883 0.8423 -0.4150 -0.366 0.610 -0.23682 
0.255493 0.8423 -0.4150 -0.366 0.610 -0.23682 
0.255493 0.8423 -0.4150 -0.366 0.610 -0.23682 
0.255493 0.8423 -0.4150 -0.366 0.610 -0.23682 
0.255493 0.8423 -0.4150 -0.366 0.610 -0.23682 
0.255493 0.8423 -0.4150 -0.366 0.610 -0.23682 
0.255493 0.8423 -0.4150 -0.366 0.610 -0.23682 
0.255493 0.8423 -0.4150 -0.366 0.610 -0.23682 
0.255493 0.8423 -0.4150 -0.366 0.610 -0.23682 
0.255493 0.8423 -0.4150 -0.366 0.610 -0.23682 
0.255493 0.8423 -0.4150 -0.3174 0.3662 -0.25146 
0.257568 0.8789 -0.2075 -0.3174 0.3662 -0.25146 
0.257568 0.8789 -0.2075 -0.3174 0.3662 -0.25146 
0.257568 0.8789 -0.2075 -0.3174 0.3662 -0.25146 
0.257568 0.8789 -0.2075 -0.3174 0.3662 -0.25146 
0.257568 0.8789 -0.2075 -0.3174 0.3662 -0.25146 
0.257568 0.8789 -0.2075 -0.3174 0.3662 -0.25146 
0.257568 0.8789 -0.2075 -0.3174 0.3662 -0.25146 
0.257568 0.8789 -0.2075 -0.3174 0.3662 -0.25146 
0.257568 0.8789 -0.2075 -0.3174 0.3662 -0.25146 
0.257568 0.8789 -0.2075 -0.3174 0.3662 -0.27222 
0.261353 0.9766 -0.122 -0.3540 0.4761 -0.27222 
0.261353 0.9766 -0.122 -0.3540 0.4761 -0.27222 
0.261353 0.9766 -0.122 -0.3540 0.4761 -0.27222 
0.261353 0.9766 -0.122 -0.3540 0.4761 -0.27222 
0.261353 0.9766 -0.122 -0.3540 0.4761 -0.27222 
0.261353 0.9766 -0.122 -0.3540 0.4761 -0.27222 
0.261353 0.9766 -0.122 -0.3540 0.4761 -0.27222 
0.261353 0.9766 -0.122 -0.3540 0.4761 -0.27222 
0.261353 0.9766 -0.122 -0.3540 0.4761 -0.27222 
0.261353 0.9766 -0.122 -0.3540 0.4761 -0.27222 
0.261353 0.9277 0.366 -0.1465 0.4761 -0.29053 
0.262329 0.9277 0.366 -0.1465 0.4761 -0.29053 
0.262329 0.9277 0.366 -0.1465 0.4761 -0.29053 
0.262329 0.9277 0.366 -0.1465 0.4761 -0.29053 
0.262329 0.9277 0.366 -0.1465 0.4761 -0.29053 
0.262329 0.9277 0.366 -0.1465 0.4761 -0.29053 
0.262329 0.9277 0.366 -0.1465 0.4761 -0.29053 
0.262329 0.9277 0.366 -0.1465 0.4761 -0.29053 
0.262329 0.9277 0.366 -0.1465 0.4761 -0.29053 
0.262329 0.9277 0.366 -0.1465 0.4761 -0.29053 
0.262329 0.9277 0.30762 0.00 0.5493 -0.28320 
0.259644 0.9888 -0.488 0.00 0.5493 -0.28320 
0.259644 0.9888 -0.488 0.00 0.5493 -0.28320 
0.259644 0.9888 -0.488 0.00 0.5493 -0.28320 
0.259644 0.9888 -0.488 0.00 0.5493 -0.28320 
0.259644 0.9888 -0.488 0.00 0.5493 -0.28320 
0.259644 0.9888 -0.488 0.00 0.5493 -0.28320 
0.259644 0.9888 -0.488 0.00 0.5493 -0.28320 
0.259644 0.9888 -0.488 0.00 0.5493 -0.28320 
0.259644 0.9888 -0.488 0.00 0.5493 -0.28320 
0.259644 0.9888 -0.488 0.00 0.6348 -0.24780 
0.255737 0.11963 -0.1831 -0.1953 0.6348 -0.24780 
0.255737 0.11963 -0.1831 -0.1953 0.6348 -0.24780 
0.255737 0.11963 -0.1831 -0.1953 0.6348 -0.24780 
0.255737 0.11963 -0.1831 -0.1953 0.6348 -0.24780 
0.255737 0.11963 -0.1831 -0.1953 0.6348 -0.24780 
0.255737 0.11963 -0.1831 -0.1953 0.6348 -0.24780 
0.255737 0.11963 -0.1831 -0.1953 0.6348 -0.24780 
0.255737 0.11963 -0.1831 -0.1953 0.6348 -0.24780 
0.255737 0.11963 -0.1831 -0.1953 0.6348 -0.24780 
