0.251709 0.7935 -0.10254 -0.8423 -0.10986 -0.13062 
0.251709 0.7935 -0.10254 -0.8423 -0.10986 -0.13062 
0.251709 0.7935 -0.10254 -0.8423 -0.10986 -0.13062 
0.251709 0.7935 -0.10254 -0.8423 -0.10986 -0.13062 
0.251709 0.7935 -0.10254 -0.8423 -0.10986 -0.13062 
0.251709 0.7935 -0.10254 -0.8423 -0.10986 -0.13062 
0.251709 0.7935 -0.10254 -0.8423 -0.10986 -0.13062 
0.251709 0.7935 -0.10254 -0.8423 -0.10986 -0.13062 
0.251709 0.7935 -0.10254 -0.8423 -0.10986 -0.13062 
0.251709 0.7935 -0.10254 -0.8423 -0.10986 -0.13062 
0.253418 0.7324 -0.10498 -0.11475 -0.14893 -0.6592 
0.253418 0.7324 -0.10498 -0.11475 -0.14893 -0.6592 
0.253418 0.7324 -0.10498 -0.11475 -0.14893 -0.6592 
0.253418 0.7324 -0.10498 -0.11475 -0.14893 -0.6592 
0.253418 0.7324 -0.10498 -0.11475 -0.14893 -0.6592 
0.253418 0.7324 -0.10498 -0.11475 -0.14893 -0.6592 
0.253418 0.7324 -0.10498 -0.11475 -0.14893 -0.6592 
0.253418 0.7324 -0.10498 -0.11475 -0.14893 -0.6592 
0.253418 0.7324 -0.10498 -0.11475 -0.14893 -0.6592 
0.253418 0.7324 -0.10498 -0.11475 -0.14893 -0.6592 
0.253418 0.7324 -0.9766 -0.13550 -0.18066 -0.3540 
0.255859 0.6958 -0.9766 -0.13550 -0.18066 -0.3540 
0.255859 0.6958 -0.9766 -0.13550 -0.18066 -0.3540 
0.255859 0.6958 -0.9766 -0.13550 -0.18066 -0.3540 
0.255859 0.6958 -0.9766 -0.13550 -0.18066 -0.3540 
0.255859 0.6958 -0.9766 -0.13550 -0.18066 -0.3540 
0.255859 0.6958 -0.9766 -0.13550 -0.18066 -0.3540 
0.255859 0.6958 -0.9766 -0.13550 -0.18066 -0.3540 
0.255859 0.6958 -0.9766 -0.13550 -0.18066 -0.3540 
0.255859 0.6958 -0.9766 -0.13550 -0.18066 -0.3540 
0.255859 0.6958 -0.9766 -0.13550 -0.19287 -0.3296 
0.258667 0.7324 -0.8301 -0.13794 -0.19287 -0.3296 
0.258667 0.7324 -0.8301 -0.13794 -0.19287 -0.3296 
0.258667 0.7324 -0.8301 -0.13794 -0.19287 -0.3296 
0.258667 0.7324 -0.8301 -0.13794 -0.19287 -0.3296 
0.258667 0.7324 -0.8301 -0.13794 -0.19287 -0.3296 
0.258667 0.7324 -0.8301 -0.13794 -0.19287 -0.3296 
0.258667 0.7324 -0.8301 -0.13794 -0.19287 -0.3296 
0.258667 0.7324 -0.8301 -0.13794 -0.19287 -0.3296 
0.258667 0.7324 -0.8301 -0.13794 -0.19287 -0.3296 
0.258667 0.7324 -0.8301 -0.13794 -0.19287 -0.3296 
0.262695 0.7813 -0.5615 -0.11963 -0.18799 -0.5737 
0.262695 0.7813 -0.5615 -0.11963 -0.18799 -0.5737 
0.262695 0.7813 -0.5615 -0.11963 -0.18799 -0.5737 
0.262695 0.7813 -0.5615 -0.11963 -0.18799 -0.5737 
0.262695 0.7813 -0.5615 -0.11963 -0.18799 -0.5737 
0.262695 0.7813 -0.5615 -0.11963 -0.18799 -0.5737 
0.262695 0.7813 -0.5615 -0.11963 -0.18799 -0.5737 
0.262695 0.7813 -0.5615 -0.11963 -0.18799 -0.5737 
0.262695 0.7813 -0.5615 -0.11963 -0.18799 -0.5737 
0.262695 0.7813 -0.5615 -0.11963 -0.18799 -0.5737 
0.262695 0.7813 -0.2197 -0.7813 -0.17090 -0.11230 
0.266602 0.8179 -0.2197 -0.7813 -0.17090 -0.11230 
0.266602 0.8179 -0.2197 -0.7813 -0.17090 -0.11230 
0.266602 0.8179 -0.2197 -0.7813 -0.17090 -0.11230 
0.266602 0.8179 -0.2197 -0.7813 -0.17090 -0.11230 
0.266602 0.8179 -0.2197 -0.7813 -0.17090 -0.11230 
0.266602 0.8179 -0.2197 -0.7813 -0.17090 -0.11230 
0.266602 0.8179 -0.2197 -0.7813 -0.17090 -0.11230 
0.266602 0.8179 -0.2197 -0.7813 -0.17090 -0.11230 
0.266602 0.8179 -0.2197 -0.7813 -0.17090 -0.11230 
0.266602 0.8179 -0.2197 -0.1587 -0.14893 -0.18188 
0.268433 0.8057 -0.122 -0.1587 -0.14893 -0.18188 
0.268433 0.8057 -0.122 -0.1587 -0.14893 -0.18188 
0.268433 0.8057 -0.122 -0.1587 -0.14893 -0.18188 
0.268433 0.8057 -0.122 -0.1587 -0.14893 -0.18188 
0.268433 0.8057 -0.122 -0.1587 -0.14893 -0.18188 
0.268433 0.8057 -0.122 -0.1587 -0.14893 -0.18188 
0.268433 0.8057 -0.122 -0.1587 -0.14893 -0.18188 
0.268433 0.8057 -0.122 -0.1587 -0.14893 -0.18188 
0.268433 0.8057 -0.122 -0.1587 -0.14893 -0.18188 
0.268433 0.8057 -0.122 -0.1587 -0.14893 -0.24170 
0.268311 0.8423 0.488 0.4272 -0.12573 -0.24170 
0.268311 0.8423 0.488 0.4272 -0.12573 -0.24170 
0.268311 0.8423 0.488 0.4272 -0.12573 -0.24170 
0.268311 0.8423 0.488 0.4272 -0.12573 -0.24170 
0.268311 0.8423 0.488 0.4272 -0.12573 -0.24170 
0.268311 0.8423 0.488 0.4272 -0.12573 -0.24170 
0.268311 0.8423 0.488 0.4272 -0.12573 -0.24170 
0.268311 0.8423 0.488 0.4272 -0.12573 -0.24170 
0.268311 0.8423 0.488 0.4272 -0.12573 -0.24170 
0.268311 0.8423 0.488 0.4272 -0.12573 -0.24170 
0.268311 0.9033 -0.610 0.7324 -0.10376 -0.27344 
0.265869 0.9033 -0.610 0.7324 -0.10376 -0.27344 
0.265869 0.9033 -0.610 0.7324 -0.10376 -0.27344 
0.265869 0.9033 -0.610 0.7324 -0.10376 -0.27344 
0.265869 0.9033 -0.610 0.7324 -0.10376 -0.27344 
0.265869 0.9033 -0.610 0.7324 -0.10376 -0.27344 
0.265869 0.9033 -0.610 0.7324 -0.10376 -0.27344 
0.265869 0.9033 -0.610 0.7324 -0.10376 -0.27344 
0.265869 0.9033 -0.610 0.7324 -0.10376 -0.27344 
0.265869 0.9033 -0.610 0.7324 -0.10376 -0.27344 
0.265869 0.9033 -0.610 0.5615 -0.6958 -0.27466 
0.260986 0.9644 -0.3052 0.5615 -0.6958 -0.27466 
0.260986 0.9644 -0.3052 0.5615 -0.6958 -0.27466 
0.260986 0.9644 -0.3052 0.5615 -0.6958 -0.27466 
0.260986 0.9644 -0.3052 0.5615 -0.6958 -0.27466 
0.260986 0.9644 -0.3052 0.5615 -0.6958 -0.27466 
0.260986 0.9644 -0.3052 0.5615 -0.6958 -0.27466 
0.260986 0.9644 -0.3052 0.5615 -0.6958 -0.27466 
0.260986 0.9644 -0.3052 0.5615 -0.6958 -0.27466 
0.260986 0.9644 -0.3052 0.5615 -0.6958 -0.27466 
0.260986 0.9644 -0.3052 0.5615 -0.6958 -0.24414 
0.257813 0.10986 -0.4639 0.00 -0.2686 -0.24414 
0.257813 0.10986 -0.4639 0.00 -0.2686 -0.24414 
0.257813 0.10986 -0.4639 0.00 -0.2686 -0.24414 
0.257813 0.10986 -0.4639 0.00 -0.2686 -0.24414 
0.257813 0.10986 -0.4639 0.00 -0.2686 -0.24414 
0.257813 0.10986 -0.4639 0.00 -0.2686 -0.24414 
0.257813 0.10986 -0.4639 0.00 -0.2686 -0.24414 
0.257813 0.10986 -0.4639 0.00 -0.2686 -0.24414 
0.257813 0.10986 -0.4639 0.00 -0.2686 -0.24414 
0.257813 0.10986 -0.4639 0.00 -0.2686 -0.24414 
0.258667 0.12817 -0.3296 -0.6348 0.1953 -0.20264 
0.258667 0.12817 -0.3296 -0.6348 0.1953 -0.20264 
0.258667 0.12817 -0.3296 -0.6348 0.1953 -0.20264 
0.258667 0.12817 -0.3296 -0.6348 0.1953 -0.20264 
0.258667 0.12817 -0.3296 -0.6348 0.1953 -0.20264 
0.258667 0.12817 -0.3296 -0.6348 0.1953 -0.20264 
0.258667 0.12817 -0.3296 -0.6348 0.1953 -0.20264 
0.258667 0.12817 -0.3296 -0.6348 0.1953 -0.20264 
0.258667 0.12817 -0.3296 -0.6348 0.1953 -0.20264 
0.258667 0.12817 -0.3296 -0.6348 0.1953 -0.20264 
0.258667 0.12817 -0.29541 -0.7813 0.4761 -0.17822 
0.265381 0.13428 0.1709 -0.7813 0.4761 -0.17822 
0.265381 0.13428 0.1709 -0.7813 0.4761 -0.17822 
0.265381 0.13428 0.1709 -0.7813 0.4761 -0.17822 
0.265381 0.13428 0.1709 -0.7813 0.4761 -0.17822 
0.265381 0.13428 0.1709 -0.7813 0.4761 -0.17822 
0.265381 0.13428 0.1709 -0.7813 0.4761 -0.17822 
0.265381 0.13428 0.1709 -0.7813 0.4761 -0.17822 
0.265381 0.13428 0.1709 -0.7813 0.4761 -0.17822 
0.265381 0.13428 0.1709 -0.7813 0.4761 -0.17822 
0.265381 0.13428 0.1709 -0.7813 0.3906 -0.19409 
0.273071 0.13306 0.5981 0.854 0.3906 -0.19409 
0.273071 0.13306 0.5981 0.854 0.3906 -0.19409 
0.273071 0.13306 0.5981 0.854 0.3906 -0.19409 
0.273071 0.13306 0.5981 0.854 0.3906 -0.19409 
0.273071 0.13306 0.5981 0.854 0.3906 -0.19409 
0.273071 0.13306 0.5981 0.854 0.3906 -0.19409 
0.273071 0.13306 0.5981 0.854 0.3906 -0.19409 
0.273071 0.13306 0.5981 0.854 0.3906 -0.19409 
0.273071 0.13306 0.5981 0.854 0.3906 -0.19409 
0.273071 0.13306 0.5981 0.854 0.3906 -0.19409 
0.277832 0.12817 0.7080 0.16968 -0.122 -0.24048 
0.277832 0.12817 0.7080 0.16968 -0.122 -0.24048 
0.277832 0.12817 0.7080 0.16968 -0.122 -0.24048 
0.277832 0.12817 0.7080 0.16968 -0.122 -0.24048 
0.277832 0.12817 0.7080 0.16968 -0.122 -0.24048 
0.277832 0.12817 0.7080 0.16968 -0.122 -0.24048 
