0.259644 0.15381 0.5249 -0.7935 0.1343 -0.3662 
0.259644 0.15381 0.5249 -0.7935 0.1343 -0.3662 
0.259644 0.15015 0.7080 -0.3784 -0.1221 -0.5981 
0.263306 0.15015 0.7080 -0.3784 -0.1221 -0.5981 
0.263306 0.15015 0.7080 -0.3784 -0.1221 -0.5981 
0.263306 0.15015 0.7080 -0.3784 -0.1221 -0.5981 
0.263306 0.15015 0.7080 -0.3784 -0.1221 -0.5981 
0.263306 0.15015 0.7080 -0.3784 -0.1221 -0.5981 
0.263306 0.15015 0.7080 -0.3784 -0.1221 -0.5981 
0.263306 0.15015 0.7080 -0.3784 -0.1221 -0.5981 
0.263306 0.15015 0.7080 -0.3784 -0.1221 -0.5981 
0.263306 0.15015 0.7080 -0.3784 -0.1221 -0.5981 
0.263306 0.15015 0.7080 0.2319 -0.2808 -0.8545 
0.263428 0.15015 0.6592 0.2319 -0.2808 -0.8545 
0.263428 0.15015 0.6592 0.2319 -0.2808 -0.8545 
0.263428 0.15015 0.6592 0.2319 -0.2808 -0.8545 
0.263428 0.15015 0.6592 0.2319 -0.2808 -0.8545 
0.263428 0.15015 0.6592 0.2319 -0.2808 -0.8545 
0.263428 0.15015 0.6592 0.2319 -0.2808 -0.8545 
0.263428 0.15015 0.6592 0.2319 -0.2808 -0.8545 
0.263428 0.15015 0.6592 0.2319 -0.2808 -0.8545 
0.263428 0.15015 0.6592 0.2319 -0.2808 -0.8545 
0.263428 0.15015 0.6592 0.2319 -0.2808 -0.11353 
0.263916 0.15381 0.7080 0.6104 -0.3662 -0.11353 
0.263916 0.15381 0.7080 0.6104 -0.3662 -0.11353 
0.263916 0.15381 0.7080 0.6104 -0.3662 -0.11353 
0.263916 0.15381 0.7080 0.6104 -0.3662 -0.11353 
0.263916 0.15381 0.7080 0.6104 -0.3662 -0.11353 
0.263916 0.15381 0.7080 0.6104 -0.3662 -0.11353 
0.263916 0.15381 0.7080 0.6104 -0.3662 -0.11353 
0.263916 0.15381 0.7080 0.6104 -0.3662 -0.11353 
0.263916 0.15381 0.7080 0.6104 -0.3662 -0.11353 
0.263916 0.15381 0.7080 0.6104 -0.3662 -0.11353 
0.263062 0.15259 0.6714 0.5859 -0.2808 -0.14038 
0.263062 0.15259 0.6714 0.5859 -0.2808 -0.14038 
0.263062 0.15259 0.6714 0.5859 -0.2808 -0.14038 
0.263062 0.15259 0.6714 0.5859 -0.2808 -0.14038 
0.263062 0.15259 0.6714 0.5859 -0.2808 -0.14038 
0.263062 0.15259 0.6714 0.5859 -0.2808 -0.14038 
0.263062 0.15259 0.6714 0.5859 -0.2808 -0.14038 
0.263062 0.15259 0.6714 0.5859 -0.2808 -0.14038 
0.263062 0.15259 0.6714 0.5859 -0.2808 -0.14038 
0.263062 0.15259 0.6714 0.5859 -0.2808 -0.14038 
0.263062 0.15259 0.5249 -0.366 -0.244 -0.15015 
0.260986 0.17090 0.5249 -0.366 -0.244 -0.15015 
0.260986 0.17090 0.5249 -0.366 -0.244 -0.15015 
0.260986 0.17090 0.5249 -0.366 -0.244 -0.15015 
0.260986 0.17090 0.5249 -0.366 -0.244 -0.15015 
0.260986 0.17090 0.5249 -0.366 -0.244 -0.15015 
0.260986 0.17090 0.5249 -0.366 -0.244 -0.15015 
0.260986 0.17090 0.5249 -0.366 -0.244 -0.15015 
0.260986 0.17090 0.5249 -0.366 -0.244 -0.15015 
0.260986 0.17090 0.5249 -0.366 -0.244 -0.15015 
0.260986 0.17090 0.5249 -0.366 0.1831 -0.13916 
0.258057 0.19043 0.4761 -0.8789 0.1831 -0.13916 
0.258057 0.19043 0.4761 -0.8789 0.1831 -0.13916 
0.258057 0.19043 0.4761 -0.8789 0.1831 -0.13916 
0.258057 0.19043 0.4761 -0.8789 0.1831 -0.13916 
0.258057 0.19043 0.4761 -0.8789 0.1831 -0.13916 
0.258057 0.19043 0.4761 -0.8789 0.1831 -0.13916 
0.258057 0.19043 0.4761 -0.8789 0.1831 -0.13916 
0.258057 0.19043 0.4761 -0.8789 0.1831 -0.13916 
0.258057 0.19043 0.4761 -0.8789 0.1831 -0.13916 
0.258057 0.19043 0.4761 -0.8789 0.1831 -0.13916 
0.256470 0.20020 0.3296 -0.17090 0.1221 -0.9033 
0.256470 0.20020 0.3296 -0.17090 0.1221 -0.9033 
0.256470 0.20020 0.3296 -0.17090 0.1221 -0.9033 
0.256470 0.20020 0.3296 -0.17090 0.1221 -0.9033 
0.256470 0.20020 0.3296 -0.17090 0.1221 -0.9033 
0.256470 0.20020 0.3296 -0.17090 0.1221 -0.9033 
0.256470 0.20020 0.3296 -0.17090 0.1221 -0.9033 
0.256470 0.20020 0.3296 -0.17090 0.1221 -0.9033 
0.256470 0.20020 0.3296 -0.17090 0.1221 -0.9033 
0.256470 0.20020 0.3296 -0.17090 0.1221 -0.9033 
0.256470 0.20020 0.3296 -0.25269 -0.366 -0.1953 
0.257080 0.20264 0.3296 -0.25269 -0.366 -0.1953 
0.257080 0.20264 0.3296 -0.25269 -0.366 -0.1953 
0.257080 0.20264 0.3296 -0.25269 -0.366 -0.1953 
0.257080 0.20264 0.3296 -0.25269 -0.366 -0.1953 
0.257080 0.20264 0.3296 -0.25269 -0.366 -0.1953 
0.257080 0.20264 0.3296 -0.25269 -0.366 -0.1953 
0.257080 0.20264 0.3296 -0.25269 -0.366 -0.1953 
0.257080 0.20264 0.3296 -0.25269 -0.366 -0.1953 
0.257080 0.20264 0.3296 -0.25269 -0.366 -0.1953 
0.257080 0.20264 0.3296 -0.30151 -0.3052 0.4395 
0.261230 0.20020 0.4883 -0.30151 -0.3052 0.4395 
0.261230 0.20020 0.4883 -0.30151 -0.3052 0.4395 
0.261230 0.20020 0.4883 -0.30151 -0.3052 0.4395 
0.261230 0.20020 0.4883 -0.30151 -0.3052 0.4395 
0.261230 0.20020 0.4883 -0.30151 -0.3052 0.4395 
0.261230 0.20020 0.4883 -0.30151 -0.3052 0.4395 
0.261230 0.20020 0.4883 -0.30151 -0.3052 0.4395 
0.261230 0.20020 0.4883 -0.30151 -0.3052 0.4395 
0.261230 0.20020 0.4883 -0.30151 -0.3052 0.4395 
0.261230 0.20020 0.4883 -0.30151 -0.3052 0.6592 
0.264282 0.19409 0.6836 -0.29297 -0.5493 0.6592 
0.264282 0.19409 0.6836 -0.29297 -0.5493 0.6592 
0.264282 0.19409 0.6836 -0.29297 -0.5493 0.6592 
0.264282 0.19409 0.6836 -0.29297 -0.5493 0.6592 
0.264282 0.19409 0.6836 -0.29297 -0.5493 0.6592 
0.264282 0.19409 0.6836 -0.29297 -0.5493 0.6592 
0.264282 0.19409 0.6836 -0.29297 -0.5493 0.6592 
0.264282 0.19409 0.6836 -0.29297 -0.5493 0.6592 
0.264282 0.19409 0.6836 -0.29297 -0.5493 0.6592 
0.264282 0.19409 0.6836 -0.29297 -0.5493 0.6592 
0.264282 0.18555 0.8301 -0.24780 -0.5737 0.5127 
0.265503 0.18555 0.8301 -0.24780 -0.5737 0.5127 
0.265503 0.18555 0.8301 -0.24780 -0.5737 0.5127 
0.265503 0.18555 0.8301 -0.24780 -0.5737 0.5127 
0.265503 0.18555 0.8301 -0.24780 -0.5737 0.5127 
0.265503 0.18555 0.8301 -0.24780 -0.5737 0.5127 
0.265503 0.18555 0.8301 -0.24780 -0.5737 0.5127 
0.265503 0.18555 0.8301 -0.24780 -0.5737 0.5127 
0.265503 0.18555 0.8301 -0.24780 -0.5737 0.5127 
0.265503 0.18555 0.8301 -0.24780 -0.5737 0.5127 
0.265503 0.18555 0.8301 -0.16968 -0.2808 -0.244 
0.267334 0.17944 0.10742 -0.16968 -0.2808 -0.244 
0.267334 0.17944 0.10742 -0.16968 -0.2808 -0.244 
0.267334 0.17944 0.10742 -0.16968 -0.2808 -0.244 
0.267334 0.17944 0.10742 -0.16968 -0.2808 -0.244 
0.267334 0.17944 0.10742 -0.16968 -0.2808 -0.244 
0.267334 0.17944 0.10742 -0.16968 -0.2808 -0.244 
0.267334 0.17944 0.10742 -0.16968 -0.2808 -0.244 
0.267334 0.17944 0.10742 -0.16968 -0.2808 -0.244 
0.267334 0.17944 0.10742 -0.16968 -0.2808 -0.244 
0.267334 0.17944 0.10742 -0.16968 -0.29297 -0.8911 
0.268066 0.16846 0.13428 -0.5981 0.1953 -0.8911 
0.268066 0.16846 0.13428 -0.5981 0.1953 -0.8911 
0.268066 0.16846 0.13428 -0.5981 0.1953 -0.8911 
0.268066 0.16846 0.13428 -0.5981 0.1953 -0.8911 
0.268066 0.16846 0.13428 -0.5981 0.1953 -0.8911 
0.268066 0.16846 0.13428 -0.5981 0.1953 -0.8911 
0.268066 0.16846 0.13428 -0.5981 0.1953 -0.8911 
0.268066 0.16846 0.13428 -0.5981 0.1953 -0.8911 
0.268066 0.16846 0.13428 -0.5981 0.1953 -0.8911 
0.268066 0.16846 0.13428 -0.5981 0.1953 -0.8911 
0.267334 0.15503 0.16602 0.6104 0.5737 -0.17822 
0.267334 0.15503 0.16602 0.6104 0.5737 -0.17822 
0.267334 0.15503 0.16602 0.6104 0.5737 -0.17822 
0.267334 0.15503 0.16602 0.6104 0.5737 -0.17822 
0.267334 0.15503 0.16602 0.6104 0.5737 -0.17822 
0.267334 0.15503 0.16602 0.6104 0.5737 -0.17822 
0.267334 0.15503 0.16602 0.6104 0.5737 -0.17822 
0.267334 0.15503 0.16602 0.6104 0.5737 -0.17822 
0.267334 0.15503 0.16602 0.6104 0.5737 -0.17822 
0.267334 0.15503 0.16602 0.6104 0.5737 -0.17822 
0.267334 0.15503 0.18921 0.20630 0.5737 -0.25879 
0.267334 0.16479 0.18921 0.20630 0.5737 -0.25879 
0.267334 0.16479 0.18921 0.20630 0.5737 -0.25879 
0.267334 0.16479 0.18921 0.20630 0.5737 -0.25879 
