0.254883 0.17212 0.17822 -0.11597 0.2319 0.7080 
0.254883 0.17212 0.17822 -0.11597 0.2319 0.7080 
0.254883 0.17212 0.17822 -0.11597 0.2319 0.7080 
0.257813 0.17212 0.19775 -0.6226 0.4395 0.488 
0.257813 0.17212 0.19775 -0.6226 0.4395 0.488 
0.257813 0.17212 0.19775 -0.6226 0.4395 0.488 
0.257813 0.17212 0.19775 -0.6226 0.4395 0.488 
0.257813 0.17212 0.19775 -0.6226 0.4395 0.488 
0.257813 0.17212 0.19775 -0.6226 0.4395 0.488 
0.257813 0.17212 0.19775 -0.6226 0.4395 0.488 
0.257813 0.17212 0.19775 -0.6226 0.4395 0.488 
0.257813 0.17212 0.19775 -0.6226 0.4395 0.488 
0.257813 0.17212 0.19775 -0.6226 0.4395 0.488 
0.257813 0.17212 0.21118 -0.1221 0.7690 -0.3906 
0.256592 0.17090 0.21118 -0.1221 0.7690 -0.3906 
0.256592 0.17090 0.21118 -0.1221 0.7690 -0.3906 
0.256592 0.17090 0.21118 -0.1221 0.7690 -0.3906 
0.256592 0.17090 0.21118 -0.1221 0.7690 -0.3906 
0.256592 0.17090 0.21118 -0.1221 0.7690 -0.3906 
0.256592 0.17090 0.21118 -0.1221 0.7690 -0.3906 
0.256592 0.17090 0.21118 -0.1221 0.7690 -0.3906 
0.256592 0.17090 0.21118 -0.1221 0.7690 -0.3906 
0.256592 0.17090 0.21118 -0.1221 0.7690 -0.3906 
0.256592 0.17090 0.21118 -0.1221 0.8057 -0.6226 
0.256470 0.17334 0.20874 0.2563 0.8057 -0.6226 
0.256470 0.17334 0.20874 0.2563 0.8057 -0.6226 
0.256470 0.17334 0.20874 0.2563 0.8057 -0.6226 
0.256470 0.17334 0.20874 0.2563 0.8057 -0.6226 
0.256470 0.17334 0.20874 0.2563 0.8057 -0.6226 
0.256470 0.17334 0.20874 0.2563 0.8057 -0.6226 
0.256470 0.17334 0.20874 0.2563 0.8057 -0.6226 
0.256470 0.17334 0.20874 0.2563 0.8057 -0.6226 
0.256470 0.17334 0.20874 0.2563 0.8057 -0.6226 
0.256470 0.17334 0.20874 0.2563 0.8057 -0.6226 
0.258057 0.17334 0.21362 0.2319 0.9033 -0.5859 
0.258057 0.17334 0.21362 0.2319 0.9033 -0.5859 
0.258057 0.17334 0.21362 0.2319 0.9033 -0.5859 
0.258057 0.17334 0.21362 0.2319 0.9033 -0.5859 
0.258057 0.17334 0.21362 0.2319 0.9033 -0.5859 
0.258057 0.17334 0.21362 0.2319 0.9033 -0.5859 
0.258057 0.17334 0.21362 0.2319 0.9033 -0.5859 
0.258057 0.17334 0.21362 0.2319 0.9033 -0.5859 
0.258057 0.17334 0.21362 0.2319 0.9033 -0.5859 
0.258057 0.17334 0.21362 0.2319 0.9033 -0.5859 
0.258057 0.17334 0.22705 0.1343 0.10132 -0.4150 
0.260254 0.17334 0.22705 0.1343 0.10132 -0.4150 
0.260254 0.17334 0.22705 0.1343 0.10132 -0.4150 
0.260254 0.17334 0.22705 0.1343 0.10132 -0.4150 
0.260254 0.17334 0.22705 0.1343 0.10132 -0.4150 
0.260254 0.17334 0.22705 0.1343 0.10132 -0.4150 
0.260254 0.17334 0.22705 0.1343 0.10132 -0.4150 
0.260254 0.17334 0.22705 0.1343 0.10132 -0.4150 
0.260254 0.17334 0.22705 0.1343 0.10132 -0.4150 
0.260254 0.17334 0.22705 0.1343 0.10132 -0.4150 
0.260254 0.17334 0.22705 0.1465 0.10986 -0.2563 
0.261475 0.18555 0.24170 0.1465 0.10986 -0.2563 
0.261475 0.18555 0.24170 0.1465 0.10986 -0.2563 
0.261475 0.18555 0.24170 0.1465 0.10986 -0.2563 
0.261475 0.18555 0.24170 0.1465 0.10986 -0.2563 
0.261475 0.18555 0.24170 0.1465 0.10986 -0.2563 
0.261475 0.18555 0.24170 0.1465 0.10986 -0.2563 
0.261475 0.18555 0.24170 0.1465 0.10986 -0.2563 
0.261475 0.18555 0.24170 0.1465 0.10986 -0.2563 
0.261475 0.18555 0.24170 0.1465 0.10986 -0.2563 
0.261475 0.18555 0.24170 0.1465 0.10986 -0.1465 
0.261719 0.19653 0.25635 0.854 0.11597 -0.1465 
0.261719 0.19653 0.25635 0.854 0.11597 -0.1465 
0.261719 0.19653 0.25635 0.854 0.11597 -0.1465 
0.261719 0.19653 0.25635 0.854 0.11597 -0.1465 
0.261719 0.19653 0.25635 0.854 0.11597 -0.1465 
0.261719 0.19653 0.25635 0.854 0.11597 -0.1465 
0.261719 0.19653 0.25635 0.854 0.11597 -0.1465 
0.261719 0.19653 0.25635 0.854 0.11597 -0.1465 
0.261719 0.19653 0.25635 0.854 0.11597 -0.1465 
0.261719 0.19653 0.25635 0.854 0.11597 -0.1465 
0.261719 0.20020 0.27344 -0.488 0.11230 -0.1709 
0.262207 0.20020 0.27344 -0.488 0.11230 -0.1709 
0.262207 0.20020 0.27344 -0.488 0.11230 -0.1709 
0.262207 0.20020 0.27344 -0.488 0.11230 -0.1709 
0.262207 0.20020 0.27344 -0.488 0.11230 -0.1709 
0.262207 0.20020 0.27344 -0.488 0.11230 -0.1709 
0.262207 0.20020 0.27344 -0.488 0.11230 -0.1709 
0.262207 0.20020 0.27344 -0.488 0.11230 -0.1709 
0.262207 0.20020 0.27344 -0.488 0.11230 -0.1709 
0.262207 0.20020 0.27344 -0.488 0.11230 -0.1709 
0.262207 0.20020 0.27344 -0.1587 0.10376 -0.2808 
0.262329 0.19775 0.28320 -0.1587 0.10376 -0.2808 
0.262329 0.19775 0.28320 -0.1587 0.10376 -0.2808 
0.262329 0.19775 0.28320 -0.1587 0.10376 -0.2808 
0.262329 0.19775 0.28320 -0.1587 0.10376 -0.2808 
0.262329 0.19775 0.28320 -0.1587 0.10376 -0.2808 
0.262329 0.19775 0.28320 -0.1587 0.10376 -0.2808 
0.262329 0.19775 0.28320 -0.1587 0.10376 -0.2808 
0.262329 0.19775 0.28320 -0.1587 0.10376 -0.2808 
0.262329 0.19775 0.28320 -0.1587 0.10376 -0.2808 
0.262329 0.19775 0.28320 -0.1587 0.10376 -0.4272 
0.261719 0.19897 0.28442 -0.2441 0.9521 -0.4272 
0.261719 0.19897 0.28442 -0.2441 0.9521 -0.4272 
0.261719 0.19897 0.28442 -0.2441 0.9521 -0.4272 
0.261719 0.19897 0.28442 -0.2441 0.9521 -0.4272 
0.261719 0.19897 0.28442 -0.2441 0.9521 -0.4272 
0.261719 0.19897 0.28442 -0.2441 0.9521 -0.4272 
0.261719 0.19897 0.28442 -0.2441 0.9521 -0.4272 
0.261719 0.19897 0.28442 -0.2441 0.9521 -0.4272 
0.261719 0.19897 0.28442 -0.2441 0.9521 -0.4272 
0.261719 0.19897 0.28442 -0.2441 0.9521 -0.4272 
0.260010 0.20020 0.27222 -0.3784 0.9155 -0.5737 
0.260010 0.20020 0.27222 -0.3784 0.9155 -0.5737 
0.260010 0.20020 0.27222 -0.3784 0.9155 -0.5737 
0.260010 0.20020 0.27222 -0.3784 0.9155 -0.5737 
0.260010 0.20020 0.27222 -0.3784 0.9155 -0.5737 
0.260010 0.20020 0.27222 -0.3784 0.9155 -0.5737 
0.260010 0.20020 0.27222 -0.3784 0.9155 -0.5737 
0.260010 0.20020 0.27222 -0.3784 0.9155 -0.5737 
0.260010 0.20020 0.27222 -0.3784 0.9155 -0.5737 
0.260010 0.20020 0.27222 -0.3784 0.9155 -0.5737 
0.260010 0.20020 0.24902 -0.7080 0.10010 -0.6104 
0.257690 0.20264 0.24902 -0.7080 0.10010 -0.6104 
0.257690 0.20264 0.24902 -0.7080 0.10010 -0.6104 
0.257690 0.20264 0.24902 -0.7080 0.10010 -0.6104 
0.257690 0.20264 0.24902 -0.7080 0.10010 -0.6104 
0.257690 0.20264 0.24902 -0.7080 0.10010 -0.6104 
0.257690 0.20264 0.24902 -0.7080 0.10010 -0.6104 
0.257690 0.20264 0.24902 -0.7080 0.10010 -0.6104 
0.257690 0.20264 0.24902 -0.7080 0.10010 -0.6104 
0.257690 0.20264 0.24902 -0.7080 0.10010 -0.6104 
0.257690 0.20264 0.24902 -0.7080 0.11963 -0.5493 
0.256836 0.19897 0.23315 -0.11475 0.11963 -0.5493 
0.256836 0.19897 0.23315 -0.11475 0.11963 -0.5493 
0.256836 0.19897 0.23315 -0.11475 0.11963 -0.5493 
0.256836 0.19897 0.23315 -0.11475 0.11963 -0.5493 
0.256836 0.19897 0.23315 -0.11475 0.11963 -0.5493 
0.256836 0.19897 0.23315 -0.11475 0.11963 -0.5493 
0.256836 0.19897 0.23315 -0.11475 0.11963 -0.5493 
0.256836 0.19897 0.23315 -0.11475 0.11963 -0.5493 
0.256836 0.19897 0.23315 -0.11475 0.11963 -0.5493 
0.256836 0.19897 0.23315 -0.11475 0.11963 -0.5493 
0.257813 0.20386 0.22705 -0.14648 0.14038 -0.4883 
0.257813 0.20386 0.22705 -0.14648 0.14038 -0.4883 
0.257813 0.20386 0.22705 -0.14648 0.14038 -0.4883 
0.257813 0.20386 0.22705 -0.14648 0.14038 -0.4883 
0.257813 0.20386 0.22705 -0.14648 0.14038 -0.4883 
0.257813 0.20386 0.22705 -0.14648 0.14038 -0.4883 
0.257813 0.20386 0.22705 -0.14648 0.14038 -0.4883 
0.257813 0.20386 0.22705 -0.14648 0.14038 -0.4883 
0.257813 0.20386 0.22705 -0.14648 0.14038 -0.4883 
0.257813 0.20386 0.22705 -0.14648 0.14038 -0.4883 
0.257813 0.20386 0.23315 -0.14771 0.15259 -0.5615 
0.259888 0.21118 0.23315 -0.14771 0.15259 -0.5615 
0.259888 0.21118 0.23315 -0.14771 0.15259 -0.5615 
