0.253418 0.33081 -0.6104 -0.2075 0.6104 0.14160 
0.253418 0.33081 -0.6104 -0.2075 0.6104 0.14160 
0.253418 0.33081 -0.5737 0.1587 0.4639 0.16479 
0.256348 0.31860 -0.5737 0.1587 0.4639 0.16479 
0.256348 0.31860 -0.5737 0.1587 0.4639 0.16479 
0.256348 0.31860 -0.5737 0.1587 0.4639 0.16479 
0.256348 0.31860 -0.5737 0.1587 0.4639 0.16479 
0.256348 0.31860 -0.5737 0.1587 0.4639 0.16479 
0.256348 0.31860 -0.5737 0.1587 0.4639 0.16479 
0.256348 0.31860 -0.5737 0.1587 0.4639 0.16479 
0.256348 0.31860 -0.5737 0.1587 0.4639 0.16479 
0.256348 0.31860 -0.5737 0.1587 0.4639 0.16479 
0.256348 0.31860 -0.5737 0.1587 0.4395 0.18311 
0.255005 0.31738 -0.6836 0.4272 0.4395 0.18311 
0.255005 0.31738 -0.6836 0.4272 0.4395 0.18311 
0.255005 0.31738 -0.6836 0.4272 0.4395 0.18311 
0.255005 0.31738 -0.6836 0.4272 0.4395 0.18311 
0.255005 0.31738 -0.6836 0.4272 0.4395 0.18311 
0.255005 0.31738 -0.6836 0.4272 0.4395 0.18311 
0.255005 0.31738 -0.6836 0.4272 0.4395 0.18311 
0.255005 0.31738 -0.6836 0.4272 0.4395 0.18311 
0.255005 0.31738 -0.6836 0.4272 0.4395 0.18311 
0.255005 0.31738 -0.6836 0.4272 0.4395 0.18311 
0.255127 0.30884 -0.7935 0.2563 0.2197 0.17944 
0.255127 0.30884 -0.7935 0.2563 0.2197 0.17944 
0.255127 0.30884 -0.7935 0.2563 0.2197 0.17944 
0.255127 0.30884 -0.7935 0.2563 0.2197 0.17944 
0.255127 0.30884 -0.7935 0.2563 0.2197 0.17944 
0.255127 0.30884 -0.7935 0.2563 0.2197 0.17944 
0.255127 0.30884 -0.7935 0.2563 0.2197 0.17944 
0.255127 0.30884 -0.7935 0.2563 0.2197 0.17944 
0.255127 0.30884 -0.7935 0.2563 0.2197 0.17944 
0.255127 0.30884 -0.7935 0.2563 0.2197 0.17944 
0.255127 0.29785 -0.6714 -0.1465 0.122 0.16724 
0.257935 0.29785 -0.6714 -0.1465 0.122 0.16724 
0.257935 0.29785 -0.6714 -0.1465 0.122 0.16724 
0.257935 0.29785 -0.6714 -0.1465 0.122 0.16724 
0.257935 0.29785 -0.6714 -0.1465 0.122 0.16724 
0.257935 0.29785 -0.6714 -0.1465 0.122 0.16724 
0.257935 0.29785 -0.6714 -0.1465 0.122 0.16724 
0.257935 0.29785 -0.6714 -0.1465 0.122 0.16724 
0.257935 0.29785 -0.6714 -0.1465 0.122 0.16724 
0.257935 0.29785 -0.6714 -0.1465 0.122 0.16724 
0.257935 0.29785 -0.6714 -0.2563 -0.1709 0.13794 
0.258423 0.29053 -0.6226 -0.2563 -0.1709 0.13794 
0.258423 0.29053 -0.6226 -0.2563 -0.1709 0.13794 
0.258423 0.29053 -0.6226 -0.2563 -0.1709 0.13794 
0.258423 0.29053 -0.6226 -0.2563 -0.1709 0.13794 
0.258423 0.29053 -0.6226 -0.2563 -0.1709 0.13794 
0.258423 0.29053 -0.6226 -0.2563 -0.1709 0.13794 
0.258423 0.29053 -0.6226 -0.2563 -0.1709 0.13794 
0.258423 0.29053 -0.6226 -0.2563 -0.1709 0.13794 
0.258423 0.29053 -0.6226 -0.2563 -0.1709 0.13794 
0.258423 0.29053 -0.6226 -0.2563 -0.1709 0.11475 
0.259155 0.28687 -0.7324 -0.1587 -0.3418 0.11475 
0.259155 0.28687 -0.7324 -0.1587 -0.3418 0.11475 
0.259155 0.28687 -0.7324 -0.1587 -0.3418 0.11475 
0.259155 0.28687 -0.7324 -0.1587 -0.3418 0.11475 
0.259155 0.28687 -0.7324 -0.1587 -0.3418 0.11475 
0.259155 0.28687 -0.7324 -0.1587 -0.3418 0.11475 
0.259155 0.28687 -0.7324 -0.1587 -0.3418 0.11475 
0.259155 0.28687 -0.7324 -0.1587 -0.3418 0.11475 
0.259155 0.28687 -0.7324 -0.1587 -0.3418 0.11475 
0.259155 0.28687 -0.7324 -0.1587 -0.3418 0.11475 
0.259155 0.27954 -0.9644 -0.732 -0.3784 0.8911 
0.259766 0.27954 -0.9644 -0.732 -0.3784 0.8911 
0.259766 0.27954 -0.9644 -0.732 -0.3784 0.8911 
0.259766 0.27954 -0.9644 -0.732 -0.3784 0.8911 
0.259766 0.27954 -0.9644 -0.732 -0.3784 0.8911 
0.259766 0.27954 -0.9644 -0.732 -0.3784 0.8911 
0.259766 0.27954 -0.9644 -0.732 -0.3784 0.8911 
0.259766 0.27954 -0.9644 -0.732 -0.3784 0.8911 
0.259766 0.27954 -0.9644 -0.732 -0.3784 0.8911 
0.259766 0.27954 -0.9644 -0.732 -0.3784 0.8911 
0.259766 0.27954 -0.9644 -0.1587 -0.2197 0.6958 
0.259888 0.27344 -0.12207 -0.1587 -0.2197 0.6958 
0.259888 0.27344 -0.12207 -0.1587 -0.2197 0.6958 
0.259888 0.27344 -0.12207 -0.1587 -0.2197 0.6958 
0.259888 0.27344 -0.12207 -0.1587 -0.2197 0.6958 
0.259888 0.27344 -0.12207 -0.1587 -0.2197 0.6958 
0.259888 0.27344 -0.12207 -0.1587 -0.2197 0.6958 
0.259888 0.27344 -0.12207 -0.1587 -0.2197 0.6958 
0.259888 0.27344 -0.12207 -0.1587 -0.2197 0.6958 
0.259888 0.27344 -0.12207 -0.1587 -0.2197 0.6958 
0.259888 0.27344 -0.12207 -0.1587 -0.29419 0.5981 
0.257568 0.27344 -0.14893 -0.4639 0.1831 0.5981 
0.257568 0.27344 -0.14893 -0.4639 0.1831 0.5981 
0.257568 0.27344 -0.14893 -0.4639 0.1831 0.5981 
0.257568 0.27344 -0.14893 -0.4639 0.1831 0.5981 
0.257568 0.27344 -0.14893 -0.4639 0.1831 0.5981 
0.257568 0.27344 -0.14893 -0.4639 0.1831 0.5981 
0.257568 0.27344 -0.14893 -0.4639 0.1831 0.5981 
0.257568 0.27344 -0.14893 -0.4639 0.1831 0.5981 
0.257568 0.27344 -0.14893 -0.4639 0.1831 0.5981 
0.257568 0.27344 -0.14893 -0.4639 0.1831 0.5981 
0.255127 0.27466 -0.17212 -0.10132 0.7080 0.6104 
0.255127 0.27466 -0.17212 -0.10132 0.7080 0.6104 
0.255127 0.27466 -0.17212 -0.10132 0.7080 0.6104 
0.255127 0.27466 -0.17212 -0.10132 0.7080 0.6104 
0.255127 0.27466 -0.17212 -0.10132 0.7080 0.6104 
0.255127 0.27466 -0.17212 -0.10132 0.7080 0.6104 
0.255127 0.27466 -0.17212 -0.10132 0.7080 0.6104 
0.255127 0.27466 -0.17212 -0.10132 0.7080 0.6104 
0.255127 0.27466 -0.17212 -0.10132 0.7080 0.6104 
0.255127 0.27466 -0.17212 -0.10132 0.7080 0.6104 
0.255127 0.27466 -0.17700 -0.16846 0.12207 0.6958 
0.254028 0.27466 -0.17700 -0.16846 0.12207 0.6958 
0.254028 0.27466 -0.17700 -0.16846 0.12207 0.6958 
0.254028 0.27466 -0.17700 -0.16846 0.12207 0.6958 
0.254028 0.27466 -0.17700 -0.16846 0.12207 0.6958 
0.254028 0.27466 -0.17700 -0.16846 0.12207 0.6958 
0.254028 0.27466 -0.17700 -0.16846 0.12207 0.6958 
0.254028 0.27466 -0.17700 -0.16846 0.12207 0.6958 
0.254028 0.27466 -0.17700 -0.16846 0.12207 0.6958 
0.254028 0.27466 -0.17700 -0.16846 0.12207 0.6958 
0.254028 0.27466 -0.17700 -0.16846 0.16235 0.7813 
0.253540 0.27466 -0.17212 -0.22339 0.16235 0.7813 
0.253540 0.27466 -0.17212 -0.22339 0.16235 0.7813 
0.253540 0.27466 -0.17212 -0.22339 0.16235 0.7813 
0.253540 0.27466 -0.17212 -0.22339 0.16235 0.7813 
0.253540 0.27466 -0.17212 -0.22339 0.16235 0.7813 
0.253540 0.27466 -0.17212 -0.22339 0.16235 0.7813 
0.253540 0.27466 -0.17212 -0.22339 0.16235 0.7813 
0.253540 0.27466 -0.17212 -0.22339 0.16235 0.7813 
0.253540 0.27466 -0.17212 -0.22339 0.16235 0.7813 
0.253540 0.27466 -0.17212 -0.22339 0.16235 0.7813 
0.253784 0.27710 -0.15869 -0.24292 0.18066 0.7324 
0.253784 0.27710 -0.15869 -0.24292 0.18066 0.7324 
0.253784 0.27710 -0.15869 -0.24292 0.18066 0.7324 
0.253784 0.27710 -0.15869 -0.24292 0.18066 0.7324 
0.253784 0.27710 -0.15869 -0.24292 0.18066 0.7324 
0.253784 0.27710 -0.15869 -0.24292 0.18066 0.7324 
0.253784 0.27710 -0.15869 -0.24292 0.18066 0.7324 
0.253784 0.27710 -0.15869 -0.24292 0.18066 0.7324 
0.253784 0.27710 -0.15869 -0.24292 0.18066 0.7324 
0.253784 0.27710 -0.15869 -0.24292 0.18066 0.7324 
0.253784 0.28198 -0.12817 -0.20752 0.17334 0.4517 
0.255737 0.28198 -0.12817 -0.20752 0.17334 0.4517 
0.255737 0.28198 -0.12817 -0.20752 0.17334 0.4517 
0.255737 0.28198 -0.12817 -0.20752 0.17334 0.4517 
0.255737 0.28198 -0.12817 -0.20752 0.17334 0.4517 
0.255737 0.28198 -0.12817 -0.20752 0.17334 0.4517 
0.255737 0.28198 -0.12817 -0.20752 0.17334 0.4517 
0.255737 0.28198 -0.12817 -0.20752 0.17334 0.4517 
0.255737 0.28198 -0.12817 -0.20752 0.17334 0.4517 
0.255737 0.28198 -0.12817 -0.20752 0.17334 0.4517 
0.255737 0.28198 -0.12817 -0.11719 0.13550 -0.366 
0.258179 0.28320 -0.9644 -0.11719 0.13550 -0.366 
0.258179 0.28320 -0.9644 -0.11719 0.13550 -0.366 
0.258179 0.28320 -0.9644 -0.11719 0.13550 -0.366 
