0.207031 0.18188 0.145752 0.24292 -0.6104 0.59570 
0.214844 0.27710 0.143921 0.32471 0.6104 0.65674 
0.189453 0.40649 0.141235 0.38574 0.15259 0.63232 
0.220703 0.49683 0.140991 0.42114 0.16846 0.55176 
0.224243 0.49805 0.142700 0.43823 0.10254 0.41504 
0.223633 0.48706 0.142090 0.46021 -0.1831 0.24780 
0.223877 0.48706 0.135010 0.47119 -0.17700 0.10742 
0.226807 0.48950 0.127197 0.45532 -0.37720 0.4150 
0.221313 0.35278 0.128174 0.36621 -0.57373 0.4761 
0.207764 0.22583 0.130249 0.27344 -0.70679 0.9888 
0.204224 0.23682 0.130249 0.27588 -0.77881 0.18921 
0.203613 0.26489 0.132935 0.29907 -0.84961 0.26611 
0.203613 0.30273 0.133545 0.244 -0.94604 0.30762 
0.207275 0.34790 0.134033 0.31494 -0.107300 0.32104 
0.212769 0.38818 0.133667 0.33813 -0.121094 0.30273 
0.217896 0.42358 0.136108 0.36255 -0.100220 0.26123 
0.219727 0.49072 0.129517 0.35400 -0.150024 0.23193 
0.218018 0.53955 0.128174 0.33325 -0.150024 0.22949 
0.219238 0.51025 0.129028 0.30396 -0.164063 0.19531 
0.217651 0.47363 0.123901 0.17212 -0.179443 0.13062 
0.218262 0.38574 0.118286 0.122 -0.191162 0.13062 
0.224121 0.15503 0.98511 -0.19043 -0.169556 -0.2930 
0.225586 0.45288 0.100098 -0.65796 -0.141235 -0.33081 
0.226685 0.61646 0.108154 -0.130737 -0.122681 -0.49194 
0.226685 0.50293 0.123779 -0.168823 -0.101440 -0.53833 
0.237915 0.39185 0.138550 -0.174072 -0.84229 -0.60913 
0.249023 0.37598 0.148926 -0.161987 -0.74097 -0.70801 
0.257446 0.38208 0.156372 -0.144897 -0.69946 -0.79102 
0.264404 0.38208 0.163818 -0.122314 -0.70190 -0.85938 
0.271240 0.30640 0.164307 -0.91187 -0.74829 -0.93750 
0.271118 0.20142 0.162720 -0.54443 -0.79590 -0.98633 
0.270142 0.9399 0.162720 -0.24536 -0.70068 -0.86914 
0.258301 0.8301 0.145752 -0.10010 -0.57373 -0.65063 
0.252563 0.13428 0.115967 -0.9888 -0.41992 -0.40283 
0.259277 0.9766 0.95581 -0.9888 -0.30640 -0.20020 
0.262451 0.21606 0.66406 -0.29785 -0.23926 -0.12939 
0.290161 0.27466 0.45654 -0.87158 -0.14038 -0.29297 
0.308472 0.28320 0.42114 -0.155762 -0.13306 -0.60791 
0.307251 0.33813 0.31738 -0.186768 -0.13306 -0.94604 
0.315552 0.20996 0.19287 -0.201782 -0.6348 -0.102173 
0.322632 0.12085 0.3418 -0.222290 0.9277 -0.136230 
0.322022 0.4883 -0.13062 -0.239258 0.27466 -0.167480 
0.314453 -0.3174 -0.21851 -0.248901 0.48706 -0.195679 
0.304688 -0.5005 -0.26123 -0.260010 0.72998 -0.219116 
0.293701 -0.3784 -0.26855 -0.273682 0.94116 -0.238037 
0.293701 -0.2075 -0.26978 -0.288208 0.109131 -0.253662 
0.283325 -0.1465 -0.24902 -0.303345 0.116577 -0.267090 
0.269409 -0.30273 -0.23804 -0.312622 0.118774 -0.279175 
0.255127 0.8057 -0.32227 -0.305176 0.109497 -0.290894 
0.241089 0.8057 -0.23682 -0.271606 0.77271 -0.302002 
0.229736 0.8789 -0.16968 -0.243164 0.26978 -0.307617 
0.208740 0.3296 -0.12207 -0.231812 -0.15381 -0.300781 
0.185303 -0.488 -0.12207 -0.229980 -0.40161 -0.279907 
0.163208 -0.1099 -0.8179 -0.234741 -0.51880 -0.249878 
0.142212 0.244 -0.5493 -0.245850 -0.54199 -0.215820 
0.121582 0.2075 -0.1831 -0.245850 -0.47852 -0.180908 
0.103271 0.3662 0.5249 -0.261108 -0.29785 -0.145264 
0.87158 0.4272 0.17090 -0.276855 -0.2319 -0.108887 
0.74707 0.4272 0.30640 -0.290772 -0.977 -0.72876 
0.66284 0.1343 0.44434 -0.302490 0.30273 -0.39795 
0.59814 -0.4639 0.60791 -0.314575 0.64819 -0.42847 
0.52490 -0.12939 0.81055 -0.328125 0.97290 -0.19409 
0.43823 -0.24902 0.105957 -0.340332 0.126099 0.11841 
0.33447 -0.36011 0.135742 -0.349854 0.149414 0.31128 
0.23315 -0.45532 0.165771 -0.355591 0.164307 0.45776 
0.12939 -0.54565 0.195923 -0.355225 0.166992 0.56030 
0.4150 -0.63354 0.223511 -0.346558 0.156372 0.65430 
0.4150 -0.71899 0.244141 -0.328613 0.137207 0.76294 
-0.488 -0.77515 0.257935 -0.306397 0.113647 0.88135 
-0.732 -0.78613 0.263550 -0.283447 0.91919 0.100464 
0.2319 -0.78613 0.269165 -0.258423 0.78491 0.111328 
0.3540 -0.77148 0.268677 -0.234253 0.72876 0.118530 
0.13184 -0.76538 0.279907 -0.203247 0.77759 0.125854 
0.21240 -0.72632 0.279907 -0.177124 0.76294 0.134277 
0.29419 -0.69458 0.288452 -0.156616 0.67993 0.144897 
0.35400 -0.62622 0.292847 -0.166870 0.57861 0.157837 
0.39795 -0.55542 0.296631 -0.146240 0.47241 0.171387 
0.46021 -0.50415 0.293335 -0.114990 0.39673 0.183838 
0.56519 -0.48340 0.303711 -0.88135 0.56152 0.195068 
0.67139 -0.48218 0.310059 -0.67017 0.7690 0.205688 
0.81543 -0.47852 0.320557 -0.47119 0.7690 0.214722 
0.100098 -0.49316 0.331665 -0.25024 -0.13306 0.221558 
0.120728 -0.54199 0.341919 0.1099 -0.39673 0.226563 
0.143433 -0.60181 0.349976 0.31616 -0.65186 0.226563 
0.164551 -0.63843 0.351318 0.65552 -0.85205 0.230347 
0.182983 -0.66772 0.352661 0.101440 -0.98633 0.233887 
0.174316 -0.73242 0.356323 0.129395 -0.115479 0.237305 
0.193237 -0.74463 0.355957 0.142090 -0.138184 0.237915 
0.224487 -0.73242 0.351318 0.145630 -0.160889 0.229126 
0.241455 -0.74585 0.341675 0.147217 -0.183228 0.208618 
0.257080 -0.75317 0.329346 0.149536 -0.206665 0.183594 
0.272217 -0.75317 0.312256 0.152588 -0.228638 0.162842 
0.309082 -0.73120 0.301514 0.160034 -0.235107 0.172974 
0.331543 -0.94604 0.285645 0.166504 -0.223145 0.205444 
0.303589 -0.81299 0.285645 0.157349 -0.255371 0.199097 
0.295654 -0.82153 0.253052 0.153442 -0.300049 0.171509 
0.300049 -0.78857 0.227173 0.154785 -0.328980 0.142944 
0.307251 -0.77515 0.210083 0.150757 -0.344482 0.119141 
0.313355 -0.78735 0.191406 0.150757 -0.360107 0.98389 
0.318359 -0.81055 0.168701 0.137695 -0.348877 0.79590 
0.320557 -0.82764 0.141602 0.117188 -0.397095 0.63721 
0.322388 -0.83618 0.114380 0.95825 -0.397095 0.51636 
0.323364 -0.82153 0.89722 0.77026 -0.407349 0.42969 
0.321777 -0.79224 0.64819 0.62622 -0.410767 0.35034 
0.317505 -0.78369 0.37842 0.56152 -0.404541 0.35034 
0.314453 -0.80811 0.13672 0.60425 -0.383301 0.24170 
0.319092 -0.89722 -0.7935 0.72998 -0.346191 0.13550 
0.325439 -0.80444 -0.18677 0.80322 -0.301392 0.25635 
0.324097 -0.74951 -0.34424 0.70801 -0.257568 0.58105 
0.324097 -0.85205 -0.51880 0.56885 -0.200195 0.100952 
0.321411 -0.67261 -0.61523 0.43335 -0.130981 0.139038 
0.316895 -0.109985 -0.63843 0.26123 -0.59570 0.163452 
0.310181 -0.109985 -0.64087 0.4150 0.7935 0.175171 
0.299316 -0.121460 -0.63354 -0.20142 0.69946 0.173584 
0.286987 -0.131958 -0.63721 -0.44067 0.124756 0.158325 
0.274048 -0.138794 -0.63721 -0.57495 0.170044 0.125977 
0.260254 -0.144653 -0.69336 -0.41260 0.205078 0.72144 
0.251221 -0.149536 -0.65796 -0.34180 0.220459 0.4517 
0.243286 -0.153564 -0.54443 -0.26733 0.219971 -0.62988 
0.236084 -0.152710 -0.48340 0.35767 0.211304 -0.117065 
0.230103 -0.150146 -0.35278 0.66528 0.184326 -0.155396 
0.222656 -0.147461 -0.31738 0.75073 0.160034 -0.177979 
0.217773 -0.143311 -0.29907 0.71045 0.160034 -0.186646 
0.212402 -0.139160 -0.21484 0.67749 0.143677 -0.187622 
0.205566 -0.134399 -0.16602 0.60669 0.127319 -0.216431 
0.199951 -0.127930 -0.11108 0.50781 0.115234 -0.182129 
0.196289 -0.120239 -0.4028 0.41382 0.108032 -0.182129 
0.195313 -0.112549 0.3052 0.34546 0.105103 -0.181396 
0.195557 -0.105103 0.7446 0.32349 0.106323 -0.184937 
0.195190 -0.98389 0.11353 0.33447 0.110840 -0.192505 
0.195190 -0.92896 0.15625 0.31616 0.117188 -0.201294 
0.190186 -0.88989 0.24780 0.27832 0.124023 -0.210938 
0.182129 -0.82153 0.33325 0.20630 0.126709 -0.223022 
0.172730 -0.82153 0.44189 0.10376 0.126221 -0.235596 
0.163696 -0.72266 0.57251 -0.977 0.124268 -0.245483 
0.155762 -0.59937 0.39673 -0.10986 0.121826 -0.251099 
0.147949 -0.46753 0.84351 -0.17944 0.119019 -0.252319 
0.140015 -0.34668 0.84351 -0.22705 0.114990 -0.250366 
0.132690 -0.22705 0.96680 -0.27344 0.108276 -0.246704 
0.124390 -0.10864 0.106567 -0.3906 0.99121 -0.240723 
0.117432 0.854 0.116943 -0.35156 0.88623 -0.232666 
0.114624 0.12817 0.130859 -0.45410 0.78247 -0.224976 
0.111694 0.23071 0.147583 -0.54199 0.67627 -0.216797 
0.105957 0.32837 0.164795 -0.60913 0.67627 -0.205933 
0.98633 0.41748 0.181030 -0.63477 0.58350 -0.191284 
0.92651 0.49805 0.192993 -0.61523 0.51636 -0.204590 
0.89722 0.56030 0.200806 -0.57373 0.46387 -0.184448 
0.89355 0.60425 0.205444 -0.53711 0.41382 -0.153198 
0.93628 0.61157 0.207764 -0.51025 0.36011 -0.132202 
0.69702 0.59692 0.209351 -0.50049 0.29663 -0.111816 
