0.162720 0.82642 0.200439 -0.216797 0.80933 -0.204712 
0.159790 0.80322 0.209229 -0.216919 0.69458 -0.205566 
0.157227 0.77393 0.214111 -0.207764 0.69458 -0.203125 
0.156738 0.76294 0.210938 -0.193970 0.57373 -0.198242 
0.153931 0.73364 0.206177 -0.179810 0.42114 -0.192993 
0.148315 0.70801 0.204834 -0.168945 0.27222 -0.188599 
0.145386 0.72144 0.201660 -0.160889 0.15259 -0.188599 
0.142822 0.74829 0.199219 -0.154785 0.10864 -0.184692 
0.138184 0.78247 0.199341 -0.153809 0.15503 -0.181641 
0.131470 0.83252 0.202393 -0.152344 0.20386 -0.177124 
0.131470 0.89478 0.209351 -0.148438 0.21606 -0.168945 
0.124268 0.95825 0.218872 -0.140625 0.16968 -0.157105 
0.118408 0.100464 0.224609 -0.126831 0.4639 -0.141235 
0.115967 0.100464 0.225464 -0.108398 -0.17334 -0.122559 
0.120850 0.102051 0.223022 -0.86182 -0.48828 -0.105957 
0.128906 0.100586 0.238403 -0.61523 -0.88989 -0.94849 
0.134888 0.96924 0.196655 -0.40771 -0.143921 -0.89844 
0.142090 0.93872 0.196655 -0.33691 -0.191162 -0.89111 
0.144165 0.95825 0.198975 -0.39063 -0.216187 -0.87158 
0.140015 0.102417 0.201050 -0.41748 -0.231323 -0.75439 
0.144653 0.110962 0.211670 -0.41748 -0.245728 -0.56152 
0.140503 0.112671 0.222534 -0.33081 -0.252075 -0.34302 
0.141235 0.107788 0.225220 -0.12817 -0.276123 -0.17700 
0.147705 0.87524 0.219849 0.5615 -0.244873 -0.13916 
0.149292 0.100464 0.219971 -0.16602 -0.241577 -0.8789 
0.157349 0.111084 0.233032 -0.53833 -0.240112 -0.122 
0.159180 0.104980 0.248657 -0.65308 -0.232910 -0.19653 
0.155396 0.95703 0.262085 -0.46631 -0.220581 0.11597 
0.151123 0.96069 0.264893 -0.6470 -0.204834 0.32593 
0.148926 0.97168 0.255493 0.45654 -0.188721 0.62378 
0.151733 0.94238 0.244873 0.94971 -0.175415 0.94116 
0.151733 0.91797 0.231934 0.129639 -0.166748 0.122681 
0.155151 0.91431 0.225342 0.154785 -0.163208 0.148804 
0.155518 0.90698 0.149170 0.178101 -0.162231 0.176758 
0.158569 0.121948 0.140503 0.112671 -0.164551 0.219116 
0.192505 0.84717 0.138672 -0.15625 -0.181152 0.222534 
0.207031 0.83740 0.131470 -0.103638 -0.185791 0.196045 
0.215576 0.87036 0.125977 -0.149292 -0.187256 0.169312 
0.216797 0.80322 0.125977 -0.162598 -0.180176 0.154175 
0.234253 0.72021 0.96680 -0.170410 -0.159790 0.147095 
0.248169 0.59326 0.79224 -0.186523 -0.148804 0.143433 
0.260010 0.41138 0.65308 -0.186523 -0.140747 0.131470 
0.276611 0.27466 0.44067 -0.201782 -0.128662 0.109741 
0.295654 0.18066 0.19287 -0.212036 -0.147827 0.82397 
0.315186 0.9888 -0.6104 -0.225220 -0.108154 0.54199 
0.336670 0.2441 -0.45410 -0.249146 -0.108154 0.22949 
0.350708 -0.7324 -0.81421 -0.260864 -0.98267 0.5615 
0.367798 -0.19043 -0.95947 -0.256104 -0.93018 -0.22827 
0.376709 -0.28320 -0.112549 -0.258423 -0.102051 -0.85327 
0.374268 -0.31738 -0.128052 -0.261353 -0.117310 -0.142334 
0.364258 -0.31128 -0.142090 -0.264038 -0.131714 -0.191772 
0.344482 -0.28564 -0.154541 -0.264771 -0.138794 -0.231445 
0.344482 -0.23682 -0.163818 -0.262085 -0.128418 -0.262085 
0.315796 -0.15625 -0.170166 -0.254272 -0.97656 -0.288208 
0.284302 -0.14038 -0.171509 -0.243164 -0.52612 -0.303955 
0.259155 -0.18066 -0.169312 -0.234497 -0.9155 -0.291992 
0.228760 -0.18066 -0.161621 -0.229980 0.31250 -0.254150 
0.193481 -0.16968 -0.182861 -0.226807 0.90210 -0.215332 
0.166260 -0.17700 -0.141235 -0.222534 0.166260 -0.183105 
0.146729 -0.24902 -0.141235 -0.216309 0.247559 -0.151978 
0.128540 -0.36011 -0.122559 -0.209839 0.326904 -0.125610 
0.111694 -0.45288 -0.99487 -0.199097 0.397827 -0.107056 
0.96802 -0.54810 -0.82886 -0.199097 0.458984 -0.97168 
0.82520 -0.65674 -0.54810 -0.185059 0.503662 -0.98145 
0.51147 -0.64087 -0.31982 -0.183472 0.518188 -0.116089 
0.27588 -0.64209 -0.1221 -0.179077 0.559204 -0.144043 
0.8057 -0.63721 0.30518 -0.167236 0.590454 -0.171997 
-0.17456 -0.65674 0.61890 -0.153931 0.625000 -0.165771 
-0.45532 -0.66528 0.90942 -0.148560 0.647949 -0.216187 
-0.62866 -0.71655 0.117065 -0.157959 0.659790 -0.216187 
-0.69458 -0.80078 0.141846 -0.182739 0.662231 -0.226807 
-0.78613 -0.80933 0.173828 -0.219971 0.649414 -0.227905 
-0.68481 -0.76538 0.208008 -0.259644 0.614380 -0.214722 
-0.99731 -0.71167 0.234375 -0.291626 0.565796 -0.184937 
-0.126953 -0.67871 0.252563 -0.307251 0.513550 -0.140015 
-0.155640 -0.64331 0.266968 -0.305054 0.459106 -0.84351 
-0.179321 -0.90210 0.280273 -0.291748 0.401245 -0.19775 
-0.193237 -0.58960 0.294922 -0.273682 0.345215 0.50903 
-0.203247 -0.48218 0.311157 -0.256836 0.300903 0.116333 
-0.209595 -0.32837 0.303833 -0.245972 0.265137 0.172730 
-0.207642 -0.22461 0.335083 -0.243164 0.233154 0.219727 
-0.197510 -0.15503 0.356201 -0.240112 0.204102 0.258789 
-0.181885 -0.9644 0.371948 -0.228760 0.178589 0.291138 
-0.166260 -0.5005 0.390015 -0.228760 0.153198 0.313599 
-0.148438 -0.2686 0.407959 -0.211182 0.122070 0.328980 
-0.124390 -0.3174 0.423828 -0.188965 0.112549 0.346313 
-0.98389 -0.7080 0.438110 -0.159790 0.92163 0.368897 
-0.74219 -0.12329 0.457275 -0.124512 0.29663 0.386841 
-0.44678 -0.19653 0.476563 -0.91675 -0.29175 0.388672 
-0.7813 -0.28931 0.489136 -0.65186 -0.90088 0.405273 
0.28198 -0.36011 0.496094 -0.42969 -0.148682 0.374023 
0.61157 -0.42969 0.499512 -0.20142 -0.202148 0.350830 
0.88501 -0.48218 0.497559 0.4883 -0.250732 0.326050 
0.76416 -0.53223 0.488403 0.33081 -0.294067 0.304321 
0.119141 -0.56396 0.475586 0.63354 -0.333618 0.286255 
0.119141 -0.55054 0.458740 0.93384 -0.370850 0.271362 
0.124268 -0.51514 0.439087 0.126709 -0.404907 0.260254 
0.126221 -0.50293 0.419067 0.164307 -0.433838 0.252319 
0.128174 -0.50293 0.398804 0.200928 -0.457642 0.246582 
0.132202 -0.48828 0.382690 0.232056 -0.478638 0.244995 
0.137695 -0.49072 0.397949 0.251099 -0.497070 0.248291 
0.142944 -0.50293 0.366699 0.257935 -0.517212 0.255737 
0.148193 -0.49438 0.350464 0.260010 -0.545166 0.267212 
0.155273 -0.49194 0.333374 0.263550 -0.579102 0.282959 
0.164795 -0.54688 0.307739 0.272461 -0.609497 0.302979 
0.176758 -0.66406 0.279907 0.272461 -0.632935 0.323975 
0.192261 -0.82275 0.253784 0.282715 -0.648926 0.340332 
0.208008 -0.100952 0.222656 0.286255 -0.653442 0.349609 
0.223145 -0.120605 0.191284 0.280396 -0.653442 0.349731 
0.236816 -0.139648 0.165771 0.261963 -0.645386 0.339600 
0.248413 -0.157959 0.141235 0.228760 -0.628540 0.318726 
0.256104 -0.175537 0.111450 0.183838 -0.602905 0.318726 
0.259277 -0.192017 0.78735 0.133911 -0.565186 0.286499 
0.256714 -0.206177 0.49194 0.83862 -0.513794 0.243774 
0.279053 -0.215332 0.25513 0.30396 -0.454102 0.189941 
0.236084 -0.214966 0.6836 -0.29663 -0.390869 0.126709 
0.236084 -0.206299 -0.10742 -0.92163 -0.326904 0.61890 
0.224976 -0.194458 -0.33081 -0.147461 -0.260376 0.4761 
0.213501 -0.211914 -0.57861 -0.186157 -0.187744 -0.40039 
0.201050 -0.180664 -0.78613 -0.204834 -0.109985 -0.76172 
0.190430 -0.167114 -0.88623 -0.207031 -0.37842 -0.110229 
0.179443 -0.154053 -0.90698 -0.203369 0.24780 -0.145630 
0.170166 -0.142700 -0.90698 -0.202637 0.79224 -0.178955 
0.165161 -0.134766 -0.90820 -0.208252 0.125732 -0.207642 
0.167603 -0.125977 -0.92041 -0.216187 0.163696 -0.229004 
0.174316 -0.117310 -0.91553 -0.189697 0.195557 -0.242798 
0.180542 -0.109863 -0.88257 -0.220947 0.220337 -0.250855 
0.181763 -0.100952 -0.90088 -0.213501 0.248901 -0.255493 
0.177734 -0.88745 -0.87402 -0.179688 0.248535 -0.261353 
0.171631 -0.79224 -0.63721 -0.122681 0.279785 -0.270264 
0.164429 -0.70557 -0.33813 -0.72144 0.294312 -0.274170 
0.153442 -0.61035 -0.16479 -0.46875 0.290527 -0.273682 
0.140747 -0.47729 -0.2808 -0.35767 0.286255 -0.273682 
0.128418 -0.33081 0.14893 -0.29297 0.283081 -0.274780 
0.118042 -0.18921 0.36865 -0.29053 0.276123 -0.277832 
0.108765 -0.3296 0.62256 -0.35522 0.265747 -0.279053 
0.97534 0.13794 0.89600 -0.43091 0.252319 -0.276367 
0.97534 0.31250 0.114502 -0.47852 0.238892 -0.269531 
0.84839 0.44678 0.137207 -0.49194 0.228027 -0.258545 
0.77637 0.55176 0.156982 -0.51514 0.217529 -0.244385 
0.72876 0.55176 0.175293 -0.56396 0.207886 -0.228149 
0.68604 0.64453 0.191895 -0.64087 0.198364 -0.210083 
0.65918 0.72998 0.206299 -0.71899 0.186646 -0.190430 
0.65674 0.80933 0.187988 -0.76050 0.171631 -0.167603 
0.65063 0.87402 0.219238 -0.75684 0.154053 -0.142334 
0.63477 0.90820 0.229736 -0.73242 0.135620 -0.116455 
0.64087 0.91919 0.238525 -0.69092 0.115845 -0.90820 
0.67749 0.89600 0.244873 -0.69092 0.96802 -0.65918 
0.72754 0.84351 0.249878 -0.63477 0.79346 -0.42358 
0.79590 0.77148 0.254395 -0.57861 0.63843 -0.21240 
