0.182617 0.92529 0.164795 -0.152222 0.79712 -0.90210 
0.183350 0.95093 0.164795 -0.145142 0.79590 -0.71167 
0.184082 0.95093 0.165771 -0.139404 0.77881 -0.55908 
0.187622 0.94482 0.166748 -0.133667 0.76416 -0.46021 
0.188110 0.94971 0.168213 -0.133667 0.75073 -0.40283 
0.186035 0.95093 0.170654 -0.126221 0.72510 -0.37964 
0.184326 0.93994 0.171143 -0.115479 0.68237 -0.38574 
0.183838 0.91431 0.170532 -0.103027 0.68237 -0.41138 
0.184570 0.89722 0.172485 -0.92651 0.62988 -0.43823 
0.184326 0.90088 0.178345 -0.84961 0.56763 -0.44800 
0.185913 0.93018 0.186768 -0.77759 0.47974 -0.44189 
0.187744 0.96802 0.195923 -0.68359 0.35522 -0.44189 
0.190796 0.98389 0.202515 -0.56396 0.20874 -0.42969 
0.194580 0.95825 0.207031 -0.43457 0.4883 -0.42114 
0.198486 0.89478 0.208008 -0.32715 -0.10986 -0.41992 
0.198486 0.80811 0.203735 -0.27832 -0.27954 -0.42480 
0.201294 0.72266 0.198608 -0.28198 -0.45776 -0.45166 
0.201416 0.73975 0.194580 -0.30273 -0.63477 -0.52856 
0.198486 0.79102 0.196167 -0.30151 -0.80811 -0.73364 
0.197144 0.79102 0.208374 -0.29297 -0.98022 -0.92651 
0.191895 0.80933 0.187622 -0.24902 -0.115967 -0.96558 
0.184692 0.86792 0.225098 -0.8423 -0.134766 -0.90942 
0.181641 0.91064 0.225098 0.10498 -0.147339 -0.82764 
0.182373 0.85327 0.222900 0.19653 -0.150269 -0.76538 
0.184204 0.72510 0.218872 0.28931 -0.150513 -0.65796 
0.177979 0.75684 0.221313 0.28931 -0.155151 -0.42969 
0.174561 0.83740 0.211792 0.50659 -0.167847 -0.17822 
0.175903 0.86060 0.196777 0.81177 -0.186768 0.1709 
0.180664 0.86426 0.183838 0.104004 -0.177979 0.17700 
0.185547 0.85815 0.177124 0.114746 -0.209229 0.32837 
0.194824 0.85449 0.175537 0.117310 -0.233521 0.43701 
0.204346 0.86792 0.181396 0.109741 -0.260620 0.48706 
0.202148 0.88501 0.187744 0.106812 -0.291138 0.48706 
0.196655 0.89478 0.191772 0.125488 -0.326538 0.50903 
0.182251 0.134277 0.144043 0.171753 -0.362305 0.56030 
0.156860 0.113037 0.118408 0.156372 -0.378784 0.88135 
0.188110 0.118774 0.99609 0.104980 -0.421631 0.112793 
0.188843 0.109985 0.78613 0.57861 -0.474854 0.119263 
0.189575 0.101074 0.60547 0.16479 -0.530518 0.112183 
0.196289 0.97778 0.45898 -0.16846 -0.586060 0.96924 
0.203857 0.97778 0.36011 -0.39795 -0.632935 0.80200 
0.203613 0.100586 0.48828 -0.42480 -0.662476 0.72266 
0.207397 0.104980 0.9277 -0.30518 -0.677612 0.72266 
0.204956 0.106079 0.9277 -0.23804 -0.690796 0.76294 
0.195801 0.102051 -0.244 -0.27466 -0.696167 0.86182 
0.190674 0.101929 -0.21606 -0.4639 -0.689087 0.102783 
0.188721 0.100708 -0.47241 -0.35889 -0.675903 0.124756 
0.184570 0.92529 -0.76172 -0.47974 -0.655273 0.146606 
0.183472 0.79346 -0.109985 -0.65674 -0.627197 0.162964 
0.189331 0.71167 -0.140747 -0.90820 -0.627075 0.175293 
0.204834 0.64575 -0.165771 -0.118408 -0.595825 0.189941 
0.209961 0.49194 -0.195923 -0.145996 -0.564331 0.199463 
0.213501 0.46509 -0.222168 -0.175293 -0.524048 0.203613 
0.208862 0.45166 -0.245850 -0.205811 -0.475220 0.203613 
0.198730 0.51758 -0.266846 -0.234497 -0.416870 0.201050 
0.180054 0.60669 -0.291992 -0.262939 -0.354248 0.197021 
0.157349 0.71411 -0.316772 -0.290772 -0.288086 0.196655 
0.157349 0.85938 -0.336304 -0.317993 -0.224976 0.195068 
0.141724 0.94482 -0.353516 -0.341064 -0.168213 0.195068 
0.124390 0.101563 -0.366455 -0.355957 -0.118774 0.198242 
0.110840 0.104980 -0.370483 -0.360352 -0.73853 0.205688 
0.99487 0.104980 -0.370605 -0.351440 -0.31128 0.213867 
0.91919 0.105225 -0.364502 -0.326050 0.11841 0.221924 
0.79224 0.99487 -0.352051 -0.292725 0.53589 0.224976 
0.71289 0.89111 -0.352051 -0.260010 0.92407 0.221313 
0.69214 0.73120 -0.340088 -0.232178 0.129639 0.215210 
0.69214 0.55542 -0.331909 -0.239868 0.166504 0.209839 
0.70679 0.37842 -0.318604 -0.190063 0.201294 0.205444 
0.71899 0.20020 -0.295654 -0.190063 0.234619 0.201538 
0.70923 0.3540 -0.266602 -0.175903 0.240112 0.199341 
0.65186 -0.8911 -0.237183 -0.164673 0.280518 0.199463 
0.54199 -0.17212 -0.210693 -0.157471 0.311768 0.200928 
0.47241 -0.24658 -0.190796 -0.154907 0.352051 0.203003 
0.44189 -0.32104 -0.171143 -0.154297 0.386353 0.206299 
0.42969 -0.36499 -0.150879 -0.155029 0.411011 0.206299 
0.41016 -0.39307 -0.129761 -0.155396 0.424072 0.210083 
0.39917 -0.40405 -0.109375 -0.154907 0.429443 0.215332 
0.40283 -0.40771 -0.84595 -0.151123 0.431152 0.224121 
0.35034 -0.42847 -0.59326 -0.140747 0.429688 0.236694 
0.35034 -0.45776 -0.34302 -0.121216 0.432617 0.254639 
0.27832 -0.51880 -0.8423 -0.98511 0.439331 0.276367 
0.24292 -0.59082 0.22461 -0.82153 0.439819 0.301514 
0.20996 -0.59082 0.59937 -0.78857 0.432617 0.324219 
0.18921 -0.67627 0.99487 -0.83008 0.416260 0.340820 
0.22095 -0.80322 0.105957 -0.84229 0.393311 0.351318 
0.30029 -0.93140 0.137207 -0.74951 0.371338 0.356201 
0.40649 -0.104492 0.173584 -0.52124 0.355347 0.356689 
0.52246 -0.112061 0.207275 -0.48096 0.345337 0.355713 
0.65186 -0.117310 0.235962 -0.9766 0.337158 0.355835 
0.76416 -0.124512 0.246338 0.21484 0.329224 0.353882 
0.100830 -0.125244 0.261841 0.47729 0.337158 0.347534 
0.106812 -0.139038 0.275635 0.49072 0.302002 0.337647 
0.122559 -0.159424 0.292114 0.35400 0.270752 0.319702 
0.151978 -0.180298 0.308472 0.15747 0.221558 0.290161 
0.190552 -0.194092 0.323975 0.4761 0.161255 0.281616 
0.222412 -0.203125 0.334595 0.9155 0.100098 0.250366 
0.247559 -0.205933 0.336548 0.25391 0.48584 0.203980 
0.270142 -0.202759 0.327026 0.47241 0.10620 0.157837 
0.253418 -0.195190 0.318726 0.70923 -0.18066 0.115845 
0.292114 -0.187988 0.309937 0.90088 -0.45654 0.83008 
0.292114 -0.178101 0.302124 0.104980 -0.75317 0.61279 
0.300049 -0.167603 0.291870 0.117310 -0.106689 0.46265 
0.311279 -0.156860 0.277954 0.130127 -0.139038 0.32837 
0.319214 -0.156860 0.263184 0.143921 -0.172607 0.18799 
0.322022 -0.146851 0.245728 0.158936 -0.208618 0.5371 
0.317871 -0.140869 0.230225 0.187622 -0.243042 -0.8545 
0.325195 -0.136719 0.230225 0.225586 -0.285889 -0.21484 
0.351807 -0.138550 0.238647 0.252930 -0.343140 -0.32227 
0.366455 -0.137573 0.224487 0.273682 -0.400513 -0.34912 
0.368652 -0.139893 0.193359 0.251587 -0.454956 -0.31982 
0.367920 -0.143921 0.148682 0.282837 -0.500488 -0.26611 
0.370361 -0.144409 0.107300 0.278198 -0.504639 -0.17334 
0.371094 -0.145020 0.73853 0.255615 -0.556152 -0.3418 
0.370117 -0.143311 0.44556 0.221558 -0.556152 0.16113 
0.365356 -0.140015 0.18555 0.180176 -0.577271 0.42969 
0.355103 -0.136963 -0.17334 0.134155 -0.602417 0.43213 
0.338989 -0.135986 -0.66772 0.94971 -0.613892 0.72144 
0.323975 -0.133057 -0.118896 0.74219 -0.601074 0.103394 
0.306397 -0.137085 -0.161621 0.62500 -0.572022 0.126709 
0.293701 -0.136230 -0.208130 0.53711 -0.521240 0.144653 
0.312378 -0.145996 -0.238159 0.61646 -0.450439 0.157471 
0.281128 -0.157349 -0.259277 0.63721 -0.374512 0.158691 
0.267944 -0.157837 -0.277344 0.45898 -0.297730 0.142822 
0.252930 -0.186523 -0.299438 0.12817 -0.225464 0.116577 
0.233032 -0.155273 -0.321899 -0.12695 -0.163574 0.68970 
0.217896 -0.150513 -0.330566 -0.10498 -0.113403 0.2197 
0.208740 -0.148926 -0.328613 0.1953 -0.69946 -0.53467 
0.198975 -0.149414 -0.324707 0.854 -0.38208 -0.88989 
0.187744 -0.147583 -0.324707 -0.3418 -0.16846 -0.115601 
0.176758 -0.144531 -0.316528 -0.3174 0.5981 -0.136963 
0.166992 -0.141357 -0.306763 -0.3784 0.31616 -0.150635 
0.158203 -0.139038 -0.297607 -0.3784 0.57617 -0.159790 
0.150269 -0.137085 -0.285645 -0.7080 0.81909 -0.166626 
0.143311 -0.135132 -0.269165 -0.12695 0.71777 -0.171875 
0.136230 -0.132324 -0.251343 -0.19653 0.103027 -0.175781 
0.129761 -0.128174 -0.233643 -0.24658 0.121460 -0.179077 
0.125977 -0.124390 -0.217407 -0.26733 0.139404 -0.182129 
0.122803 -0.120850 -0.203125 -0.25757 0.157959 -0.185913 
0.126099 -0.117432 -0.187012 -0.23804 0.177856 -0.185913 
0.123047 -0.114624 -0.177124 -0.26855 0.206177 -0.188965 
0.118286 -0.112061 -0.164429 -0.34546 0.237183 -0.194458 
0.114868 -0.105957 -0.149170 -0.46509 0.267090 -0.199829 
0.114868 -0.96680 -0.130981 -0.60791 0.292480 -0.204224 
0.110718 -0.84717 -0.109863 -0.75073 0.307739 -0.208496 
0.105835 -0.70923 -0.87646 -0.86670 0.312500 -0.212402 
0.99487 -0.70923 -0.64941 -0.94849 0.308716 -0.214600 
0.92896 -0.57861 -0.41626 -0.100342 0.299561 -0.212158 
0.89478 -0.44434 -0.50903 -0.101074 0.288330 -0.204590 
0.88745 -0.31128 -0.30884 -0.96802 0.278687 -0.192383 
0.91187 -0.18799 0.366 -0.91431 0.272095 -0.176758 
