0.260376 -0.20386 -0.11963 -0.12573 -0.18921 0.5981 
0.263306 -0.21606 -0.11475 -0.25513 -0.5249 0.1221 
0.266968 -0.19165 -0.8911 -0.35645 0.2075 -0.2075 
0.271240 -0.14404 -0.7690 -0.41382 0.3052 -0.5371 
0.271240 -0.13794 -0.6958 -0.44312 -0.488 -0.8789 
0.272217 -0.11841 -0.5737 -0.48706 -0.3296 -0.13794 
0.273315 -0.11475 -0.7446 -0.52979 -0.977 -0.19287 
0.272583 -0.11475 -0.9766 -0.56274 0.2075 -0.23560 
0.271118 -0.10376 -0.9521 -0.60303 0.4150 -0.26489 
0.269409 -0.9277 -0.6592 -0.63965 0.4883 -0.28442 
0.266968 -0.7690 -0.1465 -0.65552 0.4639 -0.28931 
0.264893 -0.4883 -0.1465 -0.66528 0.4517 -0.28320 
0.264160 -0.1343 0.122 -0.68115 0.3418 -0.28687 
0.265259 0.2197 -0.2197 -0.70801 -0.732 -0.31372 
0.268555 0.4395 -0.4639 -0.70801 -0.7080 -0.33813 
0.270142 0.2441 -0.5615 -0.73730 -0.17212 -0.31250 
0.267456 0.2197 -0.5249 -0.75073 -0.732 -0.21484 
0.263672 0.2563 -0.5859 -0.70923 -0.31982 -0.5981 
0.257202 -0.2808 -0.6470 -0.60791 -0.46143 0.9888 
0.255615 -0.12695 -0.8301 -0.52734 -0.53833 0.19531 
0.253906 -0.41626 -0.19409 -0.51270 -0.63232 0.12329 
0.254883 -0.55908 -0.26978 -0.52368 -0.67139 0.12329 
0.257446 -0.39917 -0.18311 -0.47485 -0.71655 -0.1831 
0.258423 -0.29663 -0.7446 -0.40405 -0.77393 -0.6348 
0.254517 -0.20996 -0.3784 -0.35278 -0.80566 -0.2563 
0.254517 -0.24658 -0.3906 -0.25635 -0.80078 0.1587 
0.252808 -0.33813 -0.9888 -0.6348 -0.73364 0.732 
0.258301 -0.38818 -0.18921 0.20020 -0.59448 -0.4761 
0.268677 -0.38818 -0.31860 0.45410 -0.40771 -0.11719 
0.279053 -0.43213 -0.48584 0.63721 -0.18921 -0.21240 
0.288452 -0.49072 -0.37354 0.72510 0.5127 -0.33936 
0.295166 -0.52979 -0.65430 0.70068 0.30518 -0.48340 
0.296143 -0.48462 -0.96680 0.41260 0.55298 -0.56763 
0.303833 -0.29175 -0.116821 -0.14648 0.73730 -0.62012 
0.310181 -0.31738 -0.132202 -0.4517 0.89600 -0.72021 
0.307861 -0.38086 -0.135864 -0.67017 0.101440 -0.85205 
0.306763 -0.40894 -0.138550 -0.109009 0.111328 -0.97412 
0.306030 -0.41016 -0.140869 -0.139648 0.117920 -0.105103 
0.303711 -0.40405 -0.144531 -0.165161 0.122925 -0.109009 
0.299561 -0.38330 -0.147583 -0.188355 0.122925 -0.111328 
0.293945 -0.35156 -0.148560 -0.208496 0.126465 -0.113525 
0.286499 -0.31494 -0.146729 -0.225708 0.128906 -0.114502 
0.271484 -0.26855 -0.144897 -0.238647 0.134766 -0.114502 
0.252808 -0.23926 -0.145264 -0.244141 0.147217 -0.114868 
0.237549 -0.22217 -0.147827 -0.241333 0.162231 -0.114868 
0.249512 -0.23071 -0.142090 -0.234619 0.172852 -0.113770 
0.218262 -0.23438 -0.131836 -0.227905 0.179688 -0.109985 
0.197876 -0.23804 -0.120117 -0.222778 0.182861 -0.100708 
0.177856 -0.24536 -0.106689 -0.222534 0.177856 -0.85571 
0.159424 -0.25635 -0.91309 -0.229004 0.159546 -0.67139 
0.142822 -0.25635 -0.73608 -0.240723 0.127197 -0.48340 
0.130493 -0.28442 -0.86060 -0.253906 0.86670 -0.30640 
0.122070 -0.31250 -0.36011 -0.263184 0.47485 -0.14771 
0.115601 -0.34058 -0.36011 -0.266357 0.17090 0.122 
0.108765 -0.33569 -0.17822 -0.263428 -0.2808 0.15137 
0.99976 -0.30151 0.732 -0.256226 -0.15259 0.31250 
0.90576 -0.25391 0.16968 -0.256226 -0.26367 0.47607 
0.82397 -0.23926 0.34058 -0.249268 -0.35156 0.64941 
0.75928 -0.25879 0.53223 -0.246094 -0.41382 0.85327 
0.71777 -0.28198 0.74219 -0.246216 -0.45654 0.108398 
0.71655 -0.31860 0.97046 -0.245728 -0.45654 0.134644 
0.77393 -0.37231 0.122070 -0.241333 -0.46265 0.132324 
0.87769 -0.43457 0.146240 -0.231323 -0.41138 0.157837 
0.102051 -0.50171 0.167969 -0.216187 -0.30640 0.189087 
0.117676 -0.56274 0.188843 -0.197998 -0.21729 0.207764 
0.134766 -0.62256 0.210571 -0.181641 -0.22705 0.219482 
0.151489 -0.64941 0.230713 -0.167725 -0.34546 0.226440 
0.151489 -0.67871 0.247437 -0.152466 -0.54810 0.228760 
0.167603 -0.71167 0.259521 -0.133057 -0.79468 0.226440 
0.185425 -0.70679 0.266968 -0.109375 -0.103149 0.222412 
0.202393 -0.68237 0.269043 -0.80933 -0.122681 0.218994 
0.217041 -0.68237 0.263916 -0.48218 -0.137329 0.217285 
0.230957 -0.65308 0.251343 -0.12817 -0.148682 0.216553 
0.248413 -0.63599 0.264526 0.23682 -0.157959 0.215942 
0.268433 -0.65796 0.233276 0.58472 -0.164551 0.211426 
0.291992 -0.71045 0.211182 0.88501 -0.167847 0.201660 
0.317627 -0.76782 0.189819 0.78125 -0.171631 0.188110 
0.340332 -0.83496 0.170654 0.109375 -0.179199 0.173950 
0.357544 -0.87158 0.156494 0.120483 -0.193970 0.161987 
0.368408 -0.87769 0.144531 0.125000 -0.216064 0.152100 
0.373657 -0.88745 0.128418 0.128296 -0.210815 0.142334 
0.376099 -0.90942 0.107910 0.133057 -0.242065 0.132446 
0.377319 -0.93628 0.84229 0.138550 -0.268555 0.153198 
0.377563 -0.96924 0.58228 0.144531 -0.291870 0.110107 
0.375732 -0.100586 0.32837 0.150024 -0.309814 0.110107 
0.371948 -0.104370 0.8179 0.154175 -0.322632 0.96802 
0.366699 -0.108765 -0.16724 0.156860 -0.330811 0.83008 
0.360718 -0.113403 -0.40649 0.157471 -0.334473 0.69702 
0.352295 -0.117554 -0.62500 0.155884 -0.334106 0.57861 
0.352295 -0.121826 -0.81665 0.154053 -0.328735 0.47852 
0.343384 -0.94971 -0.100830 0.152344 -0.319824 0.39551 
0.333862 -0.131470 -0.116333 0.154419 -0.304199 0.32471 
0.326660 -0.131470 -0.132935 0.159302 -0.283203 0.26001 
0.322632 -0.138062 -0.151489 0.166260 -0.256348 0.19409 
0.319214 -0.144775 -0.136108 0.173584 -0.221802 0.11108 
0.315186 -0.151733 -0.167358 0.179565 -0.181030 0.366 
0.311401 -0.157715 -0.181641 0.184937 -0.137695 -0.12939 
0.308350 -0.162842 -0.193115 0.157959 -0.94482 -0.29175 
0.304810 -0.168457 -0.200806 0.191772 -0.50903 -0.47363 
0.300781 -0.170288 -0.205688 0.191772 -0.9521 -0.65186 
0.296631 -0.178589 -0.206177 0.195435 -0.6714 -0.84473 
0.291016 -0.183350 -0.205322 0.196655 0.20142 -0.104492 
0.286987 -0.187500 -0.203247 0.192383 0.51392 -0.123779 
0.283325 -0.191284 -0.201416 0.184570 0.72632 -0.142334 
0.278564 -0.194824 -0.200928 0.173950 0.89844 -0.128296 
0.272339 -0.197266 -0.200806 0.159180 0.104370 -0.159546 
0.264648 -0.197144 -0.201416 0.138062 0.114746 -0.175171 
0.256470 -0.194824 -0.199341 0.112793 0.120239 -0.189209 
0.279419 -0.191528 -0.196167 0.86792 0.121460 -0.202271 
0.239624 -0.187744 -0.191528 0.62988 0.118652 -0.214844 
0.239624 -0.183594 -0.186401 0.41748 0.114380 -0.226440 
0.230713 -0.179443 -0.180908 0.23438 0.111694 -0.236084 
0.221313 -0.175049 -0.176270 0.9033 0.111328 -0.243164 
0.212646 -0.175049 -0.172485 -0.2441 0.114746 -0.247925 
0.204834 -0.170532 -0.167236 -0.12939 0.122925 -0.250366 
0.197144 -0.165039 -0.160156 -0.22705 0.134766 -0.250000 
0.189331 -0.160156 -0.160156 -0.31738 0.148315 -0.245239 
0.181519 -0.153320 -0.152832 -0.40649 0.162476 -0.238525 
0.175415 -0.145020 -0.145020 -0.48828 0.175659 -0.233154 
0.172241 -0.136597 -0.135864 -0.56152 0.186035 -0.230835 
0.170532 -0.127319 -0.125366 -0.56152 0.192505 -0.232178 
0.169678 -0.118408 -0.113647 -0.64331 0.192383 -0.237061 
0.171021 -0.110718 -0.99121 -0.74829 0.216309 -0.246338 
0.173706 -0.104004 -0.82642 -0.85693 0.185059 -0.259155 
0.173950 -0.96558 -0.67383 -0.96069 0.172730 -0.272217 
0.169189 -0.86304 -0.53223 -0.107056 0.158325 -0.251099 
0.161011 -0.72998 -0.39795 -0.119629 0.144409 -0.282349 
0.152344 -0.57251 -0.26855 -0.133789 0.130981 -0.286255 
0.145752 -0.39429 -0.12939 -0.150391 0.117432 -0.282715 
0.141235 -0.20020 0.2686 -0.167969 0.102539 -0.272339 
0.136963 -0.1953 0.20142 -0.183594 0.84717 -0.257446 
0.136963 0.12939 0.38818 -0.193970 0.65186 -0.241455 
0.135620 0.25513 0.56152 -0.197144 0.47974 -0.223755 
0.137329 0.5371 0.70923 -0.193848 0.36133 -0.202515 
0.139282 0.36621 0.84351 -0.186035 0.31006 -0.178955 
0.143677 0.46753 0.95703 -0.175537 0.29297 -0.154297 
0.148315 0.57129 0.106323 -0.163574 0.28076 -0.130859 
0.153076 0.66528 0.115234 -0.150635 0.26733 -0.110352 
0.158447 0.74341 0.115234 -0.136719 0.24414 -0.92285 
0.165405 0.79224 0.121460 -0.153320 0.20508 -0.75684 
0.173828 0.81543 0.124390 -0.106934 0.17334 -0.60791 
0.183105 0.80933 0.124390 -0.106934 0.16113 -0.47852 
0.192749 0.78979 0.122925 -0.92651 0.16479 -0.36865 
0.202026 0.76660 0.120605 -0.79590 0.17578 -0.27954 
0.210571 0.74585 0.117432 -0.67627 0.17578 -0.21118 
0.218140 0.71899 0.113525 -0.56396 0.17944 -0.15869 
0.224487 0.69214 0.108765 -0.46021 0.16968 -0.11597 
0.229858 0.66040 0.102295 -0.36499 0.14404 -0.8057 
0.234863 0.62988 0.94238 -0.27954 0.10864 -0.8057 
0.239502 0.60303 0.85205 -0.21240 0.6470 -0.5249 
