0.229492 0.24292 0.86670 0.112427 -0.46509 0.15015 
0.227295 0.24902 0.84473 0.103516 -0.30273 0.17578 
0.230957 0.30151 0.85083 0.117920 0.1465 0.20264 
0.234985 0.32959 0.86792 0.70801 0.38208 0.20020 
0.237061 0.33569 0.88745 0.70801 0.65552 0.17944 
0.237549 0.36499 0.90454 0.63110 0.78979 0.14160 
0.236328 0.38452 0.92529 0.60669 0.78613 0.8911 
0.235474 0.37598 0.94238 0.59082 0.78613 0.2441 
0.234985 0.35767 0.96680 0.60425 0.63232 -0.5493 
0.233887 0.35034 0.101196 0.65552 0.36499 -0.14526 
0.234009 0.40039 0.108887 0.73120 0.2686 -0.14526 
0.232178 0.48828 0.120728 0.82397 -0.35889 -0.23926 
0.228027 0.57617 0.133667 0.92651 -0.74219 -0.31372 
0.224854 0.65796 0.145508 0.101318 -0.109985 -0.33936 
0.223389 0.69824 0.153687 0.106689 -0.141968 -0.31738 
0.223389 0.69458 0.154297 0.108765 -0.167847 -0.25635 
0.221069 0.93262 0.144775 0.105469 -0.184204 -0.18311 
0.216309 0.58716 0.141724 0.93262 -0.188110 -0.9644 
0.220581 0.58716 0.143433 0.81299 -0.180542 0.7202 
0.224121 0.75439 0.140991 0.84473 -0.168335 0.38452 
0.230835 0.59448 0.132813 0.95825 -0.152100 0.59692 
0.229492 0.25146 0.155640 0.85938 -0.137451 0.63843 
0.234253 0.39795 0.124390 0.61157 -0.122314 0.68481 
0.240967 0.58838 0.121948 0.43945 -0.108398 0.75439 
0.243774 0.54810 0.123291 0.42969 -0.97656 0.78491 
0.244629 0.43457 0.127808 0.42969 -0.86914 0.81055 
0.245239 0.36987 0.129761 0.62744 -0.76172 0.86548 
0.244263 0.32104 0.110107 0.105347 -0.65552 0.95703 
0.244995 0.23926 0.80200 0.158447 -0.65552 0.106201 
0.244507 0.36255 0.31738 0.197754 -0.58105 0.129272 
0.268066 0.42114 0.6714 0.164551 -0.56519 0.140015 
0.291626 0.34424 -0.5737 0.76904 -0.57373 0.125732 
0.297119 0.33203 -0.12207 0.9888 -0.49316 0.125732 
0.304443 0.20996 -0.29907 -0.45654 -0.33936 0.108032 
0.288330 0.5127 -0.51392 -0.89111 -0.10010 0.93628 
0.336792 -0.7690 -0.70557 -0.125610 0.16113 0.82275 
0.336792 -0.19287 -0.82031 -0.158325 0.43091 0.71289 
0.349121 -0.26978 -0.87524 -0.189087 0.71289 0.53955 
0.352783 -0.29419 -0.88989 -0.215820 0.102417 0.25391 
0.351929 -0.29419 -0.88257 -0.236328 0.134033 -0.11353 
0.347778 -0.27954 -0.84106 -0.250732 0.161987 -0.49316 
0.340332 -0.31250 -0.80566 -0.257202 0.183716 -0.84351 
0.329834 -0.33691 -0.82031 -0.254395 0.197876 -0.113647 
0.315430 -0.34180 -0.82031 -0.247681 0.206909 -0.136230 
0.303223 -0.35156 -0.82642 -0.241089 0.209351 -0.156006 
0.288696 -0.34180 -0.81421 -0.221924 0.203247 -0.175781 
0.270996 -0.31616 -0.75073 -0.221924 0.190308 -0.193970 
0.252563 -0.29541 -0.70801 -0.193359 0.176392 -0.207275 
0.232422 -0.26855 -0.67993 -0.171753 0.163452 -0.216675 
0.211182 -0.22583 -0.65918 -0.159424 0.163452 -0.224243 
0.189941 -0.19043 -0.61890 -0.154785 0.151123 -0.230347 
0.167847 -0.16235 -0.59204 -0.158569 0.139282 -0.233765 
0.146240 -0.14526 -0.51270 -0.164429 0.133179 -0.231812 
0.124268 -0.13550 -0.39063 -0.170532 0.131836 -0.231812 
0.103149 -0.11230 -0.25635 -0.174072 0.138550 -0.221436 
0.115234 -0.7813 -0.11841 -0.173828 0.155640 -0.202026 
0.65674 -0.3662 -0.1953 -0.173340 0.180786 -0.175415 
0.65674 -0.610 0.6836 -0.175537 0.213257 -0.145142 
0.50171 0.366 0.18433 -0.183472 0.249023 -0.114258 
0.39063 0.27954 0.32959 -0.193604 0.285034 -0.85083 
0.28809 -0.3296 0.49438 -0.198853 0.320679 -0.58838 
0.22217 -0.7935 0.75928 -0.193970 0.356323 -0.37964 
0.15747 -0.12817 0.65063 -0.188232 0.384155 -0.23071 
0.2197 -0.15259 0.119995 -0.176758 0.411987 -0.13306 
-0.11108 -0.14893 0.119995 -0.165771 0.433594 -0.6348 
-0.22705 -0.15137 0.145386 -0.161865 0.442505 0.1343 
-0.33691 -0.18066 0.165161 -0.161133 0.444580 0.12695 
-0.41504 -0.19653 0.188721 -0.161133 0.439941 0.27100 
-0.47363 -0.22949 0.201782 -0.164917 0.435303 0.40894 
-0.49683 -0.27100 0.225342 -0.168945 0.420166 0.55420 
-0.52979 -0.33325 0.252686 -0.175659 0.420166 0.71533 
-0.58350 -0.39185 0.280518 -0.182373 0.393433 0.89111 
-0.63110 -0.43701 0.314575 -0.179932 0.359863 0.76050 
-0.66040 -0.47607 0.341309 -0.171509 0.318237 0.94971 
-0.65796 -0.47119 0.358154 -0.157837 0.275024 0.126221 
-0.62622 -0.40649 0.377563 -0.137573 0.232300 0.144653 
-0.58105 -0.32959 0.391724 -0.117798 0.183838 0.160645 
-0.50537 -0.25757 0.406616 -0.98755 0.132690 0.173950 
-0.50537 -0.18799 0.413940 -0.83740 0.79468 0.185059 
-0.40161 -0.12207 0.418091 -0.63965 0.31250 0.193970 
-0.26855 -0.11108 0.425293 -0.37354 -0.12451 0.201782 
-0.11475 -0.11230 0.429199 -0.14893 -0.53589 0.211182 
0.7935 -0.11230 0.430298 0.2808 -0.88989 0.223999 
0.31738 -0.10010 0.428223 0.21118 -0.119751 0.237305 
0.56030 -0.10376 0.425903 0.40283 -0.148438 0.246216 
0.81665 -0.10864 0.425903 0.57739 -0.179688 0.248047 
0.107300 -0.13062 0.419922 0.73730 -0.210938 0.243408 
0.132324 -0.15137 0.409790 0.87524 -0.241577 0.234985 
0.155762 -0.17456 0.395508 0.87524 -0.271118 0.224487 
0.176270 -0.20020 0.381470 0.97778 -0.300171 0.212646 
0.194580 -0.22217 0.363037 0.103027 -0.296265 0.200684 
0.222412 -0.22217 0.341797 0.106201 -0.342651 0.208130 
0.276245 -0.41992 0.319824 0.111938 -0.342651 0.254272 
0.262329 -0.37354 0.302612 0.118286 -0.322022 0.271973 
0.230469 -0.30396 0.270996 0.115967 -0.330078 0.251099 
0.239258 -0.29663 0.255493 0.118530 -0.364014 0.251099 
0.243408 -0.35156 0.241821 0.114502 -0.387085 0.234375 
0.242065 -0.42480 0.226196 0.94604 -0.412598 0.222778 
0.220581 -0.51025 0.212280 0.65552 -0.453735 0.202271 
0.251831 -0.61523 0.190063 0.36133 -0.492676 0.172607 
0.272461 -0.69702 0.159912 0.8911 -0.525757 0.139526 
0.294678 -0.76416 0.127563 -0.19287 -0.556641 0.108521 
0.312866 -0.80078 0.94238 -0.47241 -0.582886 0.83984 
0.324707 -0.80078 0.53711 -0.61768 -0.594727 0.69092 
0.332275 -0.76416 0.56396 -0.41870 -0.579102 0.71655 
0.340454 -0.77881 0.8545 0.2441 -0.548706 0.96558 
0.341064 -0.83496 0.8545 0.46387 -0.509033 0.141235 
0.335327 -0.94482 -0.9521 0.84961 -0.451172 0.199463 
0.328613 -0.108643 -0.24780 0.83008 -0.376831 0.261841 
0.320435 -0.119629 -0.35034 0.114258 -0.294189 0.321045 
0.303223 -0.138550 -0.41016 0.131104 -0.215698 0.356323 
0.267456 -0.164795 -0.38940 0.128052 -0.211914 0.342163 
0.233398 -0.174194 -0.43335 0.88013 -0.145386 0.276123 
0.219971 -0.171631 -0.61401 0.28809 -0.82886 0.175415 
0.218994 -0.170776 -0.67993 -0.1587 -0.15137 0.159058 
0.219605 -0.169189 -0.70068 0.488 0.36133 0.92529 
0.215454 -0.168213 -0.69580 0.10498 0.63599 -0.32471 
0.210205 -0.164063 -0.67139 0.11353 0.78735 -0.107666 
0.204590 -0.156616 -0.65186 0.5859 0.87769 -0.159058 
0.197876 -0.148682 -0.62500 0.1831 0.88379 -0.191406 
0.197876 -0.139404 -0.59204 0.1831 0.82031 -0.211060 
0.190552 -0.129517 -0.55298 0.4517 0.72510 -0.221802 
0.184082 -0.150269 -0.53101 0.8911 0.62988 -0.225220 
0.178955 -0.109497 -0.53833 0.13062 0.56519 -0.223145 
0.175903 -0.109497 -0.50903 0.12695 0.55786 -0.218994 
0.176880 -0.101318 -0.43701 0.9155 0.61523 -0.216919 
0.180298 -0.94238 -0.34180 0.7080 0.72632 -0.219360 
0.183105 -0.88501 -0.34180 0.5005 0.87646 -0.226807 
0.183472 -0.82886 -0.25269 -0.122 0.106934 -0.237061 
0.182495 -0.76416 -0.15869 -0.9521 0.128906 -0.249634 
0.180786 -0.65430 -0.7080 -0.20752 0.152466 -0.264160 
0.181396 -0.58228 0.1343 -0.20752 0.174194 -0.277222 
0.176880 -0.47485 0.11841 -0.30518 0.160400 -0.285400 
0.168457 -0.34302 0.25391 -0.41382 0.205566 -0.284546 
0.162598 -0.20508 0.41138 -0.50293 0.205566 -0.276855 
0.156494 -0.8423 0.58350 -0.56152 0.214600 -0.267578 
0.146362 0.977 0.76050 -0.62256 0.215698 -0.257446 
0.138306 0.10742 0.94971 -0.66162 0.211548 -0.257446 
0.132080 0.18311 0.112549 -0.65674 0.204956 -0.246582 
0.126343 0.24536 0.128784 -0.62622 0.198608 -0.234863 
0.153442 0.31616 0.144409 -0.58105 0.192993 -0.222412 
0.116821 0.38940 0.158936 -0.51270 0.187134 -0.209839 
0.116821 0.46631 0.172241 -0.44556 0.181152 -0.196167 
0.109863 0.53955 0.182983 -0.40405 0.174927 -0.180664 
0.102905 0.60059 0.192505 -0.38208 0.168091 -0.162109 
0.97900 0.60059 0.202148 -0.38330 0.159546 -0.140747 
0.95581 0.64453 0.210571 -0.39795 0.148560 -0.118042 
0.96680 0.66895 0.216919 -0.39917 0.135376 -0.95947 
0.101074 0.67261 0.216919 -0.37598 0.119873 -0.75806 
0.108154 0.64331 0.222656 -0.31738 0.103394 -0.57739 
