0.208618 0.35034 0.123169 0.7324 0.51514 0.14160 
0.207275 0.32593 0.126099 0.9033 0.56030 0.14526 
0.208740 0.32227 0.131348 0.9033 0.58960 0.15991 
0.212646 0.32593 0.132568 0.12085 0.57861 0.16113 
0.215454 0.33813 0.132690 0.13428 0.52124 0.13916 
0.217529 0.37231 0.135132 0.13672 0.40161 0.11230 
0.217896 0.40405 0.137573 0.14526 0.40161 0.9888 
0.217041 0.41870 0.140869 0.17090 0.22705 0.10742 
0.215576 0.42725 0.142578 0.20996 0.2319 0.12451 
0.214111 0.42847 0.140259 0.26001 -0.21851 0.12451 
0.214478 0.43579 0.136475 0.31372 -0.51392 0.14038 
0.216675 0.45410 0.132813 0.35278 -0.84106 0.14648 
0.188843 0.47852 0.129150 0.36499 -0.114868 0.13428 
0.220093 0.49805 0.124268 0.31860 -0.137451 0.10010 
0.223877 0.49438 0.119385 0.18921 -0.150635 0.4639 
0.227417 0.46875 0.116089 -0.2808 -0.155762 -0.2075 
0.229858 0.43823 0.115967 -0.29053 -0.153564 -0.9155 
0.231934 0.43823 0.114136 -0.54932 -0.145264 -0.14404 
0.232178 0.39185 0.112549 -0.77637 -0.134888 -0.17090 
0.231934 0.33447 0.95581 -0.91309 -0.121704 -0.19775 
0.232666 0.23926 0.95581 -0.96191 -0.97046 -0.26489 
0.233276 0.17334 0.98389 -0.104492 -0.84595 -0.36743 
0.231934 0.18799 0.100830 -0.105347 -0.75928 -0.45166 
0.234985 0.21362 0.103638 -0.105347 -0.68604 -0.50415 
0.241211 0.21240 0.104126 -0.96313 -0.61157 -0.54443 
0.248047 0.21484 0.99487 -0.80811 -0.53101 -0.57739 
0.255859 0.25879 0.89966 -0.64453 -0.43945 -0.59448 
0.265137 0.28564 0.81177 -0.52368 -0.43945 -0.61401 
0.276123 0.23193 0.76172 -0.45898 -0.32349 -0.32227 
0.280640 0.23926 0.68237 -0.46021 -0.16968 -0.66040 
0.282471 0.27100 0.55786 -0.51270 0.2319 -0.66040 
0.287598 0.30640 0.44067 -0.58838 0.29175 -0.69946 
0.292969 0.31250 0.38818 -0.74951 0.53955 -0.77637 
0.293823 0.30029 0.33569 -0.99609 0.72021 -0.91553 
0.293823 0.27588 0.29053 -0.123779 0.86914 -0.110107 
0.292603 0.24414 0.23071 -0.143677 0.97778 -0.130737 
0.286987 0.21851 0.19653 -0.159424 0.100952 -0.151611 
0.278687 0.22583 0.19165 -0.170288 0.94238 -0.170166 
0.269409 0.22583 0.19409 -0.175293 0.78613 -0.183350 
0.260620 0.23926 0.20020 -0.177856 0.59448 -0.189941 
0.252563 0.24902 0.22095 -0.184570 0.41626 -0.191284 
0.244141 0.25024 0.22095 -0.199585 0.30762 -0.189209 
0.233521 0.26489 0.26001 -0.222168 0.28809 -0.186890 
0.221802 0.28320 0.27344 -0.242798 0.37720 -0.186646 
0.208862 0.30396 0.32471 -0.242798 0.62256 -0.184082 
0.183594 0.31738 0.38940 -0.250488 0.99976 -0.174072 
0.191406 0.26611 0.38452 -0.262085 0.104492 -0.167480 
0.178101 0.26855 0.43457 -0.283447 0.136963 -0.163208 
0.160034 0.27588 0.48706 -0.289429 0.168213 -0.154419 
0.144531 0.26123 0.52124 -0.290894 0.199463 -0.139404 
0.130371 0.23804 0.59326 -0.296509 0.221191 -0.151001 
0.112061 0.19775 0.69702 -0.302612 0.230469 -0.119751 
0.97290 0.13916 0.83984 -0.309326 0.227661 -0.96069 
0.81421 0.5859 0.100708 -0.314209 0.214111 -0.69092 
0.70068 -0.4883 0.117188 -0.313843 0.196533 -0.40771 
0.70068 -0.15137 0.133667 -0.306763 0.176880 -0.11719 
0.58105 -0.25635 0.149170 -0.292114 0.159912 0.17578 
0.42847 -0.5127 0.165649 -0.269165 0.151123 0.45654 
0.34424 -0.45288 0.184204 -0.247559 0.143311 0.71533 
0.27710 -0.45288 0.205566 -0.231689 0.136230 0.93872 
0.22583 -0.51758 0.222534 -0.222534 0.126221 0.112305 
0.19897 -0.57983 0.238281 -0.213989 0.115967 0.125977 
0.21362 -0.63721 0.238281 -0.203980 0.104736 0.136475 
0.21973 -0.65796 0.250366 -0.190063 0.94238 0.144531 
0.20508 -0.67505 0.260376 -0.204712 0.83740 0.150879 
0.18799 -0.66406 0.268433 -0.184937 0.73486 0.157715 
0.16602 -0.64331 0.276855 -0.153687 0.60791 0.166504 
0.15015 -0.60303 0.284302 -0.135132 0.43335 0.177734 
0.14160 -0.56519 0.290039 -0.121216 0.53833 0.191895 
0.15747 -0.50293 0.294312 -0.109863 0.22583 0.207031 
0.18677 -0.44800 0.297485 -0.98022 0.00 0.221802 
0.23804 -0.42114 0.301514 -0.86426 -0.23682 0.235962 
0.31250 -0.43213 0.306030 -0.75439 -0.46021 0.235962 
0.41748 -0.48462 0.310913 -0.63354 -0.64209 0.250122 
0.57251 -0.55908 0.316528 -0.49927 -0.78491 0.264160 
0.42847 -0.63965 0.320923 -0.36011 -0.89233 0.276978 
0.90088 -0.69580 0.325073 -0.23315 -0.99365 0.287109 
0.90088 -0.73364 0.327515 -0.11353 -0.110229 0.292847 
0.104736 -0.76538 0.327271 0.977 -0.122070 0.292969 
0.117310 -0.81421 0.325439 0.14282 -0.136230 0.286987 
0.129517 -0.81421 0.320557 0.27710 -0.152588 0.276978 
0.142334 -0.88989 0.313355 0.39795 -0.170044 0.266602 
0.154419 -0.94360 0.336304 0.50293 -0.187378 0.256592 
0.165771 -0.97290 0.305054 0.60059 -0.204590 0.245972 
0.176758 -0.99731 0.295166 0.70190 -0.221191 0.234131 
0.188843 -0.101807 0.282959 0.80322 -0.236572 0.220825 
0.199951 -0.104370 0.269775 0.89478 -0.250610 0.206055 
0.209351 -0.107544 0.256470 0.89478 -0.262207 0.190430 
0.217163 -0.113525 0.240601 0.97046 -0.270508 0.175903 
0.225220 -0.119873 0.224854 0.101807 -0.277710 0.163696 
0.235230 -0.123169 0.210815 0.102539 -0.277710 0.152832 
0.245850 -0.125488 0.197144 0.100952 -0.284058 0.140869 
0.256592 -0.128296 0.183960 0.99976 -0.288696 0.126221 
0.265991 -0.132568 0.171265 0.101318 -0.290649 0.126221 
0.274780 -0.135986 0.159424 0.104492 -0.288818 0.108643 
0.283813 -0.138794 0.142700 0.109253 -0.282715 0.88745 
0.292358 -0.140137 0.123413 0.117920 -0.269897 0.66895 
0.299438 -0.140381 0.106201 0.125122 -0.253052 0.44067 
0.299438 -0.139648 0.90332 0.125488 -0.234375 0.19897 
0.305908 -0.139526 0.76050 0.122681 -0.213135 -0.5127 
0.310791 -0.138062 0.63354 0.119751 -0.191040 -0.29297 
0.312500 -0.138062 0.50415 0.116577 -0.168579 -0.52246 
0.310913 -0.136108 0.40161 0.110229 -0.150146 -0.73853 
0.311890 -0.134033 0.33203 0.100586 -0.135132 -0.93994 
0.312134 -0.131470 0.33203 0.88989 -0.121826 -0.113037 
0.312378 -0.127930 0.28809 0.74707 -0.110107 -0.129272 
0.311279 -0.125000 0.20386 0.65674 -0.93140 -0.142700 
0.308838 -0.121582 0.11597 0.64453 -0.74219 -0.153198 
0.305664 -0.122437 0.4395 0.64453 -0.55908 -0.158447 
0.296875 -0.119019 -0.122 0.66162 -0.39551 -0.160278 
0.286255 -0.113770 -0.1465 0.68237 -0.56763 -0.160645 
0.276123 -0.107300 -0.2930 0.68848 -0.25513 -0.159912 
0.268799 -0.102661 -0.4028 0.67993 -0.12939 -0.156128 
0.261597 -0.96924 -0.4639 0.65308 -0.2197 -0.152222 
0.256592 -0.90698 -0.4761 0.60669 0.6714 -0.150757 
0.252441 -0.84717 -0.3418 0.54565 0.14526 -0.150757 
0.248535 -0.80322 -0.488 0.46875 0.21362 -0.152832 
0.244263 -0.76782 0.3052 0.37842 0.28076 -0.158203 
0.238647 -0.72998 0.7446 0.28198 0.35034 -0.165527 
0.238647 -0.69214 0.12451 0.18799 0.41992 -0.173828 
0.231812 -0.65430 0.17212 0.10132 0.49927 -0.182007 
0.224121 -0.93018 0.21973 0.2075 0.58472 -0.188477 
0.215820 -0.61768 0.27222 -0.6714 0.66284 -0.192627 
0.207275 -0.57617 0.32471 -0.15991 0.71899 -0.194946 
0.199585 -0.52856 0.38574 -0.24536 0.75806 -0.195801 
0.192383 -0.47852 0.46509 -0.32349 0.78003 -0.195557 
0.185303 -0.42603 0.46509 -0.38696 0.78857 -0.193970 
0.178223 -0.36499 0.55664 -0.41992 0.79346 -0.190552 
0.170410 -0.29907 0.65430 -0.42603 0.79834 -0.184326 
0.162842 -0.22949 0.74341 -0.42603 0.80078 -0.175659 
0.156006 -0.14771 0.83374 -0.43335 0.79346 -0.165894 
0.149414 -0.6714 0.93018 -0.45898 0.77881 -0.156006 
0.143921 0.1099 0.103394 -0.48706 0.77881 -0.146118 
0.140381 0.8301 0.115112 -0.51025 0.75562 -0.136597 
0.137817 0.14526 0.126831 -0.53589 0.72388 -0.127563 
0.136719 0.19287 0.137695 -0.55298 0.68726 -0.150513 
0.136597 0.23804 0.148193 -0.55420 0.64819 -0.119263 
0.136353 0.27832 0.157837 -0.54077 0.60547 -0.111572 
0.136108 0.31128 0.165405 -0.51758 0.55908 -0.104370 
0.136597 0.34180 0.171753 -0.49438 0.51270 -0.97290 
0.136597 0.36255 0.176514 -0.46875 0.47119 -0.89966 
0.137207 0.38086 0.181152 -0.43823 0.43823 -0.82153 
0.138062 0.39429 0.184448 -0.40649 0.41016 -0.73853 
0.138916 0.39429 0.187622 -0.37720 0.38086 -0.65552 
0.139893 0.40405 0.190063 -0.34912 0.34180 -0.57861 
0.141235 0.41138 0.190918 -0.31860 0.29663 -0.50781 
0.144043 0.41260 0.191162 -0.28564 0.24780 -0.44312 
0.148682 0.40405 0.191162 -0.25024 0.20020 -0.38330 
0.153076 0.38696 0.191528 -0.21240 0.15625 -0.32837 
0.157349 0.37598 0.191528 -0.17334 0.11597 -0.27710 
