0.221436 0.36865 0.103271 -0.19897 -0.21606 -0.26855 
0.226440 0.36133 0.104370 -0.15503 -0.16357 -0.30762 
0.228027 0.37109 0.104370 -0.10620 -0.10742 -0.2686 
0.225708 0.35767 0.102539 -0.7568 -0.4883 -0.33936 
0.222412 0.36499 0.99976 -0.5371 -0.488 -0.33936 
0.222290 0.38696 0.100220 -0.1221 0.1709 -0.30151 
0.223145 0.40405 0.100586 0.1831 -0.977 -0.24048 
0.223145 0.41992 0.101196 0.3052 -0.6836 -0.17944 
0.225342 0.44067 0.103027 0.3174 -0.14771 -0.11963 
0.227417 0.45532 0.103882 0.2319 -0.23926 -0.7202 
0.228394 0.45532 0.104614 0.488 -0.34058 -0.4150 
0.229736 0.46387 0.105469 -0.2808 -0.44922 -0.3052 
0.230835 0.46021 0.106201 -0.7202 -0.54688 -0.3540 
0.232910 0.45532 0.107544 -0.13062 -0.61035 -0.4761 
0.235230 0.46753 0.107544 -0.20752 -0.63599 -0.6226 
0.236328 0.48584 0.110107 -0.29785 -0.62622 -0.6714 
0.234619 0.47852 0.110962 -0.7690 -0.57617 -0.5737 
0.231567 0.43701 0.109497 -0.38940 -0.52490 -0.3540 
0.227905 0.38330 0.101196 -0.49927 -0.46021 -0.732 
0.226929 0.32593 0.97900 -0.58472 -0.40527 0.977 
0.229370 0.21484 0.93018 -0.64941 -0.40527 -0.2197 
0.234985 0.9644 0.88501 -0.69458 -0.33569 -0.11353 
0.241699 0.14404 0.87280 -0.72266 -0.28320 -0.22583 
0.244141 0.20508 0.87524 -0.72754 -0.25513 -0.2441 
0.245605 0.23804 0.89600 -0.70801 -0.24292 -0.33691 
0.246826 0.23682 0.91187 -0.66895 -0.23804 -0.40894 
0.247314 0.24658 0.88623 -0.61401 -0.22949 -0.44678 
0.219727 0.24292 0.83618 -0.54321 -0.21729 -0.46387 
0.250977 0.25269 0.80811 -0.48096 -0.20630 -0.47119 
0.258057 0.22949 0.76050 -0.43701 -0.18799 -0.48096 
0.268311 0.17456 0.66284 -0.36987 -0.14648 -0.51392 
0.282105 0.16235 0.47852 -0.28564 -0.8301 -0.58105 
0.292725 0.16235 0.21118 -0.25391 0.3662 -0.67383 
0.296631 0.28687 0.10742 -0.37598 0.14771 -0.76050 
0.306030 0.32104 0.244 -0.64087 0.11475 -0.91309 
0.311035 0.31128 0.244 -0.86792 0.5249 -0.113037 
0.314453 0.30396 -0.5493 -0.102905 -0.1221 -0.133179 
0.312500 0.26123 -0.7080 -0.116333 -0.11597 -0.148071 
0.305298 0.24292 -0.12451 -0.116333 -0.23804 -0.153076 
0.300293 0.28809 -0.14771 -0.129517 -0.35522 -0.147949 
0.296143 0.33325 -0.17700 -0.150391 -0.42969 -0.141357 
0.288696 0.37109 -0.21973 -0.174683 -0.48584 -0.138062 
0.279053 0.38452 -0.27344 -0.197388 -0.48584 -0.137939 
0.268188 0.37964 -0.33325 -0.216675 -0.53223 -0.139526 
0.257324 0.35400 -0.36621 -0.234131 -0.57129 -0.141357 
0.241943 0.30151 -0.33569 -0.248413 -0.57617 -0.141357 
0.221924 0.24292 -0.27954 -0.255615 -0.48706 -0.140503 
0.200073 0.19897 -0.20996 -0.256470 -0.29053 -0.131714 
0.209351 0.17578 -0.14526 -0.256714 -0.2686 -0.113525 
0.178101 0.17700 -0.6592 -0.261719 0.24048 -0.88135 
0.159790 0.17456 0.5859 -0.272705 0.44800 -0.59814 
0.144653 0.15381 0.22705 -0.284180 0.56274 -0.34180 
0.133911 0.11353 0.39185 -0.291626 0.59204 -0.12695 
0.127319 0.11353 0.52734 -0.294312 0.56396 0.6226 
0.124634 0.2808 0.36133 -0.294189 0.50049 0.21729 
0.124268 -0.6714 0.85571 -0.290772 0.45166 0.33569 
0.124023 -0.15869 0.85571 -0.284058 0.44067 0.42236 
0.122803 -0.22827 0.101807 -0.275879 0.43823 0.48340 
0.119995 -0.28809 0.115112 -0.269287 0.39673 0.51147 
0.115845 -0.31616 0.124023 -0.269287 0.36621 0.48584 
0.114380 -0.33691 0.140381 -0.255249 0.30396 0.44312 
0.111328 -0.35767 0.159180 -0.242676 0.29663 0.42236 
0.105835 -0.37842 0.177734 -0.230225 0.27832 0.45898 
0.97534 -0.36255 0.188721 -0.217651 0.27832 0.55176 
0.92041 -0.34302 0.195190 -0.201660 0.29175 0.34790 
0.90698 -0.32959 0.199341 -0.181885 0.33691 0.76782 
0.93994 -0.29663 0.212646 -0.159790 0.41626 0.76782 
0.99731 -0.26367 0.228149 -0.143066 0.41992 0.90210 
0.104126 -0.23315 0.240356 -0.131226 0.33813 0.108887 
0.106323 -0.21362 0.249023 -0.118286 0.21606 0.128174 
0.106323 -0.20508 0.257080 -0.102783 0.9033 0.143799 
0.108154 -0.18921 0.265991 -0.86792 -0.3296 0.156006 
0.109741 -0.16357 0.273193 -0.71655 -0.16479 0.168091 
0.111694 -0.14282 0.277344 -0.55054 -0.32104 0.182373 
0.116333 -0.14282 0.280518 -0.36865 -0.50415 0.199951 
0.125122 -0.13062 0.252563 -0.17944 -0.68848 0.219360 
0.138550 -0.15015 0.287964 0.3784 -0.84229 0.238159 
0.155151 -0.19653 0.287964 0.28076 -0.95337 0.253662 
0.172852 -0.26978 0.290527 0.53101 -0.102051 0.265259 
0.192261 -0.34546 0.293091 0.47485 -0.105835 0.272217 
0.214111 -0.42725 0.293945 0.72266 -0.109253 0.275147 
0.235962 -0.51514 0.290527 0.103516 -0.113892 0.276489 
0.256836 -0.60303 0.285156 0.124390 -0.120972 0.276123 
0.275635 -0.68115 0.275024 0.141357 -0.102295 0.272827 
0.290527 -0.75684 0.262085 0.156006 -0.133545 0.265991 
0.300781 -0.83862 0.247192 0.168213 -0.150024 0.255981 
0.307617 -0.91309 0.232422 0.177490 -0.167358 0.275879 
0.322266 -0.99731 0.219482 0.184082 -0.184204 0.244629 
0.317383 -0.109375 0.205933 0.185913 -0.194580 0.246582 
0.310791 -0.112427 0.185547 0.179688 -0.207764 0.241577 
0.309204 -0.116333 0.166016 0.180786 -0.224609 0.220459 
0.311035 -0.118530 0.149048 0.187134 -0.243042 0.192261 
0.311035 -0.125244 0.132690 0.195313 -0.259644 0.163330 
0.314575 -0.132813 0.113892 0.201050 -0.266846 0.140259 
0.314819 -0.139648 0.90088 0.201782 -0.266968 0.123901 
0.313355 -0.139648 0.67505 0.199097 -0.261841 0.112183 
0.314575 -0.145020 0.47974 0.192871 -0.251343 0.102051 
0.316895 -0.148926 0.60181 0.185059 -0.234741 0.91064 
0.319580 -0.153320 0.28931 0.178101 -0.212524 0.77637 
0.325195 -0.157227 0.13672 0.169800 -0.188232 0.60791 
0.333008 -0.159424 -0.1709 0.161499 -0.164307 0.40161 
0.338501 -0.161255 -0.20630 0.156738 -0.138062 0.15015 
0.338623 -0.163330 -0.44434 0.156738 -0.107300 -0.13916 
0.335815 -0.164795 -0.63599 0.157593 -0.109131 -0.42847 
0.333008 -0.166382 -0.76660 0.155029 -0.82397 -0.69214 
0.330444 -0.165161 -0.82764 0.144165 -0.51147 -0.92163 
0.327148 -0.161377 -0.86060 0.128418 -0.29419 -0.113159 
0.323486 -0.157349 -0.87646 0.113525 -0.13672 -0.101929 
0.318726 -0.153442 -0.86670 0.101440 -0.1709 -0.133179 
0.312500 -0.149536 -0.85083 0.89722 0.9399 -0.152100 
0.305054 -0.144653 -0.82520 0.76416 0.21362 -0.169312 
0.296631 -0.138794 -0.78979 0.61768 0.33447 -0.184814 
0.288574 -0.132568 -0.75439 0.47852 0.45288 -0.199341 
0.288574 -0.127197 -0.73608 0.34912 0.55908 -0.212524 
0.280396 -0.153809 -0.71899 0.21118 0.65308 -0.224365 
0.271362 -0.117554 -0.68481 0.5859 0.74219 -0.236328 
0.261475 -0.117554 -0.63843 -0.10132 0.82153 -0.248291 
0.251587 -0.111328 -0.59570 -0.25757 0.88379 -0.258545 
0.240723 -0.104370 -0.56885 -0.39429 0.93018 -0.266113 
0.230347 -0.97778 -0.56885 -0.53223 0.95093 -0.271118 
0.222656 -0.90698 -0.55054 -0.70190 0.93994 -0.274414 
0.215576 -0.83252 -0.51636 -0.88989 0.90210 -0.276978 
0.208008 -0.75806 -0.44189 -0.75073 0.84839 -0.279175 
0.199707 -0.69824 -0.35645 -0.106323 0.81055 -0.280518 
0.190186 -0.65186 -0.28320 -0.119751 0.81665 -0.280396 
0.179565 -0.59204 -0.21606 -0.130859 0.86182 -0.277832 
0.168335 -0.51270 -0.9644 -0.143188 0.86182 -0.272095 
0.156738 -0.40527 0.7202 -0.155640 0.90820 -0.263306 
0.145508 -0.26855 0.23682 -0.163818 0.93994 -0.251465 
0.135254 -0.13794 0.38208 -0.165283 0.94360 -0.251465 
0.127441 -0.3052 0.51636 -0.164185 0.90576 -0.237793 
0.120972 0.6836 0.67871 -0.163940 0.83740 -0.223145 
0.115723 0.16357 0.85571 -0.162598 0.75684 -0.207031 
0.111938 0.25146 0.104004 -0.158203 0.68604 -0.189331 
0.111938 0.33203 0.121460 -0.150635 0.63354 -0.169678 
0.110352 0.40894 0.137817 -0.140625 0.60913 -0.148926 
0.111084 0.47607 0.153809 -0.129395 0.60547 -0.128052 
0.114258 0.47607 0.168335 -0.116821 0.60669 -0.108398 
0.119019 0.52856 0.180664 -0.102905 0.61646 -0.91309 
0.124512 0.56885 0.158081 -0.88257 0.62500 -0.77271 
0.128418 0.58716 0.193359 -0.73853 0.61279 -0.64941 
0.132690 0.58960 0.193359 -0.62012 0.57129 -0.53223 
0.137817 0.59082 0.196411 -0.52979 0.49683 -0.42114 
0.143066 0.58472 0.199707 -0.43701 0.40283 -0.31860 
0.148804 0.57983 0.201904 -0.43701 0.29663 -0.22217 
0.156250 0.56030 0.200195 -0.33813 0.18921 -0.13306 
0.165771 0.53955 0.196777 -0.24902 0.8789 -0.5249 
0.176514 0.52002 0.192139 -0.17334 0.8789 0.1343 
0.187622 0.50537 0.186035 -0.10254 0.244 0.5615 
0.197754 0.49805 0.178101 -0.4272 -0.6470 0.7202 
