0.250855 -0.15991 0.13428 0.122314 -0.55176 0.23560 
0.255005 -0.13428 0.10132 0.91064 -0.50537 0.21484 
0.255615 -0.13672 0.10742 0.83130 -0.44922 0.17456 
0.255005 -0.11475 0.13306 0.70435 -0.37109 0.12573 
0.253784 -0.11230 0.13428 0.58838 -0.37109 0.6714 
0.255859 -0.10254 0.13550 0.47119 -0.27100 0.488 
0.260254 -0.11230 0.10254 0.35522 -0.15259 0.25024 
0.265503 -0.13916 0.5981 0.24292 -0.7324 -0.13916 
0.271606 -0.13916 0.2197 0.11963 -0.5127 -0.13916 
0.276978 -0.12573 0.1343 -0.1709 -0.7202 -0.21484 
0.250610 -0.11353 0.2319 -0.16479 -0.11841 -0.26733 
0.284790 -0.9644 0.4395 -0.32104 -0.18799 -0.30273 
0.284790 -0.6958 0.5615 -0.46631 -0.27710 -0.33813 
0.286621 -0.2441 0.3662 -0.60181 -0.36255 -0.38086 
0.288696 -0.30518 0.00 -0.75195 -0.43213 -0.42236 
0.287720 0.30273 -0.5615 -0.91919 -0.46875 -0.46265 
0.280762 -0.977 -0.13550 -0.107300 -0.46997 -0.47974 
0.271362 -0.7446 -0.17578 -0.121704 -0.43091 -0.46631 
0.267578 -0.9521 -0.18677 -0.137695 -0.37842 -0.42725 
0.261353 -0.14282 -0.18677 -0.145996 -0.28198 -0.38086 
0.254272 -0.45898 -0.23560 -0.148682 -0.15381 -0.45166 
0.252563 -0.51392 -0.20386 -0.146484 -0.10498 -0.57495 
0.252686 -0.27100 -0.16235 -0.146484 -0.11719 -0.61890 
0.252686 -0.7446 -0.15137 -0.146118 -0.15991 -0.58838 
0.260376 -0.7813 -0.17334 -0.147095 -0.21606 -0.56641 
0.268555 -0.12329 -0.17822 -0.145386 -0.27954 -0.57983 
0.273682 -0.12085 -0.16968 -0.140991 -0.27954 -0.60913 
0.276611 -0.8667 -0.16113 -0.130249 -0.33447 -0.32837 
0.281738 -0.5005 -0.14771 -0.115356 -0.36377 -0.67749 
0.283691 -0.5371 -0.16846 -0.98145 -0.34302 -0.67749 
0.278320 -0.8911 -0.25269 -0.76172 -0.23071 -0.71289 
0.274170 -0.6592 -0.39795 -0.55786 -0.3540 -0.73364 
0.272705 -0.4028 -0.60425 -0.40649 0.22461 -0.73486 
0.272705 0.6104 -0.91675 -0.41870 0.50537 -0.71533 
0.270630 0.4517 -0.113892 -0.80200 0.73853 -0.65430 
0.285034 0.1709 -0.120972 -0.123657 0.97534 -0.67871 
0.292969 0.29175 -0.129395 -0.169067 0.113281 -0.76294 
0.290772 -0.2075 -0.131226 -0.210327 0.125488 -0.85693 
0.288330 -0.4395 -0.133789 -0.245117 0.135254 -0.94482 
0.285034 -0.1953 -0.140625 -0.273560 0.142212 -0.103394 
0.278198 0.4028 -0.140625 -0.291138 0.147217 -0.113525 
0.264404 0.13672 -0.149292 -0.293823 0.151489 -0.125244 
0.244751 0.18921 -0.154541 -0.285156 0.150391 -0.134521 
0.225464 0.19409 -0.149780 -0.285156 0.139893 -0.134399 
0.204224 0.21362 -0.141113 -0.276123 0.125122 -0.122437 
0.180298 0.23804 -0.128662 -0.269287 0.139526 -0.102417 
0.155518 0.24536 -0.112061 -0.263916 0.121704 -0.77759 
0.132080 0.21973 -0.92773 -0.258545 0.90454 -0.48706 
0.113281 0.15503 -0.69458 -0.253906 0.73975 -0.47485 
0.98633 0.7690 -0.44067 -0.249390 0.64209 -0.13306 
0.87036 -0.366 -0.17578 -0.244019 0.65674 0.17944 
0.77515 -0.7080 0.10742 -0.238037 0.78735 0.52124 
0.68848 -0.13672 0.38086 -0.232178 0.102661 0.83740 
0.89966 -0.21362 0.66406 -0.228027 0.131104 0.111206 
0.58716 -0.31250 0.93994 -0.228271 0.158813 0.131714 
0.46509 -0.45898 0.124878 -0.228149 0.186401 0.139282 
0.52979 -0.36255 0.157959 -0.229126 0.203369 0.142334 
0.67993 -0.85938 0.191528 -0.232666 0.199951 0.147827 
0.80078 -0.85938 0.223755 -0.231567 0.177856 0.153931 
0.86426 -0.95581 0.220459 -0.221191 0.144775 0.156616 
0.90088 -0.97778 0.272217 -0.202026 0.106567 0.157349 
0.92529 -0.97168 0.272217 -0.178467 0.65552 0.159546 
0.95703 -0.93628 0.283936 -0.153076 0.25146 0.165649 
0.102539 -0.87524 0.288452 -0.126099 -0.9766 0.175659 
0.114624 -0.81909 0.286987 -0.126099 -0.36255 0.186768 
0.131104 -0.74585 0.281616 -0.99609 -0.55176 0.194580 
0.151611 -0.69214 0.273804 -0.73730 -0.37842 0.197632 
0.175293 -0.70801 0.266602 -0.48096 -0.79346 0.197998 
0.200317 -0.73608 0.260498 -0.21729 -0.79346 0.194702 
0.226440 -0.77759 0.254761 0.6714 -0.85815 0.188721 
0.252808 -0.81665 0.245605 0.32593 -0.90210 0.211182 
0.280518 -0.85571 0.236206 0.56519 -0.93872 0.179932 
0.307251 -0.88257 0.223999 0.78003 -0.99487 0.166870 
0.330811 -0.88501 0.209106 0.95215 -0.110474 0.150024 
0.317871 -0.88013 0.194824 0.108398 -0.127930 0.130981 
0.361572 -0.86914 0.181641 0.116943 -0.152222 0.111084 
0.361572 -0.84717 0.170166 0.121338 -0.181763 0.91919 
0.368286 -0.82031 0.159180 0.123779 -0.214478 0.74341 
0.371094 -0.79590 0.148926 0.125732 -0.249023 0.57861 
0.371460 -0.79590 0.137329 0.128296 -0.285645 0.42358 
0.370239 -0.77026 0.123657 0.131470 -0.322388 0.28809 
0.367310 -0.72754 0.106445 0.135742 -0.357056 0.17578 
0.363159 -0.69336 0.106445 0.140503 -0.390259 0.8789 
0.360352 -0.66772 0.81665 0.146484 -0.417480 0.1465 
0.358032 -0.66040 0.57129 0.147705 -0.437866 -0.5249 
0.354126 -0.64941 0.27710 0.147583 -0.444580 -0.11353 
0.347656 -0.62134 0.854 0.147583 -0.438110 -0.18433 
0.340332 -0.59204 -0.19043 0.148071 -0.457153 -0.25391 
0.329712 -0.56396 -0.39917 0.145386 -0.436890 -0.31372 
0.319580 -0.53467 -0.56274 0.146118 -0.405640 -0.34424 
0.310059 -0.51147 -0.73486 0.148438 -0.381836 -0.35034 
0.302368 -0.49927 -0.91064 0.152832 -0.355225 -0.34912 
0.297730 -0.49683 -0.107666 0.159058 -0.325562 -0.34912 
0.294678 -0.51514 -0.123413 0.164063 -0.293823 -0.35889 
0.292603 -0.55298 -0.137573 0.166016 -0.259766 -0.38330 
0.291260 -0.58350 -0.148804 0.164429 -0.224731 -0.41870 
0.288574 -0.61401 -0.158447 0.161133 -0.189209 -0.46875 
0.288574 -0.63965 -0.165894 0.156128 -0.154663 -0.52856 
0.284424 -0.65674 -0.171875 0.148682 -0.123779 -0.59937 
0.279053 -0.67871 -0.177124 0.140137 -0.98633 -0.67871 
0.273804 -0.67871 -0.182373 0.130737 -0.79224 -0.75073 
0.269653 -0.69946 -0.188110 0.121216 -0.65430 -0.80933 
0.267090 -0.74219 -0.194946 0.110474 -0.55786 -0.85205 
0.266724 -0.77393 -0.194946 0.98511 -0.48950 -0.88745 
0.266480 -0.80811 -0.202271 0.84839 -0.43091 -0.93750 
0.264282 -0.84595 -0.208618 0.68970 -0.36255 -0.99854 
0.260620 -0.87646 -0.213989 0.82520 -0.28320 -0.105469 
0.251465 -0.88623 -0.218506 0.51270 -0.17578 -0.111816 
0.241455 -0.89111 -0.222046 0.32715 -0.3784 -0.117432 
0.231445 -0.90088 -0.223511 0.13916 -0.18311 -0.122559 
0.222046 -0.91187 -0.222534 -0.4028 0.12939 -0.126831 
0.212402 -0.92407 -0.218628 -0.20020 0.31372 -0.129517 
0.202759 -0.93262 -0.212646 -0.34546 0.49438 -0.129761 
0.192505 -0.94360 -0.205200 -0.47241 0.66772 -0.129761 
0.183960 -0.95093 -0.196533 -0.56641 0.84839 -0.128052 
0.176758 -0.96680 -0.187866 -0.62622 0.104126 -0.123535 
0.171387 -0.99243 -0.178955 -0.65674 0.124756 -0.116699 
0.168701 -0.102417 -0.170044 -0.67139 0.146606 -0.109253 
0.168701 -0.104004 -0.162720 -0.68115 0.168457 -0.102783 
0.167969 -0.103638 -0.155640 -0.71777 0.187500 -0.98633 
0.167725 -0.100830 -0.145264 -0.81909 0.200806 -0.97656 
0.169189 -0.100830 -0.132324 -0.98022 0.205811 -0.100220 
0.172363 -0.96069 -0.116821 -0.118164 0.202271 -0.106567 
0.176392 -0.90454 -0.98999 -0.140015 0.190674 -0.115845 
0.179199 -0.84961 -0.111816 -0.160034 0.175293 -0.125610 
0.180298 -0.78857 -0.80566 -0.175049 0.161133 -0.133179 
0.179077 -0.71533 -0.61890 -0.184082 0.150635 -0.136475 
0.176514 -0.61768 -0.44067 -0.156616 0.144531 -0.135254 
0.174072 -0.49683 -0.27100 -0.187866 0.141480 -0.130737 
0.171875 -0.36133 -0.11597 -0.188843 0.138428 -0.124634 
0.170776 -0.21973 0.3662 -0.190308 0.131104 -0.117554 
0.170532 -0.8057 0.19287 -0.194824 0.131104 -0.110352 
0.172363 0.3784 0.35889 -0.201904 0.119141 -0.103638 
0.176392 0.12939 0.52734 -0.208374 0.104858 -0.97046 
0.180786 0.19287 0.69214 -0.210693 0.90210 -0.120728 
0.184692 0.24292 0.84839 -0.207520 0.77148 -0.89478 
0.188477 0.29419 0.98633 -0.198120 0.66895 -0.79956 
0.192017 0.35278 0.109619 -0.182861 0.59814 -0.68848 
0.195801 0.41260 0.116943 -0.163452 0.54932 -0.57373 
0.195801 0.45654 0.119507 -0.142090 0.51025 -0.46143 
0.200317 0.47852 0.118164 -0.121338 0.47119 -0.36011 
0.205688 0.47852 0.115112 -0.103516 0.42969 -0.27466 
0.211670 0.47852 0.111084 -0.88989 0.38818 -0.20630 
0.217285 0.46753 0.106567 -0.77148 0.34180 -0.15625 
0.221924 0.44800 0.102295 -0.67505 0.28809 -0.12085 
0.225342 0.43579 0.98877 -0.59204 0.22583 -0.8911 
0.227905 0.42969 0.98877 -0.50781 0.16113 -0.5127 
0.230347 0.42114 0.95581 -0.41992 0.9644 -0.977 
0.233643 0.41504 0.91675 -0.32837 0.3662 0.2808 
0.237427 0.40527 0.86792 -0.32837 -0.1953 0.5981 
