0.215332 0.53711 0.98999 -0.1099 -0.35034 0.8911 
0.214111 0.54932 0.103027 -0.32349 -0.32104 0.3662 
0.215210 0.57739 0.109009 -0.38574 -0.31860 0.2930 
0.218872 0.60303 0.114990 -0.37964 -0.34058 0.2197 
0.222778 0.62134 0.117676 -0.33569 -0.34058 -0.122 
0.226318 0.61401 0.118408 -0.27710 -0.36011 -0.6104 
0.226074 0.62256 0.120117 -0.22827 -0.35278 -0.17456 
0.225952 0.65186 0.121704 -0.18555 -0.26611 -0.28076 
0.225952 0.69458 0.122070 -0.15747 -0.16724 -0.28076 
0.225098 0.73120 0.121338 -0.13794 -0.10620 -0.36255 
0.225830 0.76782 0.120605 -0.14160 -0.16479 -0.41626 
0.229492 0.80566 0.120239 -0.16846 -0.38696 -0.42114 
0.229492 0.83252 0.122314 -0.20996 -0.75195 -0.37354 
0.233276 0.83618 0.123413 -0.28198 -0.114868 -0.28687 
0.233521 0.82031 0.123657 -0.38696 -0.150024 -0.18188 
0.230103 0.82031 0.126343 -0.52979 -0.177612 -0.9644 
0.223755 0.81421 0.129639 -0.69214 -0.200562 -0.3906 
0.211426 0.81909 0.134644 -0.77393 -0.217896 0.1953 
0.203735 0.85571 0.140259 -0.73975 -0.231201 0.8545 
0.195435 0.92773 0.140259 -0.61646 -0.241333 0.16479 
0.189941 0.98022 0.146362 -0.45654 -0.242065 0.24414 
0.188599 0.83252 0.141357 -0.41626 -0.241577 0.20142 
0.179443 0.99976 0.143677 -0.41626 -0.249023 0.25391 
0.174072 0.114014 0.155396 -0.38086 -0.259033 0.47363 
0.176392 0.107422 0.170166 -0.18921 -0.270630 0.70679 
0.182251 0.96924 0.171875 0.27100 -0.270630 0.91431 
0.186035 0.91797 0.158203 0.91431 -0.281372 0.112915 
0.188965 0.88989 0.134399 0.150024 -0.291870 0.102661 
0.194214 0.86792 0.110962 0.186035 -0.301636 0.151978 
0.200562 0.83252 0.92529 0.196167 -0.312378 0.151978 
0.203247 0.79346 0.75195 0.188721 -0.323242 0.165283 
0.206177 0.80200 0.49927 0.159668 -0.333252 0.178345 
0.209473 0.67261 0.44067 0.105225 -0.340332 0.189331 
0.209473 0.62256 0.19897 0.74585 -0.337891 0.187744 
0.223022 0.46753 0.2197 0.71899 -0.309326 0.181030 
0.232056 0.35767 -0.16113 0.71899 -0.287842 0.165771 
0.235596 0.35767 -0.37964 0.76294 -0.281860 0.149780 
0.242432 0.21362 -0.58838 0.83984 -0.277954 0.139038 
0.251587 0.2686 -0.51025 0.88013 -0.271729 0.130615 
0.261475 -0.13184 -0.77393 0.87524 -0.259033 0.120117 
0.268799 -0.27588 -0.108643 0.81665 -0.239258 0.104370 
0.273438 -0.41992 -0.135498 0.70190 -0.214111 0.84229 
0.277832 -0.56030 -0.159058 0.86670 -0.185181 0.62988 
0.284424 -0.66162 -0.178345 0.55420 -0.155029 0.43213 
0.292114 -0.72144 -0.196533 0.40039 -0.124146 0.23438 
0.295776 -0.76538 -0.216187 0.26733 -0.120972 0.1587 
0.295044 -0.78247 -0.236328 0.15991 -0.89722 -0.22461 
0.290772 -0.79956 -0.256714 0.5249 -0.48950 -0.47119 
0.284668 -0.80811 -0.272705 -0.7690 0.610 -0.39795 
0.277222 -0.79834 -0.282593 -0.23682 0.57617 -0.93140 
0.269165 -0.76050 -0.285156 -0.42358 0.119507 -0.93140 
0.262329 -0.71289 -0.282959 -0.65186 0.181030 -0.111572 
0.254272 -0.65308 -0.276367 -0.91309 0.236084 -0.127197 
0.277466 -0.58838 -0.265869 -0.120239 0.282471 -0.140869 
0.246216 -0.53589 -0.254395 -0.153687 0.322510 -0.151611 
0.239136 -0.49194 -0.240967 -0.190552 0.357544 -0.161133 
0.230347 -0.45532 -0.226440 -0.227661 0.385620 -0.170166 
0.220337 -0.42236 -0.209961 -0.258911 0.409302 -0.179932 
0.207520 -0.42236 -0.187500 -0.280884 0.428223 -0.190308 
0.192383 -0.34546 -0.161133 -0.291382 0.450073 -0.200928 
0.174072 -0.26489 -0.164429 -0.293091 0.471558 -0.206543 
0.147583 -0.19531 -0.133179 -0.287598 0.489868 -0.201782 
0.111816 -0.10864 -0.102539 -0.281128 0.507080 -0.184326 
0.84106 -0.1587 -0.76294 -0.251953 0.514282 -0.156006 
0.51025 0.10254 -0.47852 -0.283203 0.512573 -0.115601 
0.21973 0.10498 -0.24414 -0.294067 0.503784 -0.65063 
0.3052 -0.2319 0.1709 -0.310547 0.513916 -0.16113 
-0.13184 -0.17334 0.31128 -0.332397 0.487915 0.27954 
-0.25146 -0.32959 0.69214 -0.353760 0.456665 0.71655 
-0.39673 -0.46143 0.119629 -0.371216 0.438599 0.77759 
-0.47485 -0.54932 0.174927 -0.384888 0.429077 0.105225 
-0.53101 -0.58228 0.233521 -0.388062 0.415649 0.136475 
-0.56030 -0.57983 0.288818 -0.376587 0.392334 0.153687 
-0.57617 -0.53345 0.337891 -0.352051 0.361572 0.163208 
-0.60669 -0.49683 0.370239 -0.319824 0.324341 0.171753 
-0.60669 -0.49805 0.389038 -0.281372 0.284546 0.181763 
-0.59937 -0.51758 0.395264 -0.238403 0.242676 0.194824 
-0.51636 -0.54932 0.396606 -0.191040 0.199829 0.210938 
-0.39307 -0.55420 0.391480 -0.142700 0.156616 0.228027 
-0.21729 -0.55420 0.382935 -0.94971 0.115234 0.244873 
-0.488 -0.55908 0.404541 -0.49438 0.75684 0.259399 
0.23438 -0.54443 0.364380 -0.7202 0.37964 0.270386 
0.46265 -0.53223 0.364380 0.29053 0.732 0.279053 
0.65674 -0.53101 0.354736 0.56396 -0.35767 0.285278 
0.83008 -0.54688 0.341187 0.41748 -0.73730 0.288696 
0.97534 -0.57861 0.324585 0.72998 -0.118164 0.293091 
0.111450 -0.60181 0.308960 0.79224 -0.173096 0.302979 
0.123413 -0.59082 0.294067 0.78735 -0.177002 0.313599 
0.129395 -0.57739 0.281738 0.76904 -0.249390 0.312134 
0.130249 -0.54810 0.268799 0.79834 -0.311890 0.296753 
0.149170 -0.50781 0.260376 0.92896 -0.389404 0.288086 
0.169556 -0.48096 0.256104 0.107910 -0.472046 0.288818 
0.192261 -0.49072 0.243530 0.120850 -0.551514 0.288818 
0.220825 -0.47241 0.237427 0.139648 -0.606079 0.307861 
0.241943 -0.46875 0.229736 0.162231 -0.641846 0.330688 
0.233398 -0.59082 0.226685 0.186035 -0.666626 0.336670 
0.264648 -0.77881 0.216675 0.192627 -0.684814 0.328247 
0.289673 -0.96802 0.191162 0.177246 -0.694214 0.311890 
0.310425 -0.112915 0.150635 0.148804 -0.680420 0.290283 
0.322632 -0.93994 0.104736 0.119019 -0.638428 0.263428 
0.327393 -0.125244 0.61646 0.92407 -0.580566 0.229248 
0.327881 -0.134521 0.52246 0.69092 -0.524292 0.187744 
0.326782 -0.142090 0.16602 0.51147 -0.477173 0.142822 
0.328613 -0.150024 -0.14648 0.39429 -0.439697 0.99365 
0.336060 -0.157715 -0.43701 0.34058 -0.404785 0.65552 
0.345459 -0.161865 -0.66162 0.33203 -0.363281 0.41748 
0.353027 -0.164795 -0.81665 0.31982 -0.323486 0.21484 
0.356201 -0.168701 -0.93506 0.31982 -0.286987 0.2930 
0.356323 -0.174072 -0.103027 0.28564 -0.282471 -0.13916 
0.351685 -0.178345 -0.109741 0.23193 -0.251099 -0.32227 
0.343750 -0.183594 -0.115112 0.14893 -0.219849 -0.52734 
0.333252 -0.185303 -0.119629 0.5371 -0.192017 -0.76050 
0.321777 -0.183838 -0.126099 -0.4517 -0.172852 -0.68848 
0.310425 -0.179932 -0.132080 -0.11597 -0.154663 -0.100098 
0.298950 -0.173828 -0.136475 -0.16235 -0.132446 -0.122437 
0.287720 -0.166504 -0.141846 -0.21362 -0.109375 -0.143677 
0.308228 -0.158447 -0.146851 -0.26489 -0.82642 -0.163940 
0.266357 -0.148926 -0.149536 -0.31006 -0.51147 -0.184692 
0.266357 -0.139771 -0.151978 -0.37109 -0.19165 -0.207031 
0.250488 -0.131104 -0.158813 -0.46753 0.2563 -0.233276 
0.233643 -0.150146 -0.165894 -0.53711 0.7813 -0.258179 
0.228516 -0.118896 -0.165405 -0.55176 0.11108 -0.268188 
0.222168 -0.108154 -0.160522 -0.56763 0.23804 -0.268677 
0.214600 -0.101440 -0.184082 -0.61523 0.40771 -0.266357 
0.209961 -0.94727 -0.152832 -0.70679 0.55054 -0.263184 
0.208496 -0.88013 -0.144653 -0.83252 0.67993 -0.258423 
0.206909 -0.81665 -0.136841 -0.65674 0.83130 -0.251221 
0.203003 -0.75439 -0.129150 -0.110596 0.101440 -0.243164 
0.197266 -0.70313 -0.121704 -0.110596 0.122070 -0.233398 
0.190918 -0.64941 -0.117188 -0.126465 0.112183 -0.221924 
0.186157 -0.58960 -0.116333 -0.144409 0.134521 -0.209717 
0.181763 -0.52490 -0.116577 -0.161377 0.165771 -0.200073 
0.179321 -0.45898 -0.114990 -0.176514 0.187744 -0.194336 
0.178589 -0.40649 -0.107788 -0.190186 0.206787 -0.191284 
0.176147 -0.36743 -0.95825 -0.201904 0.223755 -0.191284 
0.168335 -0.32349 -0.81787 -0.209229 0.241211 -0.189331 
0.155273 -0.25269 -0.67017 -0.210693 0.260498 -0.186035 
0.139893 -0.15503 -0.51025 -0.205566 0.281860 -0.178101 
0.154541 -0.5737 -0.32227 -0.193237 0.304077 -0.161987 
0.123291 0.3296 -0.7935 -0.174194 0.323608 -0.137573 
0.108521 0.8545 0.25635 -0.150269 0.336914 -0.109009 
0.101196 0.9155 0.64575 -0.127930 0.340576 -0.81787 
0.103271 0.9155 0.105835 -0.113403 0.334229 -0.59937 
0.110962 0.5005 0.141357 -0.110962 0.316528 -0.46631 
0.121948 0.1465 0.133789 -0.114380 0.292725 -0.41626 
0.132690 -0.1587 0.165039 -0.111694 0.270508 -0.42725 
0.142700 -0.3418 0.182007 -0.101196 0.249390 -0.45532 
0.150269 -0.2686 0.196045 -0.117554 0.226563 -0.45776 
0.153687 0.977 0.206665 -0.68481 0.201050 -0.41626 
0.155273 0.6958 0.213623 -0.68481 0.173462 -0.34058 
