0.258423 -0.26978 0.3418 -0.83008 0.90576 -0.1099 
0.262207 -0.25757 0.9033 -0.87158 0.119995 -0.2563 
0.265625 -0.26611 0.11597 -0.93140 0.157105 -0.6348 
0.265259 -0.27344 0.15381 -0.98022 0.189087 -0.6348 
0.263550 -0.29907 0.19165 -0.102661 0.219482 -0.12451 
0.263184 -0.32104 0.21851 -0.105713 0.245728 -0.20142 
0.263428 -0.33325 0.20386 -0.105713 0.265869 -0.28687 
0.263428 -0.33936 0.24414 -0.99976 0.268677 -0.36499 
0.261230 -0.31250 0.31616 -0.88867 0.254883 -0.42603 
0.257080 -0.27100 0.40283 -0.76416 0.228149 -0.45166 
0.251587 -0.27100 0.49316 -0.64453 0.187500 -0.43457 
0.246582 -0.23560 0.56763 -0.51758 0.132568 -0.38452 
0.244019 -0.21118 0.59692 -0.37598 0.66040 -0.32837 
0.242310 -0.20996 0.60181 -0.23438 -0.6470 -0.28809 
0.241821 -0.20508 0.60181 -0.11353 -0.77026 -0.26978 
0.243652 -0.18677 0.62622 -0.977 -0.133667 -0.25146 
0.246094 -0.13062 0.65063 -0.24048 -0.171509 -0.16846 
0.249023 -0.8179 0.67017 0.7202 -0.195679 -0.488 
0.243530 -0.2197 0.67017 0.11475 -0.209595 0.17700 
0.239136 -0.366 0.67993 0.16479 -0.216309 0.39307 
0.234253 0.9155 0.60913 0.26001 -0.216309 0.66528 
0.233032 0.4150 0.46631 0.51392 -0.220093 0.91797 
0.233032 -0.14526 0.34668 0.81299 -0.230835 0.72266 
0.236084 -0.47729 0.24292 0.90820 -0.238892 0.121948 
0.240479 -0.72266 0.15503 0.75073 -0.234863 0.90698 
0.246704 -0.56396 0.13794 0.45532 -0.225342 0.59692 
0.225220 -0.30640 0.13062 0.13184 -0.216675 0.32104 
0.260376 -0.15991 0.13306 -0.11353 -0.202515 0.17334 
0.260376 -0.18066 0.14404 -0.26245 -0.184204 0.15259 
0.257935 -0.26001 0.15381 -0.32837 -0.167480 0.17700 
0.255859 -0.2930 0.13916 -0.27710 -0.154663 0.18433 
0.255859 -0.38574 0.13184 -0.9155 -0.146606 0.17456 
0.252563 -0.38574 0.8179 0.27588 -0.146240 0.21851 
0.251343 -0.42358 0.24902 0.69702 -0.137573 0.32349 
0.253662 -0.39185 -0.24048 0.73853 -0.123413 0.49438 
0.265869 -0.21729 -0.24048 0.40161 -0.113403 0.63232 
0.273804 -0.25146 -0.46997 0.4272 -0.102173 0.64697 
0.276123 -0.32959 -0.57739 0.3296 -0.93018 0.55420 
0.279907 -0.40527 -0.69336 -0.27954 -0.84473 0.37354 
0.287231 -0.52612 -0.78125 -0.54443 -0.73242 0.11353 
0.299194 -0.62988 -0.80688 -0.70557 -0.92529 -0.19409 
0.310425 -0.70923 -0.83252 -0.74829 -0.50415 -0.52368 
0.317139 -0.75562 -0.89355 -0.67871 -0.50415 -0.83984 
0.318237 -0.77393 -0.96924 -0.54688 -0.40527 -0.79834 
0.314209 -0.77026 -0.108276 -0.43457 -0.34668 -0.100464 
0.306641 -0.74463 -0.123291 -0.36865 -0.31372 -0.131714 
0.300659 -0.72754 -0.138794 -0.36255 -0.28564 -0.144653 
0.300171 -0.75073 -0.153320 -0.42358 -0.25635 -0.151733 
0.301514 -0.76782 -0.167114 -0.53711 -0.20752 -0.157471 
0.301514 -0.76782 -0.179321 -0.71533 -0.11841 -0.163330 
0.303101 -0.78003 -0.185547 -0.97412 -0.244 -0.169800 
0.300781 -0.73975 -0.185303 -0.126709 0.14526 -0.180786 
0.293213 -0.64941 -0.179077 -0.152588 0.30884 -0.195679 
0.281128 -0.64941 -0.174927 -0.168945 0.48462 -0.211182 
0.265747 -0.54321 -0.175659 -0.177246 0.70068 -0.222046 
0.251099 -0.45288 -0.178711 -0.183105 0.96069 -0.226074 
0.238159 -0.35767 -0.178711 -0.186768 0.125854 -0.224731 
0.226440 -0.26245 -0.180542 -0.187134 0.158569 -0.219727 
0.214233 -0.19653 -0.180542 -0.157349 0.192627 -0.211914 
0.201416 -0.13184 -0.177612 -0.188599 0.227295 -0.200928 
0.188232 -0.6592 -0.173950 -0.192261 0.262451 -0.186890 
0.174805 0.00 -0.168579 -0.197021 0.265015 -0.170532 
0.165771 0.3906 -0.156616 -0.203003 0.288940 -0.154175 
0.158936 0.5249 -0.144165 -0.215820 0.320190 -0.141235 
0.151123 0.6470 -0.133057 -0.239258 0.331909 -0.132568 
0.144409 0.9644 -0.117432 -0.267578 0.336914 -0.127319 
0.138794 0.13672 -0.92163 -0.290894 0.337280 -0.127319 
0.130127 0.17456 -0.66895 -0.306641 0.329102 -0.123047 
0.117188 0.21484 -0.48828 -0.314331 0.316162 -0.116943 
0.101318 0.26123 -0.26733 -0.314941 0.305176 -0.106201 
0.101318 0.31494 -0.6592 -0.318604 0.290772 -0.87646 
0.85083 0.36011 0.5493 -0.326294 0.278564 -0.62012 
0.70801 0.38086 0.21606 -0.332153 0.275147 -0.32349 
0.52979 0.32715 0.49194 -0.340332 0.273193 0.1099 
0.43945 0.32715 0.82031 -0.352783 0.263794 0.35767 
0.35278 0.28076 0.87891 -0.359985 0.252808 0.71655 
0.20996 0.18799 0.119507 -0.352173 0.248901 0.101929 
0.2686 0.6958 0.150757 -0.321655 0.259155 0.123657 
-0.3540 -0.9033 0.180542 -0.276611 0.276855 0.138794 
-0.122 -0.31738 0.211060 -0.267212 0.284912 0.149902 
0.11230 -0.47241 0.237549 -0.241699 0.275024 0.162598 
0.26978 -0.60913 0.252808 -0.210449 0.244263 0.176270 
0.47363 -0.68604 0.260498 -0.210205 0.227539 0.190918 
0.75317 -0.73364 0.261230 -0.228760 0.206177 0.210693 
0.104736 -0.75928 0.260376 -0.244507 0.143677 0.237549 
0.123779 -0.77026 0.264160 -0.244629 0.95947 0.269287 
0.130249 -0.80933 0.273315 -0.228516 0.60181 0.267700 
0.132202 -0.84595 0.286987 -0.207642 0.33691 0.298950 
0.137695 -0.88745 0.294556 -0.189941 0.8423 0.318970 
0.146484 -0.93628 0.295776 -0.171997 -0.15869 0.326172 
0.129761 -0.101196 0.295410 -0.154419 -0.42603 0.322998 
0.177124 -0.107056 0.295776 -0.137817 -0.69458 0.316772 
0.177124 -0.110596 0.297730 -0.120117 -0.96313 0.308350 
0.190186 -0.115112 0.295654 -0.99731 -0.124146 0.296265 
0.200317 -0.120850 0.289795 -0.73608 -0.147339 0.280518 
0.209595 -0.120850 0.282349 -0.49561 -0.164185 0.260986 
0.216187 -0.126465 0.275024 -0.35767 -0.177002 0.238037 
0.225586 -0.129028 0.263550 -0.26855 -0.191040 0.215088 
0.235230 -0.127808 0.263550 -0.13550 -0.207153 0.195557 
0.242065 -0.125610 0.247803 0.6714 -0.228760 0.183472 
0.244019 -0.124512 0.231201 0.30396 -0.257446 0.177856 
0.242676 -0.125366 0.215942 0.23926 -0.291382 0.175903 
0.240479 -0.126099 0.199097 0.55176 -0.325317 0.174683 
0.239624 -0.128296 0.177490 0.81543 -0.324951 0.169434 
0.246338 -0.131958 0.149902 0.106079 -0.347168 0.158325 
0.258179 -0.133667 0.120972 0.123535 -0.378418 0.140381 
0.278687 -0.130615 0.93262 0.128662 -0.389282 0.119873 
0.293823 -0.124390 0.68848 0.123535 -0.392090 0.99121 
0.302002 -0.119019 0.48096 0.115356 -0.392090 0.99121 
0.302368 -0.117432 0.33813 0.109009 -0.394775 0.78491 
0.297363 -0.119507 0.27832 0.106079 -0.401855 0.58472 
0.292358 -0.123291 0.27588 0.107910 -0.412598 0.38940 
0.289795 -0.126343 0.21729 0.118530 -0.424805 0.21118 
0.289795 -0.130249 0.5737 0.139771 -0.433228 0.5371 
0.290405 -0.134766 -0.20752 0.161377 -0.433960 -0.9521 
0.293823 -0.137451 -0.54810 0.170532 -0.421265 -0.24902 
0.302368 -0.137451 -0.85205 0.160156 -0.391724 -0.43579 
0.309204 -0.139771 -0.104126 0.134033 -0.350708 -0.67017 
0.313232 -0.142090 -0.111450 0.104370 -0.307495 -0.94360 
0.316895 -0.143921 -0.111450 0.81055 -0.268311 -0.123657 
0.319702 -0.146362 -0.111328 0.67383 -0.234619 -0.153687 
0.322388 -0.150146 -0.107056 0.93384 -0.204346 -0.183594 
0.324951 -0.151245 -0.104492 0.33813 -0.171387 -0.212769 
0.328613 -0.149780 -0.111328 0.65063 -0.132324 -0.241333 
0.329712 -0.149048 -0.127197 0.73608 -0.155518 -0.268311 
0.323975 -0.147583 -0.145020 0.78003 -0.88867 -0.293701 
0.313843 -0.142578 -0.157837 0.67871 -0.57617 -0.316650 
0.303467 -0.137573 -0.168457 0.39429 -0.29541 -0.339111 
0.296997 -0.128540 -0.169678 0.9155 -0.9644 -0.326782 
0.287598 -0.118164 -0.164795 -0.13794 -0.3052 -0.358032 
0.274292 -0.110718 -0.157471 -0.31494 -0.9033 -0.369507 
0.261963 -0.102173 -0.150146 -0.42358 -0.18677 -0.377808 
0.279419 -0.93750 -0.145874 -0.48584 -0.24292 -0.379150 
0.239624 -0.86914 -0.143311 -0.56763 -0.22705 -0.371826 
0.239624 -0.76660 -0.146362 -0.70679 -0.19897 -0.355469 
0.233276 -0.64331 -0.149414 -0.82520 -0.17700 -0.336426 
0.226929 -0.88135 -0.146729 -0.91431 -0.18188 -0.317993 
0.216064 -0.56885 -0.140869 -0.100098 -0.17700 -0.300049 
0.202881 -0.50659 -0.134399 -0.107788 -0.10376 -0.280151 
0.191162 -0.43213 -0.129761 -0.114014 0.3784 -0.258423 
0.184082 -0.34180 -0.126831 -0.119263 0.21240 -0.236694 
0.182617 -0.23682 -0.126831 -0.125366 0.37231 -0.218994 
0.183838 -0.13306 -0.121338 -0.133911 0.48462 -0.207275 
0.183228 -0.3906 -0.112671 -0.142334 0.54810 -0.200806 
0.179565 0.3906 -0.101196 -0.142334 0.58594 -0.196411 
0.175293 0.11108 -0.88257 -0.148804 0.60791 -0.190674 
0.172119 0.18555 -0.75317 -0.152466 0.31860 -0.181885 
0.169189 0.25513 -0.64087 -0.153198 0.63110 -0.169434 
0.166870 0.32593 -0.54321 -0.152466 0.65918 -0.155029 
0.168823 0.42358 -0.47852 -0.152466 0.69214 -0.142578 
