0.265259 -0.29785 -0.27222 0.100586 -0.83618 0.7935 
0.274780 -0.29419 -0.27588 0.92163 -0.64697 0.6958 
0.275635 -0.25757 -0.24658 0.86670 -0.49805 0.10010 
0.274536 -0.20264 -0.24658 0.85571 -0.33691 0.13916 
0.271851 -0.12817 -0.22461 0.84351 -0.19653 0.17090 
0.267700 -0.7813 -0.21240 0.81421 -0.12207 0.17700 
0.262207 -0.4517 -0.22339 0.81421 -0.7446 0.15869 
0.258423 -0.4028 -0.28809 0.77148 -0.7446 0.11353 
0.254761 -0.2686 -0.31494 0.68115 -0.10986 0.4150 
0.250488 -0.1831 -0.29053 0.50903 -0.20020 -0.5615 
0.250977 0.1099 -0.23315 0.29907 -0.20020 -0.18311 
0.255249 0.2686 -0.15869 0.10498 -0.35400 -0.1831 
0.257935 -0.244 -0.10742 -0.4639 -0.53833 -0.45532 
0.255859 -0.9644 0.854 -0.17212 -0.76538 -0.45532 
0.247437 -0.17578 0.18311 -0.25269 -0.92529 -0.49561 
0.236328 -0.16968 0.34180 -0.20386 -0.96802 -0.39551 
0.223755 -0.11353 0.46509 0.366 -0.96313 -0.17334 
0.223755 -0.6592 0.55054 0.31616 -0.99854 0.10254 
0.212524 -0.4639 0.52856 0.69580 -0.111084 0.36865 
0.205200 -0.29297 0.45532 0.110962 -0.123535 0.57373 
0.203980 -0.5615 0.26489 0.145508 -0.134277 0.60669 
0.212402 -0.36865 0.10986 0.177002 -0.132935 0.53223 
0.226440 -0.31982 0.3052 0.194092 -0.124268 0.45654 
0.231812 -0.28687 0.30029 0.195557 -0.113281 0.40894 
0.235840 -0.32104 -0.1221 0.193237 -0.103882 0.38208 
0.241577 -0.37964 -0.2808 0.194458 -0.99609 0.37109 
0.250732 -0.43945 -0.1587 0.201172 -0.100586 0.36255 
0.263062 -0.50537 0.610 0.201172 -0.104126 0.34546 
0.270508 -0.54688 0.488 0.213989 -0.107422 0.34058 
0.274902 -0.54565 -0.3784 0.230713 -0.109497 0.35522 
0.278564 -0.52246 -0.16113 0.249634 -0.109985 0.37842 
0.283325 -0.51392 -0.36987 0.267822 -0.109985 0.36987 
0.293091 -0.57373 -0.67993 0.279785 -0.109131 0.29297 
0.308472 -0.69946 -0.95947 0.280640 -0.103882 0.14282 
0.319824 -0.77759 -0.130737 0.261353 -0.102173 0.14282 
0.329224 -0.80322 -0.168213 0.226929 -0.83984 -0.5981 
0.331543 -0.91187 -0.195801 0.183472 -0.54321 -0.28687 
0.326660 -0.101318 -0.214722 0.140747 -0.20630 -0.52002 
0.323730 -0.107178 -0.228027 0.106079 0.14771 -0.73120 
0.323730 -0.113159 -0.237305 0.76538 0.47363 -0.89111 
0.322510 -0.117432 -0.247070 0.50659 0.80688 -0.101074 
0.321411 -0.120850 -0.259033 0.28442 0.117676 -0.110229 
0.318726 -0.120850 -0.269653 0.7935 0.156738 -0.118042 
0.315063 -0.123535 -0.275269 -0.13306 0.196289 -0.125854 
0.311523 -0.122803 -0.276245 -0.37476 0.235352 -0.135010 
0.302734 -0.118652 -0.276245 -0.65674 0.274414 -0.147095 
0.291992 -0.114624 -0.269897 -0.96069 0.313965 -0.161987 
0.282349 -0.110962 -0.255737 -0.93872 0.352661 -0.178589 
0.272827 -0.107422 -0.236084 -0.149170 0.391480 -0.196045 
0.260742 -0.103394 -0.213135 -0.149170 0.430542 -0.213623 
0.243774 -0.98511 -0.189087 -0.167847 0.437012 -0.230835 
0.223022 -0.92163 -0.162964 -0.182983 0.437988 -0.244385 
0.196411 -0.82886 -0.136230 -0.198242 0.500488 -0.250488 
0.163574 -0.72998 -0.109985 -0.216064 0.525635 -0.246094 
0.135254 -0.62622 -0.83496 -0.238403 0.542358 -0.231201 
0.105957 -0.54932 -0.52612 -0.265503 0.546997 -0.231201 
0.77026 -0.47241 -0.18677 -0.296021 0.538208 -0.208496 
0.47363 -0.39185 0.18433 -0.327026 0.509888 -0.179443 
0.49438 -0.34180 0.56763 -0.351929 0.461182 -0.145874 
0.26001 -0.31250 0.96802 -0.365601 0.399780 -0.109009 
-0.5249 -0.30151 0.135010 -0.366943 0.333374 -0.68848 
-0.22217 -0.244 0.168457 -0.358643 0.266113 -0.26733 
-0.32715 -0.32837 0.199951 -0.347046 0.197021 0.13672 
-0.39063 -0.32837 0.231934 -0.335693 0.124268 0.48462 
-0.40527 -0.35156 0.265991 -0.323975 0.47852 0.75928 
-0.38818 -0.34912 0.266602 -0.307861 -0.30518 0.96802 
-0.34790 -0.33203 0.297852 -0.282715 -0.104492 0.112915 
-0.26123 -0.31982 0.323486 -0.248901 -0.171021 0.126221 
-0.11230 -0.28809 0.340332 -0.235352 -0.227173 0.138550 
0.8667 -0.26123 0.347778 -0.209961 -0.273315 0.148682 
0.32837 -0.26001 0.345459 -0.147461 -0.312012 0.157959 
0.63721 -0.31494 0.342041 -0.81909 -0.307983 0.172485 
0.93140 -0.35400 0.335083 -0.20264 -0.325928 0.183228 
0.116577 -0.30029 0.322876 0.31738 -0.357178 0.166016 
0.152954 -0.41382 0.307373 0.77271 -0.375977 0.140015 
0.190552 -0.45044 0.281494 0.113525 -0.403442 0.149048 
0.226685 -0.43823 0.253296 0.145630 -0.427734 0.117798 
0.252319 -0.41260 0.223877 0.171631 -0.446289 0.103027 
0.265259 -0.37231 0.191528 0.191040 -0.456055 0.98999 
0.274292 -0.33813 0.159424 0.207031 -0.461792 0.102661 
0.253174 -0.31250 0.132080 0.220459 -0.466797 0.110596 
0.284424 -0.31738 0.108887 0.232910 -0.472656 0.117554 
0.298950 -0.36377 0.87280 0.246826 -0.479248 0.120972 
0.316895 -0.42847 0.59692 0.259766 -0.485230 0.120972 
0.337891 -0.42847 0.27588 0.270264 -0.484985 0.120361 
0.356201 -0.49683 -0.10254 0.274658 -0.474731 0.121338 
0.368652 -0.56763 -0.12817 0.272705 -0.450806 0.123291 
0.374634 -0.64331 -0.41870 0.260620 -0.414917 0.123413 
0.377686 -0.71655 -0.73120 0.240479 -0.371704 0.119995 
0.378174 -0.80078 -0.96924 0.218750 -0.325439 0.111572 
0.377197 -0.89844 -0.114624 0.229858 -0.280884 0.98022 
0.376099 -0.100220 -0.130371 0.198608 -0.239746 0.79468 
0.373535 -0.111328 -0.144409 0.182251 -0.200928 0.57251 
0.370728 -0.122925 -0.157227 0.169434 -0.194336 0.32837 
0.368286 -0.133301 -0.167603 0.157593 -0.163086 0.8301 
0.364502 -0.142212 -0.175903 0.144653 -0.124878 -0.15869 
0.359985 -0.148560 -0.180298 0.129883 -0.87280 -0.8545 
0.354858 -0.153442 -0.182739 0.114136 -0.51514 -0.31738 
0.347778 -0.157349 -0.186523 0.98999 -0.22217 -0.62988 
0.339478 -0.158081 -0.187744 0.85571 -0.2441 -0.84351 
0.331055 -0.157593 -0.183960 0.72144 0.8545 -0.103638 
0.321411 -0.155273 -0.180420 0.58228 0.13672 -0.120483 
0.321411 -0.152344 -0.176514 0.46509 0.18799 -0.135254 
0.309448 -0.150024 -0.169678 0.36987 0.24780 -0.148071 
0.296265 -0.146973 -0.164673 0.26489 0.29907 -0.158569 
0.284668 -0.146973 -0.159180 0.16235 0.35889 -0.165894 
0.271240 -0.143677 -0.152954 0.6348 0.42480 -0.172607 
0.258789 -0.139282 -0.148315 -0.4395 0.48340 -0.180298 
0.249390 -0.134644 -0.144165 -0.15625 0.53223 -0.187500 
0.235596 -0.130249 -0.144165 -0.29053 0.56885 -0.195190 
0.222778 -0.124756 -0.140625 -0.13428 0.59204 -0.199951 
0.209961 -0.118896 -0.138794 -0.60669 0.60669 -0.199463 
0.200073 -0.114136 -0.135376 -0.60669 0.62134 -0.192017 
0.188599 -0.109619 -0.130737 -0.78613 0.60913 -0.181641 
0.179932 -0.105225 -0.127197 -0.99365 0.60425 -0.171997 
0.175293 -0.99487 -0.123413 -0.119995 0.60425 -0.162720 
0.170166 -0.93750 -0.118896 -0.138550 0.62500 -0.156006 
0.163574 -0.87402 -0.114258 -0.154541 0.68848 -0.151489 
0.156372 -0.81055 -0.109009 -0.166138 0.77881 -0.148315 
0.150513 -0.75439 -0.104492 -0.171753 0.87158 -0.148315 
0.145020 -0.69702 -0.103027 -0.173584 0.96436 -0.145508 
0.140259 -0.63599 -0.103760 -0.175415 0.108154 -0.141602 
0.136353 -0.57007 -0.102783 -0.180054 0.123657 -0.136108 
0.136353 -0.49927 -0.100952 -0.186035 0.144775 -0.130493 
0.135620 -0.44434 -0.97534 -0.185913 0.171875 -0.127441 
0.142090 -0.36499 -0.88135 -0.182495 0.197510 -0.128052 
0.149048 -0.36499 -0.74707 -0.177612 0.217041 -0.130737 
0.149414 -0.25269 -0.58594 -0.169067 0.231934 -0.133179 
0.144409 -0.13428 -0.40039 -0.160400 0.241211 -0.130981 
0.137573 -0.1587 -0.51636 -0.154175 0.242310 -0.122681 
0.131958 0.9888 -0.20386 -0.150146 0.234009 -0.109131 
0.130249 0.18677 0.366 -0.149902 0.218018 -0.91675 
0.135254 0.23193 0.20874 -0.155273 0.197998 -0.72388 
0.146484 0.25757 0.41748 -0.155273 0.177246 -0.55054 
0.161255 0.27710 0.62988 -0.165161 0.157837 -0.42114 
0.175415 0.29053 0.83374 -0.175781 0.171997 -0.34180 
0.186890 0.30029 0.102051 -0.184814 0.125977 -0.30640 
0.194702 0.32349 0.118164 -0.190308 0.125977 -0.29785 
0.199585 0.34668 0.132446 -0.189697 0.112061 -0.29541 
0.202393 0.36377 0.142822 -0.182251 0.99121 -0.28076 
0.205688 0.37598 0.150146 -0.168457 0.88013 -0.28076 
0.210571 0.38208 0.152832 -0.150024 0.79468 -0.24292 
0.216675 0.38696 0.151733 -0.130005 0.73120 -0.18555 
0.192383 0.38208 0.148804 -0.110474 0.67261 -0.12085 
0.223633 0.37354 0.144409 -0.92651 0.60059 -0.6348 
0.231079 0.36011 0.137695 -0.77026 0.51514 -0.1953 
0.238037 0.34180 0.129883 -0.64575 0.41992 0.1343 
0.244629 0.32349 0.121826 -0.54932 0.31860 0.3540 
0.250610 0.32349 0.114014 -0.46997 0.21851 0.4395 
0.255859 0.30640 0.105713 -0.39917 0.12207 0.4150 
