0.239502 0.1709 0.61646 -0.47363 -0.7446 0.10254 
0.243774 0.2563 0.62500 -0.58960 0.5737 0.7446 
0.248535 0.977 0.63354 -0.40161 0.15625 0.1099 
0.251465 0.244 0.66040 -0.71411 0.21362 -0.10254 
0.252808 0.2441 0.72754 -0.83252 0.22217 -0.22583 
0.250732 0.8057 0.81177 -0.93140 0.18433 -0.32471 
0.246338 0.13306 0.90210 -0.101563 0.10742 -0.38818 
0.243164 0.17944 0.97290 -0.106812 0.10742 -0.42236 
0.242065 0.21973 0.99121 -0.109985 -0.2319 -0.45288 
0.244141 0.22705 0.95459 -0.114258 -0.22217 -0.51636 
0.250610 0.20508 0.87158 -0.120972 -0.50049 -0.51636 
0.258057 0.18188 0.81421 -0.131836 -0.84351 -0.62744 
0.261475 0.14526 0.71167 -0.147339 -0.116943 -0.79834 
0.262207 0.6592 0.67261 -0.164795 -0.154297 -0.98755 
0.257690 -0.488 0.71655 -0.184204 -0.188110 -0.111816 
0.257690 -0.244 0.77393 -0.200317 -0.205444 -0.115601 
0.256836 -0.23071 0.77637 -0.195679 -0.221802 -0.109253 
0.258179 0.610 0.76538 -0.161255 -0.237549 -0.95459 
0.252441 0.610 0.68481 -0.130981 -0.251099 -0.85083 
0.245239 -0.45288 0.59692 -0.114746 -0.265137 -0.93994 
0.241943 -0.50293 0.52124 -0.101563 -0.281128 -0.108154 
0.249756 -0.16235 0.52124 -0.84106 -0.291870 -0.112427 
0.256104 0.6104 0.44800 -0.62256 -0.291748 -0.111206 
0.255981 0.7446 0.42725 -0.39795 -0.284058 -0.112549 
0.260010 0.1587 0.38086 -0.49683 -0.274292 -0.118652 
0.265259 0.00 0.39795 -0.18433 -0.263306 -0.126709 
0.264771 0.9521 0.23804 -0.1709 -0.279907 -0.115967 
0.256348 0.33325 -0.3418 -0.10986 -0.234009 -0.85815 
0.265747 0.16968 -0.488 -0.70557 -0.234009 -0.73608 
0.265381 0.24170 0.3052 -0.135010 -0.211426 -0.61035 
0.259766 0.35156 -0.1221 -0.196045 -0.168335 -0.38574 
0.257568 0.29053 0.13428 -0.241821 -0.104248 -0.38574 
0.249634 0.42480 0.19409 -0.293457 -0.40283 -0.10254 
0.221924 0.31982 0.11108 -0.332764 0.27222 -0.1343 
0.249634 0.35889 0.20264 -0.356445 0.97046 -0.7568 
0.218384 0.52490 0.30518 -0.369263 0.161987 -0.15381 
0.218384 0.66895 0.37964 -0.372925 0.228394 -0.16235 
0.214844 0.82886 0.43823 -0.375977 0.284668 -0.16479 
0.217163 0.91431 0.48218 -0.367188 0.321411 -0.24414 
0.225220 0.91431 0.56641 -0.343384 0.339722 -0.37842 
0.235840 0.85327 0.63721 -0.324463 0.347778 -0.36011 
0.242432 0.81665 0.70068 -0.315552 0.344849 -0.30518 
0.250366 0.77881 0.70068 -0.315063 0.326782 -0.31982 
0.250610 0.76172 0.79590 -0.315674 0.291870 -0.41138 
0.242920 0.64941 0.81787 -0.323242 0.232666 -0.64575 
0.230103 0.70190 0.92041 -0.303955 0.153198 -0.91309 
0.225952 0.74951 0.113281 -0.241455 0.66895 -0.104370 
0.219482 0.68115 0.122803 -0.190918 0.76660 -0.103760 
0.221802 0.63721 0.133911 -0.154297 -0.7202 -0.100952 
0.229736 0.63110 0.141113 -0.115479 -0.100952 -0.104492 
0.233643 0.55542 0.131958 -0.60547 -0.178467 -0.112793 
0.237183 0.52734 0.119141 -0.1709 -0.241821 -0.116455 
0.241455 0.57861 0.107178 0.41992 -0.289917 -0.116455 
0.244995 0.67017 0.99365 0.49927 -0.316040 -0.111450 
0.247559 0.75684 0.91064 0.30273 -0.325684 -0.98755 
0.221191 0.80933 0.82642 0.5981 -0.325195 -0.84229 
0.261475 0.84351 0.74829 -0.21606 -0.313477 -0.72754 
0.261475 0.82397 0.67261 -0.54077 -0.287598 -0.63232 
0.270508 0.78857 0.59814 -0.91431 -0.248291 -0.51514 
0.274536 0.78247 0.50049 -0.130737 -0.195801 -0.36743 
0.274536 0.78247 0.37476 -0.161011 -0.135864 -0.19653 
0.272705 0.81177 0.33447 -0.174561 -0.79834 -0.5005 
0.271973 0.92896 0.61279 -0.177246 -0.42725 0.4150 
0.271484 0.105591 0.27222 -0.172852 -0.32104 0.3540 
0.269409 0.111450 0.27222 -0.166016 -0.37964 -0.4517 
0.265869 0.114380 0.24292 -0.162354 -0.55054 -0.15625 
0.262207 0.115601 0.23438 -0.186646 -0.81421 -0.28564 
0.257813 0.115845 0.16968 -0.155396 -0.111328 -0.39307 
0.252686 0.114380 0.6714 -0.147583 -0.142090 -0.45532 
0.250000 0.113281 -0.2686 -0.146118 -0.137817 -0.48096 
0.249268 0.113037 -0.9888 -0.149048 -0.169067 -0.50415 
0.249146 0.111328 -0.14404 -0.151001 -0.191284 -0.54810 
0.247681 0.107666 -0.21362 -0.144165 -0.206787 -0.59448 
0.242065 0.105103 -0.34058 -0.135132 -0.216919 -0.59692 
0.230591 0.102173 -0.47485 -0.131836 -0.224121 -0.59692 
0.218750 0.100464 -0.58472 -0.135986 -0.228271 -0.51025 
0.244629 0.98022 -0.69336 -0.143311 -0.225220 -0.34302 
0.218506 0.91064 -0.82397 -0.149902 -0.214478 -0.14526 
0.218506 0.81177 -0.95581 -0.156250 -0.196167 0.1465 
0.229614 0.70313 -0.109375 -0.161743 -0.170410 0.10376 
0.243774 0.92285 -0.125000 -0.167847 -0.141357 0.10254 
0.254150 0.61035 -0.136719 -0.177490 -0.113647 0.3540 
0.258423 0.53589 -0.146851 -0.188965 -0.86914 -0.5249 
0.258911 0.46875 -0.155518 -0.201782 -0.61279 -0.13672 
0.256714 0.42114 -0.131226 -0.215576 -0.36255 -0.20752 
0.251343 0.40161 -0.162476 -0.229126 -0.11108 -0.26367 
0.243774 0.38940 -0.164429 -0.240479 0.13306 -0.30151 
0.234619 0.37231 -0.157959 -0.246216 0.36499 -0.30762 
0.222900 0.36987 -0.148193 -0.246216 0.57251 -0.27954 
0.209351 0.36499 -0.139160 -0.245850 0.76050 -0.20874 
0.196411 0.36499 -0.133911 -0.241333 0.92896 -0.10254 
0.185547 0.36865 -0.128174 -0.238403 0.92896 0.2441 
0.175537 0.36255 -0.121948 -0.238892 0.106567 0.15503 
0.165527 0.35156 -0.115234 -0.244751 0.117188 0.27832 
0.154785 0.30884 -0.102173 -0.255615 0.122803 0.8301 
0.143799 0.24048 -0.88623 -0.264893 0.126587 0.39551 
0.131470 0.16357 -0.74707 -0.269287 0.134033 0.51880 
0.150391 0.9888 -0.60425 -0.267700 0.147827 0.66895 
0.106934 0.5371 -0.48584 -0.259766 0.167847 0.85327 
0.106934 0.2686 -0.34180 -0.248291 0.196533 0.107056 
0.94482 -0.2441 -0.18311 -0.235352 0.230347 0.133423 
0.83618 -0.8179 -0.5005 -0.225464 0.266357 0.162231 
0.74219 -0.8179 0.12573 -0.221558 0.300537 0.189575 
0.65308 -0.16968 0.35034 -0.220337 0.330200 0.213989 
0.58838 -0.28442 0.36865 -0.216309 0.354370 0.235230 
0.53467 -0.40527 0.82031 -0.204224 0.372314 0.253296 
0.48096 -0.51880 0.113281 -0.179321 0.386963 0.271729 
0.40527 -0.59448 0.158691 -0.172241 0.404541 0.293701 
0.31372 -0.63110 0.194092 -0.137817 0.420532 0.315063 
0.27100 -0.60059 0.213013 -0.106567 0.413452 0.325073 
0.25391 -0.55420 0.232666 -0.104248 0.378296 0.319946 
0.27222 -0.58716 0.265137 -0.125732 0.391357 0.306030 
0.33447 -0.64819 0.305664 -0.144653 0.328857 0.291870 
0.41138 -0.70923 0.341919 -0.146973 0.275635 0.285400 
0.48706 -0.74951 0.372070 -0.131104 0.228516 0.290283 
0.55908 -0.77271 0.391113 -0.102295 0.194580 0.302856 
0.64453 -0.77515 0.402100 -0.70435 0.171753 0.302856 
0.74707 -0.76660 0.411133 -0.47119 0.148193 0.316040 
0.87158 -0.77271 0.420898 -0.33203 0.115723 0.324585 
0.69946 -0.78857 0.426392 -0.24414 0.73853 0.327393 
0.101196 -0.80200 0.428955 -0.15259 0.26978 0.325195 
0.117676 -0.81909 0.427368 -0.2319 -0.21240 0.320068 
0.135132 -0.85083 0.418213 0.16846 -0.66406 0.315674 
0.152954 -0.89844 0.400513 0.40283 -0.105713 0.314209 
0.172363 -0.89844 0.377808 0.62988 -0.139526 0.314697 
0.195801 -0.95703 0.385742 0.80811 -0.170898 0.312500 
0.220947 -0.102905 0.365234 0.93384 -0.203003 0.302246 
0.242920 -0.112183 0.333984 0.102295 -0.237305 0.280762 
0.266846 -0.123413 0.310059 0.112549 -0.269653 0.251221 
0.292236 -0.135498 0.282105 0.121948 -0.298218 0.218140 
0.317017 -0.147095 0.253662 0.121948 -0.322388 0.184448 
0.338623 -0.157959 0.227417 0.127930 -0.342773 0.151367 
0.354858 -0.167114 0.201538 0.131958 -0.328980 0.119751 
0.367188 -0.173828 0.174805 0.134033 -0.346802 0.91309 
0.374756 -0.177856 0.150024 0.134399 -0.378052 0.68726 
0.374756 -0.179565 0.121826 0.133179 -0.397339 0.82275 
0.368652 -0.180542 0.92896 0.133057 -0.410645 0.36133 
0.361816 -0.179443 0.67261 0.130615 -0.415161 0.36133 
0.355347 -0.176514 0.43701 0.125488 -0.412476 0.23315 
0.349487 -0.172974 0.19897 0.124756 -0.400879 0.11108 
0.345093 -0.171143 -0.4395 0.129639 -0.384522 -0.366 
0.345093 -0.171875 -0.28198 0.133911 -0.364014 -0.9521 
0.341797 -0.174316 -0.48828 0.134155 -0.338745 -0.17822 
0.338501 -0.174927 -0.68359 0.130005 -0.309692 -0.29419 
0.334595 -0.173218 -0.86914 0.124634 -0.275269 -0.42480 
0.330322 -0.173218 -0.106689 0.118408 -0.236938 -0.55542 
0.326294 -0.169434 -0.95459 0.111328 -0.195190 -0.69214 
0.321533 -0.164307 -0.142700 0.101196 -0.153076 -0.83374 
0.315796 -0.158936 -0.142700 0.89355 -0.114868 -0.97412 
0.309326 -0.153687 -0.155396 0.78857 -0.81787 -0.110596 
