0.242432 -0.2441 0.86426 -0.11963 0.2197 0.5859 
0.242432 -0.2441 0.86426 -0.11963 0.2197 0.5859 
0.242432 -0.2441 0.86426 -0.11963 0.2197 0.5859 
0.242432 -0.2441 0.86426 -0.11963 0.2197 0.5859 
0.242432 -0.2441 0.86426 -0.11963 0.2197 0.5859 
0.242432 -0.2441 0.86426 -0.11963 0.2197 0.5859 
0.242432 -0.2441 0.86426 -0.11963 0.2197 0.5859 
0.242432 -0.2441 0.85571 -0.9521 0.3906 0.7813 
0.240479 -0.2197 0.85571 -0.9521 0.3906 0.7813 
0.240479 -0.2197 0.85571 -0.9521 0.3906 0.7813 
0.240479 -0.2197 0.85571 -0.9521 0.3906 0.7813 
0.240479 -0.2197 0.85571 -0.9521 0.3906 0.7813 
0.240479 -0.2197 0.85571 -0.9521 0.3906 0.7813 
0.240479 -0.2197 0.85571 -0.9521 0.3906 0.7813 
0.240479 -0.2197 0.85571 -0.9521 0.3906 0.7813 
0.240479 -0.2197 0.85571 -0.9521 0.3906 0.7813 
0.240479 -0.2197 0.85571 -0.9521 0.3906 0.7813 
0.240479 -0.2197 0.85571 -0.9521 0.5005 0.9766 
0.239258 -0.977 0.85815 -0.8911 0.5005 0.9766 
0.239258 -0.977 0.85815 -0.8911 0.5005 0.9766 
0.239258 -0.977 0.85815 -0.8911 0.5005 0.9766 
0.239258 -0.977 0.85815 -0.8911 0.5005 0.9766 
0.239258 -0.977 0.85815 -0.8911 0.5005 0.9766 
0.239258 -0.977 0.85815 -0.8911 0.5005 0.9766 
0.239258 -0.977 0.85815 -0.8911 0.5005 0.9766 
0.239258 -0.977 0.85815 -0.8911 0.5005 0.9766 
0.239258 -0.977 0.85815 -0.8911 0.5005 0.9766 
0.239258 -0.977 0.85815 -0.8911 0.5005 0.9766 
0.238647 -0.488 0.86060 -0.9766 0.4883 0.9766 
0.238647 -0.488 0.86060 -0.9766 0.4883 0.9766 
0.238647 -0.488 0.86060 -0.9766 0.4883 0.9766 
0.238647 -0.488 0.86060 -0.9766 0.4883 0.9766 
0.238647 -0.488 0.86060 -0.9766 0.4883 0.9766 
0.238647 -0.488 0.86060 -0.9766 0.4883 0.9766 
0.238647 -0.488 0.86060 -0.9766 0.4883 0.9766 
0.238647 -0.488 0.86060 -0.9766 0.4883 0.9766 
0.238647 -0.488 0.86060 -0.9766 0.4883 0.9766 
0.238647 -0.488 0.86060 -0.9766 0.4883 0.9766 
0.238647 -0.488 0.85815 -0.10864 0.4395 0.7690 
0.238159 -0.488 0.85815 -0.10864 0.4395 0.7690 
0.238159 -0.488 0.85815 -0.10864 0.4395 0.7690 
0.238159 -0.488 0.85815 -0.10864 0.4395 0.7690 
0.238159 -0.488 0.85815 -0.10864 0.4395 0.7690 
0.238159 -0.488 0.85815 -0.10864 0.4395 0.7690 
0.238159 -0.488 0.85815 -0.10864 0.4395 0.7690 
0.238159 -0.488 0.85815 -0.10864 0.4395 0.7690 
0.238159 -0.488 0.85815 -0.10864 0.4395 0.7690 
0.238159 -0.488 0.85815 -0.10864 0.4395 0.7690 
0.238159 -0.488 0.85815 -0.11963 0.4150 0.4517 
0.237427 -0.488 0.85571 -0.11963 0.4150 0.4517 
0.237427 -0.488 0.85571 -0.11963 0.4150 0.4517 
0.237427 -0.488 0.85571 -0.11963 0.4150 0.4517 
0.237427 -0.488 0.85571 -0.11963 0.4150 0.4517 
0.237427 -0.488 0.85571 -0.11963 0.4150 0.4517 
0.237427 -0.488 0.85571 -0.11963 0.4150 0.4517 
0.237427 -0.488 0.85571 -0.11963 0.4150 0.4517 
0.237427 -0.488 0.85571 -0.11963 0.4150 0.4517 
0.237427 -0.488 0.85571 -0.11963 0.4150 0.4517 
0.237427 -0.488 0.85571 -0.11963 0.4150 0.1221 
0.237793 -0.244 0.85693 -0.12695 0.4395 0.1221 
0.237793 -0.244 0.85693 -0.12695 0.4395 0.1221 
0.237793 -0.244 0.85693 -0.12695 0.4395 0.1221 
0.237793 -0.244 0.85693 -0.12695 0.4395 0.1221 
0.237793 -0.244 0.85693 -0.12695 0.4395 0.1221 
0.237793 -0.244 0.85693 -0.12695 0.4395 0.1221 
0.237793 -0.244 0.85693 -0.12695 0.4395 0.1221 
0.237793 -0.244 0.85693 -0.12695 0.4395 0.1221 
0.237793 -0.244 0.85693 -0.12695 0.4395 0.1221 
0.237793 -0.244 0.85693 -0.12695 0.4395 0.1221 
0.237793 -0.732 0.86182 -0.12939 0.5005 -0.1343 
0.238892 -0.732 0.86182 -0.12939 0.5005 -0.1343 
0.238892 -0.732 0.86182 -0.12939 0.5005 -0.1343 
0.238892 -0.732 0.86182 -0.12939 0.5005 -0.1343 
0.238892 -0.732 0.86182 -0.12939 0.5005 -0.1343 
0.238892 -0.732 0.86182 -0.12939 0.5005 -0.1343 
0.238892 -0.732 0.86182 -0.12939 0.5005 -0.1343 
0.238892 -0.732 0.86182 -0.12939 0.5005 -0.1343 
0.238892 -0.732 0.86182 -0.12939 0.5005 -0.1343 
0.238892 -0.732 0.86182 -0.12939 0.5005 -0.1343 
0.238892 -0.732 0.86182 -0.11353 0.5005 -0.2930 
0.240112 -0.1343 0.87524 -0.11353 0.5005 -0.2930 
0.240112 -0.1343 0.87524 -0.11353 0.5005 -0.2930 
0.240112 -0.1343 0.87524 -0.11353 0.5005 -0.2930 
0.240112 -0.1343 0.87524 -0.11353 0.5005 -0.2930 
0.240112 -0.1343 0.87524 -0.11353 0.5005 -0.2930 
0.240112 -0.1343 0.87524 -0.11353 0.5005 -0.2930 
0.240112 -0.1343 0.87524 -0.11353 0.5005 -0.2930 
0.240112 -0.1343 0.87524 -0.11353 0.5005 -0.2930 
0.240112 -0.1343 0.87524 -0.11353 0.5005 -0.2930 
0.240112 -0.1343 0.87524 -0.11353 0.4517 -0.3662 
0.239258 -0.1099 0.89233 -0.7446 0.4517 -0.3662 
0.239258 -0.1099 0.89233 -0.7446 0.4517 -0.3662 
0.239258 -0.1099 0.89233 -0.7446 0.4517 -0.3662 
0.239258 -0.1099 0.89233 -0.7446 0.4517 -0.3662 
0.239258 -0.1099 0.89233 -0.7446 0.4517 -0.3662 
0.239258 -0.1099 0.89233 -0.7446 0.4517 -0.3662 
0.239258 -0.1099 0.89233 -0.7446 0.4517 -0.3662 
0.239258 -0.1099 0.89233 -0.7446 0.4517 -0.3662 
0.239258 -0.1099 0.89233 -0.7446 0.4517 -0.3662 
0.239258 -0.1099 0.89233 -0.7446 0.4517 -0.3662 
0.238525 -0.366 0.92041 -0.4028 0.4272 -0.3052 
0.238525 -0.366 0.92041 -0.4028 0.4272 -0.3052 
0.238525 -0.366 0.92041 -0.4028 0.4272 -0.3052 
0.238525 -0.366 0.92041 -0.4028 0.4272 -0.3052 
0.238525 -0.366 0.92041 -0.4028 0.4272 -0.3052 
0.238525 -0.366 0.92041 -0.4028 0.4272 -0.3052 
0.238525 -0.366 0.92041 -0.4028 0.4272 -0.3052 
0.238525 -0.366 0.92041 -0.4028 0.4272 -0.3052 
0.238525 -0.366 0.92041 -0.4028 0.4272 -0.3052 
0.238525 -0.366 0.92041 -0.4028 0.4272 -0.3052 
0.238525 -0.366 0.96436 -0.2808 0.6348 -0.977 
0.240845 -0.488 0.96436 -0.2808 0.6348 -0.977 
0.240845 -0.488 0.96436 -0.2808 0.6348 -0.977 
0.240845 -0.488 0.96436 -0.2808 0.6348 -0.977 
0.240845 -0.488 0.96436 -0.2808 0.6348 -0.977 
0.240845 -0.488 0.96436 -0.2808 0.6348 -0.977 
0.240845 -0.488 0.96436 -0.2808 0.6348 -0.977 
0.240845 -0.488 0.96436 -0.2808 0.6348 -0.977 
0.240845 -0.488 0.96436 -0.2808 0.6348 -0.977 
0.240845 -0.488 0.96436 -0.2808 0.6348 -0.977 
0.240845 -0.488 0.96436 -0.2808 0.9766 0.488 
0.246094 -0.488 0.102905 -0.1465 0.9766 0.488 
0.246094 -0.488 0.102905 -0.1465 0.9766 0.488 
0.246094 -0.488 0.102905 -0.1465 0.9766 0.488 
0.246094 -0.488 0.102905 -0.1465 0.9766 0.488 
0.246094 -0.488 0.102905 -0.1465 0.9766 0.488 
0.246094 -0.488 0.102905 -0.1465 0.9766 0.488 
0.246094 -0.488 0.102905 -0.1465 0.9766 0.488 
0.246094 -0.488 0.102905 -0.1465 0.9766 0.488 
0.246094 -0.488 0.102905 -0.1465 0.9766 0.488 
0.246094 -0.488 0.102905 -0.1465 0.9766 0.488 
0.250244 -0.732 0.109741 0.2686 0.9644 0.488 
0.250244 -0.732 0.109741 0.2686 0.9644 0.488 
0.250244 -0.732 0.109741 0.2686 0.9644 0.488 
0.250244 -0.732 0.109741 0.2686 0.9644 0.488 
0.250244 -0.732 0.109741 0.2686 0.9644 0.488 
0.250244 -0.732 0.109741 0.2686 0.9644 0.488 
0.250244 -0.732 0.109741 0.2686 0.9644 0.488 
0.250244 -0.732 0.109741 0.2686 0.9644 0.488 
0.250244 -0.732 0.109741 0.2686 0.9644 0.488 
0.250244 -0.732 0.109741 0.2686 0.9644 0.488 
0.250244 -0.977 0.116699 0.9155 0.4150 -0.732 
0.255005 -0.977 0.116699 0.9155 0.4150 -0.732 
0.255005 -0.977 0.116699 0.9155 0.4150 -0.732 
0.255005 -0.977 0.116699 0.9155 0.4150 -0.732 
0.255005 -0.977 0.116699 0.9155 0.4150 -0.732 
0.255005 -0.977 0.116699 0.9155 0.4150 -0.732 
0.255005 -0.977 0.116699 0.9155 0.4150 -0.732 
0.255005 -0.977 0.116699 0.9155 0.4150 -0.732 
0.255005 -0.977 0.116699 0.9155 0.4150 -0.732 
