0.248657 0.27222 -0.19775 -0.16113 0.5981 0.4150 
0.248657 0.27222 -0.19775 -0.16113 0.5981 0.4150 
0.248657 0.27222 -0.19775 -0.16113 0.5981 0.4150 
0.248657 0.27222 -0.19775 -0.19531 0.7935 0.7813 
0.250977 0.26489 -0.17578 -0.19531 0.7935 0.7813 
0.250977 0.26489 -0.17578 -0.19531 0.7935 0.7813 
0.250977 0.26489 -0.17578 -0.19531 0.7935 0.7813 
0.250977 0.26489 -0.17578 -0.19531 0.7935 0.7813 
0.250977 0.26489 -0.17578 -0.19531 0.7935 0.7813 
0.250977 0.26489 -0.17578 -0.19531 0.7935 0.7813 
0.250977 0.26489 -0.17578 -0.19531 0.7935 0.7813 
0.250977 0.26489 -0.17578 -0.19531 0.7935 0.7813 
0.250977 0.26489 -0.17578 -0.19531 0.7935 0.7813 
0.250977 0.26489 -0.17578 -0.19531 0.7935 0.9277 
0.253174 0.25635 -0.15747 -0.19775 0.9277 0.9277 
0.253174 0.25635 -0.15747 -0.19775 0.9277 0.9277 
0.253174 0.25635 -0.15747 -0.19775 0.9277 0.9277 
0.253174 0.25635 -0.15747 -0.19775 0.9277 0.9277 
0.253174 0.25635 -0.15747 -0.19775 0.9277 0.9277 
0.253174 0.25635 -0.15747 -0.19775 0.9277 0.9277 
0.253174 0.25635 -0.15747 -0.19775 0.9277 0.9277 
0.253174 0.25635 -0.15747 -0.19775 0.9277 0.9277 
0.253174 0.25635 -0.15747 -0.19775 0.9277 0.9277 
0.253174 0.25635 -0.15747 -0.19775 0.9277 0.9277 
0.253174 0.24170 -0.13550 -0.18677 0.8545 0.6958 
0.255859 0.24170 -0.13550 -0.18677 0.8545 0.6958 
0.255859 0.24170 -0.13550 -0.18677 0.8545 0.6958 
0.255859 0.24170 -0.13550 -0.18677 0.8545 0.6958 
0.255859 0.24170 -0.13550 -0.18677 0.8545 0.6958 
0.255859 0.24170 -0.13550 -0.18677 0.8545 0.6958 
0.255859 0.24170 -0.13550 -0.18677 0.8545 0.6958 
0.255859 0.24170 -0.13550 -0.18677 0.8545 0.6958 
0.255859 0.24170 -0.13550 -0.18677 0.8545 0.6958 
0.255859 0.24170 -0.13550 -0.18677 0.8545 0.6958 
0.255859 0.24170 -0.13550 -0.15015 0.7446 0.2930 
0.256348 0.22949 -0.12329 -0.15015 0.7446 0.2930 
0.256348 0.22949 -0.12329 -0.15015 0.7446 0.2930 
0.256348 0.22949 -0.12329 -0.15015 0.7446 0.2930 
0.256348 0.22949 -0.12329 -0.15015 0.7446 0.2930 
0.256348 0.22949 -0.12329 -0.15015 0.7446 0.2930 
0.256348 0.22949 -0.12329 -0.15015 0.7446 0.2930 
0.256348 0.22949 -0.12329 -0.15015 0.7446 0.2930 
0.256348 0.22949 -0.12329 -0.15015 0.7446 0.2930 
0.256348 0.22949 -0.12329 -0.15015 0.7446 0.2930 
0.256348 0.22949 -0.12329 -0.15015 0.5981 0.00 
0.254761 0.22339 -0.12695 -0.10742 0.5981 0.00 
0.254761 0.22339 -0.12695 -0.10742 0.5981 0.00 
0.254761 0.22339 -0.12695 -0.10742 0.5981 0.00 
0.254761 0.22339 -0.12695 -0.10742 0.5981 0.00 
0.254761 0.22339 -0.12695 -0.10742 0.5981 0.00 
0.254761 0.22339 -0.12695 -0.10742 0.5981 0.00 
0.254761 0.22339 -0.12695 -0.10742 0.5981 0.00 
0.254761 0.22339 -0.12695 -0.10742 0.5981 0.00 
0.254761 0.22339 -0.12695 -0.10742 0.5981 0.00 
0.254761 0.22339 -0.12695 -0.10742 0.5981 0.00 
0.254150 0.21362 -0.12939 -0.7568 0.4395 -0.1709 
0.254150 0.21362 -0.12939 -0.7568 0.4395 -0.1709 
0.254150 0.21362 -0.12939 -0.7568 0.4395 -0.1709 
0.254150 0.21362 -0.12939 -0.7568 0.4395 -0.1709 
0.254150 0.21362 -0.12939 -0.7568 0.4395 -0.1709 
0.254150 0.21362 -0.12939 -0.7568 0.4395 -0.1709 
0.254150 0.21362 -0.12939 -0.7568 0.4395 -0.1709 
0.254150 0.21362 -0.12939 -0.7568 0.4395 -0.1709 
0.254150 0.21362 -0.12939 -0.7568 0.4395 -0.1709 
0.254150 0.21362 -0.12939 -0.7568 0.4395 -0.1709 
0.254150 0.21362 -0.14038 -0.5615 0.2930 -0.2808 
0.253540 0.20142 -0.14038 -0.5615 0.2930 -0.2808 
0.253540 0.20142 -0.14038 -0.5615 0.2930 -0.2808 
0.253540 0.20142 -0.14038 -0.5615 0.2930 -0.2808 
0.253540 0.20142 -0.14038 -0.5615 0.2930 -0.2808 
0.253540 0.20142 -0.14038 -0.5615 0.2930 -0.2808 
0.253540 0.20142 -0.14038 -0.5615 0.2930 -0.2808 
0.253540 0.20142 -0.14038 -0.5615 0.2930 -0.2808 
0.253540 0.20142 -0.14038 -0.5615 0.2930 -0.2808 
0.253540 0.20142 -0.14038 -0.5615 0.2930 -0.2808 
0.253540 0.20142 -0.14038 -0.5615 0.2563 -0.2808 
0.252686 0.20142 -0.14282 -0.5737 0.2563 -0.2808 
0.252686 0.20142 -0.14282 -0.5737 0.2563 -0.2808 
0.252686 0.20142 -0.14282 -0.5737 0.2563 -0.2808 
0.252686 0.20142 -0.14282 -0.5737 0.2563 -0.2808 
0.252686 0.20142 -0.14282 -0.5737 0.2563 -0.2808 
0.252686 0.20142 -0.14282 -0.5737 0.2563 -0.2808 
0.252686 0.20142 -0.14282 -0.5737 0.2563 -0.2808 
0.252686 0.20142 -0.14282 -0.5737 0.2563 -0.2808 
0.252686 0.20142 -0.14282 -0.5737 0.2563 -0.2808 
0.252686 0.20142 -0.14282 -0.5737 0.2563 -0.2808 
0.252319 0.20386 -0.13794 -0.7690 0.1587 -0.1953 
0.252319 0.20386 -0.13794 -0.7690 0.1587 -0.1953 
0.252319 0.20386 -0.13794 -0.7690 0.1587 -0.1953 
0.252319 0.20386 -0.13794 -0.7690 0.1587 -0.1953 
0.252319 0.20386 -0.13794 -0.7690 0.1587 -0.1953 
0.252319 0.20386 -0.13794 -0.7690 0.1587 -0.1953 
0.252319 0.20386 -0.13794 -0.7690 0.1587 -0.1953 
0.252319 0.20386 -0.13794 -0.7690 0.1587 -0.1953 
0.252319 0.20386 -0.13794 -0.7690 0.1587 -0.1953 
0.252319 0.20386 -0.13794 -0.7690 0.1587 -0.1953 
0.252319 0.19897 -0.12939 -0.10376 -0.366 -0.244 
0.252808 0.19897 -0.12939 -0.10376 -0.366 -0.244 
0.252808 0.19897 -0.12939 -0.10376 -0.366 -0.244 
0.252808 0.19897 -0.12939 -0.10376 -0.366 -0.244 
0.252808 0.19897 -0.12939 -0.10376 -0.366 -0.244 
0.252808 0.19897 -0.12939 -0.10376 -0.366 -0.244 
0.252808 0.19897 -0.12939 -0.10376 -0.366 -0.244 
0.252808 0.19897 -0.12939 -0.10376 -0.366 -0.244 
0.252808 0.19897 -0.12939 -0.10376 -0.366 -0.244 
0.252808 0.19897 -0.12939 -0.10376 -0.366 -0.244 
0.252808 0.19897 -0.12939 -0.11719 -0.4028 0.2686 
0.254272 0.18311 -0.12207 -0.11719 -0.4028 0.2686 
0.254272 0.18311 -0.12207 -0.11719 -0.4028 0.2686 
0.254272 0.18311 -0.12207 -0.11719 -0.4028 0.2686 
0.254272 0.18311 -0.12207 -0.11719 -0.4028 0.2686 
0.254272 0.18311 -0.12207 -0.11719 -0.4028 0.2686 
0.254272 0.18311 -0.12207 -0.11719 -0.4028 0.2686 
0.254272 0.18311 -0.12207 -0.11719 -0.4028 0.2686 
0.254272 0.18311 -0.12207 -0.11719 -0.4028 0.2686 
0.254272 0.18311 -0.12207 -0.11719 -0.4028 0.2686 
0.254272 0.18311 -0.12207 -0.11719 -0.4028 0.6104 
0.252563 0.15869 -0.16479 -0.9766 -0.8545 0.6104 
0.252563 0.15869 -0.16479 -0.9766 -0.8545 0.6104 
0.252563 0.15869 -0.16479 -0.9766 -0.8545 0.6104 
0.252563 0.15869 -0.16479 -0.9766 -0.8545 0.6104 
0.252563 0.15869 -0.16479 -0.9766 -0.8545 0.6104 
0.252563 0.15869 -0.16479 -0.9766 -0.8545 0.6104 
0.252563 0.15869 -0.16479 -0.9766 -0.8545 0.6104 
0.252563 0.15869 -0.16479 -0.9766 -0.8545 0.6104 
0.252563 0.15869 -0.16479 -0.9766 -0.8545 0.6104 
0.252563 0.15869 -0.16479 -0.9766 -0.8545 0.6104 
0.252563 0.15869 -0.16968 -0.6104 -0.13062 0.10498 
0.252197 0.15869 -0.16968 -0.6104 -0.13062 0.10498 
0.252197 0.15869 -0.16968 -0.6104 -0.13062 0.10498 
0.252197 0.15869 -0.16968 -0.6104 -0.13062 0.10498 
0.252197 0.15869 -0.16968 -0.6104 -0.13062 0.10498 
0.252197 0.15869 -0.16968 -0.6104 -0.13062 0.10498 
0.252197 0.15869 -0.16968 -0.6104 -0.13062 0.10498 
0.252197 0.15869 -0.16968 -0.6104 -0.13062 0.10498 
0.252197 0.15869 -0.16968 -0.6104 -0.13062 0.10498 
0.252197 0.15869 -0.16968 -0.6104 -0.13062 0.10498 
0.252197 0.15869 -0.16968 0.3418 -0.16968 0.14160 
0.249146 0.15869 -0.19531 0.3418 -0.16968 0.14160 
0.249146 0.15869 -0.19531 0.3418 -0.16968 0.14160 
0.249146 0.15869 -0.19531 0.3418 -0.16968 0.14160 
0.249146 0.15869 -0.19531 0.3418 -0.16968 0.14160 
0.249146 0.15869 -0.19531 0.3418 -0.16968 0.14160 
0.249146 0.15869 -0.19531 0.3418 -0.16968 0.14160 
0.249146 0.15869 -0.19531 0.3418 -0.16968 0.14160 
0.249146 0.15869 -0.19531 0.3418 -0.16968 0.14160 
0.249146 0.15869 -0.19531 0.3418 -0.16968 0.14160 
0.249146 0.15869 -0.19531 0.3418 -0.18555 0.15381 
0.252197 0.17212 -0.20142 0.13306 -0.18555 0.15381 
0.252197 0.17212 -0.20142 0.13306 -0.18555 0.15381 
