0.254395 0.66895 -0.22827 -0.9155 0.22339 0.10742 
0.254395 0.66895 -0.22827 -0.9155 0.22339 0.10742 
0.254395 0.66895 -0.22827 -0.9155 0.22339 0.10742 
0.254395 0.66895 -0.22827 -0.9155 0.22339 0.10742 
0.254395 0.66895 -0.22827 -0.9155 0.22339 0.10742 
0.254395 0.66895 -0.22827 -0.7568 0.21606 0.9888 
0.255981 0.65674 -0.21240 -0.7568 0.21606 0.9888 
0.255981 0.65674 -0.21240 -0.7568 0.21606 0.9888 
0.255981 0.65674 -0.21240 -0.7568 0.21606 0.9888 
0.255981 0.65674 -0.21240 -0.7568 0.21606 0.9888 
0.255981 0.65674 -0.21240 -0.7568 0.21606 0.9888 
0.255981 0.65674 -0.21240 -0.7568 0.21606 0.9888 
0.255981 0.65674 -0.21240 -0.7568 0.21606 0.9888 
0.255981 0.65674 -0.21240 -0.7568 0.21606 0.9888 
0.255981 0.65674 -0.21240 -0.7568 0.21606 0.9888 
0.255981 0.65674 -0.21240 -0.7568 0.21606 0.9277 
0.257324 0.65063 -0.19531 -0.5615 0.20996 0.9277 
0.257324 0.65063 -0.19531 -0.5615 0.20996 0.9277 
0.257324 0.65063 -0.19531 -0.5615 0.20996 0.9277 
0.257324 0.65063 -0.19531 -0.5615 0.20996 0.9277 
0.257324 0.65063 -0.19531 -0.5615 0.20996 0.9277 
0.257324 0.65063 -0.19531 -0.5615 0.20996 0.9277 
0.257324 0.65063 -0.19531 -0.5615 0.20996 0.9277 
0.257324 0.65063 -0.19531 -0.5615 0.20996 0.9277 
0.257324 0.65063 -0.19531 -0.5615 0.20996 0.9277 
0.257324 0.65063 -0.19531 -0.5615 0.20996 0.9277 
0.257324 0.63843 -0.17822 -0.4883 0.20874 0.8911 
0.258545 0.63843 -0.17822 -0.4883 0.20874 0.8911 
0.258545 0.63843 -0.17822 -0.4883 0.20874 0.8911 
0.258545 0.63843 -0.17822 -0.4883 0.20874 0.8911 
0.258545 0.63843 -0.17822 -0.4883 0.20874 0.8911 
0.258545 0.63843 -0.17822 -0.4883 0.20874 0.8911 
0.258545 0.63843 -0.17822 -0.4883 0.20874 0.8911 
0.258545 0.63843 -0.17822 -0.4883 0.20874 0.8911 
0.258545 0.63843 -0.17822 -0.4883 0.20874 0.8911 
0.258545 0.63843 -0.17822 -0.4883 0.20874 0.8911 
0.258545 0.63843 -0.17822 -0.5493 0.21362 0.8179 
0.258301 0.63599 -0.17090 -0.5493 0.21362 0.8179 
0.258301 0.63599 -0.17090 -0.5493 0.21362 0.8179 
0.258301 0.63599 -0.17090 -0.5493 0.21362 0.8179 
0.258301 0.63599 -0.17090 -0.5493 0.21362 0.8179 
0.258301 0.63599 -0.17090 -0.5493 0.21362 0.8179 
0.258301 0.63599 -0.17090 -0.5493 0.21362 0.8179 
0.258301 0.63599 -0.17090 -0.5493 0.21362 0.8179 
0.258301 0.63599 -0.17090 -0.5493 0.21362 0.8179 
0.258301 0.63599 -0.17090 -0.5493 0.21362 0.8179 
0.258301 0.63599 -0.17090 -0.5493 0.22583 0.8667 
0.256348 0.63477 -0.17456 -0.8057 0.22583 0.8667 
0.256348 0.63477 -0.17456 -0.8057 0.22583 0.8667 
0.256348 0.63477 -0.17456 -0.8057 0.22583 0.8667 
0.256348 0.63477 -0.17456 -0.8057 0.22583 0.8667 
0.256348 0.63477 -0.17456 -0.8057 0.22583 0.8667 
0.256348 0.63477 -0.17456 -0.8057 0.22583 0.8667 
0.256348 0.63477 -0.17456 -0.8057 0.22583 0.8667 
0.256348 0.63477 -0.17456 -0.8057 0.22583 0.8667 
0.256348 0.63477 -0.17456 -0.8057 0.22583 0.8667 
0.256348 0.63477 -0.17456 -0.8057 0.22583 0.8667 
0.256836 0.63354 -0.16235 -0.12817 0.23438 0.10498 
0.256836 0.63354 -0.16235 -0.12817 0.23438 0.10498 
0.256836 0.63354 -0.16235 -0.12817 0.23438 0.10498 
0.256836 0.63354 -0.16235 -0.12817 0.23438 0.10498 
0.256836 0.63354 -0.16235 -0.12817 0.23438 0.10498 
0.256836 0.63354 -0.16235 -0.12817 0.23438 0.10498 
0.256836 0.63354 -0.16235 -0.12817 0.23438 0.10498 
0.256836 0.63354 -0.16235 -0.12817 0.23438 0.10498 
0.256836 0.63354 -0.16235 -0.12817 0.23438 0.10498 
0.256836 0.63354 -0.16235 -0.12817 0.23438 0.10498 
0.256836 0.63354 -0.14160 -0.16357 0.23682 0.11353 
0.258301 0.63110 -0.14160 -0.16357 0.23682 0.11353 
0.258301 0.63110 -0.14160 -0.16357 0.23682 0.11353 
0.258301 0.63110 -0.14160 -0.16357 0.23682 0.11353 
0.258301 0.63110 -0.14160 -0.16357 0.23682 0.11353 
0.258301 0.63110 -0.14160 -0.16357 0.23682 0.11353 
0.258301 0.63110 -0.14160 -0.16357 0.23682 0.11353 
0.258301 0.63110 -0.14160 -0.16357 0.23682 0.11353 
0.258301 0.63110 -0.14160 -0.16357 0.23682 0.11353 
0.258301 0.63110 -0.14160 -0.16357 0.23682 0.11353 
0.258301 0.63110 -0.14160 -0.16357 0.22705 0.10254 
0.258667 0.63110 -0.12939 -0.16235 0.22705 0.10254 
0.258667 0.63110 -0.12939 -0.16235 0.22705 0.10254 
0.258667 0.63110 -0.12939 -0.16235 0.22705 0.10254 
0.258667 0.63110 -0.12939 -0.16235 0.22705 0.10254 
0.258667 0.63110 -0.12939 -0.16235 0.22705 0.10254 
0.258667 0.63110 -0.12939 -0.16235 0.22705 0.10254 
0.258667 0.63110 -0.12939 -0.16235 0.22705 0.10254 
0.258667 0.63110 -0.12939 -0.16235 0.22705 0.10254 
0.258667 0.63110 -0.12939 -0.16235 0.22705 0.10254 
0.258667 0.63110 -0.12939 -0.16235 0.22705 0.10254 
0.257690 0.62988 -0.12573 -0.14038 0.20386 0.7202 
0.257690 0.62988 -0.12573 -0.14038 0.20386 0.7202 
0.257690 0.62988 -0.12573 -0.14038 0.20386 0.7202 
0.257690 0.62988 -0.12573 -0.14038 0.20386 0.7202 
0.257690 0.62988 -0.12573 -0.14038 0.20386 0.7202 
0.257690 0.62988 -0.12573 -0.14038 0.20386 0.7202 
0.257690 0.62988 -0.12573 -0.14038 0.20386 0.7202 
0.257690 0.62988 -0.12573 -0.14038 0.20386 0.7202 
0.257690 0.62988 -0.12573 -0.14038 0.20386 0.7202 
0.257690 0.62988 -0.12573 -0.14038 0.20386 0.7202 
0.257690 0.93506 -0.12939 -0.11963 0.17456 0.3784 
0.255615 0.62256 -0.12939 -0.11963 0.17456 0.3784 
0.255615 0.62256 -0.12939 -0.11963 0.17456 0.3784 
0.255615 0.62256 -0.12939 -0.11963 0.17456 0.3784 
0.255615 0.62256 -0.12939 -0.11963 0.17456 0.3784 
0.255615 0.62256 -0.12939 -0.11963 0.17456 0.3784 
0.255615 0.62256 -0.12939 -0.11963 0.17456 0.3784 
0.255615 0.62256 -0.12939 -0.11963 0.17456 0.3784 
0.255615 0.62256 -0.12939 -0.11963 0.17456 0.3784 
0.255615 0.62256 -0.12939 -0.11963 0.17456 0.3784 
0.255615 0.62256 -0.12939 -0.11230 0.14160 0.610 
0.252319 0.60913 -0.14282 -0.11230 0.14160 0.610 
0.252319 0.60913 -0.14282 -0.11230 0.14160 0.610 
0.252319 0.60913 -0.14282 -0.11230 0.14160 0.610 
0.252319 0.60913 -0.14282 -0.11230 0.14160 0.610 
0.252319 0.60913 -0.14282 -0.11230 0.14160 0.610 
0.252319 0.60913 -0.14282 -0.11230 0.14160 0.610 
0.252319 0.60913 -0.14282 -0.11230 0.14160 0.610 
0.252319 0.60913 -0.14282 -0.11230 0.14160 0.610 
0.252319 0.60913 -0.14282 -0.11230 0.14160 0.610 
0.252319 0.60913 -0.14282 -0.11230 0.14160 -0.732 
0.249634 0.59937 -0.15381 -0.12451 0.11475 -0.732 
0.249634 0.59937 -0.15381 -0.12451 0.11475 -0.732 
0.249634 0.59937 -0.15381 -0.12451 0.11475 -0.732 
0.249634 0.59937 -0.15381 -0.12451 0.11475 -0.732 
0.249634 0.59937 -0.15381 -0.12451 0.11475 -0.732 
0.249634 0.59937 -0.15381 -0.12451 0.11475 -0.732 
0.249634 0.59937 -0.15381 -0.12451 0.11475 -0.732 
0.249634 0.59937 -0.15381 -0.12451 0.11475 -0.732 
0.249634 0.59937 -0.15381 -0.12451 0.11475 -0.732 
0.249634 0.59937 -0.15381 -0.12451 0.11475 -0.732 
0.249634 0.59570 -0.14282 -0.13794 0.8911 -0.122 
0.249390 0.59570 -0.14282 -0.13794 0.8911 -0.122 
0.249390 0.59570 -0.14282 -0.13794 0.8911 -0.122 
0.249390 0.59570 -0.14282 -0.13794 0.8911 -0.122 
0.249390 0.59570 -0.14282 -0.13794 0.8911 -0.122 
0.249390 0.59570 -0.14282 -0.13794 0.8911 -0.122 
0.249390 0.59570 -0.14282 -0.13794 0.8911 -0.122 
0.249390 0.59570 -0.14282 -0.13794 0.8911 -0.122 
0.249390 0.59570 -0.14282 -0.13794 0.8911 -0.122 
0.249390 0.59570 -0.14282 -0.13794 0.8911 -0.122 
0.249390 0.59570 -0.13062 -0.11719 0.6104 0.610 
0.250732 0.59082 -0.13062 -0.11719 0.6104 0.610 
0.250732 0.59082 -0.13062 -0.11719 0.6104 0.610 
0.250732 0.59082 -0.13062 -0.11719 0.6104 0.610 
0.250732 0.59082 -0.13062 -0.11719 0.6104 0.610 
0.250732 0.59082 -0.13062 -0.11719 0.6104 0.610 
0.250732 0.59082 -0.13062 -0.11719 0.6104 0.610 
0.250732 0.59082 -0.13062 -0.11719 0.6104 0.610 
0.250732 0.59082 -0.13062 -0.11719 0.6104 0.610 
0.250732 0.59082 -0.13062 -0.11719 0.6104 0.610 
0.250732 0.59082 -0.13062 -0.11719 0.2686 0.1099 
