0.258545 0.15747 -0.8301 -0.12451 -0.9155 -0.1221 
0.258545 0.15747 -0.8301 -0.12451 -0.9155 -0.1221 
0.258545 0.15747 -0.8301 -0.12451 -0.9155 -0.1221 
0.258545 0.15747 -0.8301 -0.12451 -0.9155 -0.1221 
0.258545 0.15747 -0.8301 -0.12451 -0.9155 -0.1221 
0.258545 0.15747 -0.8301 -0.12451 -0.9155 -0.1221 
0.258545 0.15747 -0.8301 -0.12451 -0.9155 -0.1221 
0.258545 0.15747 -0.8301 -0.12451 -0.9155 -0.1221 
0.258545 0.15747 -0.8301 -0.12939 -0.8545 -0.3784 
0.262451 0.15503 -0.6348 -0.12939 -0.8545 -0.3784 
0.262451 0.15503 -0.6348 -0.12939 -0.8545 -0.3784 
0.262451 0.15503 -0.6348 -0.12939 -0.8545 -0.3784 
0.262451 0.15503 -0.6348 -0.12939 -0.8545 -0.3784 
0.262451 0.15503 -0.6348 -0.12939 -0.8545 -0.3784 
0.262451 0.15503 -0.6348 -0.12939 -0.8545 -0.3784 
0.262451 0.15503 -0.6348 -0.12939 -0.8545 -0.3784 
0.262451 0.15503 -0.6348 -0.12939 -0.8545 -0.3784 
0.262451 0.15503 -0.6348 -0.12939 -0.8545 -0.3784 
0.262451 0.15503 -0.6348 -0.12939 -0.8545 -0.8545 
0.264282 0.15137 -0.5127 -0.11353 -0.5859 -0.8545 
0.264282 0.15137 -0.5127 -0.11353 -0.5859 -0.8545 
0.264282 0.15137 -0.5127 -0.11353 -0.5859 -0.8545 
0.264282 0.15137 -0.5127 -0.11353 -0.5859 -0.8545 
0.264282 0.15137 -0.5127 -0.11353 -0.5859 -0.8545 
0.264282 0.15137 -0.5127 -0.11353 -0.5859 -0.8545 
0.264282 0.15137 -0.5127 -0.11353 -0.5859 -0.8545 
0.264282 0.15137 -0.5127 -0.11353 -0.5859 -0.8545 
0.264282 0.15137 -0.5127 -0.11353 -0.5859 -0.8545 
0.264282 0.15137 -0.5127 -0.11353 -0.5859 -0.8545 
0.264282 0.15259 -0.3784 -0.8423 -0.2686 -0.14404 
0.264771 0.15259 -0.3784 -0.8423 -0.2686 -0.14404 
0.264771 0.15259 -0.3784 -0.8423 -0.2686 -0.14404 
0.264771 0.15259 -0.3784 -0.8423 -0.2686 -0.14404 
0.264771 0.15259 -0.3784 -0.8423 -0.2686 -0.14404 
0.264771 0.15259 -0.3784 -0.8423 -0.2686 -0.14404 
0.264771 0.15259 -0.3784 -0.8423 -0.2686 -0.14404 
0.264771 0.15259 -0.3784 -0.8423 -0.2686 -0.14404 
0.264771 0.15259 -0.3784 -0.8423 -0.2686 -0.14404 
0.264771 0.15259 -0.3784 -0.8423 -0.2686 -0.14404 
0.264771 0.15259 -0.3784 -0.5859 0.122 -0.18799 
0.261353 0.15503 -0.4272 -0.5859 0.122 -0.18799 
0.261353 0.15503 -0.4272 -0.5859 0.122 -0.18799 
0.261353 0.15503 -0.4272 -0.5859 0.122 -0.18799 
0.261353 0.15503 -0.4272 -0.5859 0.122 -0.18799 
0.261353 0.15503 -0.4272 -0.5859 0.122 -0.18799 
0.261353 0.15503 -0.4272 -0.5859 0.122 -0.18799 
0.261353 0.15503 -0.4272 -0.5859 0.122 -0.18799 
0.261353 0.15503 -0.4272 -0.5859 0.122 -0.18799 
0.261353 0.15503 -0.4272 -0.5859 0.122 -0.18799 
0.261353 0.15503 -0.4272 -0.5859 0.122 -0.18799 
0.255005 0.17090 -0.5615 -0.5615 0.1587 -0.18799 
0.255005 0.17090 -0.5615 -0.5615 0.1587 -0.18799 
0.255005 0.17090 -0.5615 -0.5615 0.1587 -0.18799 
0.255005 0.17090 -0.5615 -0.5615 0.1587 -0.18799 
0.255005 0.17090 -0.5615 -0.5615 0.1587 -0.18799 
0.255005 0.17090 -0.5615 -0.5615 0.1587 -0.18799 
0.255005 0.17090 -0.5615 -0.5615 0.1587 -0.18799 
0.255005 0.17090 -0.5615 -0.5615 0.1587 -0.18799 
0.255005 0.17090 -0.5615 -0.5615 0.1587 -0.18799 
0.255005 0.17090 -0.5615 -0.5615 0.1587 -0.18799 
0.279297 0.19043 -0.7690 -0.8545 0.732 -0.12817 
0.248047 0.19043 -0.7690 -0.8545 0.732 -0.12817 
0.248047 0.19043 -0.7690 -0.8545 0.732 -0.12817 
0.248047 0.19043 -0.7690 -0.8545 0.732 -0.12817 
0.248047 0.19043 -0.7690 -0.8545 0.732 -0.12817 
0.248047 0.19043 -0.7690 -0.8545 0.732 -0.12817 
0.248047 0.19043 -0.7690 -0.8545 0.732 -0.12817 
0.248047 0.19043 -0.7690 -0.8545 0.732 -0.12817 
0.248047 0.19043 -0.7690 -0.8545 0.732 -0.12817 
0.248047 0.19043 -0.7690 -0.8545 0.732 -0.12817 
0.248047 0.19043 -0.8423 -0.14160 -0.1831 -0.2808 
0.246460 0.20264 -0.8423 -0.14160 -0.1831 -0.2808 
0.246460 0.20264 -0.8423 -0.14160 -0.1831 -0.2808 
0.246460 0.20264 -0.8423 -0.14160 -0.1831 -0.2808 
0.246460 0.20264 -0.8423 -0.14160 -0.1831 -0.2808 
0.246460 0.20264 -0.8423 -0.14160 -0.1831 -0.2808 
0.246460 0.20264 -0.8423 -0.14160 -0.1831 -0.2808 
0.246460 0.20264 -0.8423 -0.14160 -0.1831 -0.2808 
0.246460 0.20264 -0.8423 -0.14160 -0.1831 -0.2808 
0.246460 0.20264 -0.8423 -0.14160 -0.1831 -0.2808 
0.246460 0.20264 -0.8423 -0.14160 -0.4395 0.5615 
0.247803 0.20508 -0.7690 -0.18433 -0.4395 0.5615 
0.247803 0.20508 -0.7690 -0.18433 -0.4395 0.5615 
0.247803 0.20508 -0.7690 -0.18433 -0.4395 0.5615 
0.247803 0.20508 -0.7690 -0.18433 -0.4395 0.5615 
0.247803 0.20508 -0.7690 -0.18433 -0.4395 0.5615 
0.247803 0.20508 -0.7690 -0.18433 -0.4395 0.5615 
0.247803 0.20508 -0.7690 -0.18433 -0.4395 0.5615 
0.247803 0.20508 -0.7690 -0.18433 -0.4395 0.5615 
0.247803 0.20508 -0.7690 -0.18433 -0.4395 0.5615 
0.247803 0.20508 -0.7690 -0.18433 -0.4395 0.5615 
0.249390 0.20630 -0.7080 -0.19165 -0.5859 0.10132 
0.249390 0.20630 -0.7080 -0.19165 -0.5859 0.10132 
0.249390 0.20630 -0.7080 -0.19165 -0.5859 0.10132 
0.249390 0.20630 -0.7080 -0.19165 -0.5859 0.10132 
0.249390 0.20630 -0.7080 -0.19165 -0.5859 0.10132 
0.249390 0.20630 -0.7080 -0.19165 -0.5859 0.10132 
0.249390 0.20630 -0.7080 -0.19165 -0.5859 0.10132 
0.249390 0.20630 -0.7080 -0.19165 -0.5859 0.10132 
0.249390 0.20630 -0.7080 -0.19165 -0.5859 0.10132 
0.249390 0.20630 -0.7080 -0.19165 -0.5859 0.10132 
0.249390 0.20630 -0.6836 -0.16602 -0.6226 0.10864 
0.249634 0.20020 -0.6836 -0.16602 -0.6226 0.10864 
0.249634 0.20020 -0.6836 -0.16602 -0.6226 0.10864 
0.249634 0.20020 -0.6836 -0.16602 -0.6226 0.10864 
0.249634 0.20020 -0.6836 -0.16602 -0.6226 0.10864 
0.249634 0.20020 -0.6836 -0.16602 -0.6226 0.10864 
0.249634 0.20020 -0.6836 -0.16602 -0.6226 0.10864 
0.249634 0.20020 -0.6836 -0.16602 -0.6226 0.10864 
0.249634 0.20020 -0.6836 -0.16602 -0.6226 0.10864 
0.249634 0.20020 -0.6836 -0.16602 -0.6226 0.10864 
0.249634 0.20020 -0.6836 -0.11963 -0.5005 0.10132 
0.248047 0.19287 -0.6714 -0.11963 -0.5005 0.10132 
0.248047 0.19287 -0.6714 -0.11963 -0.5005 0.10132 
0.248047 0.19287 -0.6714 -0.11963 -0.5005 0.10132 
0.248047 0.19287 -0.6714 -0.11963 -0.5005 0.10132 
0.248047 0.19287 -0.6714 -0.11963 -0.5005 0.10132 
0.248047 0.19287 -0.6714 -0.11963 -0.5005 0.10132 
0.248047 0.19287 -0.6714 -0.11963 -0.5005 0.10132 
0.248047 0.19287 -0.6714 -0.11963 -0.5005 0.10132 
0.248047 0.19287 -0.6714 -0.11963 -0.5005 0.10132 
0.248047 0.19287 -0.6714 -0.11963 -0.5005 0.10620 
0.247681 0.18555 -0.6714 -0.6470 -0.2686 0.10620 
0.247681 0.18555 -0.6714 -0.6470 -0.2686 0.10620 
0.247681 0.18555 -0.6714 -0.6470 -0.2686 0.10620 
0.247681 0.18555 -0.6714 -0.6470 -0.2686 0.10620 
0.247681 0.18555 -0.6714 -0.6470 -0.2686 0.10620 
0.247681 0.18555 -0.6714 -0.6470 -0.2686 0.10620 
0.247681 0.18555 -0.6714 -0.6470 -0.2686 0.10620 
0.247681 0.18555 -0.6714 -0.6470 -0.2686 0.10620 
0.247681 0.18555 -0.6714 -0.6470 -0.2686 0.10620 
0.247681 0.18555 -0.6714 -0.6470 -0.2686 0.10620 
0.247681 0.17822 -0.5493 -0.610 -0.977 0.11475 
0.249878 0.17822 -0.5493 -0.610 -0.977 0.11475 
0.249878 0.17822 -0.5493 -0.610 -0.977 0.11475 
0.249878 0.17822 -0.5493 -0.610 -0.977 0.11475 
0.249878 0.17822 -0.5493 -0.610 -0.977 0.11475 
0.249878 0.17822 -0.5493 -0.610 -0.977 0.11475 
0.249878 0.17822 -0.5493 -0.610 -0.977 0.11475 
0.249878 0.17822 -0.5493 -0.610 -0.977 0.11475 
0.249878 0.17822 -0.5493 -0.610 -0.977 0.11475 
0.249878 0.17822 -0.5493 -0.610 -0.977 0.11475 
0.249878 0.17822 -0.5493 0.5981 -0.1465 0.10864 
0.254395 0.16724 -0.4150 0.5981 -0.1465 0.10864 
0.254395 0.16724 -0.4150 0.5981 -0.1465 0.10864 
0.254395 0.16724 -0.4150 0.5981 -0.1465 0.10864 
0.254395 0.16724 -0.4150 0.5981 -0.1465 0.10864 
0.254395 0.16724 -0.4150 0.5981 -0.1465 0.10864 
0.254395 0.16724 -0.4150 0.5981 -0.1465 0.10864 
0.254395 0.16724 -0.4150 0.5981 -0.1465 0.10864 
