-0.82520 0.45044 0.237427 0.10498 -0.44067 -0.6470 
-0.78369 0.44922 0.231079 0.19165 -0.44067 -0.4395 
-0.72144 0.45532 0.226440 0.21240 -0.36865 -0.4761 
-0.66162 0.44189 0.222778 0.16602 -0.29053 -0.6104 
-0.61279 0.43823 0.221802 0.9155 -0.22217 -0.6104 
-0.64087 0.40527 0.226318 0.1953 -0.18677 -0.7935 
-0.66895 0.43701 0.231445 -0.610 -0.19165 -0.9644 
-0.69580 0.47607 0.234741 0.5981 -0.21606 -0.7935 
-0.69580 0.48950 0.235107 0.15991 -0.26001 -0.3418 
-0.69946 0.47607 0.233887 0.25146 -0.32227 0.1587 
-0.68481 0.46265 0.234619 0.32104 -0.40527 0.6592 
-0.66528 0.47119 0.238159 0.38330 -0.52368 0.11108 
-0.62622 0.47119 0.241943 0.45288 -0.67505 0.13916 
-0.57251 0.50537 0.244995 0.51025 -0.79956 0.14771 
-0.52002 0.55664 0.246094 0.51514 -0.86182 0.13794 
-0.47852 0.61890 0.246094 0.47119 -0.85205 0.11597 
-0.47485 0.67505 0.247803 0.39063 -0.78735 0.10498 
-0.50049 0.71655 0.250122 0.57861 -0.71045 0.11719 
-0.52856 0.75439 0.254761 0.11841 -0.62256 0.15625 
-0.54810 0.78857 0.257690 0.11841 -0.54321 0.23071 
-0.55664 0.82153 0.262085 -0.5493 -0.47485 0.31982 
-0.54443 0.84839 0.268188 -0.26733 -0.42603 0.41016 
-0.52124 0.85327 0.276978 -0.46875 -0.42603 0.48096 
-0.53101 0.83862 0.280884 -0.62744 -0.39917 0.55176 
-0.43945 0.84106 0.296631 -0.75806 -0.36499 0.60547 
-0.41016 0.80200 0.306152 -0.87524 -0.39917 0.60547 
-0.38208 0.78735 0.314697 -0.93750 -0.41382 0.66650 
-0.37720 0.76660 0.322754 -0.95337 -0.44312 0.72876 
-0.40405 0.72876 0.331299 -0.95093 -0.50537 0.79346 
-0.41260 0.70190 0.340332 -0.92773 -0.62622 0.84961 
-0.41260 0.70190 0.344482 -0.84839 -0.80444 0.89966 
-0.41016 0.67749 0.348267 -0.71167 -0.97900 0.96436 
-0.39795 0.63965 0.350098 -0.57617 -0.115479 0.102905 
-0.37231 0.63965 0.350708 -0.46265 -0.131836 0.106812 
-0.32715 0.59814 0.351196 -0.35156 -0.145264 0.107666 
-0.27344 0.55664 0.352295 -0.21484 -0.154297 0.105347 
-0.22583 0.52124 0.352295 -0.4883 -0.159668 0.100220 
-0.17700 0.48462 0.352051 0.13428 -0.161011 0.92407 
-0.12329 0.44922 0.350708 0.488 -0.158691 0.82397 
-0.7324 0.41748 0.347412 0.48096 -0.154419 0.71655 
-0.3418 0.41016 0.341797 0.48096 -0.150513 0.61890 
-0.1953 0.40649 0.334961 0.63965 -0.148804 0.53589 
-0.977 0.39917 0.328247 0.80322 -0.150024 0.46753 
-0.732 0.38696 0.319702 0.98755 -0.150024 0.41260 
-0.366 0.37354 0.309448 0.118286 -0.153809 0.36987 
0.00 0.36377 0.295898 0.135864 -0.157837 0.33813 
0.610 0.35645 0.281250 0.149536 -0.160278 0.33813 
0.2686 0.34668 0.266846 0.159180 -0.161133 0.31738 
0.5127 0.33813 0.254150 0.167236 -0.159058 0.29663 
0.8057 0.34180 0.241577 0.175293 -0.153809 0.26978 
0.10376 0.35034 0.230103 0.183716 -0.145630 0.23926 
0.10376 0.35522 0.218994 0.193359 -0.136475 0.20874 
0.12207 0.35767 0.206177 0.204956 -0.128174 0.18311 
0.13794 0.35400 0.191040 0.218018 -0.119995 0.16479 
0.14648 0.35400 0.174683 0.230347 -0.111694 0.14771 
0.14526 0.35034 0.157227 0.240967 -0.102539 0.12939 
0.15503 0.35767 0.169678 0.249756 -0.93628 0.11841 
0.17700 0.37109 0.138428 0.253906 -0.86426 0.11475 
0.21240 0.37964 0.118164 0.252319 -0.79956 0.11108 
0.26123 0.39307 0.98999 0.277710 -0.73853 0.10498 
0.32227 0.42480 0.82642 0.237793 -0.68237 0.9277 
0.36865 0.46509 0.69214 0.237793 -0.62378 0.7568 
0.39063 0.50903 0.58472 0.227661 -0.55298 0.5737 
0.39551 0.55908 0.49683 0.217041 -0.47485 0.4272 
0.38574 0.58594 0.39917 0.205078 -0.47485 0.3052 
0.36011 0.58228 0.29907 0.189941 -0.39185 0.1587 
0.33203 0.56274 0.20142 0.171875 -0.27100 0.610 
0.31250 0.55176 0.10986 0.152100 -0.10010 0.610 
0.30396 0.55176 0.4517 0.130981 0.9888 0.610 
0.29663 0.55664 0.1465 0.108398 0.29419 0.1343 
0.29785 0.56885 0.00 0.85205 0.45654 0.2808 
0.30029 0.57129 0.122 0.62012 0.58716 0.4395 
0.30029 0.56152 -0.122 0.38940 0.69458 0.5615 
0.29297 0.54688 0.122 0.14771 0.78125 0.5859 
0.29297 0.53467 0.2930 -0.11230 0.84839 0.5249 
0.30762 0.53467 0.9888 -0.37598 0.90088 0.3784 
0.33447 0.53101 0.20874 -0.63965 0.95337 0.1221 
0.36865 0.54077 0.4517 -0.90454 0.101807 -0.3174 
0.40039 0.55542 0.52734 -0.115967 0.110962 -0.9033 
0.41870 0.58350 0.52734 -0.137939 0.123779 -0.16479 
0.40894 0.61157 0.69702 -0.154297 0.139648 -0.25024 
0.36865 0.63721 0.86304 -0.134521 0.157593 -0.33569 
0.29785 0.64087 0.102173 -0.165771 0.176025 -0.40894 
0.22949 0.61890 0.113647 -0.174927 0.195801 -0.47241 
0.15991 0.58716 0.119873 -0.186890 0.214722 -0.54077 
0.7080 0.53467 0.122803 -0.203491 0.214722 -0.63477 
-0.2075 0.48584 0.129028 -0.222534 0.230591 -0.74341 
-0.11475 0.46875 0.139893 -0.242310 0.240234 -0.84839 
-0.21973 0.46875 0.155762 -0.259766 0.243286 -0.63354 
-0.33447 0.46753 0.176514 -0.273071 0.240356 -0.94604 
-0.45166 0.46631 0.198242 -0.282349 0.233521 -0.103638 
-0.54932 0.47607 0.217651 -0.287231 0.225464 -0.111450 
-0.61401 0.48706 0.236572 -0.288330 0.216187 -0.116943 
-0.61401 0.48584 0.256226 -0.285645 0.205444 -0.119751 
-0.63232 0.48828 0.273193 -0.281250 0.196533 -0.120239 
-0.62134 0.47241 0.288574 -0.276978 0.190186 -0.120605 
-0.61890 0.47241 0.303101 -0.272827 0.184448 -0.123535 
-0.63965 0.44434 0.317139 -0.267212 0.178589 -0.128296 
-0.68237 0.41626 0.332031 -0.260254 0.171509 -0.133911 
-0.75684 0.39063 0.315918 -0.252441 0.162842 -0.138916 
-0.86304 0.37598 0.347168 -0.242188 0.153076 -0.141724 
-0.88745 0.30029 0.364624 -0.231323 0.150146 -0.127319 
-0.110107 0.35156 0.380737 -0.243286 0.145020 -0.120483 
-0.120605 0.35522 0.387695 -0.212036 0.135986 -0.113770 
-0.126099 0.35889 0.401001 -0.180054 0.131714 -0.100708 
-0.129883 0.37354 0.405273 -0.150269 0.130249 -0.87769 
-0.131104 0.35767 0.404175 -0.124878 0.130249 -0.75562 
-0.130005 0.32471 0.399780 -0.100464 0.125977 -0.62744 
-0.127686 0.29541 0.392822 -0.77637 0.119629 -0.82153 
-0.125488 0.26978 0.384033 -0.60059 0.111450 -0.40527 
-0.123169 0.26245 0.374878 -0.46143 0.100586 -0.40527 
-0.120239 0.27100 0.365356 -0.33081 0.87646 -0.31128 
-0.116821 0.28564 0.354614 -0.20386 0.72021 -0.21362 
-0.112427 0.29663 0.343262 -0.7446 0.54443 -0.11719 
-0.112427 0.29541 0.330688 0.4883 0.36499 -0.2563 
-0.107178 0.27832 0.317139 0.15137 0.19653 0.5859 
-0.101074 0.25391 0.303101 0.22949 0.4883 0.12817 
-0.94849 0.22583 0.289795 0.28076 -0.7446 0.18188 
-0.88867 0.22583 0.277710 0.30884 -0.17700 0.21729 
-0.83252 0.19531 0.267090 0.31860 -0.26123 0.23804 
-0.78247 0.16602 0.257568 0.31982 -0.32715 0.24414 
-0.73853 0.13916 0.257568 0.31372 -0.37842 0.23682 
-0.70801 0.11719 0.248779 0.31128 -0.41016 0.21851 
-0.69092 0.9644 0.241089 0.30884 -0.42236 0.19409 
-0.68359 0.8179 0.233765 0.30884 -0.41626 0.16846 
-0.67993 0.7202 0.226318 0.30884 -0.39917 0.14160 
-0.68115 0.6836 0.219482 0.30396 -0.37476 0.11353 
-0.68115 0.6714 0.213623 0.29785 -0.35156 0.9521 
-0.68726 0.5493 0.207642 0.27710 -0.35156 0.8545 
-0.69946 0.4761 0.202637 0.23804 -0.32837 0.7202 
-0.71045 0.4272 0.198730 0.18921 -0.29541 0.5371 
-0.72021 0.3906 0.197266 0.13672 -0.24780 0.5371 
-0.71777 0.4761 0.197998 0.8301 -0.18921 0.3296 
-0.71655 0.6104 0.199707 0.3540 -0.12573 0.1465 
-0.71533 0.8179 0.202393 -0.244 -0.6348 0.122 
-0.71533 0.10132 0.205566 -0.3174 -0.1709 -0.610 
-0.70801 0.11230 0.208862 -0.4517 0.1343 -0.977 
-0.70679 0.11475 0.211914 -0.4395 0.2441 -0.1587 
-0.70801 0.11963 0.213989 -0.3784 0.2441 -0.2319 
-0.71045 0.11963 0.216187 -0.3540 0.1953 -0.3174 
-0.71411 0.12451 0.218628 -0.3540 0.1587 -0.4395 
-0.72266 0.12939 0.190308 -0.3906 0.1587 -0.5859 
-0.72754 0.13794 0.221558 -0.5005 0.2319 -0.7446 
-0.73486 0.14771 0.225098 -0.6226 0.3784 -0.8789 
-0.74585 0.15503 0.228760 -0.7324 0.5981 -0.10010 
-0.76294 0.15869 0.232666 -0.7324 0.8423 -0.10986 
-0.78247 0.16479 0.235962 -0.7813 0.10132 -0.11108 
-0.80078 0.17090 0.239380 -0.7202 0.10376 -0.10132 
-0.81543 0.17212 0.241943 -0.5737 0.9277 -0.8667 
-0.82031 0.16968 0.243286 -0.3662 0.9277 -0.7202 
