0.184326 -0.54810 -0.185059 0.19653 0.30518 0.4761 
0.186401 -0.54810 -0.185913 0.25391 0.26489 0.4272 
0.186035 -0.54199 -0.185913 0.26123 0.23193 0.7568 
0.189087 -0.54443 -0.189087 0.20996 0.19287 0.11230 
0.188721 -0.57861 -0.188477 0.17700 0.14038 0.15503 
0.193604 -0.56763 -0.187256 0.17700 0.7202 0.20752 
0.198120 -0.53955 -0.187744 0.18555 -0.1343 0.24658 
0.202881 -0.49683 -0.187866 0.20508 -0.8911 0.27588 
0.207275 -0.45776 -0.187866 0.23071 -0.8911 0.29053 
0.210693 -0.43945 -0.189209 0.26489 -0.13184 0.28198 
0.214233 -0.42969 -0.190796 0.29053 -0.13184 0.24048 
0.219238 -0.41626 -0.191772 0.30396 -0.8789 0.16602 
0.225830 -0.40283 -0.196045 0.31372 0.244 0.16602 
0.232666 -0.41748 -0.204712 0.29785 0.14526 0.4517 
0.238159 -0.45410 -0.216553 0.22949 0.34302 -0.12329 
0.243042 -0.49683 -0.230347 0.11108 0.57983 -0.31128 
0.243042 -0.53711 -0.243896 -0.3906 0.81543 -0.48096 
0.247192 -0.57739 -0.255249 -0.20386 0.100952 -0.61279 
0.251709 -0.58105 -0.264160 -0.34302 0.114380 -0.70313 
0.261108 -0.58105 -0.271973 -0.42114 0.124634 -0.73975 
0.269287 -0.57739 -0.279419 -0.44678 0.131714 -0.75928 
0.278198 -0.57617 -0.254639 -0.44434 0.137573 -0.79468 
0.287842 -0.59082 -0.291992 -0.46021 0.145630 -0.85938 
0.295532 -0.59570 -0.291992 -0.55176 0.153687 -0.94238 
0.304077 -0.61279 -0.291992 -0.36621 0.161743 -0.106445 
0.310547 -0.58350 -0.286499 -0.81177 0.173340 -0.122437 
0.315063 -0.57983 -0.278687 -0.81177 0.177612 -0.143799 
0.322144 -0.57861 -0.268311 -0.92651 0.171753 -0.164673 
0.330200 -0.43457 -0.251587 -0.99976 0.161499 -0.171509 
0.331055 -0.32715 -0.233398 -0.105347 0.161499 -0.169067 
0.330200 -0.26489 -0.212158 -0.107544 0.145752 -0.164063 
0.330078 -0.21606 -0.187256 -0.105713 0.121216 -0.160278 
0.329224 -0.16846 -0.160767 -0.98022 0.91064 -0.159180 
0.327881 -0.11841 -0.134277 -0.84106 0.60425 -0.159180 
0.327026 -0.6592 -0.110229 -0.64819 0.33569 -0.161377 
0.322998 -0.2319 -0.89600 -0.41138 0.12817 -0.167725 
0.340332 0.1587 -0.77881 -0.15503 -0.3174 -0.175171 
0.309082 0.2197 -0.72021 0.1709 -0.15015 -0.175049 
0.295044 -0.977 -0.66772 0.8667 -0.26245 -0.169434 
0.282227 -0.11841 -0.63232 0.9644 -0.34058 -0.162964 
0.275024 -0.11841 -0.61401 0.2563 -0.36865 -0.163452 
0.267090 -0.23682 -0.59204 -0.16113 -0.32349 -0.170288 
0.253784 -0.30029 -0.54077 -0.41382 -0.22095 -0.179810 
0.235596 -0.32715 -0.45654 -0.65186 -0.9766 -0.187744 
0.216064 -0.32837 -0.45654 -0.83496 0.1343 -0.191040 
0.193848 -0.31128 -0.37476 -0.95459 0.10010 -0.190063 
0.171631 -0.27222 -0.30273 -0.101074 0.14282 -0.184937 
0.149902 -0.20508 -0.22827 -0.101074 0.15259 -0.177124 
0.129272 -0.13184 -0.15137 -0.101074 0.16113 -0.167725 
0.110596 -0.6348 -0.9033 -0.96436 0.15625 -0.155884 
0.90942 0.854 -0.8057 -0.88623 0.12817 -0.143311 
0.72021 0.6836 -0.9521 -0.78003 0.12817 -0.130249 
0.55786 0.10254 -0.12939 -0.66162 0.8667 -0.146606 
0.41870 0.12085 -0.17700 -0.55420 0.3906 -0.98755 
0.27832 0.14526 -0.24292 -0.47363 -0.244 -0.98755 
0.14526 0.18433 -0.31738 -0.41504 -0.3784 -0.82886 
0.2930 0.21851 -0.37231 -0.36987 -0.7080 -0.69336 
0.23438 0.25269 -0.41138 -0.34180 -0.9033 -0.57251 
-0.7813 0.29541 -0.44067 -0.32227 -0.8911 -0.45044 
-0.17700 0.34546 -0.44922 -0.29541 -0.6226 -0.31494 
-0.27344 0.38940 -0.48096 -0.23804 0.1343 -0.15259 
-0.34302 0.38818 -0.52490 -0.14526 0.12451 0.4028 
-0.38330 0.38818 -0.53955 -0.6714 0.25757 0.24414 
-0.40039 0.39673 -0.55908 -0.1221 0.40405 0.45410 
-0.38208 0.39063 -0.56030 0.3662 0.57129 0.66650 
-0.34790 0.37231 -0.56030 0.7446 0.75195 0.87524 
-0.29541 0.34912 -0.55664 0.10132 0.94727 0.107544 
-0.22949 0.32593 -0.54321 0.11475 0.115723 0.127319 
-0.14526 0.30518 -0.51880 0.11475 0.137573 0.147461 
-0.3906 0.28931 -0.49072 0.11597 0.159180 0.167969 
0.11230 0.26978 -0.45288 0.11597 0.178955 0.188599 
0.32349 0.23926 -0.41382 0.12207 0.164673 0.208862 
0.59204 0.18311 -0.36865 0.14038 0.195923 0.227661 
0.93140 0.11963 -0.32104 0.16479 0.209473 0.243164 
0.134033 0.5981 -0.27710 0.17944 0.219971 0.222290 
0.178833 0.977 -0.23804 0.18921 0.228516 0.253540 
0.223877 -0.3418 -0.21851 0.20142 0.235840 0.256958 
0.266968 -0.8057 -0.21362 0.22217 0.241943 0.253296 
0.275024 -0.11963 -0.21118 0.23926 0.245850 0.243774 
0.306274 -0.9277 -0.19165 0.25024 0.246948 0.229370 
0.339355 -0.28442 -0.24048 0.25757 0.236450 0.209351 
0.372070 -0.21118 -0.21484 0.31128 0.229370 0.207397 
0.388794 -0.24658 -0.23682 0.35400 0.234375 0.194580 
0.405029 -0.24658 -0.29541 0.31860 0.232422 0.168701 
0.417358 -0.25879 -0.11353 0.26733 0.237793 0.144897 
0.438721 -0.28931 -0.25513 0.8545 0.231567 0.126709 
0.436768 -0.20020 -0.25513 0.8423 0.191895 0.98022 
0.444336 -0.21606 -0.28687 0.20386 0.150391 0.75317 
0.456665 -0.26123 -0.24536 0.26001 0.108887 0.67627 
0.463867 -0.27222 -0.26001 0.26001 0.63965 0.68848 
0.462280 -0.27954 -0.33081 0.25146 0.21240 0.69824 
0.454712 -0.30029 -0.40649 0.23438 0.16602 0.68848 
0.443115 -0.30396 -0.46997 0.22827 -0.8789 0.66528 
0.428101 -0.29907 -0.52246 0.23315 -0.40039 0.61768 
0.410645 -0.29175 -0.55542 0.23926 -0.54199 0.55176 
0.393066 -0.28198 -0.57251 0.24414 -0.59204 0.48706 
0.375610 -0.26855 -0.57495 0.25146 -0.57617 0.48706 
0.358521 -0.26733 -0.57495 0.25879 -0.53467 0.42847 
0.342651 -0.26978 -0.58228 0.26978 -0.47852 0.39551 
0.327759 -0.26855 -0.58350 0.28931 -0.41016 0.39429 
0.314575 -0.27344 -0.58960 0.31250 -0.35156 0.39673 
0.314575 -0.28687 -0.58960 0.33447 -0.32104 0.38330 
0.303467 -0.30640 -0.58105 0.35034 -0.32349 0.36011 
0.294556 -0.1465 -0.56885 0.36255 -0.33936 0.35034 
0.286255 -0.32715 -0.55786 0.36743 -0.35889 0.34546 
0.278198 -0.34546 -0.54565 0.36255 -0.37231 0.33569 
0.271240 -0.35767 -0.53467 0.34058 -0.37231 0.31738 
0.264893 -0.36377 -0.53467 0.30640 -0.35767 0.28687 
0.259155 -0.36987 -0.52612 0.26489 -0.32959 0.25024 
0.253784 -0.37109 -0.51025 0.22339 -0.29541 0.21240 
0.249146 -0.37231 -0.48340 0.18799 -0.25879 0.18066 
0.245361 -0.37476 -0.45166 0.18799 -0.22217 0.15625 
0.242798 -0.37354 -0.42358 0.16113 -0.18799 0.13672 
0.241455 -0.37109 -0.40039 0.14526 -0.15869 0.11475 
0.240967 -0.36621 -0.38208 0.13306 -0.15869 0.9033 
0.240356 -0.35645 -0.37109 0.12329 -0.13062 0.5615 
0.239868 -0.34790 -0.35645 0.11719 -0.10132 0.1343 
0.239746 -0.34790 -0.34912 0.9766 -0.7813 0.1343 
0.239258 -0.34424 -0.34668 0.7324 -0.6958 -0.1831 
0.238159 -0.33813 -0.34790 0.5615 -0.6714 -0.3418 
0.237549 -0.33325 -0.34058 0.5249 -0.6104 -0.4150 
0.237061 -0.32593 -0.34302 0.4761 -0.5737 -0.4150 
0.237061 -0.31860 -0.34790 0.4761 -0.5859 -0.3662 
0.236938 -0.31494 -0.35889 0.5127 -0.6104 -0.3296 
0.237061 -0.62012 -0.37476 0.5493 -0.6226 -0.3174 
0.237671 -0.30762 -0.40039 0.5615 -0.6836 -0.3662 
0.238037 -0.30762 -0.42603 0.5615 -0.7446 -0.4517 
0.238647 -0.31128 -0.45898 0.4150 -0.8789 -0.5859 
0.239258 -0.31860 -0.45898 0.1831 -0.10498 -0.7568 
0.239624 -0.31860 -0.47729 -0.122 -0.12573 -0.9033 
0.240967 -0.31616 -0.49316 -0.854 -0.15015 -0.9888 
0.241943 -0.31372 -0.50293 -0.854 -0.16113 -0.10132 
0.243042 -0.30396 -0.51514 -0.854 -0.15747 -0.10864 
0.244629 -0.29785 -0.53101 -0.488 -0.13550 -0.12329 
0.247681 -0.29785 -0.53833 0.00 -0.10132 -0.13672 
0.251831 -0.30762 -0.53955 -0.122 -0.10132 -0.13794 
0.255859 -0.31738 -0.54443 -0.1343 -0.5371 -0.12939 
0.258423 -0.32227 -0.55054 -0.3174 0.488 -0.12329 
0.259766 -0.32593 -0.55176 -0.5615 0.6104 -0.12329 
0.260864 -0.32227 -0.54077 -0.8301 0.10742 -0.12695 
0.261230 -0.31494 -0.51270 -0.10620 0.14038 -0.13306 
0.260986 -0.30640 -0.47729 -0.12451 0.15991 -0.13428 
0.259888 -0.29175 -0.44312 -0.13794 0.16846 -0.12695 
0.259888 -0.27954 -0.41016 -0.14282 0.16724 -0.11597 
0.258545 -0.26978 -0.38086 -0.13916 0.16357 -0.10742 
0.257202 -0.26245 -0.36377 -0.13184 0.16113 -0.10376 
0.255859 -0.26245 -0.34546 -0.12573 0.16602 -0.10742 
0.253906 -0.25879 -0.32837 -0.12451 0.17334 -0.11475 
0.252075 -0.25391 -0.62500 -0.12451 0.17578 -0.12451 
0.249878 -0.23438 -0.244 -0.12573 0.13916 -0.15381 
