0.45654 0.18799 0.233887 -0.15747 0.62500 -0.38452 
0.42480 0.20630 0.233032 -0.13550 0.66772 -0.44189 
0.39795 0.20874 0.233398 -0.11597 0.67139 -0.48096 
0.38940 0.21729 0.234131 -0.11108 0.64453 -0.49316 
0.35400 0.20752 0.235962 -0.13062 0.64453 -0.47974 
0.32471 0.20752 0.237793 -0.15869 0.58228 -0.43701 
0.29907 0.20996 0.239624 -0.17212 0.47974 -0.37231 
0.26733 0.22339 0.241211 -0.16968 0.35034 -0.37231 
0.25146 0.22583 0.240967 -0.15381 0.17944 -0.31860 
0.23926 0.24292 0.242798 -0.11841 -0.1221 -0.26855 
0.23926 0.23926 0.243286 -0.9644 -0.20142 -0.22583 
0.23926 0.26123 0.246216 -0.8545 -0.38208 -0.17334 
0.23682 0.27222 0.249268 -0.10132 -0.54565 -0.10620 
0.25269 0.29541 0.252808 -0.13306 -0.66895 -0.1343 
0.29541 0.30762 0.254272 -0.17944 -0.73975 0.8667 
0.35278 0.30762 0.254395 -0.23438 -0.75684 0.18555 
0.39429 0.31372 0.252319 -0.29785 -0.72021 0.27344 
0.40894 0.32227 0.250488 -0.35278 -0.65430 0.33936 
0.41138 0.28320 0.250488 -0.37842 -0.54565 0.38574 
0.39307 0.24414 0.251709 -0.38696 -0.44922 0.40283 
0.39795 0.24170 0.250000 -0.37720 -0.35522 0.41626 
0.42114 0.22827 0.253662 -0.37720 -0.27954 0.42358 
0.47607 0.23560 0.261353 -0.38086 -0.23071 0.41504 
0.54688 0.25024 0.272827 -0.40649 -0.20020 0.39185 
0.63965 0.26855 0.286621 -0.43213 -0.17944 0.36133 
0.73364 0.30151 0.300171 -0.44312 -0.17944 0.33325 
0.82153 0.33813 0.312012 -0.45898 -0.17578 0.61768 
0.88745 0.36499 0.322632 -0.49072 -0.19287 0.28198 
0.93140 0.37598 0.332642 -0.53223 -0.23071 0.28198 
0.96436 0.37231 0.342529 -0.57861 -0.27222 0.27954 
0.99487 0.35645 0.352539 -0.61890 -0.30396 0.30151 
0.102661 0.33081 0.360352 -0.64331 -0.32715 0.33936 
0.102661 0.29663 0.366943 -0.62134 -0.34912 0.37231 
0.104492 0.25879 0.374146 -0.53955 -0.37109 0.37109 
0.106201 0.22827 0.381836 -0.42725 -0.39307 0.33203 
0.107300 0.20752 0.388184 -0.32837 -0.42847 0.27710 
0.107056 0.20752 0.392212 -0.25024 -0.49683 0.21362 
0.105469 0.18555 0.394531 -0.16479 -0.59448 0.14038 
0.102539 0.16113 0.394897 -0.5493 -0.71167 0.7202 
0.99121 0.12817 0.394897 0.7446 -0.84106 0.1831 
0.94360 0.9521 0.392334 0.20874 -0.97412 -0.2197 
0.89722 0.6348 0.387817 0.2319 -0.110596 -0.5493 
0.85449 0.3662 0.381836 0.45410 -0.124023 -0.8667 
0.81909 0.1099 0.373901 0.45410 -0.135986 -0.11841 
0.75806 -0.2930 0.365234 0.57373 -0.144775 -0.16235 
0.70190 -0.7446 0.356323 0.67993 -0.149170 -0.20264 
0.67749 -0.10132 0.347778 0.74585 -0.149170 -0.20996 
0.68237 -0.11719 0.339722 0.76782 -0.147705 -0.16968 
0.66895 -0.13916 0.327515 0.74707 -0.142334 -0.11597 
0.63965 -0.19165 0.309937 0.73975 -0.134277 -0.11597 
0.62256 -0.24658 0.293457 0.79346 -0.121338 -0.7935 
0.61646 -0.28320 0.275147 0.85693 -0.106445 -0.5859 
0.62012 -0.30518 0.254272 0.91064 -0.93994 -0.6470 
0.59204 -0.35767 0.230591 0.96069 -0.87280 -0.13306 
0.59204 -0.37720 0.208740 0.98633 -0.81421 -0.26245 
0.55542 -0.34424 0.191895 0.97412 -0.77759 -0.44312 
0.48584 -0.58960 0.177368 0.97900 -0.77148 -0.63477 
0.40161 -0.27710 0.164429 0.105103 -0.79224 -0.79346 
0.30396 -0.18799 0.152222 0.118042 -0.80933 -0.89355 
0.23193 -0.9399 0.140259 0.133057 -0.80933 -0.92407 
0.16846 -0.1221 0.140259 0.147339 -0.79834 -0.89355 
0.10986 0.4395 0.127686 0.159546 -0.78369 -0.82153 
0.6714 0.9277 0.116211 0.169434 -0.77637 -0.71777 
0.4028 0.14404 0.104614 0.176147 -0.76172 -0.59448 
0.1953 0.17578 0.93018 0.176147 -0.71533 -0.46265 
0.1099 0.19287 0.81177 0.177856 -0.63965 -0.33447 
0.1831 0.20264 0.70435 0.174072 -0.85693 -0.21362 
0.4517 0.20996 0.62012 0.166992 -0.54443 -0.9644 
0.8789 0.21362 0.54932 0.159668 -0.44434 0.732 
0.14404 0.22949 0.50659 0.150391 -0.33813 0.9766 
0.21118 0.24902 0.47974 0.138428 -0.22583 0.9766 
0.27954 0.26367 0.45166 0.125732 -0.10986 0.18066 
0.36011 0.26245 0.43457 0.112305 0.2075 0.25391 
0.44189 0.25391 0.42358 0.96313 0.14893 0.30884 
0.52612 0.23682 0.40771 0.80566 0.24902 0.34058 
0.52612 0.22339 0.40283 0.65063 0.32959 0.34424 
0.61646 0.22583 0.40527 0.49561 0.40771 0.32959 
0.68970 0.24902 0.40649 0.33569 0.48828 0.31006 
0.74097 0.24902 0.39551 0.17090 0.56763 0.28564 
0.78491 0.25635 0.39429 -0.610 0.63721 0.25391 
0.82275 0.23926 0.40039 -0.20142 0.70068 0.21362 
0.87158 0.21729 0.40039 -0.39429 0.78491 0.15625 
0.95581 0.17334 0.45166 -0.56396 0.88257 0.6104 
0.104370 0.11353 0.55420 -0.39063 0.98633 -0.7324 
0.108276 0.7690 0.68115 -0.80811 0.109619 -0.22949 
0.105835 0.8301 0.80688 -0.80811 0.121338 -0.37476 
0.97168 0.13428 0.91187 -0.88257 0.101196 -0.47974 
0.85815 0.21118 0.96680 -0.95093 0.142090 -0.54443 
0.71411 0.30396 0.95093 -0.101685 0.142090 -0.57739 
0.54810 0.37476 0.89233 -0.109985 0.150269 -0.57617 
0.40649 0.41992 0.85938 -0.121826 0.157349 -0.53223 
0.32349 0.43335 0.88745 -0.135986 0.163452 -0.46387 
0.28931 0.42236 0.98022 -0.148926 0.169678 -0.46387 
0.28076 0.39429 0.112793 -0.159790 0.179199 -0.39185 
0.30762 0.37231 0.129761 -0.169922 0.193726 -0.32471 
0.2686 0.35278 0.145020 -0.178467 0.212402 -0.27710 
0.33936 0.33325 0.156616 -0.184692 0.232300 -0.27222 
0.35278 0.32349 0.167114 -0.191040 0.250244 -0.31128 
0.33691 0.62134 0.176880 -0.198364 0.262573 -0.38330 
0.28198 0.30884 0.190308 -0.205200 0.269531 -0.46509 
0.20752 0.28320 0.207642 -0.211426 0.272949 -0.52734 
0.13062 0.25269 0.196167 -0.214844 0.274658 -0.56152 
0.4883 0.20264 0.248413 -0.213745 0.275269 -0.57617 
-0.2075 0.13916 0.248413 -0.209839 0.276001 -0.57739 
-0.8057 0.6836 0.269043 -0.202148 0.277344 -0.56885 
-0.12451 0.1221 0.286987 -0.193115 0.274536 -0.56274 
-0.16602 -0.1465 0.301514 -0.193115 0.263550 -0.57251 
-0.23315 -0.3296 0.311523 -0.184570 0.245605 -0.58838 
-0.32349 -0.5493 0.318115 -0.176392 0.224121 -0.59326 
-0.42969 -0.8545 0.322022 -0.170166 0.224121 -0.57739 
-0.53345 -0.12817 0.325317 -0.165283 0.201904 -0.53711 
-0.61646 -0.16968 0.330200 -0.159302 0.182617 -0.47363 
-0.67261 -0.20142 0.336060 -0.151245 0.168335 -0.39795 
-0.71167 -0.22827 0.340820 -0.140381 0.158325 -0.39795 
-0.74585 -0.24536 0.343994 -0.127930 0.150146 -0.32227 
-0.77515 -0.25879 0.346069 -0.115967 0.141357 -0.25024 
-0.79712 -0.26367 0.346436 -0.106567 0.130249 -0.18799 
-0.79712 -0.26611 0.345215 -0.98267 0.116699 -0.13428 
-0.82153 -0.27588 0.343994 -0.89966 0.101563 -0.7935 
-0.83496 -0.29053 0.343994 -0.81055 0.86182 -0.2197 
-0.83618 -0.29053 0.345337 -0.71289 0.72388 0.3296 
-0.82031 -0.30762 0.347778 -0.61646 0.62378 0.7935 
-0.78125 -0.31860 0.348877 -0.52979 0.56396 0.11719 
-0.73486 -0.32837 0.347900 -0.45044 0.52734 0.13794 
-0.69580 -0.33447 0.347900 -0.38330 0.48828 0.13916 
-0.67261 -0.33203 0.344360 -0.32837 0.43213 0.13062 
-0.66406 -0.32837 0.338745 -0.58838 0.35645 0.12451 
-0.67139 -0.32715 0.332397 -0.27588 0.26855 0.12695 
-0.68481 -0.33325 0.326172 -0.22949 0.18188 0.14160 
-0.67749 -0.34668 0.320679 -0.17822 0.11475 0.16113 
-0.65063 -0.36499 0.315552 -0.11475 0.11475 0.17212 
-0.61401 -0.38330 0.310669 -0.5249 0.6958 0.17090 
-0.57617 -0.39795 0.305786 0.244 0.4272 0.15991 
-0.54199 -0.40771 0.300293 0.4761 0.1831 0.14160 
-0.51392 -0.41016 0.294678 0.9155 -0.977 0.14160 
-0.49194 -0.41260 0.287964 0.13428 -0.4883 0.11719 
-0.47607 -0.41504 0.280151 0.18066 -0.9399 0.8667 
-0.46631 -0.41626 0.272339 0.22583 -0.14404 0.5005 
-0.46631 -0.41138 0.265259 0.26367 -0.19165 0.1343 
-0.46387 -0.40771 0.258667 0.29297 -0.22827 -0.2197 
-0.45532 -0.40649 0.252686 0.31738 -0.24048 -0.5615 
-0.45410 -0.39307 0.246826 0.33569 -0.23193 -0.9277 
-0.46387 -0.39307 0.241089 0.34668 -0.20874 -0.12207 
-0.48218 -0.37476 0.236084 0.35156 -0.18311 -0.14038 
-0.50293 -0.35156 0.231934 0.34668 -0.16968 -0.14648 
-0.52734 -0.32837 0.231934 0.33447 -0.17334 -0.14160 
-0.54932 -0.30762 0.228027 0.32104 -0.19287 -0.12573 
-0.56519 -0.29175 0.224854 0.62012 -0.22095 -0.10620 
-0.56641 -0.28198 0.223022 0.30762 -0.24536 -0.8911 
-0.56152 -0.27710 0.221436 0.29175 -0.25269 -0.7568 
