0.194580 0.34302 0.4272 -0.160767 0.246338 0.26245 
0.194946 0.27100 0.10254 -0.144287 0.217163 0.6104 
0.197144 0.19287 0.15381 -0.127197 0.191772 0.37354 
0.200439 0.13428 0.20752 -0.110352 0.172730 0.45776 
0.206421 0.8667 0.28198 -0.95337 0.164551 0.53833 
0.207764 0.8301 0.27100 -0.86060 0.169678 0.61646 
0.207764 0.7324 0.28564 -0.78979 0.175049 0.63354 
0.214111 0.5127 0.30518 -0.77515 0.184570 0.65552 
0.221680 0.6958 0.35400 -0.78613 0.193970 0.70190 
0.228760 0.6958 0.42847 -0.77637 0.195435 0.75317 
0.234009 0.10498 0.51392 -0.73730 0.185303 0.81543 
0.239868 0.12207 0.57861 -0.67627 0.166138 0.88013 
0.246338 0.8179 0.60547 -0.62134 0.145752 0.92896 
0.252197 -0.732 0.60547 -0.59448 0.128296 0.95947 
0.255737 -0.10010 0.59692 -0.58838 0.114868 0.98633 
0.258301 -0.17456 0.59204 -0.57983 0.104980 0.101074 
0.261597 -0.21973 0.57251 -0.57983 0.95581 0.102539 
0.265747 -0.23804 0.52246 -0.56396 0.87769 0.103516 
0.268066 -0.26489 0.49316 -0.56274 0.83130 0.102051 
0.266968 -0.27588 0.46509 -0.59448 0.83130 0.97290 
0.267578 -0.27710 0.45776 -0.60791 0.82397 0.90088 
0.269043 -0.25146 0.47974 -0.55908 0.82520 0.82275 
0.272095 -0.22827 0.51147 -0.40039 0.83618 0.76660 
0.275757 -0.28076 0.52368 -0.14160 0.86426 0.76660 
0.281250 -0.36621 0.49805 0.11475 0.93018 0.69092 
0.288696 -0.45654 0.54321 0.36499 0.107788 0.57373 
0.303101 -0.31494 0.45166 0.61035 0.131104 0.43701 
0.303101 -0.15991 0.36621 0.73364 0.157105 0.30396 
0.335693 -0.5981 0.37964 0.61768 0.185547 0.13794 
0.363525 -0.30640 0.44189 0.39307 0.211548 -0.5005 
0.384888 0.610 0.53467 0.12695 0.233276 -0.20020 
0.396362 0.610 0.65552 -0.13916 0.243774 -0.32837 
0.399170 -0.2197 0.83008 -0.37964 0.240967 -0.49438 
0.398804 -0.3052 0.73242 -0.57983 0.226807 -0.70679 
0.394165 -0.1343 0.104492 -0.69458 0.204834 -0.93750 
0.385132 -0.2197 0.125854 -0.70557 0.176270 -0.117188 
0.377319 -0.3174 0.147339 -0.63354 0.141357 -0.137695 
0.374023 -0.4761 0.166260 -0.63354 0.98022 -0.157837 
0.374634 -0.5615 0.183105 -0.47852 0.47485 -0.181152 
0.384277 -0.12207 0.198730 -0.25635 0.52979 -0.204224 
0.391846 -0.12207 0.211548 -0.977 -0.5005 -0.232178 
0.392212 -0.13916 0.221069 0.24292 -0.67505 -0.260864 
0.385986 -0.13306 0.224731 0.47974 -0.122925 -0.255249 
0.374634 -0.15259 0.221680 0.68970 -0.175415 -0.307373 
0.359619 -0.18799 0.215576 0.87524 -0.225342 -0.307373 
0.347168 -0.21240 0.202759 0.102539 -0.266480 -0.325073 
0.342896 -0.26123 0.185303 0.116455 -0.295410 -0.342163 
0.313599 -0.26123 0.171143 0.129395 -0.312378 -0.359253 
0.344849 -0.24902 0.156982 0.140625 -0.317505 -0.382080 
0.338623 -0.23071 0.143188 0.149292 -0.313477 -0.410889 
0.323120 -0.20874 0.130371 0.155029 -0.302979 -0.437012 
0.298706 -0.21973 0.116089 0.160645 -0.294312 -0.452881 
0.268555 -0.21973 0.98511 0.170044 -0.288330 -0.458252 
0.237061 -0.23682 0.111572 0.183105 -0.280273 -0.454956 
0.208496 -0.24414 0.93018 0.194458 -0.267090 -0.445068 
0.184204 -0.20996 0.61768 0.200073 -0.250855 -0.428589 
0.163574 -0.15259 0.46143 0.197876 -0.232300 -0.406250 
0.147095 -0.6592 0.33691 0.190186 -0.211670 -0.379639 
0.131470 0.4272 0.21118 0.190186 -0.189209 -0.349976 
0.114380 0.13184 0.8667 0.177734 -0.166382 -0.318604 
0.96558 0.18799 -0.3662 0.161865 -0.174683 -0.286743 
0.78247 0.21973 -0.15137 0.144409 -0.151733 -0.255127 
0.60181 0.24658 -0.26489 0.127197 -0.120483 -0.224121 
0.42358 0.28320 -0.36011 0.111084 -0.97290 -0.224854 
0.25146 0.31494 -0.44800 0.95215 -0.74707 -0.195679 
0.6470 0.36865 -0.53467 0.79956 -0.51758 -0.164429 
-0.10254 0.42114 -0.61035 0.65430 -0.28809 -0.137817 
-0.24292 0.46509 -0.67627 0.51758 -0.5127 -0.113159 
-0.3296 0.50781 -0.75439 0.38330 0.19531 -0.89355 
-0.34546 0.53589 -0.83374 0.23438 0.45044 -0.66284 
-0.40771 0.55176 -0.88745 0.5859 0.69092 -0.42603 
-0.42236 0.56885 -0.89844 -0.13916 0.90088 -0.17212 
-0.41382 0.57861 -0.86182 -0.33569 0.109009 0.8667 
-0.40039 0.57861 -0.78125 -0.49438 0.130737 0.33936 
-0.40283 0.56396 -0.81543 -0.55054 0.157105 0.62622 
-0.37964 0.52124 -0.80566 -0.64331 0.177979 0.95459 
-0.35156 0.52002 -0.80566 -0.83740 0.193848 0.131470 
-0.32715 0.52246 -0.75684 -0.109741 0.210327 0.171631 
-0.28320 0.49805 -0.67261 -0.105347 0.228394 0.218628 
-0.18433 0.45532 -0.56519 -0.132324 0.244751 0.270996 
-0.1709 0.41382 -0.41504 -0.163574 0.258667 0.325928 
0.22949 0.34424 -0.21606 -0.187256 0.267334 0.378540 
0.54565 0.24902 0.6958 -0.209717 0.271240 0.423096 
0.94238 0.21729 0.41138 -0.227173 0.271240 0.455933 
0.127075 0.20630 0.74341 -0.231934 0.271484 0.478027 
0.154175 0.18799 0.100586 -0.227417 0.268188 0.492676 
0.178955 0.17456 0.118896 -0.218506 0.260376 0.492676 
0.203857 0.13672 0.132446 -0.208008 0.246094 0.502441 
0.229858 0.7813 0.143188 -0.197998 0.224976 0.507324 
0.223389 -0.3784 0.150757 -0.184814 0.201660 0.506836 
0.250366 -0.12451 0.157715 -0.168823 0.181885 0.498535 
0.281616 -0.35767 0.177734 -0.157471 0.161743 0.481323 
0.333374 -0.58472 0.185669 -0.163086 0.178833 0.501831 
0.351929 -0.18677 0.185059 -0.159302 0.180664 0.484009 
0.355225 -0.18677 0.187622 -0.121704 0.152222 0.401733 
0.377808 -0.9766 0.194946 -0.83984 0.107178 0.319336 
0.400269 -0.17334 0.205688 -0.53711 0.75073 0.258179 
0.413086 -0.27466 0.205688 -0.39063 0.73608 0.214600 
0.415772 -0.34546 0.203491 -0.32471 0.83740 0.183472 
0.410278 -0.35889 0.192383 -0.59814 0.84595 0.156372 
0.401978 -0.33569 0.180664 -0.22583 0.73730 0.128052 
0.395020 -0.31128 0.172730 -0.22583 0.60669 0.102417 
0.387329 -0.30151 0.167847 -0.15869 0.50415 0.81543 
0.376953 -0.28198 0.163208 -0.12573 0.42725 0.63721 
0.364014 -0.25635 0.157715 -0.11719 0.42725 0.46509 
0.350342 -0.23926 0.153687 -0.9521 0.35400 0.30762 
0.337036 -0.23193 0.149170 -0.5859 0.28076 0.20020 
0.323364 -0.22949 0.144287 -0.854 0.20630 0.20020 
0.311157 -0.23071 0.138062 0.5127 0.13916 0.13428 
0.300293 -0.24170 0.130493 0.10010 0.7813 0.9155 
0.290649 -0.25757 0.123657 0.13062 0.3662 0.6348 
0.281738 -0.27832 0.117798 0.13428 0.2319 0.3906 
0.281738 -0.30273 0.111572 0.11841 0.3174 0.1831 
0.272339 -0.244 0.106445 0.8179 0.4639 0.854 
0.263550 -0.31616 0.104004 0.3296 0.5615 0.1099 
0.255615 -0.31616 0.103027 -0.1709 0.4761 0.1587 
0.248901 -0.30396 0.102539 -0.5005 0.1709 0.1831 
0.242554 -0.28931 0.102173 -0.6592 -0.2808 0.1587 
0.236206 -0.27954 0.102173 -0.6348 -0.7568 0.1099 
0.230103 -0.27344 0.101929 -0.5249 -0.11230 0.366 
0.224731 -0.26978 0.102173 -0.3906 -0.13062 -0.732 
0.220703 -0.26855 0.103027 -0.2319 -0.12451 -0.1221 
0.217773 -0.26978 0.103394 -0.2319 -0.9277 -0.1343 
0.215820 -0.27100 0.103394 -0.1343 -0.4395 -0.1587 
0.214478 -0.27466 0.103638 -0.488 -0.29663 -0.2075 
0.213745 -0.27588 0.103638 0.610 0.1587 -0.1953 
0.213257 -0.27832 0.102417 0.1099 0.8301 -0.1465 
0.212402 -0.27832 0.101196 0.366 0.14893 -0.1465 
0.212280 -0.27100 0.100464 -0.1465 0.20386 -0.1831 
0.212524 -0.26367 0.100708 -0.2686 0.23560 -0.1831 
0.212769 -0.25513 0.102051 -0.2441 0.23926 -0.2441 
0.213013 -0.24780 0.103149 -0.854 0.22461 -0.3052 
0.213257 -0.24414 0.104492 0.1587 0.20264 -0.3296 
0.213257 -0.24292 0.105347 0.4395 0.19043 -0.3662 
0.213623 -0.24048 0.107178 0.6470 0.19409 -0.4150 
0.213989 -0.23682 0.108765 0.8179 0.21484 -0.5249 
0.214355 -0.23682 0.109375 0.9399 0.25391 -0.6714 
0.214478 -0.23926 0.109497 0.9888 0.30640 -0.7813 
0.214355 -0.24048 0.108887 0.9644 0.36499 -0.8667 
0.213623 -0.25635 0.107544 0.8789 0.42114 -0.8667 
0.212769 -0.27344 0.107544 0.7202 0.46265 -0.7813 
0.213135 -0.28320 0.106934 0.5127 0.48096 -0.6226 
0.215088 -0.28198 0.107422 0.2686 0.46997 -0.4883 
0.218140 -0.27710 0.108398 0.2686 0.42847 -0.4395 
0.221069 -0.27100 0.110596 0.122 0.35889 -0.4272 
0.223145 -0.26733 0.113281 -0.2319 0.58228 -0.4028 
0.224243 -0.26367 0.115845 -0.3906 0.26978 -0.3418 
0.223999 -0.26123 0.117065 -0.4761 0.17578 -0.2686 
0.223633 -0.25879 0.119019 -0.5127 0.9033 -0.1831 
0.223511 -0.25757 0.120850 -0.4639 0.2197 -0.732 
