-0.80078 0.39185 0.222656 -0.12939 -0.15259 -0.244 
-0.81909 0.37842 0.224365 -0.8789 -0.15259 0.732 
-0.81543 0.38330 0.225342 -0.977 -0.21484 0.1465 
-0.83862 0.38452 0.226685 0.3906 -0.29541 0.977 
-0.85693 0.39307 0.232544 0.6348 -0.36133 0.31128 
-0.81421 0.42725 0.238159 0.9888 -0.42358 -0.122 
-0.78369 0.47852 0.242432 0.16602 -0.45166 0.854 
-0.77393 0.52856 0.245850 0.22461 -0.43457 0.3174 
-0.78003 0.56885 0.250366 0.28687 -0.39917 0.7813 
-0.78003 0.57739 0.254761 0.36865 -0.37476 0.15015 
-0.78491 0.57129 0.257446 0.46875 -0.37231 0.22949 
-0.75806 0.55542 0.258423 0.57007 -0.40894 0.27954 
-0.69702 0.55542 0.257935 0.64209 -0.48584 0.28320 
-0.64819 0.54688 0.254761 0.64575 -0.56152 0.24902 
-0.64453 0.56274 0.255493 0.57007 -0.63599 0.20386 
-0.69702 0.61890 0.258789 0.45532 -0.70923 0.18311 
-0.77637 0.71777 0.258789 0.31372 -0.79224 0.20996 
-0.86792 0.83984 0.264404 0.45410 -0.86792 0.28198 
-0.93872 0.98389 0.275635 0.25024 -0.89600 0.38696 
-0.98999 0.114014 0.288452 -0.6226 -0.82642 0.50659 
-0.103394 0.127686 0.302124 -0.26245 -0.67017 0.63232 
-0.107178 0.139038 0.314697 -0.46387 -0.82520 0.75684 
-0.111206 0.145020 0.329102 -0.68726 -0.51270 0.88745 
-0.112793 0.146851 0.349121 -0.92896 -0.40649 0.103271 
-0.108276 0.149292 0.372192 -0.117188 -0.44434 0.119141 
-0.101318 0.147949 0.399048 -0.130737 -0.58350 0.103271 
-0.91553 0.143555 0.421509 -0.133545 -0.83740 0.134521 
-0.83130 0.130859 0.439087 -0.124634 -0.116455 0.147217 
-0.74707 0.114502 0.448608 -0.102905 -0.151733 0.154297 
-0.66284 0.102417 0.449341 -0.69092 -0.185669 0.156006 
-0.66284 0.88135 0.445435 -0.29053 -0.214722 0.156250 
-0.60181 0.72144 0.436035 0.11108 -0.236206 0.154175 
-0.53589 0.91309 0.419556 0.48096 -0.250244 0.148315 
-0.45776 0.49438 0.403320 0.79224 -0.255249 0.140137 
-0.40161 0.49438 0.385132 0.104736 -0.254639 0.130615 
-0.33691 0.41992 0.397705 0.126953 -0.250732 0.121338 
-0.28320 0.35278 0.345947 0.146362 -0.245728 0.112671 
-0.24292 0.28442 0.345947 0.163696 -0.240601 0.104126 
-0.21118 0.22095 0.325684 0.178955 -0.236694 0.95825 
-0.20386 0.17090 0.304688 0.161011 -0.233887 0.88379 
-0.20752 0.12939 0.283325 0.192261 -0.232788 0.82031 
-0.20386 0.9888 0.261230 0.203125 -0.231567 0.78247 
-0.19531 0.7324 0.240112 0.212158 -0.229492 0.76416 
-0.18433 0.4395 0.219849 0.219482 -0.226074 0.74585 
-0.16724 0.2075 0.199463 0.225708 -0.226074 0.72510 
-0.13672 0.00 0.178223 0.230103 -0.220093 0.69824 
-0.9521 -0.3174 0.155273 0.232666 -0.210449 0.66162 
-0.3906 -0.5127 0.131836 0.233765 -0.196289 0.66162 
0.3296 -0.4395 0.110229 0.233154 -0.178833 0.61646 
0.12207 -0.1465 0.89722 0.230469 -0.160522 0.57007 
0.20142 0.2197 0.71899 0.226196 -0.141602 0.52490 
0.20142 0.5981 0.56763 0.219727 -0.123779 0.48218 
0.27344 0.9766 0.42114 0.211548 -0.108154 0.44189 
0.33081 0.13184 0.27466 0.202881 -0.94116 0.40527 
0.38208 0.16235 0.14282 0.193726 -0.80566 0.37476 
0.42725 0.16235 0.2686 0.182861 -0.67139 0.35156 
0.46631 0.19409 0.23315 0.170532 -0.52856 0.33569 
0.50171 0.21729 -0.17456 0.156006 -0.37598 0.32349 
0.53833 0.23193 -0.17456 0.138672 -0.21240 0.30762 
0.57617 0.23804 -0.26367 0.119507 -0.3052 0.28076 
0.60303 0.23682 -0.34302 0.97778 0.16846 0.23804 
0.61157 0.23071 -0.41138 0.97778 0.37842 0.18066 
0.61157 0.23560 -0.45410 0.72632 0.57861 0.12207 
0.60303 0.25024 -0.46997 0.45532 0.44556 0.7080 
0.57617 0.27710 -0.44922 0.18433 0.91187 0.3418 
0.54077 0.31738 -0.40771 -0.8057 0.91187 0.2075 
0.51147 0.35767 -0.34546 -0.33691 0.103149 0.2930 
0.49683 0.39673 -0.26733 -0.58960 0.111328 0.5127 
0.49561 0.42358 -0.16968 -0.83740 0.116821 0.5127 
0.50293 0.44312 -0.5249 -0.107422 0.121582 0.7813 
0.51270 0.45044 0.7935 -0.129883 0.127075 0.9521 
0.51758 0.45166 0.20630 -0.150635 0.134033 0.8789 
0.50049 0.45410 0.32471 -0.170654 0.142334 0.5005 
0.50049 0.44800 0.43701 -0.190430 0.150513 -0.2075 
0.46387 0.42480 0.54932 -0.209839 0.157471 -0.11230 
0.40527 0.40405 0.67017 -0.229736 0.162476 -0.20996 
0.32959 0.40405 0.81299 -0.249634 0.165771 -0.30396 
0.22827 0.38086 0.97412 -0.268311 0.167236 -0.39551 
0.11108 0.36499 0.116455 -0.285645 0.167114 -0.47852 
-0.244 0.37354 0.116455 -0.301147 0.166382 -0.54688 
-0.11475 0.38818 0.138794 -0.314819 0.166016 -0.59570 
-0.23804 0.39063 0.163452 -0.327515 0.167236 -0.62988 
-0.36255 0.36255 0.190186 -0.337891 0.169312 -0.65063 
-0.48828 0.31494 0.217651 -0.337891 0.170410 -0.65796 
-0.60425 0.27222 0.245361 -0.345215 0.169800 -0.63965 
-0.68726 0.25635 0.274048 -0.350220 0.164429 -0.58228 
-0.73486 0.25269 0.302979 -0.353027 0.164429 -0.48218 
-0.74829 0.23926 0.331055 -0.351929 0.153198 -0.35034 
-0.70923 0.20996 0.357300 -0.344605 0.138550 -0.52246 
-0.65796 0.14648 0.381470 -0.330933 0.123657 -0.20996 
-0.53223 0.12817 0.406616 -0.314209 0.112183 -0.9644 
-0.51147 -0.122 0.435425 -0.302368 0.109985 0.8057 
-0.43823 -0.366 0.447754 -0.289917 0.117310 0.25635 
-0.35156 -0.610 0.468018 -0.260254 0.122192 0.25146 
-0.35156 0.00 0.484253 -0.229858 0.120239 0.25513 
-0.27588 0.2075 0.490479 -0.198975 0.120117 0.26733 
-0.22095 0.1343 0.493042 -0.166138 0.115112 0.25513 
-0.17822 0.1343 0.488892 -0.133423 0.107178 0.24292 
-0.14282 -0.122 0.479492 -0.102173 0.97412 0.24902 
-0.9644 -0.1221 0.498047 -0.74341 0.84839 0.27466 
-0.3662 -0.1587 0.466797 -0.49683 0.70435 0.29907 
0.2563 -0.1831 0.450928 -0.27588 0.54810 0.31128 
0.8545 -0.2563 0.432983 -0.8179 0.38086 0.30884 
0.13184 -0.4150 0.412109 -0.22339 0.21484 0.28809 
0.16113 -0.6226 0.389038 0.8911 0.7813 0.24292 
0.17700 -0.8057 0.365601 0.23315 0.27954 0.17700 
0.17090 -0.10498 0.342407 0.33447 -0.13428 0.10132 
0.14526 -0.12939 0.320190 0.40039 -0.13428 0.3052 
0.10864 -0.14526 0.300415 0.44189 -0.23560 -0.2197 
0.6226 -0.15503 0.281860 0.46143 -0.34058 -0.5249 
0.1465 -0.15869 0.265625 0.46143 -0.44189 -0.5249 
-0.2319 -0.15991 0.252075 0.44678 -0.52246 -0.7446 
-0.5371 -0.15625 0.240845 0.42358 -0.57983 -0.8667 
-0.7568 -0.15015 0.231934 0.40527 -0.60791 -0.9644 
-0.9644 -0.14404 0.224854 0.39063 -0.59814 -0.11108 
-0.9644 -0.13306 0.219116 0.37231 -0.55298 -0.13062 
-0.11841 -0.12451 0.214966 0.34790 -0.48218 -0.15137 
-0.14526 -0.11841 0.211914 0.31738 -0.40283 -0.16479 
-0.17456 -0.11841 0.210083 0.28564 -0.32471 -0.16846 
-0.20264 -0.11475 0.209106 0.25879 -0.24902 -0.16479 
-0.22339 -0.11108 0.208740 0.23682 -0.17700 -0.15503 
-0.23560 -0.10132 0.208740 0.21973 -0.10620 -0.14526 
-0.23926 -0.8667 0.208740 0.20752 -0.3662 -0.13794 
-0.24048 -0.6958 0.209229 0.19653 0.2563 -0.13428 
-0.24902 -0.5493 0.210205 0.18555 0.7935 -0.13428 
-0.26367 -0.4150 0.212036 0.18555 0.12207 -0.13062 
-0.27466 -0.2441 0.215088 0.17578 0.15503 -0.12329 
-0.28198 -0.732 0.218994 0.17212 0.17944 -0.10864 
-0.27954 0.1343 0.223389 0.17578 0.17944 -0.9277 
-0.27588 0.3540 0.227295 0.18433 0.19775 -0.7568 
-0.27222 0.5127 0.229736 0.19531 0.21118 -0.5615 
-0.26611 0.6226 0.231323 0.20020 0.21362 -0.3662 
-0.25879 0.6958 0.232788 0.19409 0.20508 -0.3662 
-0.25391 0.7324 0.233887 0.17578 0.18921 -0.1831 
-0.25269 0.7080 0.234741 0.14648 0.16968 -0.488 
-0.24902 0.7080 0.235840 0.11230 0.14526 0.244 
-0.24902 0.7813 0.237549 0.7324 0.12207 0.244 
-0.24658 0.8667 0.240112 0.3662 0.10010 0.122 
-0.24536 0.9277 0.242920 0.977 0.8057 0.122 
-0.24414 0.9277 0.245483 -0.366 0.6104 0.732 
-0.24170 0.9521 0.247192 -0.854 0.4639 0.1831 
-0.23315 0.9521 0.247559 -0.1465 0.3296 0.3052 
-0.22339 0.9399 0.249023 -0.1831 0.1953 0.3906 
-0.21240 0.9399 0.249023 -0.2075 0.732 0.4639 
-0.20020 0.10010 0.250977 -0.1831 -0.732 0.5493 
-0.19165 0.10498 0.253296 -0.610 -0.2319 0.6226 
-0.17944 0.10742 0.255127 -0.610 -0.3784 0.6836 
-0.17578 0.10620 0.257080 0.2075 -0.4639 0.7202 
-0.16968 0.9888 0.257202 0.5127 -0.5005 0.7446 
-0.16479 0.8667 0.257324 0.7935 -0.5005 0.7568 
