0.247070 -0.17090 -0.89600 -0.21118 0.7080 0.66406 
0.247681 -0.19043 -0.89966 -0.15503 0.7080 0.67749 
0.246460 -0.22827 -0.88623 -0.11597 0.5737 0.67017 
0.245239 -0.24658 -0.88379 -0.10498 0.5615 0.64331 
0.244629 -0.23682 -0.88379 -0.10010 0.7690 0.64331 
0.245605 -0.22583 -0.87646 -0.10132 0.11230 0.58960 
0.246826 -0.20386 -0.86426 -0.10864 0.15869 0.51636 
0.247925 -0.18677 -0.84229 -0.11841 0.20996 0.42847 
0.247925 -0.16846 -0.83008 -0.12207 0.25879 0.33936 
0.248657 -0.14893 -0.81177 -0.12451 0.29297 0.26611 
0.250244 -0.13184 -0.78491 -0.11475 0.29419 0.20996 
0.251465 -0.12695 -0.76904 -0.8545 0.26733 0.16113 
0.253296 -0.12695 -0.77271 -0.4761 0.21973 0.11353 
0.254272 -0.13550 -0.78735 -0.1343 0.17334 0.6592 
0.253540 -0.15747 -0.80200 0.488 0.13672 0.2808 
0.251953 -0.18433 -0.80200 0.977 0.10254 -0.122 
0.250366 -0.20508 -0.81299 0.1099 0.6714 -0.2808 
0.247803 -0.22949 -0.80200 0.1465 0.3784 -0.6592 
0.245117 -0.21484 -0.77759 0.1465 0.1587 -0.8789 
0.241211 -0.20996 -0.79102 0.2808 0.3052 -0.7813 
0.237793 -0.21973 -0.77271 0.5981 0.6348 -0.6592 
0.235352 -0.21362 -0.75928 0.9277 0.11475 -0.4883 
0.234131 -0.20996 -0.76172 0.13794 0.11475 -0.2319 
0.232788 -0.20020 -0.77393 0.18066 0.18555 0.732 
0.231934 -0.19653 -0.79346 0.20386 0.26978 0.4150 
0.232422 -0.19897 -0.81055 0.21118 0.35156 0.4150 
0.234131 -0.20874 -0.81787 0.20630 0.41382 0.7446 
0.237671 -0.21606 -0.81787 0.19287 0.45044 0.10376 
0.241821 -0.22339 -0.80933 0.16846 0.46143 0.12695 
0.244751 -0.22949 -0.79712 0.14160 0.44678 0.14038 
0.244751 -0.23926 -0.78735 0.12207 0.41260 0.14404 
0.245117 -0.25391 -0.78369 0.11719 0.36011 0.14526 
0.244385 -0.25757 -0.78857 0.12329 0.30029 0.15137 
0.244507 -0.25757 -0.79590 0.13550 0.24414 0.16357 
0.246460 -0.25391 -0.81543 0.14038 0.20630 0.17212 
0.250000 -0.24536 -0.84839 0.12939 0.19653 0.17212 
0.254272 -0.24170 -0.84839 0.9766 0.21484 0.16113 
0.259277 -0.24048 -0.89111 0.4883 0.26001 0.14648 
0.265503 -0.23804 -0.93018 0.30151 0.32837 0.14282 
0.271851 -0.22705 -0.96802 -0.7202 0.41016 0.16113 
0.278687 -0.21240 -0.101196 -0.7202 0.49927 0.20752 
0.288330 -0.20386 -0.105591 -0.12817 0.59204 0.27222 
0.302979 -0.20142 -0.108398 -0.18677 0.37109 0.34302 
0.323608 -0.20020 -0.110229 -0.24536 0.68359 0.40039 
0.344482 -0.22461 -0.110229 -0.29419 0.78125 0.41748 
0.363159 -0.26855 -0.109131 -0.34424 0.88867 0.37231 
0.379272 -0.31494 -0.108398 -0.40405 0.99854 0.37231 
0.390991 -0.33081 -0.108765 -0.45898 0.110474 0.27588 
0.400635 -0.36133 -0.108521 -0.52246 0.120972 0.16602 
0.378174 -0.38696 -0.103882 -0.61768 0.130615 0.6104 
0.417480 -0.41382 -0.99365 -0.74707 0.141113 -0.4883 
0.417480 -0.43335 -0.94727 -0.85693 0.148193 -0.14771 
0.422730 -0.39429 -0.85693 -0.91553 0.149780 -0.21729 
0.424194 -0.46997 -0.73853 -0.94360 0.147583 -0.27710 
0.421631 -0.46997 -0.67017 -0.95337 0.144409 -0.37842 
0.416748 -0.43091 -0.57739 -0.95459 0.139038 -0.50537 
0.412354 -0.42847 -0.48584 -0.88257 0.126831 -0.64697 
0.408325 -0.44678 -0.48584 -0.75439 0.107178 -0.72632 
0.401489 -0.43335 -0.37598 -0.64941 0.86426 -0.76294 
0.391113 -0.42358 -0.27466 -0.89355 0.66406 -0.81421 
0.378540 -0.41016 -0.17456 -0.51270 0.46387 -0.89600 
0.365356 -0.38452 -0.7080 -0.51270 0.27710 -0.98755 
0.354126 -0.35645 0.3174 -0.42236 0.10986 -0.108276 
0.342285 -0.32471 0.12695 -0.31372 0.27222 -0.118408 
0.328125 -0.27100 0.20264 -0.20142 -0.4028 -0.128052 
0.311768 -0.21729 0.26001 -0.9888 -0.17334 -0.136475 
0.293457 -0.17090 0.29541 -0.1099 -0.29907 -0.143311 
0.273071 -0.12573 0.30762 0.6592 -0.42236 -0.143311 
0.252441 -0.10742 0.30518 0.11841 -0.55176 -0.147583 
0.232788 -0.9155 0.29297 0.15137 -0.69458 -0.149048 
0.243896 -0.7202 0.26855 0.17944 -0.84595 -0.148071 
0.191284 -0.5737 0.23682 0.20020 -0.99487 -0.144409 
0.191284 -0.4272 0.20508 0.20142 -0.113037 -0.137817 
0.170410 -0.2563 0.17456 0.18677 -0.124634 -0.128906 
0.150024 -0.29785 0.13672 0.16479 -0.133911 -0.119141 
0.130249 0.1465 0.9155 0.14648 -0.141113 -0.109497 
0.111938 0.7080 0.4028 0.13062 -0.146606 -0.99854 
0.94971 0.12451 0.30151 0.11841 -0.150757 -0.89722 
0.80200 0.16846 -0.6470 0.11963 -0.153931 -0.78613 
0.68726 0.20630 -0.6470 0.14526 -0.156372 -0.67017 
0.59082 0.22827 -0.12329 0.18921 -0.157349 -0.56396 
0.51514 0.23560 -0.18677 0.23560 -0.155518 -0.47729 
0.46265 0.23438 -0.24292 0.23560 -0.149170 -0.40894 
0.41748 0.22461 -0.29541 0.27588 -0.137695 -0.35034 
0.37720 0.20874 -0.34180 0.30518 -0.153076 -0.29541 
0.34058 0.19165 -0.38696 0.32471 -0.121826 -0.23560 
0.32349 0.16602 -0.42725 0.33813 -0.102539 -0.16602 
0.32104 0.12573 -0.46631 0.34302 -0.81909 -0.8057 
0.33203 0.8545 -0.50903 0.33447 -0.61646 -0.28931 
0.34180 0.5737 -0.55420 0.31616 -0.43335 0.2319 
0.34302 0.3906 -0.60059 0.29663 -0.27222 0.14282 
0.33813 0.2686 -0.64697 0.27466 -0.13184 0.26978 
0.32593 0.2197 -0.68970 0.24048 0.122 0.39917 
0.32593 0.1831 -0.72021 0.19653 0.13794 0.53101 
0.31982 0.1221 -0.73975 0.15259 0.28564 0.65918 
0.32715 0.30884 -0.74097 0.11108 0.44067 0.78369 
0.35278 -0.366 -0.72998 0.7446 0.60059 0.89844 
0.40771 -0.2686 -0.71777 0.4395 0.76538 0.99243 
0.48218 -0.5005 -0.69580 0.854 0.93628 0.105835 
0.55542 -0.7202 -0.66162 -0.4150 0.110840 0.110107 
0.62988 -0.9277 -0.66162 -0.10132 0.127441 0.113892 
0.69336 -0.11353 -0.61646 -0.15869 0.142456 0.119141 
0.76660 -0.12207 -0.56152 -0.20386 0.154907 0.126953 
0.87036 -0.12817 -0.49438 -0.20386 0.164551 0.136353 
0.100952 -0.14648 -0.41870 -0.23071 0.171997 0.145508 
0.117188 -0.16479 -0.34546 -0.24292 0.177734 0.153564 
0.134644 -0.17822 -0.27466 -0.25757 0.177734 0.160034 
0.152832 -0.19287 -0.18921 -0.27466 0.182129 0.164185 
0.170410 -0.20630 -0.8789 -0.28320 0.185791 0.164429 
0.187134 -0.21729 0.1709 -0.27832 0.189331 0.161011 
0.203369 -0.23926 0.12085 -0.26123 0.193726 0.161011 
0.221313 -0.27100 0.20508 -0.22949 0.200317 0.155396 
0.241943 -0.31372 0.26855 -0.19775 0.207642 0.147949 
0.229248 -0.35278 0.27954 -0.17090 0.213623 0.138672 
0.260498 -0.45654 0.32104 -0.18555 0.213257 0.134644 
0.292725 -0.51880 0.39185 -0.17090 0.215088 0.141113 
0.320068 -0.57007 0.37354 -0.15015 0.216309 0.138794 
0.343140 -0.57007 0.43091 -0.9155 0.207153 0.127441 
0.364746 -0.62012 0.51025 -0.3540 0.200562 0.112793 
0.379761 -0.62744 0.57861 -0.1953 0.195190 0.97656 
0.392212 -0.60181 0.35522 -0.366 0.191406 0.84717 
0.405762 -0.57739 0.66772 0.3906 0.187012 0.75073 
0.419800 -0.57617 0.70801 0.14160 0.177856 0.68359 
0.434814 -0.59814 0.74341 0.26367 0.167847 0.64819 
0.454468 -0.68848 0.80811 0.26367 0.169556 0.70190 
0.457275 -0.67627 0.69824 0.26611 0.149048 0.63477 
0.454224 -0.69702 0.58105 0.25146 0.147705 0.48218 
0.448364 -0.73486 0.55176 0.29175 0.119629 0.38940 
0.433594 -0.72998 0.52734 0.27344 0.88379 0.35278 
0.417236 -0.68481 0.50171 0.19409 0.66162 0.34180 
0.402588 -0.64209 0.48706 0.13062 0.45898 0.34424 
0.391724 -0.62866 0.48462 0.13794 0.25269 0.34424 
0.383301 -0.63721 0.45776 0.19409 0.7202 0.34668 
0.374756 -0.65674 0.40161 0.25635 -0.7202 0.33325 
0.364014 -0.67627 0.33936 0.29785 -0.16724 0.29663 
0.364014 -0.69092 0.27710 0.30151 -0.21606 0.24414 
0.351929 -0.69458 0.22949 0.27344 -0.22095 0.18555 
0.338013 -0.68481 0.20630 0.22095 -0.19897 0.12573 
0.323364 -0.66528 0.20386 0.16113 -0.16479 0.6714 
0.308960 -0.66528 0.21362 0.10254 -0.12451 0.1709 
0.295654 -0.63843 0.22095 0.5615 -0.9155 -0.2075 
0.283691 -0.61523 0.23193 0.2441 -0.7080 -0.4883 
0.273071 -0.59692 0.23193 -0.244 -0.5493 -0.6592 
0.263550 -0.57617 0.25513 -0.2930 -0.3662 -0.6836 
0.255493 -0.55054 0.28076 -0.4883 -0.2441 -0.6348 
0.248413 -0.52979 0.30640 -0.4883 -0.1587 -0.5859 
0.242798 -0.49561 0.32715 -0.5737 -0.2441 -0.7080 
0.238525 -0.47363 0.34790 -0.5615 -0.5005 -0.8423 
0.235474 -0.46021 0.36987 -0.5127 -0.8789 -0.8667 
0.233032 -0.44556 0.38208 -0.4150 -0.8789 -0.7690 
