0.51880 -0.125732 -0.196899 -0.14526 -0.107056 0.4150 
0.46265 -0.124390 -0.202515 -0.11963 -0.87280 0.2563 
0.44678 -0.125000 -0.205078 -0.11475 -0.68237 0.2197 
0.43945 -0.125488 -0.205933 -0.13672 -0.68237 0.2197 
0.44434 -0.125488 -0.207153 -0.13062 -0.51270 0.2441 
0.45898 -0.124390 -0.208008 -0.11108 -0.35767 0.3662 
0.47485 -0.122192 -0.208618 -0.9644 -0.21484 0.5493 
0.48706 -0.120361 -0.208862 -0.7935 -0.8789 0.5493 
0.50415 -0.118042 -0.208984 -0.6104 0.2075 0.7080 
0.53223 -0.114990 -0.209473 -0.3784 0.10864 0.7568 
0.58594 -0.111084 -0.209229 -0.2197 0.17456 0.5615 
0.58594 -0.107422 -0.207642 -0.1831 0.22217 -0.610 
0.65308 -0.106079 -0.206787 -0.1587 0.27954 -0.11719 
0.68848 -0.108032 -0.205322 -0.1343 0.37109 -0.23804 
0.68359 -0.108032 -0.201172 -0.1343 0.47363 -0.34058 
0.67505 -0.112183 -0.201782 0.1587 0.57007 -0.43457 
0.63965 -0.116333 -0.195190 0.6958 0.65063 -0.50781 
0.72510 -0.113892 -0.190552 0.12695 0.73364 -0.54810 
0.76416 -0.114746 -0.190552 0.17578 0.86182 -0.57129 
0.76416 -0.125244 -0.194214 0.23804 0.107422 -0.63354 
0.73242 -0.124756 -0.192017 0.1709 0.126587 -0.68115 
0.72266 -0.113403 -0.188477 0.32959 0.140625 -0.62988 
0.70435 -0.113525 -0.187622 0.42603 0.151733 -0.51758 
0.75806 -0.123291 -0.189575 0.51514 0.128540 -0.42358 
0.89478 -0.130615 -0.190918 0.61768 0.159790 -0.36499 
0.105835 -0.133911 -0.188721 0.73486 0.163818 -0.35034 
0.114502 -0.132202 -0.182495 0.86304 0.165405 -0.36499 
0.117920 -0.127197 -0.175903 0.101807 0.165161 -0.38940 
0.117798 -0.122925 -0.171631 0.121216 0.161011 -0.38940 
0.115234 -0.120605 -0.168335 0.141602 0.154175 -0.40649 
0.115356 -0.121704 -0.166748 0.159668 0.147095 -0.39917 
0.115967 -0.128540 -0.165283 0.175659 0.144043 -0.37964 
0.115967 -0.139160 -0.181274 0.187866 0.142090 -0.36987 
0.119507 -0.147949 -0.189575 0.195313 0.140015 -0.36987 
0.122803 -0.125488 -0.198364 0.192139 0.137207 -0.35645 
0.129639 -0.156738 -0.202515 0.179443 0.135864 -0.31860 
0.139038 -0.165039 -0.206177 0.160400 0.137817 -0.25635 
0.151855 -0.170532 -0.209961 0.141357 0.143066 -0.17944 
0.164551 -0.176147 -0.213379 0.124390 0.148926 -0.8179 
0.174438 -0.182129 -0.213379 0.114380 0.153198 0.4028 
0.184448 -0.195435 -0.220947 0.118164 0.154785 0.15137 
0.198242 -0.213501 -0.234131 0.101563 0.154419 0.21118 
0.217407 -0.235718 -0.249634 0.132813 0.154663 0.19043 
0.241699 -0.259399 -0.266602 0.147705 0.159546 0.5249 
0.269409 -0.283569 -0.282837 0.156494 0.168335 -0.21118 
0.293213 -0.305542 -0.297974 0.155151 0.179199 -0.57861 
0.311279 -0.325317 -0.311646 0.141602 0.179199 -0.100464 
0.322632 -0.337524 -0.319702 0.117676 0.189941 -0.110596 
0.326416 -0.343750 -0.319092 0.83984 0.197266 -0.145508 
0.325317 -0.340332 -0.307007 0.41626 0.197266 -0.176758 
0.322388 -0.329346 -0.286499 -0.6958 0.186035 -0.203003 
0.317749 -0.316284 -0.262817 -0.55420 0.162476 -0.219971 
0.342896 -0.300659 -0.238647 -0.99243 0.127686 -0.229492 
0.311646 -0.285278 -0.214111 -0.136597 0.84839 -0.236450 
0.304443 -0.266357 -0.190186 -0.167480 0.38818 -0.244995 
0.294067 -0.279785 -0.170044 -0.193115 -0.4883 -0.256348 
0.278564 -0.227661 -0.151123 -0.215942 -0.41260 -0.273560 
0.258545 -0.227661 -0.130615 -0.237427 -0.70313 -0.294434 
0.235107 -0.204102 -0.139404 -0.257568 -0.91675 -0.315430 
0.209229 -0.177368 -0.116089 -0.275391 -0.104736 -0.333740 
0.182373 -0.148315 -0.84839 -0.288818 -0.110229 -0.345337 
0.158203 -0.120239 -0.62744 -0.295898 -0.109497 -0.345337 
0.138306 -0.97656 -0.42847 -0.295654 -0.104736 -0.331543 
0.121216 -0.79468 -0.25513 -0.295654 -0.94971 -0.305298 
0.106689 -0.61157 -0.12817 -0.290894 -0.81787 -0.272827 
0.93750 -0.45776 -0.3052 -0.284302 -0.68604 -0.240845 
0.85083 -0.30884 0.6226 -0.276733 -0.90332 -0.215820 
0.81421 -0.12085 0.12817 -0.266602 -0.59082 -0.209106 
0.82642 -0.1221 0.18311 -0.252441 -0.57861 -0.213257 
0.84839 -0.5005 0.24048 -0.237671 -0.66406 -0.196777 
0.79956 0.5127 0.25146 -0.227417 -0.80078 -0.196777 
0.70801 0.13184 0.23682 -0.221313 -0.97656 -0.168457 
0.61523 0.23438 0.22827 -0.216797 -0.115601 -0.141480 
0.51147 0.33936 0.23438 -0.210205 -0.133179 -0.117310 
0.51147 0.44556 0.24780 -0.198853 -0.148315 -0.94727 
0.43213 0.56030 0.26733 -0.183472 -0.159424 -0.70923 
0.35400 0.35767 0.27588 -0.163940 -0.166626 -0.48706 
0.23682 0.77271 0.28442 -0.137695 -0.170288 -0.30396 
0.17456 0.77271 0.28931 -0.105469 -0.171997 -0.14160 
0.14160 0.85083 0.26978 -0.68115 -0.171875 0.2319 
0.12329 0.90576 0.21729 -0.26367 -0.170776 0.19897 
0.10132 0.92407 0.21729 0.18066 -0.168335 0.39551 
0.6714 0.90210 0.10986 0.62622 -0.163086 0.61768 
0.3174 0.84473 -0.2197 0.72876 -0.153564 0.85449 
0.00 0.75806 -0.15137 0.104126 -0.138550 0.108521 
0.610 0.64209 -0.26611 0.141846 -0.117188 0.129883 
0.4517 0.50659 -0.37109 0.177124 -0.120728 0.148926 
0.10376 0.34546 -0.47363 0.211304 -0.88989 0.164429 
0.17212 0.16357 -0.56885 0.244019 -0.57739 0.175537 
0.26489 -0.2197 -0.65186 0.275269 -0.23438 0.182861 
0.37109 -0.20142 -0.72510 0.305298 0.13672 0.186279 
0.48096 -0.38818 -0.80200 0.335449 0.53223 0.186279 
0.61401 -0.59204 -0.86914 0.366333 0.94238 0.185303 
0.78735 -0.82275 -0.92041 0.397339 0.135376 0.178711 
0.89722 -0.114136 -0.115723 0.425781 0.165527 0.162476 
0.72998 -0.150635 -0.102539 0.454956 0.183228 0.140137 
0.135498 -0.179077 -0.120483 0.451416 0.251831 0.141480 
0.169800 -0.167480 -0.147095 0.430176 0.286255 0.157227 
0.194214 -0.209595 -0.160889 0.414429 0.283447 0.164185 
0.212524 -0.209595 -0.169189 0.389893 0.249634 0.162476 
0.225708 -0.219849 -0.180176 0.367188 0.204590 0.161377 
0.239136 -0.235840 -0.156616 0.350708 0.159912 0.167236 
0.256958 -0.251831 -0.187866 0.329590 0.115234 0.179932 
0.271240 -0.264160 -0.201660 0.303955 0.75806 0.189819 
0.280273 -0.277344 -0.217651 0.306763 0.47974 0.189697 
0.285889 -0.287109 -0.230713 0.272949 0.32471 0.178589 
0.288696 -0.290649 -0.239624 0.241699 0.29663 0.158813 
0.288574 -0.289063 -0.239746 0.202515 0.3906 0.135376 
0.284302 -0.281372 -0.230103 0.161255 0.42969 0.113159 
0.277832 -0.270752 -0.216797 0.124512 0.42969 0.95459 
0.268677 -0.258545 -0.204712 0.98267 0.47607 0.81909 
0.260254 -0.247925 -0.194214 0.83984 0.47729 0.71655 
0.254761 -0.240479 -0.185913 0.77026 0.43457 0.71655 
0.251221 -0.235718 -0.180176 0.72266 0.36255 0.63354 
0.248657 -0.232788 -0.176880 0.66284 0.28198 0.55542 
0.245850 -0.230835 -0.174683 0.57739 0.19897 0.46631 
0.240845 -0.229004 -0.172607 0.46631 0.11719 0.36987 
0.240845 -0.224854 -0.169434 0.33691 0.4517 0.28320 
0.233887 -0.219482 -0.164917 0.19531 -0.1465 0.20874 
0.225342 -0.244507 -0.160034 0.5615 -0.6226 0.14648 
0.216675 -0.213257 -0.153320 -0.7202 -0.9277 0.9888 
0.208252 -0.206299 -0.145630 -0.18433 -0.11108 0.6592 
0.200439 -0.199097 -0.137695 -0.26855 -0.12451 0.4272 
0.193481 -0.191895 -0.137695 -0.31738 -0.13550 0.2319 
0.187622 -0.185791 -0.131470 -0.34058 -0.14038 0.366 
0.182617 -0.180176 -0.126099 -0.35034 -0.14038 -0.2319 
0.177856 -0.175171 -0.121582 -0.35156 -0.13306 -0.5615 
0.173096 -0.171143 -0.117798 -0.35156 -0.11719 -0.8789 
0.168701 -0.167847 -0.114624 -0.34668 -0.9033 -0.11230 
0.165527 -0.165283 -0.112549 -0.33691 -0.5981 -0.12939 
0.162964 -0.162964 -0.111206 -0.32837 -0.5981 -0.14038 
0.160645 -0.160889 -0.109497 -0.32349 -0.2563 -0.14038 
0.158936 -0.159912 -0.108643 -0.32349 0.488 -0.13428 
0.158325 -0.158936 -0.108765 -0.31982 0.3174 -0.13428 
0.158203 -0.158325 -0.108887 -0.31738 0.5371 -0.12207 
0.157959 -0.157471 -0.108643 -0.31982 0.7080 -0.10742 
0.157837 -0.156128 -0.107300 -0.32104 0.7935 -0.9644 
0.158203 -0.154907 -0.105835 -0.31372 0.7813 -0.9155 
0.158203 -0.154175 -0.104858 -0.29297 0.6836 -0.9155 
0.158325 -0.153564 -0.104004 -0.26367 0.5493 -0.9644 
0.158081 -0.152832 -0.103149 -0.23560 0.3784 -0.10132 
0.157959 -0.152832 -0.102051 -0.21240 0.2075 -0.10132 
0.158081 -0.152344 -0.101807 -0.19165 0.732 -0.9277 
0.158203 -0.152100 -0.102295 -0.16968 0.244 -0.7324 
0.158325 -0.151733 -0.103271 -0.14893 0.00 -0.4517 
0.158569 -0.151245 -0.103271 -0.12695 -0.244 -0.1953 
0.159302 -0.151611 -0.104492 -0.10010 -0.122 -0.244 
0.160278 -0.152466 -0.106201 -0.7813 0.610 0.366 
0.161133 -0.152954 -0.107544 -0.7813 0.1831 -0.244 
0.161865 -0.152832 -0.108032 -0.6958 0.3540 -0.1221 
