0.171753 -0.59204 -0.179932 0.27100 -0.62866 0.12207 
0.172485 -0.59204 -0.182129 0.29175 -0.56152 0.12085 
0.165894 -0.61890 -0.182983 0.27954 -0.48950 0.10254 
0.165283 -0.65918 -0.185791 0.28687 -0.42480 0.5005 
0.165405 -0.69702 -0.157105 0.30151 -0.36133 -0.2197 
0.166016 -0.72876 -0.188355 0.30762 -0.30518 -0.8911 
0.164795 -0.75439 -0.190063 0.1343 -0.27100 -0.13794 
0.162354 -0.77026 -0.190674 0.34058 -0.27466 -0.16357 
0.158081 -0.77881 -0.190430 0.34058 -0.30640 -0.16602 
0.152588 -0.78857 -0.189453 0.34546 -0.36255 -0.14282 
0.147095 -0.79346 -0.187622 0.34302 -0.44312 -0.10132 
0.142578 -0.79224 -0.185059 0.33691 -0.44312 -0.5981 
0.140137 -0.78369 -0.181763 0.33081 -0.54077 -0.4272 
0.139160 -0.77026 -0.180542 0.32227 -0.62744 -0.5493 
0.136719 -0.76050 -0.179932 0.30640 -0.66772 -0.8789 
0.132324 -0.73853 -0.181763 0.28687 -0.65552 -0.8789 
0.125122 -0.72510 -0.182495 0.27344 -0.60303 -0.12207 
0.147217 -0.71045 -0.185913 0.25513 -0.50171 -0.12939 
0.112793 -0.70435 -0.184937 0.24658 -0.36133 -0.9155 
0.112793 -0.72144 -0.186279 0.25757 -0.20874 -0.3174 
0.109497 -0.82642 -0.189209 0.28076 -0.4761 0.3784 
0.111816 -0.88623 -0.194336 0.32471 0.16602 0.5737 
0.119751 -0.88623 -0.196167 0.40161 0.40161 0.2930 
0.130859 -0.82031 -0.198486 0.44189 0.61157 0.1953 
0.138916 -0.77881 -0.204468 0.46753 0.81421 0.3296 
0.149170 -0.80078 -0.214111 0.52002 0.100708 0.3784 
0.164551 -0.83130 -0.214111 0.56396 0.118286 0.1953 
0.179321 -0.87402 -0.224243 0.54077 0.138184 -0.3418 
0.199829 -0.92285 -0.244751 0.52856 0.160034 -0.11230 
0.224243 -0.99854 -0.264282 0.52856 0.179077 -0.21973 
0.249756 -0.111206 -0.285522 0.55664 0.193115 -0.35645 
0.272339 -0.124023 -0.308960 0.63354 0.202026 -0.50903 
0.291260 -0.131592 -0.334595 0.71411 0.202026 -0.60547 
0.307129 -0.138306 -0.358765 0.66772 0.205322 -0.63965 
0.320801 -0.151367 -0.373413 0.44556 0.205078 -0.70190 
0.335205 -0.161743 -0.377563 0.17700 0.201782 -0.80200 
0.343628 -0.158691 -0.372803 -0.4028 0.191772 -0.80200 
0.346558 -0.154907 -0.370972 -0.23682 0.170898 -0.84961 
0.349609 -0.159546 -0.363647 -0.50415 0.143799 -0.83618 
0.352539 -0.161377 -0.350220 -0.73364 0.109619 -0.84961 
0.352539 -0.159058 -0.331909 -0.91187 0.68237 -0.90332 
0.351074 -0.154785 -0.309326 -0.109375 0.26123 -0.99365 
0.345581 -0.147095 -0.284790 -0.128174 -0.9766 -0.113770 
0.337524 -0.147095 -0.260742 -0.142578 -0.40161 -0.133423 
0.325928 -0.135376 -0.238403 -0.151978 -0.64087 -0.153564 
0.311523 -0.123779 -0.249146 -0.159058 -0.77881 -0.172119 
0.295898 -0.113281 -0.197266 -0.165039 -0.81421 -0.189575 
0.280518 -0.101440 -0.197266 -0.169922 -0.76538 -0.205444 
0.264282 -0.88257 -0.175415 -0.172241 -0.64209 -0.218872 
0.246826 -0.75317 -0.152710 -0.171631 -0.46143 -0.229980 
0.228516 -0.63232 -0.130005 -0.171631 -0.24536 -0.235352 
0.210815 -0.51880 -0.107056 -0.167358 -0.2441 -0.233398 
0.192017 -0.40405 -0.86914 -0.159790 -0.15381 -0.226440 
0.172852 -0.30273 -0.69824 -0.150879 0.25879 -0.216919 
0.153809 -0.21118 -0.57373 -0.144287 0.25879 -0.205688 
0.135376 -0.13306 -0.47729 -0.140381 0.23682 -0.193359 
0.118530 -0.6958 -0.37598 -0.138672 0.6958 -0.210571 
0.102905 0.122 -0.25269 -0.139648 -0.21484 -0.179321 
0.87036 0.7324 -0.11108 -0.141968 -0.57739 -0.162720 
0.71167 0.15259 0.2686 -0.142578 -0.97046 -0.143555 
0.86914 0.23682 0.14404 -0.139648 -0.135376 -0.122803 
0.55664 0.32349 0.23438 -0.133667 -0.168335 -0.102661 
0.41382 0.39551 0.30029 -0.124756 -0.193359 -0.84351 
0.27954 0.44556 0.32837 -0.113281 -0.209229 -0.67749 
0.16479 0.47363 0.33325 -0.99731 -0.216675 -0.51758 
0.6348 0.47363 0.32471 -0.84839 -0.217285 -0.36133 
-0.1831 0.48462 0.62256 -0.69336 -0.212769 -0.20508 
-0.8545 0.48096 0.28809 -0.53101 -0.204712 -0.4639 
-0.13672 0.46875 0.28809 -0.35767 -0.193970 0.12573 
-0.17822 0.44800 0.26489 -0.16724 -0.182739 0.30151 
-0.20630 0.43579 0.23315 -0.26489 -0.171387 0.46265 
-0.20996 0.41870 0.19897 0.4761 -0.158813 0.60791 
-0.19531 0.40527 0.14160 0.27100 -0.145630 0.73486 
-0.17700 0.38208 0.6470 0.50171 -0.132446 0.85083 
-0.15137 0.34424 -0.2441 0.72876 -0.150146 0.96802 
-0.11108 0.29785 -0.11353 0.94727 -0.118896 0.109497 
-0.4028 0.23682 -0.19531 0.115723 -0.104614 0.122314 
0.6470 0.17822 -0.27222 0.134888 -0.89233 0.103027 
0.18188 0.11230 -0.34668 0.151611 -0.72510 0.134277 
0.29053 0.3662 -0.43457 0.166626 -0.53345 0.144775 
0.40894 -0.5371 -0.53101 0.181030 -0.30762 0.152832 
0.54810 -0.14648 -0.64697 0.195679 -0.3784 0.157715 
0.54810 -0.25269 -0.79590 0.210815 0.27832 0.159424 
0.71899 -0.39185 -0.99976 0.225708 0.62744 0.158569 
0.92163 -0.56030 -0.125854 0.238403 0.98755 0.154785 
0.117065 -0.41626 -0.155762 0.247925 0.130249 0.148315 
0.147461 -0.72876 -0.178589 0.252686 0.154663 0.140259 
0.176636 -0.86914 -0.164429 0.245972 0.175903 0.129028 
0.199951 -0.95459 -0.207397 0.229858 0.194580 0.114258 
0.216064 -0.98755 -0.207397 0.211914 0.205933 0.98755 
0.222534 -0.97046 -0.224121 0.196289 0.179321 0.81421 
0.240479 -0.114746 -0.224243 0.214478 0.186646 0.107056 
0.250122 -0.117432 -0.225830 0.183228 0.199219 0.138428 
0.253784 -0.123047 -0.246460 0.158081 0.170532 0.135498 
0.263672 -0.122803 -0.266480 0.135498 0.184937 0.117310 
0.273560 -0.129883 -0.271606 0.128418 0.113647 0.103027 
0.277832 -0.130493 -0.275513 0.117310 0.82397 0.90698 
0.276489 -0.127319 -0.277832 0.98633 0.54321 0.75562 
0.272949 -0.122925 -0.276733 0.79834 0.35645 0.91553 
0.268311 -0.117554 -0.271973 0.65063 0.24658 0.60303 
0.261475 -0.113281 -0.267456 0.54810 0.19409 0.47852 
0.255249 -0.111450 -0.264282 0.49072 0.18433 0.37720 
0.251099 -0.112305 -0.264038 0.47852 0.21240 0.30273 
0.280029 -0.114746 -0.264526 0.48706 0.26978 0.25635 
0.248779 -0.115845 -0.264038 0.46753 0.35034 0.22095 
0.248535 -0.114136 -0.261475 0.40894 0.44922 0.18066 
0.249023 -0.110229 -0.255981 0.32471 0.55542 0.12939 
0.247803 -0.110229 -0.249512 0.23438 0.64941 0.7202 
0.245728 -0.104858 -0.241943 0.16235 0.72632 0.1831 
0.243408 -0.99487 -0.234985 0.12085 0.78613 -0.3174 
0.240601 -0.95825 -0.234985 0.10986 0.82397 -0.7324 
0.238647 -0.94238 -0.230591 0.11719 0.83618 -0.10376 
0.237549 -0.94727 -0.227295 0.12329 0.82764 -0.12573 
0.237793 -0.96069 -0.223877 0.11597 0.80688 -0.14771 
0.238892 -0.97412 -0.219971 0.11597 0.78003 -0.17212 
0.240112 -0.98511 -0.215820 0.9644 0.76416 -0.19409 
0.240112 -0.100830 -0.209351 0.5981 0.69580 -0.20142 
0.237427 -0.100220 -0.206909 0.1221 0.69580 -0.20996 
0.234009 -0.99365 -0.204590 0.366 0.60669 -0.23193 
0.231323 -0.98267 -0.202148 0.732 0.54077 -0.26367 
0.229004 -0.96924 -0.198364 -0.854 0.51392 -0.26367 
0.225830 -0.95215 -0.193726 -0.4517 0.51147 -0.29663 
0.222290 -0.92285 -0.188355 -0.8789 0.52002 -0.32227 
0.219238 -0.88379 -0.181519 -0.12817 0.52734 -0.34180 
0.247437 -0.84229 -0.174194 -0.15991 0.52612 -0.35889 
0.216187 -0.80322 -0.166016 -0.18433 0.51880 -0.36865 
0.213013 -0.76416 -0.157715 -0.20020 0.50415 -0.37231 
0.209839 -0.72754 -0.150391 -0.20386 0.47974 -0.36621 
0.206177 -0.72754 -0.144531 -0.19531 0.44556 -0.35034 
0.202637 -0.69458 -0.141235 -0.17822 0.39795 -0.32471 
0.199585 -0.66772 -0.139648 -0.16113 0.33936 -0.29541 
0.196289 -0.64697 -0.139648 -0.14771 0.27222 -0.26489 
0.192993 -0.63110 -0.138794 -0.14160 0.19531 -0.23071 
0.190308 -0.61401 -0.136963 -0.13916 0.11475 -0.19287 
0.187622 -0.59937 -0.134644 -0.13794 0.3784 -0.15137 
0.185303 -0.58228 -0.132446 -0.13794 -0.2808 -0.11230 
0.183594 -0.57007 -0.130493 -0.12939 -0.8179 -0.7935 
0.182495 -0.56030 -0.129028 -0.11230 -0.11475 -0.5127 
0.181885 -0.55420 -0.128418 -0.8911 -0.11475 -0.2808 
0.181396 -0.55664 -0.129028 -0.6714 -0.12695 -0.732 
0.181030 -0.55908 -0.130249 -0.4517 -0.12085 -0.30273 
0.181396 -0.56519 -0.132446 -0.2075 -0.10376 0.977 
0.182373 -0.57617 -0.134277 0.244 -0.7935 0.2319 
0.183472 -0.58960 -0.136475 0.1587 -0.5005 0.3418 
0.184937 -0.59937 -0.138306 0.2319 -0.1831 0.4639 
0.186768 -0.61035 -0.140625 0.2563 0.1099 0.6226 
0.186768 -0.62256 -0.142700 0.2808 0.3296 0.7690 
0.188843 -0.63965 -0.144653 0.2686 0.4639 0.8911 
0.191284 -0.65552 -0.146484 0.2075 0.5249 0.9766 
0.193848 -0.65552 -0.147217 0.1099 0.5371 0.10010 
