0.64575 0.46021 0.234741 -0.10132 0.27710 0.10376 
0.68604 0.40771 0.233398 -0.24170 0.58350 0.18677 
0.81055 0.42236 0.233398 -0.43457 0.82764 0.16479 
0.93140 0.43213 0.233643 -0.55908 0.92407 0.7813 
0.99121 0.42236 0.235596 -0.56396 0.86426 -0.488 
0.97900 0.41382 0.239868 -0.56396 0.63965 -0.6226 
0.92285 0.42358 0.244507 -0.46997 0.29541 -0.11719 
0.88135 0.41992 0.248047 -0.29785 0.21362 -0.15503 
0.86426 0.40283 0.247559 -0.8057 -0.9888 -0.15503 
0.85815 0.39063 0.243164 0.14160 -0.47363 -0.12573 
0.85083 0.40039 0.236694 0.30518 -0.76172 -0.8911 
0.86914 0.41382 0.229492 0.37109 -0.93994 -0.6592 
0.89600 0.41016 0.225342 0.32471 -0.99243 -0.6592 
0.90576 0.41138 0.225098 0.19409 -0.93506 -0.4272 
0.90210 0.40039 0.226196 0.4761 -0.81665 -0.244 
0.88501 0.36499 0.229736 -0.5737 -0.70313 0.4883 
0.88501 0.34424 0.228882 -0.8545 -0.58105 0.9888 
0.85693 0.33081 0.230713 -0.9766 -0.46509 0.15259 
0.86792 0.33081 0.229492 -0.9766 -0.36255 0.19409 
0.86304 0.33081 0.228027 -0.10742 -0.27344 0.22461 
0.87891 0.34302 0.230103 -0.14404 -0.20508 0.24780 
0.90088 0.35522 0.236450 -0.19653 -0.16846 0.25635 
0.92041 0.36743 0.247437 -0.23071 -0.18311 0.25757 
0.93384 0.36255 0.247437 -0.20264 -0.26733 0.25146 
0.95215 0.32837 0.261963 -0.9399 -0.39795 0.24780 
0.96924 0.35278 0.278320 -0.29297 -0.52002 0.30762 
0.99121 0.32227 0.298218 0.1953 -0.62500 0.42969 
0.106812 0.25757 0.325195 0.4272 -0.71167 0.65918 
0.118286 0.20874 0.361206 -0.732 -0.81787 0.95703 
0.129883 0.23682 0.401855 -0.4395 -0.69580 0.124390 
0.145874 0.35156 0.436523 0.6104 -0.100830 0.141724 
0.165405 0.54077 0.465088 0.25513 -0.126953 0.141724 
0.184814 0.61890 0.481445 0.49438 -0.157105 0.139648 
0.201538 0.68604 0.483521 0.79834 -0.189697 0.139648 
0.215210 0.69702 0.470093 0.115234 -0.219238 0.133545 
0.222656 0.68359 0.447388 0.151245 -0.242310 0.117065 
0.227539 0.69824 0.417603 0.179688 -0.259033 0.96069 
0.227539 0.71655 0.385498 0.201294 -0.273315 0.72998 
0.231201 0.71655 0.355347 0.221069 -0.286865 0.47363 
0.232300 0.70435 0.326782 0.240234 -0.299438 0.20508 
0.230103 0.67627 0.299194 0.260010 -0.309814 -0.6348 
0.224487 0.67627 0.272705 0.281006 -0.316406 -0.32471 
0.215454 0.65552 0.277344 0.300781 -0.319336 -0.56396 
0.204346 0.63843 0.221924 0.317139 -0.317871 -0.76660 
0.191528 0.66040 0.221924 0.328003 -0.313477 -0.90210 
0.177246 0.65918 0.200928 0.334106 -0.307495 -0.98389 
0.164551 0.60913 0.181152 0.336792 -0.299683 -0.106079 
0.153320 0.57007 0.162109 0.336792 -0.289917 -0.113770 
0.141846 0.52368 0.142700 0.334961 -0.277344 -0.120850 
0.130005 0.49316 0.121948 0.326904 -0.261108 -0.125854 
0.118530 0.44434 0.102295 0.312622 -0.273193 -0.130615 
0.106079 0.38330 0.86304 0.294800 -0.241943 -0.135986 
0.91431 0.30762 0.70923 0.276367 -0.221924 -0.140991 
0.78735 0.22583 0.56519 0.259277 -0.200073 -0.145264 
0.65674 0.20020 0.42358 0.242798 -0.178345 -0.145264 
0.56030 0.16479 0.29053 0.227295 -0.156860 -0.146484 
0.45166 0.17822 0.18188 0.212036 -0.137329 -0.146118 
0.34912 0.17212 0.9277 0.201050 -0.119751 -0.140747 
0.34912 0.16479 -0.6714 0.198608 -0.104248 -0.130371 
0.23682 0.15259 -0.21973 0.196289 -0.87891 -0.116089 
0.18066 0.15259 -0.37598 0.187256 -0.71045 -0.101074 
0.14771 0.14038 -0.51392 0.171631 -0.52124 -0.85327 
0.13794 0.14038 -0.65186 0.149048 -0.31372 -0.70190 
0.15137 0.12695 -0.76904 0.120972 -0.6592 -0.56885 
0.16846 0.10986 -0.84961 0.87646 0.21973 -0.44800 
0.18921 0.11353 -0.84961 0.50537 0.51025 -0.33081 
0.20142 0.12695 -0.91431 0.11841 0.77881 -0.21240 
0.21851 0.14404 -0.95825 0.6348 0.100830 -0.8911 
0.23315 0.17090 -0.96924 -0.24902 0.117920 0.3784 
0.23438 0.19165 -0.96436 -0.58228 0.128418 0.16602 
0.25269 0.20508 -0.93628 -0.87891 0.135010 0.28320 
0.28320 0.23682 -0.87891 -0.111816 0.138916 0.39429 
0.32471 0.27222 -0.80078 -0.132568 0.138916 0.49683 
0.37109 0.32349 -0.69092 -0.152344 0.142700 0.58838 
0.40405 0.38330 -0.56152 -0.171265 0.148071 0.36621 
0.40649 0.43579 -0.40771 -0.189087 0.156982 0.67871 
0.41138 0.48950 -0.20264 -0.208618 0.168823 0.77515 
0.44922 0.50049 0.3052 -0.229980 0.180786 0.88257 
0.54932 0.47241 0.24292 -0.247070 0.194458 0.99976 
0.54932 0.42480 0.45044 -0.259766 0.211060 0.110840 
0.72632 0.39063 0.68115 -0.273926 0.230347 0.117188 
0.92651 0.39917 0.91064 -0.293457 0.252075 0.116943 
0.110962 0.43945 0.116211 -0.317383 0.272095 0.108643 
0.128052 0.43945 0.145874 -0.342896 0.285400 0.93018 
0.139404 0.48706 0.176392 -0.364624 0.290039 0.72876 
0.145020 0.54443 0.173218 -0.375855 0.286377 0.51147 
0.144165 0.58838 0.204468 -0.373779 0.276123 0.29053 
0.139648 0.60669 0.228027 -0.360962 0.261230 0.7202 
0.135620 0.63232 0.245117 -0.374268 0.242676 -0.13062 
0.130249 0.64453 0.257813 -0.323853 0.224609 -0.32593 
0.123901 0.62134 0.268188 -0.323853 0.208984 -0.51025 
0.117554 0.56641 0.281494 -0.307495 0.196167 -0.66406 
0.112793 0.52002 0.301025 -0.297607 0.215942 -0.76416 
0.122803 0.54321 0.329956 -0.291626 0.184692 -0.67139 
0.115601 0.44312 0.364136 -0.291382 0.188355 -0.53467 
0.115112 0.46997 0.372925 -0.289795 0.211914 -0.60181 
0.113281 0.54321 0.384399 -0.260376 0.204224 -0.60181 
0.120483 0.53223 0.397095 -0.212646 0.165527 -0.68237 
0.131470 0.51025 0.405151 -0.171265 0.129517 -0.70801 
0.140137 0.49805 0.410400 -0.149292 0.109863 -0.66040 
0.145874 0.51514 0.414429 -0.138672 0.99976 -0.58228 
0.145874 0.55420 0.418945 -0.131470 0.93872 -0.52368 
0.147583 0.58472 0.420044 -0.121338 0.88745 -0.45410 
0.147949 0.59692 0.417114 -0.106323 0.83740 -0.35889 
0.148438 0.59692 0.409424 -0.89111 0.79346 -0.25391 
0.148560 0.60181 0.396729 -0.70679 0.73975 -0.15991 
0.148438 0.59814 0.380981 -0.51514 0.66406 -0.8667 
0.147461 0.58716 0.380981 -0.32471 0.56519 -0.4028 
0.147217 0.56274 0.361816 -0.14404 0.42114 -0.244 
0.145508 0.52979 0.341187 -0.29663 0.25635 0.3418 
0.142944 0.50537 0.320801 0.14160 0.9155 0.5737 
0.139893 0.47607 0.301270 0.14160 -0.6104 0.6470 
0.136230 0.44434 0.283813 0.22827 -0.19165 0.6104 
0.131348 0.41260 0.268677 0.27832 -0.29663 0.4395 
0.125122 0.38574 0.256104 0.30396 -0.29663 0.2075 
0.117676 0.35767 0.245605 0.31494 -0.36743 -0.244 
0.109985 0.32837 0.237183 0.31128 -0.40283 -0.2197 
0.101563 0.30029 0.230103 0.29907 -0.40771 -0.2197 
0.94238 0.27222 0.223389 0.28687 -0.38696 -0.3174 
0.88135 0.25757 0.216919 0.27588 -0.34668 -0.3296 
0.84106 0.24292 0.211182 0.25146 -0.28809 -0.2686 
0.81299 0.23438 0.207397 0.20996 -0.21729 -0.854 
0.81299 0.23071 0.205078 0.15381 -0.13428 0.1465 
0.78735 0.22827 0.203491 0.10010 -0.5859 0.3418 
0.76172 0.23560 0.203247 0.6104 0.1221 0.4028 
0.74097 0.23560 0.205688 0.3296 0.6836 0.3906 
0.70190 0.24292 0.208008 0.3540 0.13550 0.5005 
0.65308 0.24048 0.209595 0.5981 0.23071 0.9033 
0.63965 0.22217 0.209595 0.6958 0.32471 0.15259 
0.63965 0.18677 0.208862 0.2441 0.38940 0.20020 
0.66895 0.19409 0.209595 0.24780 0.41138 0.22583 
0.69824 0.21118 0.212524 -0.12085 0.42969 0.21851 
0.74219 0.21729 0.215088 -0.12085 0.41016 0.16724 
0.80078 0.21606 0.216797 -0.15747 0.32104 0.7690 
0.83984 0.23804 0.222290 -0.20874 0.53345 -0.1343 
0.84473 0.27222 0.227661 -0.24414 0.22095 -0.7202 
0.86304 0.27832 0.230713 -0.20996 0.9399 -0.10498 
0.89355 0.29053 0.232300 -0.11597 -0.4272 -0.12817 
0.93872 0.29297 0.229736 -0.244 -0.17334 -0.15015 
0.95093 0.29907 0.226440 0.9766 -0.28687 -0.15015 
0.95215 0.30884 0.222290 0.17334 -0.36255 -0.16846 
0.95215 0.31250 0.219360 0.20630 -0.40161 -0.18433 
0.95459 0.32593 0.218628 0.19653 -0.41138 -0.19653 
0.95459 0.34790 0.218628 0.17700 -0.40894 -0.20752 
0.96436 0.36743 0.218628 0.16357 -0.41626 -0.22095 
0.96924 0.37354 0.218262 0.14404 -0.43823 -0.23926 
0.95947 0.37354 0.218628 0.11841 -0.45776 -0.26733 
0.94604 0.40161 0.219360 0.9399 -0.47729 -0.32227 
0.93628 0.41138 0.219238 0.7446 -0.49683 -0.37354 
0.93140 0.40771 0.219605 0.5371 -0.50415 -0.40039 
