0.257813 -0.17090 -0.67017 0.30884 0.44800 0.24536 
0.255371 -0.16724 -0.64331 0.36133 0.56030 0.21240 
0.251831 -0.18799 -0.62622 0.34424 0.67749 0.19165 
0.246826 -0.20630 -0.60303 0.34424 0.75562 0.16113 
0.250855 -0.15747 -0.59937 0.28687 0.82153 0.14404 
0.252319 -0.13062 -0.57251 0.22949 0.87402 0.12939 
0.250244 -0.12695 -0.54932 0.16479 0.91431 0.12207 
0.250488 -0.11841 -0.52734 0.10742 0.91431 0.12085 
0.250732 -0.10498 -0.51025 0.6226 0.93872 0.12207 
0.250977 -0.8545 -0.48218 0.2930 0.92896 0.12817 
0.251465 -0.5981 -0.44556 0.1465 0.87158 0.12817 
0.251221 -0.4150 -0.40161 0.2441 0.76294 0.13916 
0.250000 -0.2686 -0.36133 0.5615 0.61157 0.15015 
0.278931 -0.4395 -0.32837 0.11475 0.42480 0.16602 
0.247681 -0.8423 -0.31006 0.19531 0.22949 0.20020 
0.245850 -0.12085 -0.30518 0.28320 0.4761 0.25269 
0.245117 -0.15137 -0.32471 0.35889 -0.10132 0.31250 
0.244995 -0.16724 -0.36133 0.40527 -0.18311 0.37598 
0.245483 -0.16724 -0.41626 0.41138 -0.19287 0.44067 
0.247070 -0.17944 -0.52490 0.37598 -0.14648 0.49561 
0.244751 -0.19043 -0.52612 0.29907 -0.5737 0.53223 
0.249634 -0.21606 -0.52612 0.17822 0.610 0.54443 
0.248779 -0.25024 -0.56274 0.6104 0.6714 0.55786 
0.247437 -0.27344 -0.59326 0.27222 0.10376 0.57129 
0.246704 -0.28809 -0.61646 -0.4028 0.8423 0.57373 
0.247070 -0.30151 -0.62500 -0.12085 0.2808 0.54321 
0.245850 -0.31006 -0.63110 -0.14893 0.25879 0.52124 
0.245972 -0.36133 -0.61646 -0.14526 -0.11230 0.49561 
0.247681 -0.46631 -0.61768 -0.11963 -0.11230 0.42358 
0.252808 -0.46265 -0.58594 -0.8057 -0.16602 0.35034 
0.256958 -0.40771 -0.53711 -0.4761 -0.24902 0.32837 
0.255249 -0.36865 -0.57983 -0.3906 -0.38818 0.32837 
0.253418 -0.36499 -0.62622 -0.732 -0.52368 0.33813 
0.251953 -0.36743 -0.63721 0.1709 -0.63843 0.34180 
0.251465 -0.37231 -0.65796 -0.122 -0.73364 0.33813 
0.251465 -0.37842 -0.67627 -0.3418 -0.80444 0.33447 
0.252197 -0.38452 -0.69458 -0.5127 -0.83496 0.32959 
0.254517 -0.38696 -0.71777 -0.5371 -0.82642 0.32349 
0.256714 -0.39795 -0.76172 -0.4639 -0.77515 0.31982 
0.258911 -0.39795 -0.81055 -0.3296 -0.67993 0.30518 
0.263184 -0.41504 -0.89355 -0.244 -0.55054 0.26245 
0.269165 -0.44800 -0.68359 0.4272 -0.36743 0.19775 
0.279785 -0.46997 -0.99609 0.8545 -0.12939 0.10498 
0.296021 -0.49072 -0.117065 0.12207 0.20508 -0.1709 
0.310791 -0.45898 -0.135864 0.14404 0.60669 -0.11719 
0.322266 -0.41382 -0.153564 0.12695 0.107544 -0.17090 
0.341919 -0.49683 -0.162964 0.12695 0.147339 -0.23560 
0.361816 -0.51636 -0.167114 0.3540 0.144165 -0.32593 
0.375977 -0.49927 -0.165894 -0.6226 0.159058 -0.40771 
0.388428 -0.48828 -0.157593 -0.13550 0.190308 -0.48340 
0.400269 -0.47485 -0.145752 -0.21118 0.191895 -0.55542 
0.407959 -0.45776 -0.130981 -0.31738 0.183472 -0.62134 
0.409912 -0.44556 -0.115723 -0.44189 0.168457 -0.62134 
0.406860 -0.44922 -0.101685 -0.55176 0.149536 -0.68359 
0.401001 -0.46265 -0.88013 -0.63721 0.128662 -0.75073 
0.392944 -0.46021 -0.75928 -0.68359 0.106934 -0.82642 
0.384644 -0.46265 -0.63110 -0.69580 0.89600 -0.89844 
0.384644 -0.46021 -0.59204 -0.67871 0.72754 -0.95459 
0.371826 -0.47974 -0.51270 -0.57251 0.51636 -0.101440 
0.359009 -0.48950 -0.42725 -0.45410 0.27588 -0.110107 
0.345093 -0.48950 -0.36377 -0.35889 0.4272 -0.120117 
0.333008 -0.50537 -0.32471 -0.28931 -0.17578 -0.129639 
0.322144 -0.52856 -0.60791 -0.24292 -0.39185 -0.139038 
0.311401 -0.54932 -0.29541 -0.21240 -0.59814 -0.149414 
0.302246 -0.57007 -0.25391 -0.19531 -0.78979 -0.161621 
0.294067 -0.57373 -0.20630 -0.19043 -0.95825 -0.175049 
0.284912 -0.55908 -0.16113 -0.19531 -0.109619 -0.189209 
0.273804 -0.54688 -0.11841 -0.19531 -0.120483 -0.205078 
0.260864 -0.51392 -0.7446 -0.20142 -0.97290 -0.221191 
0.246582 -0.46265 -0.3662 -0.20996 -0.133057 -0.235352 
0.230225 -0.40649 0.00 -0.22095 -0.133057 -0.246338 
0.213135 -0.34302 0.2197 -0.22339 -0.133667 -0.253418 
0.195801 -0.25757 0.4517 -0.21729 -0.130615 -0.254883 
0.177856 -0.17944 0.5737 -0.18677 -0.125122 -0.254883 
0.160156 -0.11475 0.4395 -0.15015 -0.116577 -0.251709 
0.142456 -0.4517 0.2930 -0.15503 -0.106445 -0.245728 
0.155640 0.854 0.977 -0.18311 -0.96436 -0.237183 
0.107544 0.5127 -0.2563 -0.21606 -0.88013 -0.225830 
0.107544 0.9521 -0.6592 -0.26367 -0.82886 -0.211182 
0.92773 0.13184 -0.10132 -0.32593 -0.81909 -0.193726 
0.78491 0.16968 -0.12573 -0.39063 -0.84351 -0.174194 
0.65552 0.16968 -0.14038 -0.44922 -0.89722 -0.152954 
0.53345 0.21606 -0.15137 -0.49438 -0.97412 -0.130981 
0.41748 0.26978 -0.16357 -0.51514 -0.105347 -0.109131 
0.31128 0.32471 -0.16357 -0.51147 -0.111938 -0.87524 
0.21484 0.36499 -0.17456 -0.49561 -0.115112 -0.65430 
0.13550 0.38940 -0.17700 -0.47607 -0.113159 -0.42114 
0.7690 0.41016 -0.17944 -0.45288 -0.106323 -0.16846 
0.5371 0.42114 -0.17822 -0.45288 -0.95093 0.10254 
0.7202 0.43213 -0.17944 -0.42358 -0.80322 0.38574 
0.14282 0.44189 -0.18311 -0.38452 -0.62744 0.65796 
0.24780 0.44434 -0.19775 -0.33325 -0.62744 0.91187 
0.38452 0.42847 -0.22339 -0.27588 -0.42114 0.114258 
0.55298 0.38940 -0.24902 -0.22583 -0.19775 0.102539 
0.73608 0.33569 -0.27954 -0.18799 0.3296 0.148804 
0.92896 0.27100 -0.30273 -0.16235 0.26733 0.148804 
0.112305 0.22095 -0.32715 -0.14893 0.51514 0.160156 
0.101929 0.20142 -0.35034 -0.15015 0.77637 0.169800 
0.152832 0.19165 -0.36865 -0.16113 0.103027 0.177734 
0.152832 0.18188 -0.36743 -0.17334 0.125977 0.183350 
0.171265 0.16113 -0.33936 -0.17578 0.145752 0.186890 
0.187988 0.12451 -0.29541 -0.16479 0.162231 0.188721 
0.203491 0.12451 -0.23926 -0.14893 0.174561 0.189209 
0.219238 0.8423 -0.19409 -0.12207 0.182617 0.188355 
0.235352 0.6348 -0.16479 -0.7568 0.187256 0.186646 
0.253418 0.8789 -0.9277 -0.2441 0.184814 0.182617 
0.275513 0.3296 -0.9277 -0.3418 0.185425 0.192871 
0.290039 0.9033 -0.13916 -0.2686 0.193359 0.198486 
0.304443 0.14893 -0.18066 -0.2563 0.196167 0.188599 
0.320923 0.19531 -0.26978 -0.2563 0.190552 0.170532 
0.334473 0.19531 -0.31250 -0.244 0.182739 0.151733 
0.343628 0.15137 -0.37720 0.610 0.173584 0.136108 
0.347656 0.11108 -0.42725 -0.244 0.173584 0.123047 
0.348511 0.9766 -0.47485 -0.4639 0.163940 0.118286 
0.368408 -0.3296 -0.29785 -0.11108 0.156860 0.106812 
0.359863 0.5615 -0.35645 -0.31860 0.176392 0.145264 
0.354980 0.12451 -0.40283 -0.48584 0.186890 0.145264 
0.356812 0.20630 -0.42603 -0.52612 0.182617 0.140381 
0.359131 0.20142 -0.44312 -0.48462 0.167236 0.131348 
0.359497 0.16479 -0.45288 -0.45898 0.146729 0.125488 
0.359497 0.11963 -0.46143 -0.47119 0.127563 0.122925 
0.357788 0.6714 -0.46143 -0.47607 0.112061 0.120483 
0.350098 0.4639 -0.49316 -0.43457 0.103638 0.113525 
0.339600 0.4639 -0.46997 -0.32715 0.93506 0.98999 
0.329956 0.4883 -0.39795 -0.21118 0.80078 0.79590 
0.328980 0.2563 -0.58350 -0.13550 0.68726 0.67871 
0.333374 -0.5371 -0.13428 -0.9033 0.69336 0.69458 
0.342773 -0.16479 -0.13428 -0.7202 0.79712 0.77637 
0.354980 -0.25146 -0.7446 -0.6714 0.83740 0.81543 
0.370483 -0.32837 -0.3540 -0.5859 0.72388 0.77393 
0.385620 -0.38574 -0.2319 -0.5859 0.51636 0.67627 
0.399414 -0.44189 0.1465 -0.2808 0.35767 0.56152 
0.407837 -0.48218 0.3540 -0.4395 0.58472 0.41138 
0.412109 -0.50415 0.6348 -0.13428 0.27222 0.21362 
0.415649 -0.52368 0.10376 -0.25146 0.23438 -0.610 
0.419067 -0.55298 0.16113 -0.32715 0.21606 -0.20630 
0.421997 -0.58105 0.20630 -0.35645 0.21729 -0.7080 
0.419800 -0.57983 0.22461 -0.34668 0.21484 -0.38330 
0.415283 -0.58228 0.23438 -0.31494 0.18921 -0.58472 
0.407349 -0.58350 0.27344 -0.31738 0.16724 -0.80200 
0.425415 -0.55786 0.34180 -0.37109 0.17090 -0.101318 
0.394165 -0.51758 0.40649 -0.44067 0.17090 -0.121216 
0.375977 -0.41016 0.45898 -0.51758 0.10986 -0.142090 
0.355591 -0.32227 0.45044 -0.55664 -0.17944 -0.166748 
0.337402 -0.57861 0.44067 -0.47363 -0.72510 -0.186035 
0.322144 -0.26611 0.43823 -0.31372 -0.136719 -0.198975 
0.306274 -0.20874 0.40161 -0.16479 -0.192871 -0.206909 
0.287720 -0.18921 0.37842 -0.11597 -0.232788 -0.208984 
0.269531 -0.17456 0.37842 -0.16235 -0.251831 -0.206177 
0.252441 -0.14038 0.36621 -0.25269 -0.253296 -0.200928 
