0.243286 -0.50049 0.34668 0.4395 0.6226 0.26489 
0.246460 -0.49072 0.34912 0.4517 0.8789 0.24780 
0.247803 -0.49561 0.35278 0.4028 0.11719 0.22217 
0.249878 -0.52490 0.35767 0.3296 0.13306 0.19897 
0.251587 -0.52490 0.36621 0.3540 0.12329 0.19165 
0.252930 -0.55298 0.37720 0.4639 0.11230 0.19287 
0.249390 -0.61523 0.39551 0.4517 0.11963 0.19287 
0.254028 -0.62012 0.39551 0.6836 0.13062 0.19287 
0.257813 -0.62500 0.38452 0.9766 0.12329 0.16846 
0.260132 -0.61523 0.37109 0.11475 0.8545 0.11108 
0.262329 -0.58228 0.37964 0.11475 0.3540 0.4517 
0.263428 -0.53955 0.40161 0.12939 -0.1831 -0.977 
0.262085 -0.51270 0.42969 0.14771 -0.9521 -0.4150 
0.261353 -0.50049 0.45166 0.16968 -0.22583 -0.4639 
0.260742 -0.50659 0.46265 0.22217 -0.22583 -0.3784 
0.260010 -0.52612 0.45532 0.31616 -0.40894 -0.2563 
0.257568 -0.54565 0.42603 0.41138 -0.59692 -0.488 
0.255005 -0.55542 0.38574 0.46509 -0.74585 -0.488 
0.254395 -0.55908 0.34302 0.46631 -0.83740 0.2686 
0.257324 -0.56030 0.31006 0.42969 -0.87036 0.6470 
0.264038 -0.58472 0.28564 0.37109 -0.82764 0.10620 
0.264038 -0.60425 0.23193 0.29663 -0.74219 0.14526 
0.276001 -0.67993 0.18433 0.21118 -0.60669 0.19653 
0.283936 -0.73730 0.14404 0.10376 -0.45166 0.21362 
0.294922 -0.79224 0.9277 -0.610 -0.30518 0.17212 
0.307739 -0.79224 0.4761 -0.5615 -0.16479 0.8545 
0.322998 -0.81421 0.30396 -0.4517 -0.3052 -0.2930 
0.338745 -0.84351 -0.8423 -0.1709 0.10376 -0.15747 
0.354004 -0.89478 -0.8423 -0.977 0.24170 -0.29053 
0.370239 -0.95093 -0.16113 -0.2441 0.37720 -0.43701 
0.385010 -0.100220 -0.22827 -0.5493 0.49561 -0.60547 
0.397339 -0.104004 -0.25635 -0.9766 0.59082 -0.79102 
0.408081 -0.105835 -0.24048 -0.9766 0.65308 -0.98389 
0.416260 -0.106323 -0.20142 -0.14038 0.67383 -0.117310 
0.420776 -0.106812 -0.15503 -0.17212 0.65552 -0.135986 
0.420776 -0.107788 -0.10376 -0.19287 0.65552 -0.154907 
0.415772 -0.108398 -0.5127 -0.20996 0.60059 -0.174194 
0.405273 -0.107788 0.854 -0.23193 0.51392 -0.162964 
0.390259 -0.105469 0.6470 -0.26001 0.39673 -0.194214 
0.371948 -0.101807 0.11963 -0.29175 0.25269 -0.213867 
0.351318 -0.97168 0.17212 -0.32349 0.9277 -0.231567 
0.360962 -0.92285 0.21606 -0.35156 -0.7080 -0.246338 
0.338379 -0.86914 0.24902 -0.36743 -0.23315 -0.258423 
0.307129 -0.80811 0.27222 -0.36743 -0.38208 -0.268799 
0.283081 -0.73975 0.28320 -0.35522 -0.50659 -0.277222 
0.258057 -0.66650 0.29053 -0.34424 -0.60181 -0.283203 
0.232666 -0.66650 0.27954 -0.34424 -0.66772 -0.286377 
0.207397 -0.58960 0.25757 -0.35767 -0.72144 -0.287354 
0.183350 -0.51270 0.24170 -0.38940 -0.75928 -0.285645 
0.160767 -0.42725 0.24170 -0.44922 -0.77271 -0.280151 
0.139771 -0.33936 0.23315 -0.53589 -0.75562 -0.270874 
0.119385 -0.25146 0.24048 -0.31982 -0.69946 -0.258667 
0.98877 -0.15625 0.24536 -0.71533 -0.63110 -0.243896 
0.78125 -0.5493 0.24780 -0.71533 -0.55664 -0.227051 
0.57251 0.4883 0.24780 -0.77148 -0.47974 -0.207764 
0.37720 0.15259 0.24170 -0.79468 -0.40405 -0.185547 
0.20874 0.25391 0.22217 -0.78979 -0.40405 -0.160645 
0.7324 0.34668 0.19287 -0.76538 -0.34180 -0.133301 
-0.3418 0.41504 0.16602 -0.72754 -0.29907 -0.134888 
-0.12085 0.45898 0.14038 -0.67871 -0.26978 -0.103638 
-0.18311 0.48462 0.11719 -0.62500 -0.23682 -0.72510 
-0.21484 0.50903 0.10254 -0.58716 -0.19165 -0.40161 
-0.22217 0.52856 0.9277 -0.56885 -0.13306 -0.7690 
-0.20752 0.53101 0.9888 -0.56519 -0.5493 0.24170 
-0.20752 0.51880 0.11353 -0.56274 0.3784 0.54443 
-0.16602 0.50293 0.13184 -0.55664 0.14038 0.83130 
-0.9521 0.47119 0.15381 -0.55176 0.24902 0.110107 
0.00 0.47119 0.17944 -0.54688 0.36011 0.134888 
0.11353 0.42114 0.21240 -0.54077 0.47119 0.156616 
0.24658 0.36133 0.24780 -0.53589 0.58472 0.175293 
0.39551 0.30151 0.24780 -0.53467 0.69336 0.192139 
0.56519 0.23682 0.28564 -0.53711 0.78613 0.207764 
0.74829 0.16846 0.31738 -0.53955 0.85693 0.221313 
0.94727 0.9888 0.35522 -0.53955 0.90454 0.232422 
0.114746 0.2441 0.39063 -0.53955 0.93262 0.240479 
0.135742 -0.4639 0.42114 -0.54565 0.63965 0.244873 
0.157837 -0.11475 0.45532 -0.55786 0.97046 0.245605 
0.179443 -0.18799 0.49438 -0.59326 0.97046 0.243408 
0.200684 -0.24414 0.54199 -0.65918 0.98633 0.238159 
0.223511 -0.37476 0.63477 -0.74341 0.93994 0.247192 
0.241089 -0.43945 0.65552 -0.86670 0.91187 0.225586 
0.264160 -0.49683 0.76294 -0.90942 0.95337 0.256836 
0.287964 -0.55420 0.77759 -0.92285 0.99365 0.259277 
0.284058 -0.61646 0.84839 -0.84595 0.95581 0.253174 
0.314941 -0.72876 0.87402 -0.73975 0.95459 0.241333 
0.346191 -0.78857 0.81909 -0.62622 0.95581 0.230713 
0.372437 -0.86426 0.70068 -0.45288 0.92407 0.213135 
0.402222 -0.70435 0.87769 -0.30884 0.97412 0.194458 
0.438355 -0.101685 0.77271 -0.39551 0.124512 0.187256 
0.458008 -0.102661 0.72510 -0.45044 0.124756 0.173218 
0.473511 -0.101074 0.72754 -0.39551 0.104004 0.149780 
0.492920 -0.105103 0.74951 -0.36133 0.86060 0.128052 
0.510498 -0.107178 0.74951 -0.39673 0.76660 0.109863 
0.520874 -0.108521 0.74951 -0.43823 0.70679 0.90210 
0.524292 -0.107788 0.74829 -0.45654 0.65796 0.65430 
0.521240 -0.106567 0.76050 -0.45654 0.63110 0.38574 
0.513184 -0.105103 0.78979 -0.46997 0.66406 0.13916 
0.498535 -0.101074 0.84351 -0.49683 0.72998 -0.9888 
0.478882 -0.97778 0.89233 -0.54077 0.72998 -0.32227 
0.456055 -0.94971 0.95093 -0.56641 0.75562 -0.53711 
0.434082 -0.92407 0.100708 -0.56030 0.75806 -0.41260 
0.411865 -0.89355 0.105591 -0.54932 0.73242 -0.88623 
0.389648 -0.86792 0.107422 -0.53833 0.67017 -0.88623 
0.370850 -0.86548 0.109009 -0.52124 0.54810 -0.102783 
0.352417 -0.83008 0.110107 -0.49561 0.37109 -0.114136 
0.366699 -0.82153 0.110107 -0.46021 0.17578 -0.124512 
0.335449 -0.78613 0.112671 -0.40405 0.854 -0.136963 
0.318359 -0.75073 0.112427 -0.38574 -0.10132 -0.154785 
0.305176 -0.72998 0.109741 -0.40771 -0.28320 -0.169189 
0.288086 -0.72998 0.106689 -0.38086 -0.53467 -0.177002 
0.272095 -0.69702 0.104248 -0.31738 -0.77148 -0.180298 
0.257690 -0.65674 0.102295 -0.28320 -0.93018 -0.181885 
0.245239 -0.61035 0.99854 -0.28687 -0.98389 -0.183228 
0.233398 -0.56885 0.99854 -0.30273 -0.95581 -0.184570 
0.219605 -0.52856 0.96191 -0.30273 -0.88501 -0.186279 
0.205322 -0.48462 0.92529 -0.29785 -0.77881 -0.186646 
0.189941 -0.42847 0.89111 -0.29785 -0.65796 -0.185059 
0.173706 -0.36499 0.85938 -0.29419 -0.54199 -0.181885 
0.158081 -0.28442 0.83008 -0.28320 -0.45776 -0.176392 
0.144287 -0.19531 0.79956 -0.25757 -0.45776 -0.168091 
0.132568 -0.10376 0.76538 -0.22217 -0.41626 -0.157227 
0.123169 -0.2197 0.73364 -0.18677 -0.41016 -0.175659 
0.116577 0.3906 0.69946 -0.15381 -0.41870 -0.130249 
0.112183 0.8545 0.66650 -0.11963 -0.41870 -0.130249 
0.109375 0.12573 0.62866 -0.8911 -0.39795 -0.115112 
0.108154 0.16724 0.59570 -0.6592 -0.35645 -0.100098 
0.109131 0.21240 0.57861 -0.5249 -0.30029 -0.85571 
0.109131 0.25635 0.56641 -0.4517 -0.23682 -0.71655 
0.111206 0.29297 0.55542 -0.3662 -0.16968 -0.58594 
0.114380 0.122 0.54810 -0.2075 -0.10376 -0.45898 
0.118530 0.32471 0.53955 0.244 -0.4028 -0.33325 
0.124268 0.32471 0.53345 0.3418 0.1953 -0.21118 
0.131958 0.32471 0.53223 0.6592 0.8057 -0.9644 
0.141724 0.32349 0.53101 0.9277 0.14648 0.610 
0.153076 0.31982 0.53101 0.11230 0.22217 0.9399 
0.165527 0.31006 0.53223 0.12939 0.30151 0.16235 
0.178345 0.29297 0.53467 0.13550 0.37720 0.21118 
0.190918 0.26855 0.54199 0.13550 0.44556 0.24536 
0.203613 0.24170 0.55542 0.12939 0.49561 0.27222 
0.215942 0.21484 0.57373 0.12207 0.52856 0.29053 
0.227295 0.18311 0.59448 0.11963 0.54443 0.30273 
0.237549 0.15625 0.61523 0.11475 0.54443 0.30640 
0.246460 0.14160 0.63354 0.10864 0.54565 0.30518 
0.254272 0.13062 0.65308 0.10620 0.53223 0.29541 
0.261475 0.11963 0.66528 0.10498 0.50781 0.29541 
0.267212 0.10742 0.67749 0.10254 0.47852 0.27710 
0.271240 0.9521 0.68848 0.9888 0.44556 0.24902 
0.274048 0.8423 0.69702 0.9033 0.40649 0.21484 
0.274048 0.7813 0.71045 0.7690 0.35889 0.17822 
0.275269 0.7690 0.72998 0.6226 0.30029 0.14404 
