0.244751 0.7813 -0.5127 0.30029 0.38330 0.32837 
0.248291 0.3418 -0.1465 0.33936 0.38696 0.32959 
0.252686 0.1099 0.732 0.37964 0.35767 0.30884 
0.255249 -0.122 0.1587 0.40649 0.32959 0.29175 
0.256226 -0.1343 0.2197 0.40649 0.28320 0.28564 
0.256226 -0.3662 0.1709 0.41260 0.23071 0.29663 
0.255249 -0.4150 -0.488 0.40894 0.18799 0.31860 
0.256104 -0.3296 -0.2808 0.39307 0.18799 0.34058 
0.256836 -0.3052 -0.6226 0.35156 0.12817 0.35767 
0.256714 -0.2441 -0.8667 0.29053 0.5371 0.37354 
0.256104 0.00 -0.8667 0.21606 -0.3052 0.37354 
0.256226 0.1709 -0.7202 0.14160 -0.12451 0.38818 
0.258057 0.3296 -0.5127 0.8545 -0.21729 0.39917 
0.260254 0.3662 -0.3540 0.4639 -0.29419 0.41016 
0.262207 0.2930 -0.2808 0.1831 -0.34790 0.41626 
0.262207 0.1953 -0.2319 -0.488 -0.37842 0.42114 
0.265137 0.1465 -0.4028 -0.2319 -0.39063 0.43579 
0.268555 0.1587 -0.7568 -0.4272 -0.39917 0.46509 
0.272217 0.1587 -0.12085 -0.8057 -0.39917 0.49805 
0.277344 0.1221 -0.16968 -0.12939 -0.38940 0.53833 
0.286011 -0.366 -0.21973 -0.16479 -0.36621 0.57251 
0.296509 -0.3296 -0.26245 -0.17822 -0.31860 0.59326 
0.311401 -0.6836 -0.26245 -0.16968 -0.25269 0.59326 
0.330322 -0.9521 -0.29541 -0.13550 -0.16846 0.56152 
0.349243 -0.12451 -0.32593 -0.8179 -0.6714 0.50293 
0.364990 -0.18799 -0.36743 -0.8179 0.5127 0.41260 
0.377563 -0.24658 -0.42847 -0.854 0.16235 0.30151 
0.390381 -0.28687 -0.50171 0.8667 0.26123 0.18677 
0.403198 -0.32104 -0.57129 0.19043 0.26123 0.6226 
0.414307 -0.35034 -0.61768 0.27832 0.37598 -0.9033 
0.421997 -0.40649 -0.66650 0.32593 0.50659 -0.25391 
0.426636 -0.46021 -0.67383 0.33813 0.62378 -0.11353 
0.427490 -0.49805 -0.63965 0.32837 0.71167 -0.42603 
0.425415 -0.53345 -0.58472 0.30762 0.76294 -0.61157 
0.419189 -0.56519 -0.51758 0.28687 0.76660 -0.79712 
0.408813 -0.58716 -0.44678 0.27100 0.71533 -0.97534 
0.408813 -0.59204 -0.37842 0.25024 0.61401 -0.114380 
0.396240 -0.59326 -0.31494 0.22461 0.47241 -0.129517 
0.382446 -0.58350 -0.25269 0.18799 0.30884 -0.143311 
0.366699 -0.58350 -0.20020 0.14160 0.12573 -0.156372 
0.349243 -0.57007 -0.14160 0.9277 -0.6226 -0.169922 
0.330200 -0.55420 -0.8301 0.4761 -0.25024 -0.184692 
0.309814 -0.52979 -0.4272 0.1221 -0.41992 -0.199707 
0.288086 -0.48828 -0.4272 -0.610 -0.56030 -0.213379 
0.265991 -0.44556 -0.1099 -0.2197 -0.64819 -0.222656 
0.237061 -0.38330 0.1465 -0.5737 -0.70923 -0.228638 
0.210571 -0.32471 0.1709 -0.5737 -0.75073 -0.231445 
0.186157 -0.28809 0.1465 -0.10742 -0.75684 -0.230225 
0.161987 -0.26489 0.2075 -0.16113 -0.72998 -0.225464 
0.137939 -0.21118 0.3662 -0.21973 -0.72998 -0.217163 
0.113281 -0.14893 0.7080 -0.27588 -0.67139 -0.205078 
0.85938 -0.9033 0.11597 -0.33691 -0.55786 -0.189819 
0.55786 -0.244 0.13794 -0.39917 -0.41992 -0.202881 
0.28320 0.10864 0.16357 -0.44800 -0.28931 -0.171631 
0.2930 0.22217 0.17578 -0.49316 -0.17700 -0.149780 
0.12329 0.31494 0.15259 -0.52856 -0.9277 -0.124756 
-0.4883 0.36377 0.12939 -0.54565 -0.4639 -0.96680 
-0.36133 0.36743 0.11597 -0.54688 -0.2808 -0.66040 
-0.47607 0.35034 0.8057 -0.52124 -0.1587 -0.32959 
-0.52002 0.34790 0.7813 -0.48828 -0.1709 0.1953 
-0.51025 0.34790 0.7813 -0.48340 -0.1831 0.35767 
-0.47119 0.36743 0.7446 -0.47729 -0.1343 0.66650 
-0.41138 0.38086 0.7080 -0.44678 0.854 0.94971 
-0.34302 0.38696 0.5737 -0.42358 0.6348 0.122314 
-0.26245 0.38818 0.5737 -0.43457 0.15259 0.149414 
-0.15869 0.37231 0.6226 -0.45776 0.25757 0.173950 
-0.2686 0.34424 0.6470 -0.45654 0.35156 0.194336 
0.11597 0.29053 0.8667 -0.45654 0.42847 0.210571 
0.26733 0.22949 0.12329 -0.43823 0.48950 0.224976 
0.42358 0.18188 0.16724 -0.42725 0.53101 0.239502 
0.58228 0.14771 0.20142 -0.41626 0.53955 0.255249 
0.75562 0.11108 0.22217 -0.38696 0.53955 0.271118 
0.94360 0.5371 0.22217 -0.31982 0.50903 0.253784 
0.117920 -0.732 0.21729 -0.21851 0.44312 0.295044 
0.147095 -0.7446 0.21240 -0.9277 0.36011 0.295044 
0.181274 -0.14404 0.23560 0.5005 0.27954 0.298340 
0.222046 -0.20508 0.33081 0.21118 0.22217 0.292480 
0.231323 -0.44189 0.33447 0.39673 0.15015 0.276001 
0.262573 -0.56030 0.36255 0.54810 0.17700 0.275024 
0.291626 -0.69824 0.42236 0.69092 0.50049 0.261353 
0.329712 -0.72754 0.32227 0.63232 0.92651 0.242920 
0.355469 -0.77881 0.31372 0.57861 0.120972 0.219727 
0.376465 -0.77881 0.24658 0.47485 0.136108 0.190796 
0.391235 -0.79346 0.27344 0.26245 0.154907 0.169800 
0.416748 -0.84229 0.32349 -0.19287 0.188232 0.168579 
0.427124 -0.85938 0.63599 -0.50781 0.178955 0.171143 
0.437988 -0.80322 0.70068 -0.52124 0.134155 0.165161 
0.454346 -0.82153 0.75439 -0.37231 0.82275 0.156128 
0.470947 -0.84961 0.75073 -0.37231 0.42358 0.147461 
0.487793 -0.89600 0.66528 -0.20264 0.20508 0.140381 
0.499756 -0.94971 0.53711 -0.10864 0.11963 0.130859 
0.505615 -0.101318 0.38086 -0.13184 0.10986 0.116333 
0.506348 -0.105469 0.22705 -0.20020 0.10986 0.94971 
0.508179 -0.108765 0.12085 -0.20142 0.17334 0.102783 
0.507446 -0.109131 0.8423 -0.12573 0.27588 0.78369 
0.503540 -0.110596 0.8545 -0.5005 0.38696 0.47119 
0.496216 -0.111450 0.10010 -0.5127 0.51880 0.23315 
0.485962 -0.110474 0.13550 -0.10986 0.65552 -0.1221 
0.473022 -0.108765 0.20142 -0.19165 0.73975 -0.24902 
0.473022 -0.106201 0.26245 -0.28564 0.77393 -0.47119 
0.456787 -0.102539 0.33691 -0.36987 0.74219 -0.65796 
0.436768 -0.99243 0.39917 -0.44067 0.68359 -0.83984 
0.415039 -0.94971 0.45288 -0.50537 0.57251 -0.101196 
0.391846 -0.94971 0.51392 -0.55664 0.41016 -0.117310 
0.370728 -0.89478 0.54321 -0.59204 0.18555 -0.131226 
0.349609 -0.84961 0.60059 -0.60547 -0.7568 -0.141480 
0.330566 -0.81299 0.60059 -0.60059 -0.31250 -0.148071 
0.310181 -0.77393 0.62012 -0.58228 -0.46875 -0.154053 
0.287964 -0.70435 0.66406 -0.61523 -0.57495 -0.166748 
0.270264 -0.61401 0.64697 -0.61523 -0.76904 -0.177124 
0.250732 -0.53345 0.63721 -0.69580 -0.102051 -0.180420 
0.231567 -0.46021 0.64087 -0.71289 -0.94727 -0.178589 
0.215698 -0.38452 0.63965 -0.65308 -0.143066 -0.172607 
0.202759 -0.31494 0.62622 -0.58350 -0.143066 -0.163696 
0.192261 -0.25513 0.60669 -0.53955 -0.151367 -0.184814 
0.183472 -0.20874 0.58350 -0.51880 -0.151611 -0.143555 
0.176025 -0.17456 0.56274 -0.50537 -0.144897 -0.143555 
0.169189 -0.13916 0.53711 -0.49561 -0.132690 -0.134399 
0.163208 -0.9399 0.51147 -0.49072 -0.116577 -0.126343 
0.158813 -0.3540 0.49805 -0.48950 -0.99243 -0.119751 
0.186401 0.732 0.48340 -0.48950 -0.80933 -0.114014 
0.155151 0.3540 0.46753 -0.48584 -0.63599 -0.106934 
0.151733 0.5493 0.44312 -0.45898 -0.49438 -0.96313 
0.149048 0.7202 0.41016 -0.40405 -0.39551 -0.83984 
0.147339 0.7202 0.37720 -0.33447 -0.33203 -0.72266 
0.147705 0.8423 0.33936 -0.26733 -0.29663 -0.61768 
0.149902 0.9644 0.61890 -0.20508 -0.28442 -0.51636 
0.154175 0.10742 0.30640 -0.15381 -0.27832 -0.42114 
0.159546 0.12695 0.28076 -0.11475 -0.26733 -0.33936 
0.166748 0.14404 0.26855 -0.8057 -0.24902 -0.26978 
0.174438 0.15503 0.25391 -0.4150 -0.21851 -0.21362 
0.182373 0.15625 0.23315 -0.4150 -0.17334 -0.16968 
0.190674 0.14648 0.20874 0.122 -0.11230 -0.13672 
0.198975 0.13306 0.18188 0.4150 -0.3906 -0.11475 
0.206543 0.12329 0.15869 0.6958 -0.3906 -0.10010 
0.213623 0.11841 0.13428 0.8789 0.3906 -0.8911 
0.220093 0.11353 0.11719 0.9644 0.11597 -0.8301 
0.226318 0.10620 0.11108 0.9888 0.18188 -0.8301 
0.231201 0.9644 0.10864 0.9766 0.23438 -0.8179 
0.235107 0.9521 0.10864 0.9399 0.27100 -0.8789 
0.238281 0.10132 0.11475 0.8301 0.29297 -0.9399 
0.241089 0.10864 0.11475 0.7690 0.30151 -0.9399 
0.241089 0.10986 0.11108 0.7935 0.29541 -0.8423 
0.243652 0.10986 0.10010 0.8789 0.27588 -0.6592 
0.245850 0.10498 0.8423 0.9399 0.24780 -0.4639 
0.248047 0.10498 0.7813 0.8789 0.21973 -0.2808 
0.250732 0.10132 0.7446 0.7813 0.19165 -0.1099 
0.253418 0.9521 0.7080 0.7324 0.16602 0.488 
0.255737 0.8911 0.7080 0.7080 0.14160 0.1953 
0.257813 0.8789 0.6348 0.6226 0.11841 0.3052 
