0.209961 -0.40283 -0.153442 0.26123 0.26123 0.28198 
0.209839 -0.41992 -0.153442 0.17334 0.37842 0.27832 
0.207764 -0.44189 -0.154541 0.5371 0.51758 0.25879 
0.207520 -0.46997 -0.152954 0.24048 0.63965 0.22095 
0.205811 -0.51880 -0.149658 -0.7202 0.66406 0.15015 
0.207764 -0.52246 -0.146606 -0.16235 0.62134 0.5859 
0.213989 -0.49194 -0.143921 -0.19043 0.55176 -0.2808 
0.217651 -0.46509 -0.141724 -0.18311 0.46509 -0.10010 
0.217896 -0.44312 -0.139893 -0.16235 0.46509 -0.15259 
0.216675 -0.42725 -0.137329 -0.12085 0.35522 -0.18066 
0.216431 -0.41870 -0.135620 -0.3784 0.23682 -0.19165 
0.218262 -0.41870 -0.136230 0.7813 0.12573 -0.19165 
0.220947 -0.45776 -0.141846 0.21118 0.3174 -0.20020 
0.224121 -0.50537 -0.149170 0.33569 -0.977 -0.21484 
0.228516 -0.51514 -0.159058 0.40283 0.2075 -0.24780 
0.233032 -0.51147 -0.171753 0.39917 0.11230 -0.30640 
0.233032 -0.50049 -0.186890 0.32837 0.23193 -0.36377 
0.238037 -0.47852 -0.202881 0.21729 0.36743 -0.39551 
0.243042 -0.46509 -0.218384 0.8423 0.53101 -0.38940 
0.253174 -0.46509 -0.234497 -0.5371 0.69092 -0.35400 
0.260864 -0.47974 -0.251099 -0.17090 0.85327 -0.31128 
0.270630 -0.52612 -0.267700 -0.28687 0.104736 -0.27100 
0.277344 -0.59692 -0.267700 -0.40771 0.127197 -0.25513 
0.284912 -0.68970 -0.284180 -0.53223 0.149170 -0.27222 
0.294067 -0.74341 -0.296631 -0.34668 0.166260 -0.31372 
0.303223 -0.75317 -0.309326 -0.75806 0.171997 -0.36987 
0.314453 -0.74829 -0.311890 -0.75806 0.169678 -0.44434 
0.322876 -0.74097 -0.305664 -0.88379 0.166626 -0.52856 
0.328369 -0.73364 -0.296265 -0.105225 0.158081 -0.61890 
0.331665 -0.72632 -0.283813 -0.119385 0.158081 -0.71655 
0.333374 -0.72144 -0.268311 -0.129639 0.137939 -0.81299 
0.331787 -0.72144 -0.249512 -0.138550 0.107544 -0.90088 
0.327026 -0.71411 -0.226929 -0.148071 0.71533 -0.90088 
0.318359 -0.69580 -0.203003 -0.158325 0.32227 -0.98999 
0.307251 -0.67383 -0.178345 -0.167480 -0.9521 -0.108765 
0.296021 -0.63232 -0.155884 -0.173218 -0.49927 -0.119629 
0.285156 -0.59814 -0.138428 -0.174316 -0.85938 -0.130981 
0.285156 -0.57007 -0.125244 -0.172119 -0.116333 -0.142456 
0.274414 -0.53711 -0.114136 -0.167969 -0.140259 -0.154541 
0.264160 -0.51270 -0.102173 -0.164307 -0.154541 -0.166016 
0.253174 -0.51270 -0.89600 -0.163330 -0.158081 -0.176514 
0.240479 -0.50293 -0.76538 -0.163208 -0.151123 -0.185669 
0.226685 -0.48462 -0.62988 -0.163086 -0.135376 -0.192139 
0.211304 -0.43945 -0.62988 -0.162354 -0.113647 -0.195557 
0.193848 -0.39795 -0.49927 -0.159424 -0.89355 -0.194824 
0.176025 -0.35767 -0.39307 -0.186890 -0.65552 -0.188477 
0.157349 -0.29785 -0.30396 -0.153687 -0.45654 -0.177002 
0.138550 -0.23071 -0.23560 -0.153687 -0.34424 -0.161743 
0.121948 -0.15137 -0.18677 -0.153320 -0.34546 -0.144531 
0.107788 -0.5127 -0.14404 -0.153809 -0.46631 -0.127563 
0.93872 0.977 -0.9888 -0.153442 -0.46631 -0.109131 
0.80933 0.8179 -0.3418 -0.151245 -0.69458 -0.91309 
0.67383 0.15381 0.4517 -0.146606 -0.97900 -0.75684 
0.52979 0.22705 0.12573 -0.138062 -0.127930 -0.75684 
0.38574 0.29785 0.19653 -0.123413 -0.156982 -0.62378 
0.24170 0.35767 0.23926 -0.101929 -0.181763 -0.49561 
0.10376 0.41016 0.24780 -0.76050 -0.200928 -0.35278 
0.28687 0.44189 0.22339 -0.49316 -0.214111 -0.18188 
-0.2563 0.46387 0.17334 -0.24048 -0.221069 0.1465 
-0.12939 0.47607 0.11841 -0.2319 -0.221802 0.23560 
-0.19897 0.47363 0.7324 0.16357 -0.216309 0.47852 
-0.21973 0.47363 0.3174 0.34180 -0.206177 0.73242 
-0.18921 0.47607 -0.244 0.53345 -0.192993 0.98145 
-0.10620 0.46753 -0.4761 0.75928 -0.177612 0.120239 
0.1587 0.42969 -0.13306 0.101685 -0.159180 0.137817 
0.16357 0.35156 -0.13306 0.126831 -0.137573 0.150513 
0.32104 0.26489 -0.26733 0.146973 -0.112671 0.159058 
0.46997 0.17822 -0.43945 0.130005 -0.84839 0.164063 
0.60303 0.8057 -0.64819 0.161255 -0.55786 0.166870 
0.72510 -0.366 -0.86304 0.170288 -0.27954 0.170288 
0.86182 -0.7568 -0.104492 0.172852 -0.2930 0.174927 
0.101074 -0.12817 -0.116821 0.168457 -0.2930 0.179321 
0.116455 -0.17944 -0.121826 0.160400 0.18799 0.182739 
0.133423 -0.21606 -0.122070 0.156128 0.37231 0.183716 
0.151123 -0.24658 -0.122925 0.160522 0.53833 0.180664 
0.168945 -0.28809 -0.130005 0.172363 0.69336 0.180664 
0.186890 -0.36011 -0.146484 0.188599 0.84106 0.173340 
0.167358 -0.43823 -0.178833 0.203980 0.97046 0.163940 
0.199829 -0.65918 -0.189331 0.210938 0.95703 0.155884 
0.231079 -0.66772 -0.199097 0.200439 0.112427 0.173950 
0.248779 -0.71655 -0.213257 0.177734 0.122925 0.181274 
0.271118 -0.71045 -0.216675 0.159424 0.104736 0.175049 
0.294678 -0.71045 -0.215576 0.154175 0.74341 0.163696 
0.310181 -0.73486 -0.220459 0.156494 0.47241 0.154419 
0.312012 -0.74585 -0.219238 0.159302 0.26855 0.144165 
0.326050 -0.70557 -0.219360 0.149414 0.8179 0.141480 
0.296509 -0.78369 -0.250610 0.148438 -0.65674 0.131104 
0.295166 -0.72754 -0.278564 0.137939 -0.128662 0.125366 
0.285034 -0.80322 -0.296143 0.179810 -0.176270 0.123291 
0.271973 -0.82031 -0.315674 0.179810 -0.193481 0.114014 
0.258789 -0.92285 -0.333374 0.174683 -0.184937 0.102295 
0.244141 -0.103394 -0.348755 0.159180 -0.157105 0.89722 
0.232178 -0.111938 -0.363159 0.143677 -0.157105 0.77759 
0.223511 -0.121216 -0.377197 0.130127 -0.118896 0.66895 
0.220337 -0.127319 -0.391968 0.117554 -0.77759 0.88379 
0.219605 -0.132080 -0.407959 0.104980 -0.39551 0.46753 
0.220581 -0.138062 -0.422730 0.91675 -0.10376 0.46753 
0.218384 -0.141235 -0.432739 0.75928 0.8545 0.36743 
0.188355 -0.142700 -0.429932 0.56763 0.18921 0.26611 
0.219605 -0.143799 -0.420166 0.33325 0.31738 0.18433 
0.219605 -0.142334 -0.400635 0.5127 0.45410 0.13794 
0.224854 -0.139282 -0.385620 -0.30640 0.60547 0.11230 
0.219238 -0.134033 -0.364990 -0.63477 0.57129 0.4883 
0.221924 -0.134033 -0.339478 -0.86426 0.55298 0.1465 
0.224243 -0.128906 -0.317139 -0.110596 0.58594 0.122 
0.225830 -0.122803 -0.326416 -0.136353 0.58960 -0.1831 
0.228882 -0.118164 -0.302368 -0.159058 0.52124 -0.1465 
0.231079 -0.113159 -0.271118 -0.177246 0.37964 0.854 
0.232056 -0.106567 -0.246582 -0.191895 0.19409 0.2563 
0.231689 -0.98755 -0.223145 -0.204712 -0.488 0.2808 
0.230225 -0.90820 -0.201660 -0.204712 -0.19897 0.1831 
0.227173 -0.83008 -0.181641 -0.215332 -0.36499 -0.610 
0.222168 -0.74585 -0.161865 -0.222412 -0.48218 -0.4639 
0.215332 -0.65430 -0.142822 -0.226074 -0.53711 -0.9644 
0.207642 -0.54932 -0.124756 -0.226929 -0.53711 -0.15015 
0.198486 -0.45044 -0.107666 -0.225220 -0.53833 -0.20020 
0.189575 -0.35156 -0.92041 -0.220337 -0.50537 -0.23560 
0.181396 -0.25269 -0.78491 -0.213135 -0.46021 -0.23560 
0.174072 -0.15747 -0.67627 -0.203735 -0.42236 -0.25513 
0.166748 -0.7690 -0.59448 -0.192383 -0.40771 -0.26001 
0.159302 -0.977 -0.55420 -0.178833 -0.41870 -0.25269 
0.159302 0.3662 -0.56885 -0.162964 -0.44312 -0.24048 
0.151489 0.6226 -0.61523 -0.145264 -0.46509 -0.22705 
0.142334 0.7080 -0.68115 -0.128052 -0.46875 -0.21484 
0.132935 0.5981 -0.75684 -0.112305 -0.46387 -0.20142 
0.125488 0.5981 -0.82764 -0.97534 -0.45166 -0.18066 
0.122192 0.4395 -0.89600 -0.83496 -0.42358 -0.15869 
0.122925 0.3784 -0.64819 -0.70801 -0.36743 -0.14526 
0.126099 0.3784 -0.96069 -0.59692 -0.27832 -0.14526 
0.130005 0.3174 -0.101807 -0.49438 -0.16479 -0.15747 
0.134277 0.2075 -0.108032 -0.39307 -0.3662 -0.17944 
0.139160 0.854 -0.114380 -0.39307 0.9399 -0.20386 
0.144409 -0.366 -0.121216 -0.29419 0.22217 -0.22827 
0.149292 -0.2319 -0.128418 -0.20020 0.2808 -0.25146 
0.153564 -0.4517 -0.136597 -0.11353 0.44189 -0.26489 
0.157349 -0.6958 -0.145020 -0.3784 0.44189 -0.26978 
0.160400 -0.9155 -0.153442 0.2075 0.52734 -0.26489 
0.162964 -0.11230 -0.161499 0.6348 0.59570 -0.25146 
0.164551 -0.11841 -0.168579 0.8423 0.63843 -0.25146 
0.165527 -0.11475 -0.174438 0.8545 0.66040 -0.23193 
0.166260 -0.11108 -0.179077 0.7568 0.66406 -0.20996 
0.166504 -0.10132 -0.182739 0.6470 0.64697 -0.18066 
0.166504 -0.8911 -0.185059 0.6104 0.61035 -0.14648 
0.166870 -0.7080 -0.186890 0.6226 0.56152 -0.11353 
0.167725 -0.6592 -0.188477 0.6836 0.50903 -0.8057 
0.169312 -0.7080 -0.190308 0.8301 0.45166 -0.4761 
0.170410 -0.7080 -0.192505 0.10010 0.37964 -0.732 
0.171265 -0.8301 -0.193970 0.10620 0.29907 0.3174 
0.172852 -0.8911 -0.195190 0.9521 0.21851 0.6958 
0.174561 -0.9521 -0.195190 0.8057 0.13794 0.10132 
