0.263428 -0.63110 0.81055 -0.76050 -0.16479 0.6226 
0.262207 -0.63843 0.75317 -0.61035 -0.21851 0.7690 
0.260010 -0.62866 0.77637 -0.49194 -0.26733 0.7813 
0.259766 -0.62500 0.79102 -0.49194 -0.30273 0.7935 
0.261108 -0.61401 0.82764 -0.39063 -0.33569 0.9277 
0.256836 -0.60303 0.84473 -0.27710 -0.32837 0.11108 
0.253418 -0.58105 0.83862 -0.13672 -0.31616 0.14404 
0.252197 -0.57861 0.80688 -0.1465 -0.31616 0.18188 
0.252808 -0.58228 0.78247 0.5371 -0.31006 0.20874 
0.254272 -0.57739 0.78247 0.6592 -0.28442 0.20630 
0.255249 -0.55786 0.80200 0.2930 -0.23926 0.20630 
0.255859 -0.52368 0.84595 -0.1953 -0.21729 0.18311 
0.256714 -0.48706 0.90088 -0.4883 -0.23071 0.15381 
0.256836 -0.45898 0.95093 -0.4150 -0.30273 0.12329 
0.256836 -0.44312 0.100342 0.244 -0.42480 0.9521 
0.256836 -0.42603 0.103149 0.6104 -0.54321 0.7813 
0.257446 -0.40771 0.105713 0.11597 -0.61768 0.7568 
0.259888 -0.38940 0.108154 0.13184 -0.59448 0.8301 
0.268188 -0.38940 0.102783 0.11841 -0.45166 0.10132 
0.274048 -0.41016 0.107788 0.8789 -0.26001 0.12085 
0.288086 -0.40894 0.104492 0.5493 -0.9277 0.12085 
0.301636 -0.44922 0.104492 0.6104 0.7324 0.9155 
0.321289 -0.48340 0.102417 0.13428 0.20508 0.977 
0.341064 -0.50781 0.95825 0.25146 0.33325 -0.9399 
0.358521 -0.55054 0.89355 0.25146 0.45288 -0.21729 
0.374023 -0.57861 0.83130 0.32593 0.56274 -0.37109 
0.388672 -0.58960 0.79590 0.32104 0.32104 -0.54810 
0.401245 -0.59692 0.79712 0.24170 0.65674 -0.73975 
0.411011 -0.60425 0.84595 0.13550 0.65674 -0.93872 
0.416748 -0.59937 0.93262 0.4883 0.64331 -0.113525 
0.418213 -0.59448 0.101440 0.122 0.59204 -0.101318 
0.416870 -0.61768 0.106445 -0.1343 0.52246 -0.132568 
0.412598 -0.63843 0.107910 -0.1953 0.46143 -0.149780 
0.405396 -0.65796 0.106079 -0.1587 0.41016 -0.165527 
0.390381 -0.72388 0.104736 0.2441 0.38452 -0.177734 
0.390381 -0.76782 0.99854 0.7202 0.36133 -0.191162 
0.371216 -0.77881 0.92407 0.15747 0.33081 -0.207642 
0.349854 -0.78003 0.85571 0.30762 0.29541 -0.225830 
0.326538 -0.75928 0.82764 0.48462 0.23560 -0.244873 
0.301880 -0.75928 0.79346 0.60425 0.11719 -0.264282 
0.277344 -0.71045 0.72388 0.62988 -0.4395 -0.281738 
0.254639 -0.66040 0.64575 0.57495 -0.20874 -0.296021 
0.233276 -0.61646 0.64575 0.47241 -0.34912 -0.306519 
0.211792 -0.58472 0.57007 0.35278 -0.44800 -0.313721 
0.188110 -0.55542 0.48950 0.54443 -0.48218 -0.317383 
0.160889 -0.52856 0.42725 0.9644 -0.46021 -0.316895 
0.129883 -0.47119 0.39429 0.9644 -0.38452 -0.310059 
0.97290 -0.38818 0.36865 -0.5371 -0.56152 -0.296143 
0.67261 -0.27588 0.34912 -0.20630 -0.6958 -0.276123 
0.40771 -0.13672 0.31982 -0.34302 -0.6958 -0.251343 
0.19409 0.1099 0.30029 -0.43579 0.13306 -0.223145 
0.4272 0.14648 0.27954 -0.50171 0.33569 -0.224243 
-0.5371 0.27222 0.25024 -0.56641 0.54077 -0.192993 
-0.11230 0.38086 0.22217 -0.64575 0.73364 -0.163330 
-0.15503 0.46143 0.21118 -0.72998 0.89111 -0.135620 
-0.18677 0.51514 0.21851 -0.80078 0.100952 -0.109863 
-0.21729 0.56152 0.23804 -0.85449 0.109009 -0.85083 
-0.21729 0.59814 0.25513 -0.90454 0.113281 -0.59814 
-0.25391 0.31494 0.26978 -0.95825 0.113281 -0.33813 
-0.29663 0.64819 0.29175 -0.101074 0.107910 -0.7813 
-0.33936 0.64819 0.32593 -0.106079 0.96680 0.17944 
-0.38940 0.64697 0.37720 -0.109253 0.81787 0.44678 
-0.43823 0.61523 0.45166 -0.109619 0.66895 0.74219 
-0.47119 0.55786 0.45166 -0.108398 0.57129 0.108032 
-0.47119 0.50415 0.51758 -0.105713 0.52612 0.143066 
-0.42358 0.45166 0.57983 -0.103760 0.51636 0.174316 
-0.34302 0.38696 0.64209 -0.106201 0.53833 0.200439 
-0.24658 0.26367 0.72510 -0.106201 0.59814 0.221924 
-0.9277 0.15747 0.78491 -0.112549 0.41626 0.239258 
0.11475 0.8423 0.87524 -0.117920 0.85815 0.251099 
0.33936 0.2930 0.94482 -0.122192 0.85815 0.257935 
0.57129 -0.1953 0.104858 -0.126953 0.99243 0.261475 
0.79590 -0.9766 0.120728 -0.133179 0.107666 0.262695 
0.105469 -0.18311 0.137573 -0.136719 0.112061 0.262695 
0.136475 -0.25757 0.152100 -0.133301 0.116333 0.263550 
0.172730 -0.30762 0.167603 -0.121826 0.123535 0.264526 
0.180054 -0.34424 0.182983 -0.109253 0.127441 0.261597 
0.187866 -0.51758 0.188477 -0.102539 0.124634 0.250610 
0.250366 -0.50049 0.193237 -0.101563 0.116821 0.241455 
0.282715 -0.55542 0.211426 -0.100586 0.112915 0.221558 
0.316162 -0.53589 0.219605 -0.107910 0.108276 0.201782 
0.341064 -0.53589 0.237671 -0.109009 0.98267 0.179932 
0.361206 -0.55176 0.249756 -0.109497 0.92651 0.158569 
0.377319 -0.54565 0.227905 -0.109253 0.89722 0.138550 
0.392090 -0.53589 0.264526 -0.108521 0.87524 0.120483 
0.402466 -0.51270 0.264526 -0.104248 0.85327 0.101563 
0.409912 -0.48706 0.265747 -0.97656 0.83252 0.80444 
0.415039 -0.46021 0.263306 -0.122070 0.81665 0.57739 
0.416626 -0.44189 0.257324 -0.90820 0.82397 0.37231 
0.417847 -0.46997 0.259277 -0.84106 0.88867 0.20020 
0.412842 -0.47241 0.255127 -0.80444 0.91675 0.2319 
0.404785 -0.49561 0.255737 -0.75684 0.91675 -0.15381 
0.394653 -0.50903 0.255371 -0.71899 0.96191 -0.31494 
0.382446 -0.52246 0.256104 -0.68726 0.96558 -0.45044 
0.367676 -0.51880 0.256592 -0.65430 0.88501 -0.56641 
0.351440 -0.51270 0.256958 -0.62378 0.73730 -0.56641 
0.335327 -0.51880 0.258179 -0.59082 0.55176 -0.67383 
0.318970 -0.52368 0.258789 -0.54688 0.35889 -0.78491 
0.337036 -0.55786 0.258911 -0.50171 0.21240 -0.90088 
0.305786 -0.55664 0.255615 -0.46753 0.14404 -0.100464 
0.293701 -0.54199 0.253052 -0.44189 0.11353 -0.111206 
0.282471 -0.53711 0.250977 -0.41382 0.7935 -0.123169 
0.268921 -0.53711 0.248413 -0.37598 0.3174 -0.136597 
0.254761 -0.52002 0.246460 -0.32349 -0.4517 -0.149658 
0.239746 -0.50537 0.243652 -0.26611 -0.15137 -0.159424 
0.223877 -0.49194 0.240112 -0.21118 -0.27222 -0.166138 
0.208252 -0.46997 0.240112 -0.15381 -0.39917 -0.170654 
0.193359 -0.43823 0.235962 -0.8789 -0.52246 -0.174072 
0.179443 -0.40161 0.230713 -0.977 -0.63721 -0.176270 
0.167114 -0.36987 0.223389 -0.977 -0.74585 -0.177246 
0.157227 -0.34546 0.213745 0.8423 -0.84595 -0.177124 
0.147827 -0.33081 0.203247 0.17090 -0.90698 -0.177002 
0.139282 -0.30884 0.191895 0.22095 -0.90698 -0.176025 
0.132324 -0.28931 0.182373 0.23315 -0.92041 -0.172241 
0.124634 -0.26367 0.173218 0.22583 -0.88013 -0.165894 
0.115112 -0.22217 0.164429 0.21973 -0.80200 -0.159302 
0.105591 -0.18066 0.156250 0.21484 -0.70313 -0.159302 
0.97168 -0.13428 0.149902 0.21240 -0.60181 -0.152466 
0.121582 -0.9033 0.144775 0.20874 -0.50659 -0.144531 
0.85571 -0.4272 0.140137 0.20142 -0.42847 -0.135010 
0.85571 0.610 0.137207 0.19409 -0.38330 -0.123291 
0.83130 0.4883 0.135742 0.20020 -0.37964 -0.109985 
0.83618 0.8545 0.134888 0.21729 -0.41016 -0.95825 
0.86670 0.8545 0.133545 0.23804 -0.46143 -0.81787 
0.91064 0.11353 0.132202 0.25513 -0.52124 -0.68481 
0.96069 0.13306 0.130737 0.27100 -0.58228 -0.56641 
0.101318 0.15381 0.130127 0.28076 -0.63477 -0.46631 
0.105957 0.17578 0.130127 0.27466 -0.66772 -0.38208 
0.110352 0.19653 0.130493 0.25757 -0.66772 -0.30640 
0.116089 0.21729 0.131836 0.24292 -0.62988 -0.23438 
0.122803 0.23071 0.132813 0.24292 -0.56030 -0.16724 
0.130005 0.23560 0.132690 0.24536 -0.46509 -0.10620 
0.137817 0.23560 0.131836 0.25146 -0.35156 -0.5249 
0.145630 0.23071 0.130249 0.25024 -0.54565 -0.610 
0.153442 0.22949 0.129272 0.23804 -0.23315 0.3418 
0.161621 0.23315 0.128784 0.21851 -0.12573 0.7080 
0.170288 0.23560 0.129272 0.20264 -0.3906 0.9644 
0.178833 0.23560 0.129639 0.19043 0.2563 0.9644 
0.186035 0.22949 0.130127 0.17822 0.7324 0.10376 
0.191650 0.22949 0.130859 0.15869 0.11108 0.9033 
0.195557 0.23804 0.132813 0.13550 0.13428 0.6348 
0.195557 0.24780 0.135132 0.11475 0.14526 0.3906 
0.198975 0.26001 0.137817 0.10498 0.14160 0.2563 
0.202271 0.26611 0.139160 0.10742 0.12817 0.2319 
0.205444 0.26733 0.138794 0.11597 0.11108 0.2808 
0.208496 0.26733 0.137817 0.11963 0.9277 0.3174 
0.210571 0.26611 0.136353 0.11230 0.7446 0.2930 
0.211426 0.26367 0.135620 0.9766 0.5737 0.1953 
0.211060 0.26367 0.135620 0.8911 0.3174 0.854 
0.209839 0.26978 0.135986 0.8423 -0.244 0.122 
