0.235718 -0.31616 0.70557 0.15137 -0.1465 0.28320 
0.240234 -0.28076 0.68359 0.18311 -0.4639 0.27588 
0.246338 -0.26123 0.68481 0.20996 -0.7690 0.22949 
0.251953 -0.22583 0.67627 0.21606 -0.7324 0.22949 
0.257080 -0.19043 0.66284 0.21484 -0.4761 0.14893 
0.258301 -0.17456 0.64575 0.20386 -0.854 0.4517 
0.255859 -0.17700 0.63354 0.18188 -0.122 -0.6958 
0.255859 -0.18799 0.62744 0.17822 -0.7935 -0.16357 
0.253540 -0.17944 0.63110 0.19409 -0.23315 -0.20264 
0.250855 -0.16113 0.62988 0.20630 -0.41260 -0.18921 
0.248535 -0.13794 0.62134 0.20386 -0.57739 -0.14893 
0.247803 -0.13794 0.59937 0.18188 -0.69946 -0.11108 
0.246704 -0.12573 0.57739 0.13550 -0.74341 -0.9644 
0.244873 -0.12207 0.56274 0.4517 -0.72021 -0.10010 
0.240356 -0.18677 0.56274 -0.7690 -0.64941 -0.11963 
0.236572 -0.24536 0.53833 -0.17578 -0.55420 -0.13062 
0.235596 -0.26855 0.51147 -0.24902 -0.46753 -0.12207 
0.234497 -0.25513 0.43701 -0.24902 -0.41138 -0.10620 
0.237061 -0.25024 0.44556 -0.32471 -0.41992 -0.12329 
0.238647 -0.21606 0.42114 -0.39185 -0.42847 -0.12939 
0.239014 -0.20874 0.41138 -0.40527 -0.42725 -0.11475 
0.241455 -0.20508 0.41016 -0.38574 -0.42725 -0.9155 
0.245117 -0.19165 0.40405 -0.34546 -0.41870 -0.7324 
0.248413 -0.17944 0.40161 -0.28931 -0.40161 -0.6714 
0.251343 -0.17822 0.39917 -0.25024 -0.37231 -0.6714 
0.255615 -0.17090 0.40771 -0.24658 -0.33081 -0.6226 
0.258423 -0.19165 0.43457 -0.24170 -0.28687 -0.5249 
0.259399 -0.22339 0.46021 -0.21240 -0.24658 -0.4028 
0.259399 -0.23438 0.47485 -0.15503 -0.20386 -0.1953 
0.260498 -0.22461 0.49683 -0.9766 -0.17090 0.1709 
0.261597 -0.19775 0.52979 -0.5005 -0.14648 0.5127 
0.264648 -0.16724 0.55298 -0.610 -0.11963 0.7324 
0.269653 -0.16724 0.57007 0.4272 -0.7080 0.8545 
0.275879 -0.13550 0.57495 0.9399 0.1831 0.8667 
0.282715 -0.11353 0.56396 0.13550 0.15625 0.7568 
0.291382 -0.9521 0.56396 0.16235 0.33081 0.5493 
0.300049 -0.6470 0.54077 0.17822 0.50781 0.2930 
0.309448 -0.3052 0.51025 0.17944 0.65186 0.732 
0.320923 0.977 0.46997 0.16846 0.74219 0.366 
0.334351 0.1953 0.42603 0.16846 0.79834 0.2319 
0.349121 0.854 0.38452 0.14648 0.84106 0.5737 
0.366455 -0.2441 0.38086 0.12085 0.88867 0.7935 
0.383667 -0.7446 0.40527 0.12329 0.88867 0.6836 
0.396729 -0.14404 0.43701 0.18433 0.95581 0.244 
0.404663 -0.21118 0.47485 0.27832 0.104614 0.17212 
0.408325 -0.25879 0.50049 0.37231 0.112549 -0.14038 
0.409546 -0.30396 0.49927 0.46875 0.114990 -0.35767 
0.409302 -0.36377 0.50781 0.56519 0.113403 -0.61157 
0.408081 -0.40405 0.52002 0.61890 0.109619 -0.82642 
0.436768 -0.42358 0.53589 0.60791 0.103149 -0.98511 
0.405518 -0.44434 0.57129 0.55298 0.94238 -0.112305 
0.400269 -0.46021 0.61890 0.45898 0.86182 -0.125854 
0.392090 -0.48218 0.66162 0.32593 0.81665 -0.139771 
0.379150 -0.48218 0.72632 0.18433 0.75806 -0.151367 
0.360352 -0.54077 0.78125 0.5737 0.61279 -0.157959 
0.336182 -0.55664 0.80444 0.244 0.40527 -0.170044 
0.310913 -0.58350 0.80444 0.2441 0.15503 -0.186890 
0.286133 -0.59082 0.80200 0.6714 -0.10010 -0.204834 
0.262329 -0.58716 0.78369 0.9521 -0.30640 -0.221680 
0.240845 -0.57373 0.75317 0.8667 -0.43945 -0.235230 
0.219482 -0.55908 0.71899 0.8667 -0.50537 -0.246948 
0.200317 -0.53467 0.69214 0.5005 -0.52246 -0.258179 
0.181152 -0.51270 0.66895 0.366 -0.49561 -0.268311 
0.161743 -0.47485 0.64575 -0.5249 -0.49561 -0.275391 
0.139282 -0.43091 0.63232 -0.12695 -0.42236 -0.276978 
0.115845 -0.37720 0.61646 -0.22217 -0.31860 -0.271729 
0.93018 -0.31738 0.59692 -0.31616 -0.19897 -0.271729 
0.71045 -0.24902 0.56519 -0.39795 -0.7202 -0.259888 
0.51270 -0.18066 0.52368 -0.47363 0.5737 -0.243286 
0.33691 -0.11841 0.47729 -0.54688 0.18555 -0.224365 
0.48706 -0.4272 0.42358 -0.61279 0.29785 -0.203735 
0.17456 0.3784 0.36987 -0.66040 0.38086 -0.181396 
0.2808 0.11719 0.31738 -0.70190 0.43579 -0.158447 
-0.8789 0.18799 0.27222 -0.74585 0.47485 -0.135132 
-0.18188 0.18799 0.24414 -0.79712 0.51514 -0.111206 
-0.25513 0.25757 0.23438 -0.86548 0.56763 -0.85693 
-0.30884 0.31860 0.25269 -0.95581 0.63721 -0.59082 
-0.34790 0.36499 0.25269 -0.105225 0.69946 -0.31982 
-0.35767 0.39185 0.29419 -0.112549 0.74951 -0.4883 
-0.33813 0.40527 0.35889 -0.117188 0.80322 0.22217 
-0.27100 0.42114 0.44312 -0.119751 0.86548 0.48950 
-0.17334 0.42480 0.52979 -0.119751 0.94482 0.73975 
-0.3662 0.41748 0.62256 -0.120605 0.105469 0.95947 
0.13794 0.40649 0.71045 -0.120361 0.118774 0.113403 
0.31250 0.38208 0.80566 -0.120117 0.118774 0.125610 
0.48096 0.34790 0.90454 -0.120728 0.131104 0.132935 
0.63354 0.32104 0.100830 -0.122803 0.140259 0.137695 
0.79468 0.31006 0.111084 -0.124756 0.146118 0.140137 
0.94482 0.29053 0.118042 -0.122437 0.149414 0.140137 
0.113403 0.28442 0.128174 -0.108276 0.154419 0.137817 
0.103027 0.30396 0.140015 -0.90210 0.150635 0.132813 
0.154053 0.25513 0.148071 -0.78369 0.137207 0.129028 
0.154053 0.21240 0.155884 -0.67017 0.122681 0.125122 
0.171387 0.18188 0.161133 -0.55664 0.102783 0.122314 
0.192993 0.12207 0.165161 -0.43701 0.73364 0.117065 
0.214600 0.12207 0.171997 -0.41016 0.40527 0.117554 
0.231445 0.12939 0.185669 -0.39673 0.22949 0.115479 
0.263184 0.14648 0.184692 -0.51025 0.41138 0.124268 
0.280396 0.20020 0.179443 -0.59692 0.49805 0.116821 
0.301636 0.31982 0.179443 -0.56274 0.53833 0.91919 
0.325073 0.41016 0.182739 -0.61523 0.64819 0.65674 
0.343506 0.46631 0.183472 -0.41626 0.78003 0.45776 
0.358643 0.50293 0.184692 -0.72876 0.84473 0.26733 
0.373657 0.56641 0.189575 -0.81909 0.85693 0.4028 
0.388062 0.63232 0.194702 -0.84839 0.82642 -0.19531 
0.398804 0.67017 0.199219 -0.84961 0.82642 -0.36377 
0.408081 0.70923 0.201904 -0.83862 0.77637 -0.46143 
0.415039 0.73608 0.204346 -0.78247 0.69946 -0.46997 
0.419678 0.76050 0.206421 -0.69092 0.56152 -0.42603 
0.422485 0.76782 0.208252 -0.61035 0.36987 -0.42603 
0.425903 0.72510 0.210571 -0.53467 0.16235 -0.36987 
0.431030 0.61890 0.211670 -0.47729 -0.3662 -0.31616 
0.436890 0.47852 0.210571 -0.45044 -0.19653 -0.27100 
0.436890 0.31860 0.207275 -0.43457 -0.28320 -0.26245 
0.440796 0.19043 0.205078 -0.42603 -0.28442 -0.31250 
0.440552 0.10498 0.204346 -0.43945 -0.22095 -0.44556 
0.433228 0.10498 0.206665 -0.48950 -0.13184 -0.67017 
0.418091 0.5127 0.212158 -0.55908 -0.6958 -0.96313 
0.396484 -0.244 0.218384 -0.60425 -0.7813 -0.127441 
0.369629 -0.2075 0.193848 -0.59448 -0.18799 -0.156616 
0.340698 -0.2441 0.225098 -0.51636 -0.39185 -0.181885 
0.312256 -0.2930 0.232422 -0.37720 -0.63110 -0.202881 
0.286133 -0.2075 0.236328 -0.52490 -0.86182 -0.221313 
0.263306 -0.3906 0.239502 -0.21240 -0.105957 -0.238037 
0.242310 -0.5127 0.239136 -0.5859 -0.121948 -0.253174 
0.222778 -0.2563 0.236816 0.7690 -0.102539 -0.265503 
0.202393 0.1587 0.232178 0.19775 -0.133789 -0.275391 
0.181030 0.6714 0.221069 0.30029 -0.142334 -0.282349 
0.161133 0.12817 0.206543 0.39673 -0.151245 -0.285645 
0.142700 0.18433 0.187988 0.49927 -0.161255 -0.285522 
0.125488 0.22705 0.167847 0.59448 -0.170044 -0.285522 
0.109619 0.25757 0.147095 0.65674 -0.176025 -0.281982 
0.94971 0.28931 0.127075 0.67261 -0.177979 -0.274536 
0.113770 0.32349 0.110107 0.64209 -0.176147 -0.262939 
0.82520 0.37231 0.97168 0.58960 -0.171265 -0.247437 
0.73364 0.43823 0.86182 0.53833 -0.164063 -0.228882 
0.66650 0.51758 0.77026 0.49316 -0.154663 -0.208984 
0.63599 0.60547 0.69214 0.45654 -0.142944 -0.189087 
0.63477 0.60547 0.62500 0.42358 -0.128906 -0.169922 
0.64697 0.68481 0.88501 0.40039 -0.113647 -0.151611 
0.67627 0.75195 0.53467 0.38696 -0.97168 -0.133789 
0.73120 0.81177 0.53467 0.38208 -0.78979 -0.116333 
0.79834 0.86548 0.50293 0.37354 -0.58838 -0.99731 
0.87646 0.92041 0.47241 0.35034 -0.36865 -0.83984 
0.95215 0.97534 0.44678 0.35034 -0.13672 -0.69214 
0.102417 0.102295 0.43091 0.31006 0.9155 -0.55420 
0.110229 0.106445 0.43335 0.25757 0.30273 -0.42480 
0.119995 0.110229 0.46631 0.19531 0.17090 -0.30273 
0.131592 0.113647 0.52124 0.13428 0.48340 -0.19165 
0.143555 0.116455 0.58350 0.8789 0.62256 -0.9399 
