0.250855 -0.39185 0.75928 -0.16724 0.44434 -0.24780 
0.247314 -0.40039 0.75928 -0.17578 0.43823 -0.31616 
0.241699 -0.42969 0.79102 -0.14648 0.38574 -0.34424 
0.233765 -0.43579 0.79712 -0.12695 0.32104 -0.32471 
0.232910 -0.39063 0.82764 -0.12695 0.24780 -0.25513 
0.229614 -0.38818 0.82520 -0.5981 0.19897 -0.13916 
0.228394 -0.39551 0.80078 0.2808 0.19165 -0.854 
0.233154 -0.37231 0.78979 0.8545 0.19165 0.7813 
0.235962 -0.36133 0.76050 0.12817 0.20142 0.10254 
0.238892 -0.33691 0.74219 0.14893 0.20874 0.8667 
0.239624 -0.31616 0.75439 0.15503 0.20142 0.4517 
0.240967 -0.30884 0.79468 0.16846 0.17090 0.4517 
0.243408 -0.29785 0.83130 0.21851 0.11719 -0.366 
0.249390 -0.28931 0.88135 0.29785 0.4395 -0.3906 
0.227539 -0.27222 0.89355 0.42603 -0.7324 -0.5737 
0.258789 -0.27588 0.86304 0.62866 -0.30151 -0.5249 
0.270752 -0.26733 0.80933 0.76416 -0.56641 -0.5005 
0.284668 -0.27222 0.74707 0.78247 -0.75562 -0.3540 
0.300903 -0.27222 0.67139 0.69458 -0.83374 0.122 
0.319092 -0.29053 0.61035 0.53711 -0.84229 0.2686 
0.339478 -0.33569 0.56152 0.33936 -0.78247 -0.488 
0.356812 -0.37842 0.51880 0.11475 -0.66528 -0.9521 
0.370239 -0.44067 0.51880 -0.10986 -0.52002 -0.22949 
0.380737 -0.48828 0.49927 -0.31128 -0.36011 -0.38330 
0.385864 -0.52979 0.48462 -0.14771 -0.22217 -0.55542 
0.387695 -0.57861 0.49438 -0.46021 -0.10498 -0.74829 
0.390015 -0.62866 0.50781 -0.55786 0.244 -0.94238 
0.388916 -0.67627 0.52002 -0.59814 0.9399 -0.112915 
0.384277 -0.71289 0.54565 -0.58472 0.15991 -0.130981 
0.376343 -0.73242 0.57251 -0.54688 0.15991 -0.148193 
0.365234 -0.75928 0.59082 -0.50537 0.19043 -0.135254 
0.353516 -0.76416 0.61157 -0.46509 0.17090 -0.185059 
0.342529 -0.74951 0.62744 -0.41138 0.9155 -0.185059 
0.332397 -0.70679 0.63354 -0.32104 -0.1221 -0.201782 
0.320557 -0.67261 0.63232 -0.19775 -0.10742 -0.215332 
0.337647 -0.66162 0.61401 -0.8911 -0.18921 -0.226440 
0.306397 -0.65430 0.58350 -0.2563 -0.26489 -0.237183 
0.290894 -0.64087 0.54443 -0.244 -0.33691 -0.248047 
0.273560 -0.93018 0.49805 -0.366 -0.39917 -0.257813 
0.255005 -0.58594 0.45166 -0.2563 -0.44800 -0.265747 
0.236328 -0.58594 0.40771 -0.7935 -0.48584 -0.271729 
0.217651 -0.54321 0.37231 -0.16602 -0.52002 -0.275635 
0.199097 -0.49927 0.34180 -0.26733 -0.55542 -0.277100 
0.179443 -0.44556 0.34180 -0.36377 -0.58838 -0.275879 
0.157959 -0.38574 0.32104 -0.44800 -0.61157 -0.272095 
0.134644 -0.31738 0.30762 -0.52002 -0.61279 -0.265381 
0.111450 -0.23193 0.29541 -0.52002 -0.58350 -0.255005 
0.88989 -0.13062 0.28198 -0.57983 -0.52734 -0.240967 
0.68115 -0.1343 0.26855 -0.62622 -0.45166 -0.223022 
0.49683 0.11597 0.24780 -0.66040 -0.37231 -0.201904 
0.33325 0.24780 0.23315 -0.67993 -0.37231 -0.177246 
0.20020 0.36499 0.23193 -0.67627 -0.29541 -0.181274 
0.11353 0.45410 0.22461 -0.67749 -0.22339 -0.152832 
0.5493 0.52124 0.22583 -0.70557 -0.15503 -0.121582 
0.1221 0.57617 0.24048 -0.74951 -0.9644 -0.92529 
-0.2075 0.62622 0.26001 -0.79224 -0.4883 -0.63477 
-0.4639 0.66406 0.28564 -0.83374 -0.854 -0.34546 
-0.4639 0.69458 0.31616 -0.88013 0.2808 -0.5981 
-0.5493 0.70068 0.35767 -0.92651 0.6592 0.22339 
-0.4028 0.67505 0.41260 -0.95947 0.11230 0.50171 
0.00 0.62500 0.47607 -0.97534 0.17334 0.77515 
0.7324 0.62500 0.53955 -0.98145 0.26489 0.104492 
0.17944 0.56030 0.59937 -0.99365 0.39673 0.129883 
0.30884 0.49927 0.34424 -0.100830 0.55664 0.151001 
0.45044 0.44434 0.65674 -0.102051 0.72266 0.166260 
0.58594 0.40039 0.71533 -0.103638 0.87891 0.176514 
0.69824 0.36377 0.77271 -0.105347 0.101685 0.183594 
0.79102 0.33325 0.83374 -0.105347 0.112427 0.189209 
0.87036 0.30762 0.89966 -0.107300 0.118530 0.195190 
0.95947 0.27954 0.96802 -0.108765 0.119019 0.202637 
0.108521 0.24414 0.103149 -0.108032 0.114014 0.210571 
0.124634 0.19531 0.108765 -0.104248 0.114014 0.216919 
0.143188 0.13916 0.113159 -0.98022 0.104248 0.188721 
0.162842 0.9277 0.116333 -0.90454 0.90942 0.248657 
0.180908 -0.488 0.116821 -0.83984 0.74951 0.217407 
0.198730 -0.8911 0.117798 -0.84106 0.62134 0.225464 
0.222656 -0.11230 0.126953 -0.84717 0.58960 0.236450 
0.243530 -0.12085 0.126953 -0.89478 0.64209 0.239136 
0.236694 -0.15137 0.127930 -0.92773 0.62256 0.234497 
0.267944 -0.22339 0.132446 -0.89722 0.59937 0.221191 
0.293823 -0.28442 0.133911 -0.88379 0.58105 0.203247 
0.320801 -0.4272 0.135010 -0.85449 0.57007 0.180298 
0.351196 -0.35522 0.135132 -0.81055 0.53589 0.154907 
0.381104 -0.40649 0.136597 -0.70313 0.48950 0.127075 
0.408691 -0.41138 0.146606 -0.55908 0.40161 0.101318 
0.437622 -0.41260 0.146606 -0.49194 0.47852 0.85693 
0.461792 -0.40405 0.151733 -0.52368 0.44434 0.80444 
0.483765 -0.32959 0.150269 -0.41138 0.34180 0.71045 
0.505249 -0.30518 0.153320 -0.56885 0.27710 0.55298 
0.521606 -0.32837 0.153198 -0.25635 0.23560 0.37842 
0.531494 -0.33813 0.148682 -0.14160 0.23071 0.18921 
0.534302 -0.36621 0.143433 -0.4883 0.29175 0.854 
0.530518 -0.40283 0.139771 0.00 0.29175 -0.15625 
0.519653 -0.43213 0.137939 -0.3540 0.41016 -0.32715 
0.502808 -0.42725 0.140259 -0.12939 0.55664 -0.53711 
0.480835 -0.37964 0.144897 -0.25635 0.70679 -0.53711 
0.453369 -0.35278 0.149658 -0.38818 0.78735 -0.77393 
0.423340 -0.32715 0.153442 -0.47485 0.77148 -0.98999 
0.425293 -0.33081 0.157715 -0.50903 0.66284 -0.115356 
0.397827 -0.33203 0.160400 -0.51025 0.50781 -0.125122 
0.366577 -0.30396 0.161133 -0.48828 0.32349 -0.129883 
0.340820 -0.28564 0.161377 -0.44922 0.11719 -0.133423 
0.320557 -0.26611 0.160889 -0.39795 -0.10132 -0.135620 
0.302368 -0.26611 0.160522 -0.33936 -0.31006 -0.138306 
0.286255 -0.26123 0.159790 -0.28076 -0.46753 -0.140625 
0.270386 -0.26489 0.157471 -0.24170 -0.54688 -0.142822 
0.254761 -0.26611 0.157471 -0.22339 -0.53711 -0.145752 
0.240112 -0.26001 0.154419 -0.21729 -0.45532 -0.149292 
0.225586 -0.24536 0.151245 -0.20996 -0.32471 -0.153198 
0.210449 -0.21973 0.147461 -0.18921 -0.17090 -0.156860 
0.196167 -0.18066 0.143555 -0.18921 -0.1709 -0.158936 
0.182983 -0.13428 0.139648 -0.15503 -0.18677 -0.158936 
0.171021 -0.8423 0.136719 -0.11230 0.26367 -0.157105 
0.160767 -0.5493 0.131226 -0.7324 0.26367 -0.150513 
0.151245 -0.244 0.125977 -0.3906 0.37598 -0.140991 
0.142456 0.5615 0.121338 -0.1099 0.45044 -0.131592 
0.134766 0.11475 0.117310 0.1465 0.49683 -0.131592 
0.129028 0.17212 0.114136 0.3662 0.51270 -0.122681 
0.125244 0.22827 0.111938 0.6958 0.48950 -0.114502 
0.154053 0.27222 0.110718 0.11963 0.43213 -0.106689 
0.122070 0.29907 0.109131 0.18433 0.35034 -0.99609 
0.122070 0.31250 0.107422 0.24780 0.25879 -0.92529 
0.122803 0.31250 0.105103 0.30151 0.17700 -0.85327 
0.125000 0.61768 0.102661 0.33447 0.11475 -0.77881 
0.127686 0.30518 0.100586 0.34424 0.8057 -0.70435 
0.130615 0.30396 0.98999 0.33691 0.7202 -0.63477 
0.133423 0.30640 0.98389 0.32593 0.8911 -0.57251 
0.135254 0.31738 0.98267 0.31250 0.12573 -0.51392 
0.137207 0.33691 0.98267 0.30273 0.17334 -0.45532 
0.139038 0.35645 0.97778 0.30029 0.22217 -0.39551 
0.141480 0.37476 0.97412 0.29907 0.26245 -0.33691 
0.144531 0.39307 0.96680 0.29907 0.28442 -0.27832 
0.148193 0.41382 0.96191 0.29541 0.28320 -0.21973 
0.153076 0.42725 0.96313 0.28931 0.26123 -0.16479 
0.159790 0.42725 0.97290 0.28320 0.26123 -0.11108 
0.168091 0.41992 0.98633 0.27954 0.22827 -0.6348 
0.177124 0.40771 0.99609 0.27832 0.19409 -0.2563 
0.186157 0.39917 0.99976 0.26733 0.16724 -0.122 
0.193970 0.39795 0.100220 0.24414 0.14526 -0.122 
0.200195 0.39917 0.101074 0.20874 0.12573 0.1099 
0.204590 0.40527 0.102295 0.16235 0.10986 0.1831 
0.207886 0.41138 0.103882 0.11108 0.9399 0.2563 
0.207886 0.41504 0.105469 0.6714 0.7690 0.3540 
0.210083 0.41382 0.107178 0.3296 0.5371 0.4883 
0.211548 0.41260 0.108032 0.732 0.2930 0.6470 
0.212402 0.41260 0.108521 -0.1221 0.122 0.8057 
0.212891 0.41382 0.109009 -0.3174 -0.2808 0.9155 
0.212891 0.41382 0.109619 -0.5127 -0.5981 0.9766 
0.212646 0.41382 0.110718 -0.7080 -0.9155 0.9766 
0.212524 0.41260 0.110718 -0.8789 -0.12207 0.9521 
