0.244751 -0.23193 -0.4639 0.6226 0.19897 0.15747 
0.245361 -0.21240 -0.5493 0.5127 0.21484 0.17090 
0.246704 -0.18921 -0.5493 0.4272 0.20874 0.17578 
0.246338 -0.18433 -0.5737 0.3662 0.18311 0.17822 
0.246338 -0.20142 -0.6470 0.3418 0.14038 0.19165 
0.244995 -0.26245 -0.5615 0.3296 0.8545 0.21484 
0.242065 -0.1221 -0.6958 0.2686 0.3540 0.25146 
0.235352 -0.31616 -0.7813 0.4028 0.854 0.30884 
0.236816 -0.31616 -0.9888 0.1099 0.2197 0.34668 
0.241211 -0.32593 -0.10010 -0.5493 0.6226 0.34546 
0.247314 -0.32471 -0.8545 -0.12085 0.10254 0.31372 
0.251831 -0.31860 -0.8545 -0.16602 0.12085 0.26611 
0.255371 -0.29907 -0.6592 -0.19165 0.9644 0.21729 
0.258667 -0.29053 -0.4761 -0.18921 0.2808 0.16968 
0.261597 -0.28931 -0.2930 -0.15503 -0.7690 0.12085 
0.265137 -0.29663 -0.1343 -0.15503 -0.20020 0.8057 
0.268188 -0.31128 -0.854 -0.10010 -0.3418 0.3906 
0.269165 -0.31250 -0.2319 -0.3906 -0.50415 0.00 
0.267578 -0.30151 -0.6836 0.977 -0.50415 -0.1709 
0.266602 -0.30151 -0.13306 0.3296 -0.63721 -0.1709 
0.265137 -0.29541 -0.20142 0.3662 -0.71655 -0.31250 
0.264282 -0.29663 -0.25024 0.732 -0.74341 0.00 
0.264526 -0.30151 -0.29785 -0.3174 -0.68848 0.4517 
0.268311 -0.32227 -0.28809 -0.7080 -0.57373 0.11475 
0.272461 -0.33325 -0.30273 -0.9033 -0.46875 0.16113 
0.277466 -0.34546 -0.33936 -0.8057 -0.35400 0.18066 
0.277466 -0.34912 -0.39185 -0.5493 -0.22461 0.17822 
0.283936 -0.34912 -0.44800 -0.1953 -0.7690 0.16235 
0.293945 -0.38208 -0.50903 0.2563 0.9399 0.14526 
0.306885 -0.38208 -0.55420 0.8057 0.28198 0.12695 
0.320190 -0.41992 -0.58472 0.12939 0.46631 0.9155 
0.333862 -0.43945 -0.59692 0.17456 0.63110 0.3418 
0.346680 -0.44556 -0.59692 0.21362 0.77271 -0.4028 
0.358521 -0.45288 -0.59570 0.25757 0.88501 -0.12329 
0.368652 -0.46021 -0.60303 0.30273 0.97534 -0.20386 
0.377686 -0.47852 -0.62134 0.610 0.104980 -0.27466 
0.385864 -0.51392 -0.65796 0.31860 0.110718 -0.33936 
0.393921 -0.56396 -0.69214 0.29907 0.114746 -0.40405 
0.401123 -0.63477 -0.69214 0.25635 0.117188 -0.48584 
0.405273 -0.72632 -0.66528 0.20020 0.117188 -0.60181 
0.407105 -0.78613 -0.60913 0.13062 0.116455 -0.73853 
0.404663 -0.81299 -0.52368 0.6714 0.111572 -0.88989 
0.396973 -0.81543 -0.40649 0.1221 0.103882 -0.88989 
0.385620 -0.80688 -0.28076 -0.3540 0.94360 -0.106323 
0.371826 -0.77515 -0.15381 -0.7690 0.82764 -0.125488 
0.355591 -0.73242 -0.3296 -0.10986 0.69092 -0.144409 
0.369873 -0.69946 0.7568 -0.13794 0.53223 -0.162354 
0.338623 -0.67017 0.15991 -0.16724 0.36377 -0.178833 
0.320801 -0.64209 0.22827 -0.19897 0.19897 -0.194092 
0.302246 -0.92651 0.28809 -0.22339 0.5615 -0.208130 
0.282837 -0.61401 0.33447 -0.23560 -0.5371 -0.220581 
0.263550 -0.59204 0.37598 -0.23560 -0.12695 -0.230957 
0.244507 -0.55664 0.40771 -0.22827 -0.16602 -0.239136 
0.224121 -0.52246 0.40771 -0.23193 -0.18311 -0.246460 
0.202881 -0.47119 0.42969 -0.24170 -0.18921 -0.252197 
0.182007 -0.39673 0.44678 -0.26855 -0.18311 -0.254395 
0.161377 -0.30518 0.44922 -0.1831 -0.16602 -0.252075 
0.141846 -0.21606 0.44312 -0.33081 -0.13306 -0.245605 
0.123657 -0.14526 0.42969 -0.42114 -0.8667 -0.235107 
0.106934 -0.9399 0.41016 -0.51880 -0.3662 -0.221191 
0.91431 -0.4761 0.38452 -0.61035 -0.3662 -0.204346 
0.77271 -0.854 0.35645 -0.69092 0.1099 -0.185547 
0.63232 0.2319 0.33569 -0.75928 0.5981 -0.165405 
0.48584 0.5371 0.31982 -0.81543 0.12817 -0.174927 
0.33936 0.10498 0.28809 -0.85815 0.22461 -0.143677 
0.20874 0.17578 0.24414 -0.88379 0.33325 -0.121460 
0.9521 0.24780 0.19287 -0.91064 0.43213 -0.98389 
0.2686 0.33081 0.17700 -0.95825 0.48706 -0.74219 
0.2686 0.37231 0.17944 -0.101318 0.48096 -0.50049 
-0.2808 0.39795 0.20020 -0.104980 0.43457 -0.24658 
-0.5371 0.41748 0.23071 -0.106689 0.37598 0.2319 
-0.5249 0.41748 0.26978 -0.106445 0.33569 0.29907 
-0.3174 0.43335 0.31494 -0.105103 0.33691 0.56885 
0.488 0.44800 0.36133 -0.102417 0.38452 0.82886 
0.7324 0.45654 0.41626 -0.97900 0.46387 0.107300 
0.17944 0.45166 0.41626 -0.91431 0.57251 0.129395 
0.31982 0.43579 0.46265 -0.84229 0.70435 0.149658 
0.48950 0.40039 0.49927 -0.76538 0.85205 0.167847 
0.69092 0.34912 0.53955 -0.76538 0.102051 0.182983 
0.90942 0.29175 0.59814 -0.68237 0.121460 0.194946 
0.114014 0.24292 0.67017 -0.60669 0.112305 0.203003 
0.136963 0.19775 0.75317 -0.54932 0.143555 0.207153 
0.157593 0.15259 0.81787 -0.49927 0.167114 0.207397 
0.175537 0.10498 0.88989 -0.46265 0.187134 0.204712 
0.193115 0.6348 0.94971 -0.45898 0.201782 0.197998 
0.208618 0.1709 0.99976 -0.46631 0.210083 0.197998 
0.218628 0.244 0.96313 -0.47363 0.210815 0.188232 
0.204712 -0.7935 0.106201 -0.47241 0.205444 0.181885 
0.249512 -0.9399 0.113525 -0.42969 0.203613 0.182861 
0.249512 -0.9521 0.119141 -0.34790 0.207275 0.176392 
0.265259 -0.10864 0.119629 -0.29175 0.204224 0.169189 
0.282593 -0.15137 0.119263 -0.21118 0.195313 0.164307 
0.301025 -0.15137 0.116333 -0.15503 0.179565 0.163330 
0.321045 -0.15869 0.109009 -0.20508 0.172241 0.160156 
0.337158 -0.21606 0.96680 -0.33325 0.153809 0.149048 
0.353027 -0.13428 0.123047 -0.33569 0.128052 0.120850 
0.372925 -0.18799 0.91797 -0.30762 0.104858 0.96069 
0.389160 -0.25879 0.90698 -0.977 0.85693 0.73975 
0.406738 -0.33691 0.94727 -0.32959 0.68970 0.53345 
0.429199 -0.39673 0.104614 -0.32959 0.55908 0.34912 
0.453125 -0.43091 0.117188 -0.30518 0.48340 0.17212 
0.470581 -0.45044 0.128662 -0.25757 0.46875 -0.1099 
0.481567 -0.46875 0.137573 -0.21362 0.46875 -0.21118 
0.485230 -0.49072 0.144775 -0.18555 0.51880 -0.40649 
0.484009 -0.50659 0.151489 -0.19897 0.62012 -0.57495 
0.476318 -0.49683 0.156616 -0.26855 0.72388 -0.41016 
0.462524 -0.47241 0.161865 -0.36255 0.77515 -0.72266 
0.445923 -0.43823 0.166748 -0.44189 0.76294 -0.84839 
0.427856 -0.38818 0.169922 -0.49316 0.69702 -0.93994 
0.409790 -0.33691 0.171021 -0.51025 0.59326 -0.101196 
0.409790 -0.29541 0.168945 -0.49683 0.45166 -0.109131 
0.392700 -0.26978 0.164429 -0.46265 0.26978 -0.118774 
0.375610 -0.25757 0.158569 -0.42358 0.6104 -0.129761 
0.358643 -0.24414 0.154541 -0.39917 -0.15137 -0.140625 
0.342529 -0.24414 0.151855 -0.39063 -0.34546 -0.150269 
0.327637 -0.22461 0.148315 -0.38940 -0.50049 -0.158325 
0.312622 -0.22339 0.146606 -0.39917 -0.60181 -0.164917 
0.298706 -0.21729 0.146606 -0.40649 -0.64331 -0.171753 
0.284668 -0.22217 0.145508 -0.42236 -0.62134 -0.181152 
0.269897 -0.21240 0.146484 -0.44312 -0.54321 -0.193604 
0.253906 -0.20630 0.149048 -0.44312 -0.39429 -0.207642 
0.236938 -0.18311 0.153320 -0.47607 -0.20630 -0.220825 
0.218628 -0.13428 0.156006 -0.52979 -0.7324 -0.232422 
0.199951 -0.6348 0.155518 -0.57007 -0.10132 -0.241089 
0.181274 0.2197 0.151123 -0.58350 -0.10132 -0.245605 
0.163452 0.8179 0.146240 -0.53345 -0.32959 -0.243530 
0.148682 0.11963 0.141846 -0.43335 -0.65918 -0.234497 
0.137329 0.16602 0.136841 -0.34424 -0.98022 -0.234497 
0.127563 0.20508 0.130737 -0.28931 -0.123779 -0.219360 
0.119629 0.24536 0.124756 -0.25391 -0.141968 -0.200195 
0.112305 0.27588 0.118896 -0.22827 -0.153442 -0.179688 
0.112305 0.31494 0.113037 -0.22461 -0.157837 -0.160645 
0.107422 0.36133 0.108276 -0.23804 -0.155396 -0.143677 
0.104858 0.40771 0.104492 -0.25513 -0.146973 -0.129639 
0.103516 0.44922 0.100220 -0.26978 -0.134155 -0.118530 
0.103271 0.44922 0.95947 -0.28564 -0.118774 -0.109009 
0.104126 0.48950 0.123413 -0.29419 -0.101929 -0.98999 
0.106689 0.51880 0.88379 -0.29053 -0.85205 -0.87402 
0.111572 0.54199 0.88379 -0.26611 -0.69214 -0.75195 
0.118896 0.56885 0.84595 -0.23071 -0.54321 -0.63599 
0.127441 0.58960 0.81421 -0.19287 -0.39917 -0.53467 
0.136719 0.61035 0.78369 -0.19287 -0.26245 -0.44556 
0.146362 0.63721 0.75195 -0.15381 -0.13062 -0.37109 
0.155518 0.65796 0.72388 -0.11108 -0.31128 -0.31372 
0.165039 0.67627 0.70435 -0.6592 0.13672 -0.27100 
0.174316 0.69580 0.69824 -0.2930 0.13672 -0.24048 
0.183105 0.71533 0.70190 -0.732 0.26367 -0.21729 
0.190552 0.73242 0.71411 0.610 0.37354 -0.19287 
0.197144 0.74829 0.72754 0.977 0.45776 -0.19287 
0.202271 0.76050 0.74585 0.977 0.51880 -0.16479 
