0.196777 -0.29419 0.169800 -0.36987 0.64209 -0.12085 
0.196899 -0.31372 0.167847 -0.26733 0.47729 -0.12085 
0.199463 -0.32837 0.166626 -0.18799 0.29785 -0.8301 
0.201660 -0.34424 0.167969 -0.12329 0.9033 -0.4150 
0.203247 -0.33936 0.170410 -0.4028 -0.15991 0.244 
0.203247 -0.30884 0.168335 0.6714 -0.42969 0.5615 
0.200684 -0.26489 0.165283 0.15137 -0.64209 0.11597 
0.198242 -0.24292 0.161865 0.17700 -0.76660 0.15747 
0.196045 -0.24292 0.159668 0.16113 -0.80078 0.16968 
0.196045 -0.24292 0.158203 0.12085 -0.77759 0.17212 
0.197021 -0.24536 0.157471 0.6958 -0.72754 0.18433 
0.199097 -0.25269 0.157349 0.488 -0.68604 0.20874 
0.202393 -0.27222 0.157349 -0.7568 -0.67017 0.24292 
0.208008 -0.30640 0.159424 -0.15991 -0.69458 0.29175 
0.217163 -0.33813 0.162842 -0.23560 -0.78247 0.35278 
0.230347 -0.35767 0.167114 -0.23560 -0.93384 0.41870 
0.247803 -0.36865 0.170898 -0.30884 -0.113525 0.47974 
0.270386 -0.36865 0.174683 -0.38330 -0.103394 0.53589 
0.298828 -0.40894 0.175537 -0.46753 -0.134644 0.56641 
0.328491 -0.43335 0.176270 -0.52979 -0.147217 0.54321 
0.357910 -0.52856 0.176392 -0.56030 -0.150757 0.44678 
0.380249 -0.66650 0.169067 -0.60425 -0.147705 0.57251 
0.395264 -0.76050 0.157959 -0.67139 -0.131348 0.26001 
0.407227 -0.82764 0.149170 -0.68848 -0.104980 0.6592 
0.413452 -0.87158 0.142212 -0.62988 -0.77759 -0.18311 
0.415039 -0.89966 0.137329 -0.49316 -0.54199 -0.50903 
0.415039 -0.91553 0.133667 -0.29053 -0.34058 -0.85449 
0.412231 -0.91309 0.131592 -0.3662 -0.15991 -0.118774 
0.404419 -0.88257 0.131714 0.22339 0.00 -0.150269 
0.392090 -0.88257 0.132690 0.43091 0.10010 -0.179321 
0.376587 -0.84961 0.134033 0.56396 0.10742 -0.205811 
0.356567 -0.82520 0.134766 0.61768 0.3296 -0.231323 
0.335815 -0.79102 0.132202 0.55176 -0.11353 -0.256470 
0.317261 -0.74707 0.132202 0.41382 -0.29297 -0.279663 
0.298706 -0.70923 0.126709 0.62134 -0.45654 -0.299683 
0.280518 -0.66040 0.121094 0.27466 -0.58960 -0.315186 
0.262817 -0.59937 0.115479 0.27466 -0.70679 -0.326050 
0.244263 -0.54932 0.108521 0.29053 -0.79224 -0.333618 
0.224609 -0.49316 0.99854 0.32349 -0.83252 -0.337158 
0.202637 -0.45654 0.93750 0.34424 -0.84961 -0.336304 
0.180176 -0.43213 0.88013 0.31982 -0.84961 -0.331421 
0.156494 -0.39795 0.82520 0.27344 -0.82397 -0.321777 
0.132935 -0.34668 0.76050 0.23560 -0.74341 -0.338501 
0.110596 -0.29053 0.67261 0.19775 -0.61768 -0.307251 
0.92163 -0.22339 0.56885 0.13672 -0.44800 -0.288574 
0.77881 -0.15625 0.47729 0.4761 -0.24536 -0.267334 
0.67383 -0.8423 0.41016 -0.6714 -0.3662 -0.245605 
0.67383 -0.2075 0.37598 -0.18433 0.16479 -0.225098 
0.58228 0.2441 0.36499 -0.28687 0.36865 -0.206665 
0.48706 0.7568 0.37476 -0.38696 0.57373 -0.188843 
0.39795 0.12939 0.38818 -0.49683 0.73853 -0.171509 
0.33203 0.12939 0.41260 -0.59082 0.84595 -0.155640 
0.28809 0.17700 0.45776 -0.67627 0.91431 -0.140381 
0.25269 0.22339 0.49072 -0.75562 0.95581 -0.123901 
0.22339 0.26611 0.49072 -0.80566 0.98145 -0.106079 
0.19043 0.30762 0.50293 -0.83130 0.100098 -0.88013 
0.15625 0.35034 0.49927 -0.85449 0.100464 -0.70801 
0.12085 0.40771 0.48096 -0.85449 0.100952 -0.54932 
0.7690 0.47363 0.45044 -0.89600 0.100464 -0.40527 
0.2930 0.53589 0.42969 -0.98999 0.95337 -0.26489 
-0.732 0.58350 0.42725 -0.111938 0.117554 -0.10010 
-0.1221 0.60669 0.43823 -0.121704 0.86304 0.11230 
0.3418 0.60059 0.45532 -0.127808 0.73486 0.5371 
0.12573 0.57739 0.46875 -0.131104 0.59937 0.31616 
0.25513 0.53711 0.47852 -0.133179 0.46021 0.62866 
0.40405 0.47119 0.48218 -0.135376 0.32959 0.85449 
0.55298 0.38574 0.49805 -0.139771 0.22583 0.101685 
0.36377 0.30762 0.54565 -0.147583 0.16602 0.111084 
0.67627 0.23926 0.60303 -0.155273 0.12939 0.116455 
0.76782 0.19775 0.67993 -0.162109 0.8667 0.120239 
0.83984 0.17700 0.76782 -0.170044 0.3662 0.123901 
0.89600 0.15381 0.86060 -0.177612 -0.3662 0.128296 
0.94727 0.15381 0.93872 -0.181396 -0.14038 0.134155 
0.101929 0.10742 0.101929 -0.180542 -0.26978 0.140869 
0.112061 0.2197 0.109619 -0.176392 -0.40405 0.146606 
0.126953 -0.7446 0.109619 -0.171631 -0.53589 0.150269 
0.144653 -0.14771 0.119263 -0.166382 -0.64819 0.150513 
0.166382 -0.15747 0.127930 -0.161743 -0.78979 0.141113 
0.185547 -0.22827 0.150024 -0.161743 -0.94727 0.138062 
0.199585 -0.24780 0.161865 -0.172241 -0.105957 0.138794 
0.213501 -0.22095 0.182861 -0.178223 -0.107544 0.135742 
0.223267 -0.19531 0.192993 -0.176392 -0.107788 0.127930 
0.234253 -0.19897 0.201294 -0.165771 -0.107788 0.119995 
0.248413 -0.19775 0.204834 -0.149902 -0.107910 0.110474 
0.267578 -0.22095 0.207153 -0.126221 -0.108032 0.103149 
0.286499 -0.24170 0.209473 -0.99365 -0.107910 0.103149 
0.309204 -0.26367 0.212402 -0.74097 -0.107422 0.100098 
0.336182 -0.32715 0.221069 -0.54810 -0.104980 0.102905 
0.323853 -0.30273 0.215210 -0.47974 -0.76660 0.120605 
0.344605 -0.25879 0.206665 -0.42480 -0.44312 0.136230 
0.375855 -0.22705 0.199829 -0.33936 -0.26367 0.138184 
0.397339 -0.24658 0.193481 -0.28198 -0.9155 0.129395 
0.417236 -0.26367 0.187988 -0.30640 0.13550 0.116577 
0.430908 -0.26367 0.184326 -0.39063 0.38330 0.100952 
0.437744 -0.24536 0.181152 -0.46875 0.60181 0.81543 
0.437500 -0.22949 0.179199 -0.49194 0.76538 0.62622 
0.432007 -0.23560 0.179199 -0.47363 0.88135 0.48218 
0.423828 -0.26855 0.176392 -0.42480 0.94849 0.37109 
0.414795 -0.32104 0.173584 -0.35889 0.98877 0.27222 
0.406982 -0.39185 0.171265 -0.62500 0.101685 0.18311 
0.399048 -0.46143 0.168457 -0.31250 0.104004 0.7935 
0.388916 -0.51514 0.167725 -0.31372 0.106445 -0.6348 
0.376221 -0.56274 0.168579 -0.36011 0.106323 -0.23071 
0.359009 -0.63721 0.170410 -0.41992 0.106323 -0.38086 
0.341797 -0.68115 0.170044 -0.46387 0.105835 -0.50537 
0.325562 -0.68970 0.169800 -0.50781 0.100220 -0.31616 
0.309204 -0.65796 0.174194 -0.54443 0.85693 -0.62866 
0.292358 -0.61768 0.178589 -0.55176 0.62256 -0.76172 
0.276489 -0.53467 0.186523 -0.49561 0.33203 -0.89111 
0.260864 -0.51025 0.187256 -0.37109 0.5005 -0.99243 
0.278076 -0.49683 0.184570 -0.20142 -0.18555 -0.104370 
0.246826 -0.47485 0.184204 -0.3418 -0.33203 -0.108521 
0.238037 -0.45532 0.180298 0.9521 -0.38574 -0.110229 
0.227661 -0.44556 0.173706 0.19653 -0.33569 -0.114258 
0.221436 -0.44556 0.172119 0.22339 -0.19897 -0.120605 
0.218018 -0.43823 0.162964 0.15991 -0.5493 -0.126465 
0.215698 -0.39673 0.182861 0.7202 -0.9033 -0.134521 
0.213135 -0.34912 0.151611 0.3662 -0.36621 -0.144653 
0.205688 -0.31006 0.144775 0.5127 -0.74829 -0.156128 
0.197876 -0.27954 0.142578 0.7446 -0.109863 -0.164917 
0.189941 -0.26245 0.141480 0.8301 -0.135742 -0.169556 
0.181763 -0.24780 0.140503 0.8301 -0.150391 -0.171509 
0.173950 -0.20630 0.138184 0.7202 -0.152100 -0.172363 
0.167358 -0.18311 0.136841 0.4272 -0.140747 -0.169312 
0.160400 -0.17578 0.132690 -0.1831 -0.140747 -0.162476 
0.153320 -0.15381 0.127686 -0.9644 -0.122192 -0.153442 
0.147949 -0.12207 0.124268 -0.18677 -0.102417 -0.144897 
0.143921 -0.8057 0.120728 -0.27832 -0.81299 -0.144897 
0.140625 -0.3418 0.118896 -0.36621 -0.61646 -0.136475 
0.137573 0.122 0.118774 -0.44434 -0.44800 -0.127808 
0.134155 0.2319 0.119507 -0.49561 -0.30396 -0.119751 
0.131104 0.4517 0.120972 -0.50659 -0.18555 -0.112183 
0.131104 0.6958 0.122681 -0.48584 -0.8911 -0.103882 
0.128174 0.10254 0.124023 -0.44434 -0.977 -0.94849 
0.126343 0.13672 0.125366 -0.39429 0.5737 -0.85205 
0.125366 0.13672 0.126587 -0.33203 0.10742 -0.74585 
0.126221 0.16602 0.127075 -0.25757 0.13550 -0.63110 
0.129028 0.19409 0.126465 -0.17700 0.14404 -0.51514 
0.134155 0.21362 0.155518 -0.9888 0.13550 -0.40771 
0.140747 0.22095 0.124268 -0.3662 0.11475 -0.31860 
0.148560 0.22339 0.120972 -0.30762 0.9155 -0.25024 
0.156738 0.22705 0.118408 0.2441 0.7690 -0.20142 
0.163818 0.23071 0.117188 0.2441 0.8301 -0.16602 
0.168701 0.22827 0.116699 0.2441 0.11597 -0.13550 
0.172363 0.22827 0.117554 0.488 0.17456 -0.10254 
0.175537 0.22339 0.118896 -0.2319 0.17456 -0.5981 
0.179321 0.21606 0.121094 -0.4517 0.24780 -0.1221 
0.183716 0.21240 0.124878 -0.6104 0.32593 -0.26978 
0.189087 0.20264 0.128418 -0.7080 0.40894 0.10254 
0.195190 0.19409 0.130493 -0.6592 0.47729 0.10254 
