0.255371 -0.46387 0.78003 -0.6226 0.31860 0.31250 
0.257813 -0.45532 0.77148 -0.4272 0.24292 0.36621 
0.260132 -0.48950 0.76416 -0.4272 0.17700 0.39429 
0.263428 -0.50659 0.75317 -0.5127 0.11108 0.39429 
0.266480 -0.50171 0.75439 -0.7446 0.6592 0.37354 
0.266113 -0.49927 0.75806 -0.9033 0.6592 0.33936 
0.262207 -0.50659 0.78979 -0.9277 0.4150 0.29785 
0.261597 -0.48340 0.81665 -0.6470 0.4517 0.26733 
0.261475 -0.46875 0.83618 -0.2075 0.7324 0.24048 
0.263062 -0.45532 0.84839 -0.732 0.8423 0.24048 
0.266357 -0.45044 0.86548 -0.1343 0.8423 0.21606 
0.272339 -0.44800 0.89233 -0.2686 0.7568 0.20020 
0.250732 -0.45776 0.91431 -0.5005 0.4395 0.18677 
0.281982 -0.47852 0.91064 -0.7690 -0.2930 0.16113 
0.293823 -0.51636 0.89355 -0.11719 -0.17944 0.12451 
0.308838 -0.55786 0.84595 -0.18921 -0.44067 0.8301 
0.326416 -0.55786 0.77881 -0.27710 -0.78003 0.2563 
0.344849 -0.57495 0.72632 -0.33569 -0.101318 -0.3296 
0.359619 -0.62866 0.93018 -0.40894 -0.112915 -0.6958 
0.376709 -0.71411 0.53711 -0.43823 -0.104370 -0.10376 
0.392334 -0.79102 0.53711 -0.42969 -0.89111 -0.15137 
0.407593 -0.85083 0.42847 -0.38574 -0.66772 -0.22339 
0.419312 -0.100830 0.26367 -0.35400 -0.31616 -0.41016 
0.427246 -0.121338 0.20996 -0.35400 -0.5615 -0.75806 
0.427856 -0.110352 0.33936 -0.44800 0.5615 -0.112427 
0.431030 -0.108887 0.43945 -0.63965 0.11475 -0.149658 
0.427856 -0.106934 0.50171 -0.71167 0.11475 -0.184570 
0.419189 -0.105347 0.51392 -0.64331 0.15503 -0.214233 
0.406738 -0.106567 0.49072 -0.55298 0.15625 -0.209595 
0.392090 -0.106689 0.47485 -0.50781 0.8179 -0.234619 
0.378784 -0.102051 0.49438 -0.49438 -0.8179 -0.265869 
0.363892 -0.96924 0.52002 -0.47729 -0.30151 -0.287476 
0.343872 -0.93750 0.52979 -0.46143 -0.53589 -0.305786 
0.350464 -0.86060 0.51636 -0.47607 -0.74829 -0.321411 
0.319214 -0.78369 0.49805 -0.52002 -0.93384 -0.331665 
0.292480 -0.72876 0.48950 -0.55786 -0.110840 -0.337036 
0.265259 -0.66162 0.47974 -0.56519 -0.127441 -0.340332 
0.239258 -0.66162 0.45532 -0.55664 -0.141235 -0.341064 
0.213501 -0.56519 0.42969 -0.54810 -0.150269 -0.337280 
0.187378 -0.46875 0.41382 -0.55664 -0.155884 -0.329468 
0.161133 -0.38086 0.36621 -0.57739 -0.157837 -0.319214 
0.135864 -0.30884 0.36621 -0.61890 -0.154419 -0.307373 
0.111084 -0.18555 0.32471 -0.40283 -0.148071 -0.290039 
0.87402 -0.5249 0.29053 -0.83862 -0.139526 -0.266480 
0.66528 0.6714 0.26611 -0.83862 -0.130249 -0.239868 
0.47852 0.18311 0.24292 -0.93750 -0.121338 -0.211182 
0.32104 0.28564 0.21606 -0.99854 -0.113159 -0.181152 
0.18921 0.37231 0.18188 -0.102173 -0.113159 -0.150757 
0.6836 0.44678 0.15137 -0.101440 -0.104980 -0.119263 
-0.2686 0.51147 0.12573 -0.97778 -0.96558 -0.118164 
-0.7813 0.56030 0.10864 -0.92773 -0.87524 -0.85815 
-0.9277 0.59448 0.10498 -0.89478 -0.77393 -0.54565 
-0.8911 0.61157 0.10864 -0.86182 -0.65918 -0.22949 
-0.7690 0.61890 0.11963 -0.81787 -0.53101 0.7080 
-0.6104 0.62012 0.13184 -0.77759 -0.39917 0.35645 
-0.6104 0.61768 0.15015 -0.74219 -0.26733 0.62500 
-0.3540 0.60059 0.17822 -0.71167 -0.14282 0.87280 
0.00 0.56641 0.20386 -0.67871 -0.2808 0.110352 
0.3906 0.52490 0.22949 -0.63965 0.7690 0.132690 
0.8911 0.52490 0.25635 -0.60181 0.16846 0.155396 
0.16602 0.47852 0.27954 -0.55908 0.24780 0.178101 
0.26733 0.42725 0.29907 -0.49561 0.31860 0.199341 
0.38940 0.37231 0.29907 -0.41748 0.40405 0.217773 
0.52246 0.30884 0.31372 -0.35278 0.51880 0.232056 
0.64941 0.23926 0.30762 -0.31494 0.66162 0.242065 
0.77759 0.17212 0.29663 -0.31494 0.81177 0.248901 
0.91919 0.11475 0.28198 -0.29663 0.94971 0.253784 
0.108154 0.5371 0.28564 -0.28931 0.106079 0.257202 
0.127319 -0.1465 0.30273 -0.29175 0.113403 0.258911 
0.149048 -0.8789 0.32104 -0.29053 0.113403 0.257813 
0.170410 -0.16846 0.33569 -0.27832 0.116821 0.252686 
0.189941 -0.25513 0.34912 -0.27344 0.117188 0.273315 
0.206909 -0.29419 0.37842 -0.29419 0.115845 0.242065 
0.221558 -0.43213 0.41992 -0.37109 0.109863 0.225220 
0.224976 -0.39307 0.44067 -0.53589 0.110229 0.227539 
0.239136 -0.39673 0.54932 -0.67139 0.120117 0.228394 
0.239136 -0.39185 0.60181 -0.80078 0.125122 0.227295 
0.255371 -0.44556 0.69946 -0.79590 0.122192 0.222656 
0.279541 -0.52124 0.79956 -0.71777 0.120728 0.214233 
0.311035 -0.35156 0.85449 -0.67993 0.121704 0.204102 
0.340088 -0.66406 0.86426 -0.62134 0.120972 0.193359 
0.364746 -0.72510 0.90698 -0.50781 0.116211 0.174561 
0.392822 -0.79346 0.85938 -0.47363 0.111572 0.156128 
0.418091 -0.81177 0.85938 -0.47729 0.118408 0.140503 
0.447632 -0.87891 0.110474 -0.66162 0.141846 0.136108 
0.463379 -0.81299 0.110229 -0.78125 0.134277 0.125000 
0.475952 -0.77881 0.112671 -0.78125 0.112305 0.106445 
0.488892 -0.79224 0.119751 -0.62622 0.92163 0.89233 
0.500122 -0.83862 0.122925 -0.48584 0.81909 0.75928 
0.506104 -0.84595 0.121948 -0.46997 0.77026 0.61768 
0.507202 -0.84106 0.119385 -0.49561 0.77026 0.44189 
0.502808 -0.85083 0.117432 -0.48828 0.71289 0.56274 
0.495972 -0.87036 0.116333 -0.45654 0.65674 0.6470 
0.485107 -0.85938 0.116455 -0.43701 0.61768 0.6470 
0.470947 -0.85571 0.115601 -0.43945 0.59326 -0.13428 
0.454102 -0.83008 0.116455 -0.45044 0.54688 -0.32593 
0.467163 -0.81909 0.116089 -0.45898 0.48462 -0.51880 
0.435913 -0.80078 0.117554 -0.46753 0.38452 -0.69580 
0.417847 -0.78735 0.119873 -0.48950 0.26367 -0.85938 
0.400513 -0.74097 0.120483 -0.51880 0.13306 -0.100830 
0.381470 -0.72632 0.120605 -0.54077 -0.1953 -0.116211 
0.362915 -0.72632 0.121216 -0.54321 -0.20508 -0.130493 
0.344849 -0.68359 0.119751 -0.53345 -0.39917 -0.140991 
0.326904 -0.68726 0.119751 -0.50293 -0.53101 -0.146973 
0.307983 -0.63477 0.119751 -0.50903 -0.62134 -0.157593 
0.292236 -0.60181 0.115845 -0.51758 -0.73364 -0.165649 
0.275513 -0.57251 0.112183 -0.48706 -0.84473 -0.169556 
0.260620 -0.54810 0.108398 -0.44800 -0.91309 -0.170898 
0.247192 -0.50903 0.105469 -0.44800 -0.92529 -0.171387 
0.234741 -0.47607 0.102173 -0.43091 -0.88745 -0.171875 
0.223022 -0.43945 0.99365 -0.42358 -0.82520 -0.172485 
0.211670 -0.39917 0.96802 -0.41138 -0.82520 -0.172363 
0.199585 -0.35522 0.93628 -0.39185 -0.75195 -0.171265 
0.187866 -0.30273 0.90454 -0.37109 -0.68115 -0.168457 
0.177124 -0.24292 0.87524 -0.35278 -0.62012 -0.168457 
0.167725 -0.17944 0.84839 -0.33447 -0.57495 -0.163696 
0.159180 -0.11719 0.81665 -0.30762 -0.54932 -0.157227 
0.183105 -0.5127 0.78979 -0.27466 -0.54077 -0.148682 
0.146729 0.610 0.76050 -0.23682 -0.54443 -0.138550 
0.146729 0.5127 0.73120 -0.19897 -0.55176 -0.127319 
0.143555 0.8789 0.69946 -0.16357 -0.54932 -0.116089 
0.141968 0.12085 0.66528 -0.13306 -0.53101 -0.105103 
0.142334 0.12085 0.62744 -0.10620 -0.49683 -0.94482 
0.144043 0.14526 0.59082 -0.8545 -0.45288 -0.84595 
0.146606 0.16724 0.55298 -0.7202 -0.40283 -0.75317 
0.149902 0.18921 0.55298 -0.6592 -0.35034 -0.66772 
0.153320 0.20996 0.52368 -0.6104 -0.29419 -0.58838 
0.156982 0.22461 0.50171 -0.5615 -0.23438 -0.51514 
0.160278 0.23926 0.48584 -0.4761 -0.17212 -0.44678 
0.163940 0.25024 0.47363 -0.4761 -0.10986 -0.38574 
0.168335 0.26245 0.47241 -0.3662 -0.4639 -0.33447 
0.172852 0.27954 0.47852 -0.3052 -0.29785 -0.28809 
0.176636 0.29297 0.49072 -0.2686 0.1465 -0.24170 
0.181030 0.30151 0.51025 -0.1831 0.7202 -0.19165 
0.186401 0.30273 0.52612 -0.122 0.12085 -0.13794 
0.192627 0.29419 0.53589 0.2075 0.16113 -0.13794 
0.199707 0.28198 0.54321 0.4395 0.19409 -0.8545 
0.207520 0.26855 0.55420 0.6470 0.22461 -0.4028 
0.215454 0.25269 0.55664 0.7813 0.25635 -0.610 
0.191528 0.23682 0.55298 0.8301 0.28687 0.1221 
0.222778 0.22461 0.55054 0.7690 0.30640 0.1587 
0.228638 0.21240 0.55298 0.6348 0.30640 0.1343 
0.233276 0.20386 0.55420 0.5371 0.28931 0.977 
0.236938 0.20386 0.55786 0.4150 0.26001 0.366 
0.239746 0.20386 0.56030 0.3296 0.22095 0.122 
0.241333 0.20874 0.56641 0.3174 0.17578 0.366 
0.242798 0.21606 0.56641 0.3906 0.12939 0.1099 
0.244507 0.22217 0.56763 0.5127 0.8789 0.2441 
0.245850 0.22461 0.56519 0.5981 0.5371 0.3906 
0.247314 0.22217 0.55420 0.6470 0.2563 0.5371 
