0.252441 -0.44800 0.86670 0.61035 0.57129 -0.38330 
0.250855 -0.40771 0.86426 0.70801 0.50415 -0.40039 
0.246582 -0.35889 0.87891 0.74707 0.46509 -0.39917 
0.244873 -0.29297 0.88257 0.73853 0.41382 -0.37476 
0.239868 -0.23804 0.89722 0.73853 0.32837 -0.33081 
0.235107 -0.20508 0.91675 0.70068 0.54443 -0.25757 
0.230469 -0.20142 0.93018 0.67261 0.14771 -0.15015 
0.228516 -0.19775 0.95459 0.69702 0.14771 -0.3052 
0.227905 -0.19287 0.93750 0.72388 0.6226 0.6348 
0.229492 -0.19653 0.90942 0.69946 -0.2808 0.12573 
0.232788 -0.20142 0.88989 0.63232 -0.12451 0.12573 
0.237915 -0.19409 0.88257 0.54321 -0.21484 0.16357 
0.244263 -0.17090 0.89966 0.43335 -0.28809 0.18433 
0.222290 -0.13184 0.93994 0.31860 -0.34424 0.19897 
0.262695 -0.10864 0.97168 0.21362 -0.38574 0.20996 
0.262695 -0.11353 0.97534 0.10254 -0.41138 0.21118 
0.272461 -0.15259 0.95703 -0.3662 -0.41992 0.19409 
0.283691 -0.20752 0.92407 -0.20020 -0.40039 0.16113 
0.299072 -0.20752 0.88257 -0.38452 -0.34424 0.10620 
0.317993 -0.28442 0.86182 -0.57007 -0.22217 0.1709 
0.338867 -0.36865 0.84106 -0.74585 -0.12451 -0.10498 
0.356934 -0.41992 0.84106 -0.80811 0.366 -0.25635 
0.370239 -0.46875 0.82764 -0.74585 0.12817 -0.43823 
0.380981 -0.49072 0.83618 -0.90942 0.21240 -0.64209 
0.390259 -0.51392 0.85205 -0.42114 0.26978 -0.82642 
0.395508 -0.52246 0.86304 -0.42114 0.30273 -0.100586 
0.396973 -0.52124 0.85938 -0.27344 0.244 -0.119629 
0.394653 -0.50781 0.84229 -0.17578 0.62134 -0.139526 
0.388550 -0.49194 0.82642 -0.11230 0.30884 -0.159546 
0.379272 -0.47241 0.80811 -0.6714 0.27344 -0.178711 
0.368164 -0.46265 0.79468 -0.3906 0.20386 -0.163818 
0.356689 -0.46509 0.79224 -0.2441 0.11353 -0.195068 
0.342896 -0.46997 0.80933 -0.977 0.977 -0.207520 
0.330078 -0.45654 0.82520 0.3784 -0.10986 -0.217773 
0.315308 -0.44678 0.80933 0.15015 -0.22217 -0.226318 
0.331665 -0.43579 0.75439 0.28931 -0.31860 -0.233765 
0.300415 -0.41260 0.66772 0.40527 -0.38818 -0.240234 
0.283813 -0.40649 0.58350 0.46753 -0.43823 -0.245728 
0.267456 -0.37476 0.52124 0.44189 -0.49683 -0.251099 
0.250610 -0.37476 0.48584 0.35034 -0.56763 -0.256348 
0.233398 -0.31738 0.46021 0.23315 -0.64941 -0.261108 
0.216187 -0.25146 0.43701 0.10864 -0.74341 -0.264038 
0.198730 -0.18188 0.43701 -0.1221 -0.84595 -0.264038 
0.181763 -0.11230 0.41260 -0.11963 -0.93506 -0.260986 
0.164063 -0.6714 0.39429 -0.21973 -0.96191 -0.255249 
0.144043 -0.2930 0.37476 -0.1465 -0.91431 -0.247437 
0.124146 0.3296 0.36255 -0.32715 -0.80078 -0.236572 
0.104980 0.11475 0.35889 -0.43457 -0.64209 -0.222412 
0.87280 0.20508 0.35278 -0.53101 -0.77393 -0.205078 
0.71899 0.30151 0.33813 -0.59692 -0.46143 -0.185181 
0.60181 0.39551 0.32593 -0.63843 -0.27222 -0.163208 
0.51758 0.47363 0.31250 -0.67627 -0.8545 -0.171021 
0.45898 0.53711 0.29297 -0.72021 0.9888 -0.146973 
0.42603 0.58716 0.27954 -0.77148 0.28198 -0.115723 
0.39795 0.63354 0.27466 -0.83618 0.45776 -0.92529 
0.35156 0.66406 0.27588 -0.90332 0.62866 -0.70923 
0.58960 0.68970 0.29541 -0.97290 0.78491 -0.51147 
0.27710 0.72266 0.32349 -0.103638 0.89966 -0.31982 
0.17578 0.74219 0.35522 -0.107910 0.95825 -0.11230 
0.6104 0.73364 0.38086 -0.109375 0.94849 0.11597 
-0.4272 0.73364 0.40039 -0.109253 0.86304 0.36377 
-0.12451 0.70068 0.40527 -0.108521 0.71045 0.62500 
-0.17456 0.63110 0.39917 -0.107300 0.53223 0.88745 
-0.17700 0.53589 0.38696 -0.107666 0.36499 0.113892 
-0.13916 0.43579 0.38696 -0.111084 0.25269 0.137817 
-0.6104 0.35400 0.38818 -0.117432 0.21240 0.160645 
0.5981 0.30029 0.42114 -0.94238 0.25024 0.181885 
0.21484 0.24414 0.46631 -0.125488 0.35767 0.200806 
0.40771 0.18311 0.52002 -0.134277 0.51636 0.217163 
0.63477 0.11230 0.58716 -0.143677 0.39429 0.230225 
0.88623 0.3662 0.67993 -0.153442 0.70679 0.239624 
0.114258 -0.3540 0.80078 -0.162964 0.88745 0.245728 
0.139282 -0.10498 0.93384 -0.170288 0.102783 0.248413 
0.165039 -0.16602 0.106567 -0.174805 0.112183 0.247314 
0.190430 -0.22217 0.119141 -0.177368 0.117432 0.247314 
0.213623 -0.26001 0.126343 -0.178711 0.120361 0.241211 
0.211182 -0.38696 0.139526 -0.182617 0.121094 0.234253 
0.234009 -0.44067 0.149414 -0.187256 0.123169 0.231689 
0.265259 -0.45044 0.156494 -0.188843 0.133057 0.221924 
0.285767 -0.43823 0.166382 -0.190552 0.140015 0.205811 
0.302002 -0.42236 0.179077 -0.189209 0.144409 0.185669 
0.314819 -0.42236 0.189331 -0.185913 0.141602 0.166626 
0.321167 -0.36377 0.200928 -0.176880 0.129639 0.146729 
0.329834 -0.34546 0.209106 -0.164917 0.111816 0.130005 
0.338745 -0.34546 0.215576 -0.150757 0.92896 0.115234 
0.349976 -0.35645 0.215576 -0.136108 0.76172 0.101196 
0.364136 -0.37842 0.221924 -0.152100 0.65186 0.87158 
0.381714 -0.43701 0.230347 -0.109497 0.68359 0.80078 
0.393921 -0.45898 0.234619 -0.109497 0.79102 0.71533 
0.402710 -0.45776 0.231689 -0.100342 0.86792 0.54810 
0.411865 -0.47729 0.232300 -0.86670 0.65430 0.36621 
0.416016 -0.49805 0.232422 -0.76538 0.96680 0.19287 
0.416260 -0.49194 0.232422 -0.72266 0.106934 0.610 
0.411865 -0.50171 0.233521 -0.68237 0.112915 0.14526 
0.403931 -0.51758 0.233643 -0.63843 0.112793 -0.732 
0.393677 -0.52979 0.231445 -0.58838 0.107422 -0.31982 
0.380493 -0.53833 0.229858 -0.53711 0.95825 -0.46997 
0.365967 -0.54565 0.228027 -0.48584 0.80688 -0.62866 
0.350098 -0.54688 0.225098 -0.43945 0.62866 -0.78369 
0.350098 -0.53833 0.223267 -0.39307 0.42725 -0.92407 
0.334351 -0.54321 0.219849 -0.33813 0.20996 -0.104858 
0.318481 -0.52856 0.215088 -0.26855 -0.1343 -0.116089 
0.302490 -0.53101 0.208862 -0.18677 -0.22949 -0.126709 
0.287842 -0.53101 0.202637 -0.10864 -0.42969 -0.135742 
0.274536 -0.52734 0.195801 -0.4395 -0.60303 -0.142578 
0.262939 -0.51880 0.189697 -0.488 -0.72632 -0.146973 
0.252075 -0.50659 0.189697 0.854 -0.78613 -0.149658 
0.240356 -0.48706 0.183960 0.977 -0.78247 -0.151123 
0.228638 -0.46997 0.178711 0.122 -0.71411 -0.150635 
0.216675 -0.43823 0.174072 0.122 -0.60547 -0.148560 
0.204590 -0.39673 0.168701 -0.366 -0.47852 -0.145508 
0.193604 -0.36133 0.162598 0.1343 -0.35278 -0.142456 
0.183228 -0.32471 0.155640 0.4883 -0.55420 -0.140381 
0.174316 -0.27832 0.149292 0.8789 -0.24170 -0.137939 
0.166504 -0.22583 0.144287 0.11597 -0.15259 -0.133545 
0.160156 -0.18799 0.140015 0.12939 -0.9399 -0.128174 
0.154297 -0.16602 0.135742 0.14404 -0.5737 -0.128174 
0.148560 -0.14893 0.132568 0.15381 -0.2808 -0.124390 
0.142700 -0.12451 0.130981 0.15015 -0.122 -0.121948 
0.136230 -0.10010 0.130737 0.13794 0.1953 -0.119629 
0.136230 -0.7080 0.130737 0.12939 0.2808 -0.116455 
0.129883 -0.3662 0.130615 0.13306 0.1709 -0.111084 
0.124756 -0.610 0.130493 0.14282 -0.1343 -0.103394 
0.121460 -0.28687 0.130371 0.15381 -0.4150 -0.94360 
0.119507 0.2563 0.130371 0.15747 -0.5493 -0.84839 
0.119141 0.4761 0.130005 0.15869 -0.4883 -0.75317 
0.119141 0.6958 0.129517 0.15503 -0.2563 -0.66162 
0.120361 0.9033 0.129517 0.14893 0.244 -0.57617 
0.122803 0.10986 0.129517 0.14282 0.3540 -0.49805 
0.125854 0.12695 0.129883 0.13794 0.6592 -0.42603 
0.129150 0.14038 0.129761 0.13794 0.8423 -0.35889 
0.132446 0.14771 0.129639 0.13428 0.9399 -0.29541 
0.135864 0.15503 0.129517 0.13062 0.10132 -0.23560 
0.138916 0.16602 0.129639 0.12207 0.10620 -0.17944 
0.141968 0.18311 0.130005 0.11353 0.10620 -0.12817 
0.145020 0.19531 0.130737 0.11108 0.10986 -0.7935 
0.149414 0.20752 0.131714 0.11108 0.11597 -0.3052 
0.154541 0.21851 0.133179 0.11353 0.12207 -0.3052 
0.160645 0.22583 0.134521 0.12207 0.12695 0.1709 
0.167358 0.22705 0.134644 0.13184 0.13306 0.6226 
0.174683 0.22339 0.134644 0.13306 0.14648 0.10254 
0.174683 0.22217 0.134644 0.12085 0.16602 0.12817 
0.181885 0.22339 0.135132 0.9766 0.18433 0.14160 
0.187988 0.22827 0.136353 0.7446 0.19165 0.14160 
0.192383 0.23315 0.136963 0.5859 0.18066 0.13794 
0.195679 0.23315 0.137085 0.4883 0.15503 0.13184 
0.198120 0.23682 0.137573 0.4028 0.12207 0.12695 
0.199707 0.24170 0.138428 0.3784 0.8545 0.12451 
0.200806 0.24780 0.138428 0.4395 0.4761 0.12939 
0.201782 0.25269 0.138794 0.5615 0.1221 0.14038 
