0.254883 -0.41382 -0.44434 0.16113 0.11963 0.23315 
0.256226 -0.41382 -0.45166 0.17212 0.6348 0.18921 
0.255859 -0.41382 -0.44434 0.17944 0.2197 0.14771 
0.255127 -0.43335 -0.44312 0.19287 -0.2808 0.11719 
0.252319 -0.45044 -0.45776 0.22461 -0.10010 0.10742 
0.249146 -0.46631 -0.45776 0.26001 -0.16113 0.10742 
0.245728 -0.48584 -0.48340 0.28198 -0.19165 0.11719 
0.242676 -0.47852 -0.51880 0.30518 -0.18311 0.14038 
0.243896 -0.46875 -0.53833 0.30518 -0.18188 0.16235 
0.246094 -0.47729 -0.55298 0.32715 -0.19775 0.16479 
0.250122 -0.47607 -0.55054 0.33325 -0.22461 0.14648 
0.252930 -0.46387 -0.53589 0.32349 -0.22461 0.11597 
0.254028 -0.44434 -0.50781 0.31738 -0.28076 0.8911 
0.254761 -0.42725 -0.48218 0.34058 -0.38696 0.6470 
0.256470 -0.42114 -0.46509 0.40771 -0.53223 0.4272 
0.259644 -0.42725 -0.45776 0.49927 -0.69092 0.4272 
0.263916 -0.44678 -0.46265 0.59814 -0.84839 0.1953 
0.268433 -0.46143 -0.48706 0.68848 -0.97412 -0.1221 
0.271362 -0.46021 -0.52734 0.73975 -0.102051 -0.5859 
0.271362 -0.44800 -0.61401 0.71777 -0.95459 -0.11475 
0.273682 -0.42847 -0.70313 0.61890 -0.83984 -0.16479 
0.277710 -0.38940 -0.78857 0.45654 -0.69824 -0.19409 
0.283569 -0.38940 -0.86304 0.24780 -0.54688 -0.19897 
0.291626 -0.35400 -0.92285 0.1709 -0.39063 -0.19531 
0.301636 -0.34302 -0.67383 -0.20142 -0.23315 -0.19409 
0.312988 -0.36621 -0.105103 -0.38086 -0.5127 -0.20142 
0.325195 -0.41992 -0.105103 -0.52246 0.11108 -0.21851 
0.336060 -0.47729 -0.110718 -0.58594 0.26733 -0.25879 
0.348389 -0.49072 -0.115479 -0.59082 0.39795 -0.32104 
0.359497 -0.49805 -0.119507 -0.59082 0.47974 -0.40283 
0.368408 -0.49438 -0.123047 -0.57861 0.52246 -0.50049 
0.375000 -0.49072 -0.124634 -0.56641 0.53955 -0.61157 
0.379639 -0.49194 -0.123779 -0.56519 0.53955 -0.73486 
0.382690 -0.49194 -0.121460 -0.58105 0.54443 -0.87280 
0.384155 -0.51758 -0.117065 -0.60791 0.55054 -0.68848 
0.383911 -0.55786 -0.112915 -0.64209 0.56030 -0.111206 
0.383423 -0.60425 -0.109863 -0.67993 0.54321 -0.111206 
0.383423 -0.62378 -0.104858 -0.75684 0.47852 -0.120728 
0.380981 -0.62988 -0.97046 -0.86792 0.35400 -0.130737 
0.377197 -0.62988 -0.88257 -0.96558 0.17578 -0.142822 
0.377197 -0.62866 -0.78857 -0.102661 -0.3784 -0.155884 
0.370483 -0.60425 -0.70313 -0.104248 -0.27466 -0.167358 
0.357910 -0.58472 -0.63354 -0.101929 -0.51514 -0.179565 
0.342529 -0.58472 -0.57861 -0.97534 -0.73486 -0.192749 
0.324219 -0.56152 -0.52612 -0.92285 -0.92285 -0.205688 
0.304443 -0.52612 -0.47852 -0.85938 -0.106812 -0.217041 
0.284424 -0.48096 -0.42603 -0.78247 -0.117188 -0.225708 
0.264282 -0.43579 -0.42603 -0.69824 -0.123535 -0.230591 
0.245361 -0.38940 -0.37720 -0.61157 -0.125122 -0.230469 
0.227417 -0.34424 -0.32593 -0.51758 -0.122070 -0.225952 
0.208862 -0.29297 -0.28198 -0.51758 -0.114624 -0.219360 
0.190552 -0.24170 -0.26001 -0.41870 -0.104004 -0.211060 
0.172607 -0.19409 -0.26367 -0.32837 -0.122559 -0.200806 
0.154541 -0.14526 -0.28198 -0.27344 -0.77393 -0.189209 
0.136963 -0.9399 -0.30518 -0.27222 -0.77393 -0.176392 
0.119751 -0.4883 -0.33081 -0.32349 -0.64331 -0.162842 
0.104126 -0.854 -0.35278 -0.41260 -0.54077 -0.179932 
0.89355 0.2930 -0.35400 -0.51880 -0.48462 -0.148682 
0.75684 0.6592 -0.34302 -0.62012 -0.47852 -0.134033 
0.63477 0.11108 -0.32349 -0.69702 -0.52002 -0.119385 
0.83618 0.15869 -0.30396 -0.73853 -0.59570 -0.104736 
0.52368 0.20508 -0.29297 -0.74951 -0.69580 -0.90454 
0.42236 0.24536 -0.30029 -0.72998 -0.80933 -0.76416 
0.32959 0.27344 -0.30762 -0.68848 -0.91309 -0.61890 
0.23560 0.28076 -0.30884 -0.64575 -0.98877 -0.46265 
0.14282 0.28076 -0.31372 -0.60791 -0.101929 -0.28809 
0.5127 0.28076 -0.62500 -0.57495 -0.99854 -0.8545 
-0.3052 0.28687 -0.30640 -0.54932 -0.93506 0.14404 
-0.9155 0.29419 -0.30640 -0.53101 -0.84106 0.39551 
-0.12207 0.30640 -0.29663 -0.51392 -0.71533 0.66406 
-0.12573 0.31860 -0.27588 -0.50171 -0.56763 0.95459 
-0.9644 0.33936 -0.24414 -0.50171 -0.41748 0.125854 
-0.3662 0.36133 -0.21240 -0.47363 -0.27588 0.155884 
0.5127 0.36499 -0.18188 -0.40283 -0.13672 0.184570 
0.17456 0.34058 -0.17456 -0.27466 -0.29419 0.211182 
0.32959 0.28931 -0.20264 -0.10376 0.1831 0.234863 
0.51514 0.21240 -0.25879 0.7568 0.19287 0.223511 
0.72266 0.10254 -0.33081 0.24414 0.39917 0.269409 
0.97290 -0.488 -0.40894 0.38940 0.64941 0.269409 
0.122925 -0.9277 -0.46265 0.48340 0.92773 0.280396 
0.147095 -0.15747 -0.49194 0.50293 0.118042 0.289063 
0.138916 -0.18921 -0.47607 0.49438 0.135132 0.295898 
0.170166 -0.22095 -0.42358 0.50903 0.142090 0.301270 
0.191162 -0.25146 -0.36987 0.58350 0.139038 0.304321 
0.210449 -0.29663 -0.31738 0.66895 0.127930 0.306152 
0.229004 -0.4272 -0.26367 0.77271 0.114136 0.306885 
0.247437 -0.35522 -0.36743 0.91309 0.101685 0.307129 
0.264526 -0.38330 -0.60791 0.106567 0.88867 0.308594 
0.290527 -0.51392 -0.1099 0.119751 0.89233 0.310425 
0.309082 -0.57251 -0.32349 0.127197 0.97778 0.297730 
0.330811 -0.65674 -0.42236 0.125610 0.97656 0.288574 
0.349731 -0.70435 -0.54077 0.126099 0.90942 0.282715 
0.365601 -0.71655 -0.67505 0.126099 0.79224 0.274780 
0.378174 -0.68359 -0.88867 0.123779 0.54688 0.256226 
0.389771 -0.76294 -0.110962 0.123169 0.55298 0.236938 
0.401123 -0.85693 -0.133057 0.123291 0.24902 0.221558 
0.417847 -0.97290 -0.155396 0.121948 -0.6348 0.206177 
0.435913 -0.112549 -0.178467 0.119141 -0.30029 0.188843 
0.456299 -0.128052 -0.194214 0.112793 -0.39551 0.201416 
0.475220 -0.139404 -0.203980 0.100708 -0.29541 0.170166 
0.491089 -0.147461 -0.218750 0.75928 -0.10742 0.149048 
0.502808 -0.156738 -0.226318 0.51025 0.10986 0.121094 
0.505981 -0.165894 -0.224976 0.26855 0.37964 0.89478 
0.504517 -0.174683 -0.216919 0.1099 0.68115 0.55664 
0.504517 -0.179932 -0.200317 -0.27710 0.93750 0.21851 
0.501465 -0.181274 -0.175415 -0.57129 0.111816 -0.11230 
0.496704 -0.183472 -0.147339 -0.85693 0.119995 -0.43091 
0.488892 -0.183472 -0.117310 -0.110352 0.116211 -0.69946 
0.478027 -0.181274 -0.91431 -0.128296 0.105103 -0.93750 
0.464233 -0.177856 -0.69702 -0.138062 0.90088 -0.114014 
0.445435 -0.171875 -0.69702 -0.140991 0.78735 -0.135620 
0.425171 -0.162476 -0.51147 -0.143311 0.71289 -0.161011 
0.401978 -0.151367 -0.35645 -0.145020 0.62744 -0.189209 
0.375488 -0.136475 -0.24902 -0.145020 0.44800 -0.218506 
0.350220 -0.122314 -0.17822 -0.145020 0.12695 -0.238403 
0.322754 -0.110474 -0.13794 -0.139526 0.6104 -0.248535 
0.297363 -0.98877 -0.12939 -0.127441 -0.28687 -0.252808 
0.274536 -0.87036 -0.13062 -0.116333 -0.59937 -0.253052 
0.254272 -0.77026 -0.13062 -0.110718 -0.85571 -0.251099 
0.235718 -0.68237 -0.13062 -0.110107 -0.100586 -0.279541 
0.218872 -0.59326 -0.12939 -0.112427 -0.105713 -0.248291 
0.203247 -0.49927 -0.11719 -0.116455 -0.102417 -0.245605 
0.188232 -0.40161 -0.8667 -0.121460 -0.93018 -0.243286 
0.204590 -0.29785 -0.4639 -0.126221 -0.79590 -0.240845 
0.159058 -0.19043 -0.977 -0.129639 -0.65552 -0.237183 
0.159058 -0.8667 0.2197 -0.130371 -0.52979 -0.232178 
0.144897 -0.1587 0.5371 -0.127197 -0.43823 -0.225342 
0.131592 -0.26611 0.7568 -0.120605 -0.37109 -0.213379 
0.120605 0.4639 0.7935 -0.112549 -0.32593 -0.194946 
0.112061 0.12573 0.6348 -0.102661 -0.30762 -0.173584 
0.105591 0.19897 0.4272 -0.91064 -0.31372 -0.151733 
0.102539 0.25635 0.4272 -0.77759 -0.33447 -0.130127 
0.102661 0.30029 0.1831 -0.63477 -0.35889 -0.109131 
0.105103 0.33203 -0.1587 -0.79956 -0.37964 -0.90088 
0.109253 0.34302 -0.6348 -0.35034 -0.37964 -0.73975 
0.115723 0.34546 -0.10986 -0.35034 -0.34546 -0.60669 
0.124023 0.33936 -0.15869 -0.24292 -0.58838 -0.50171 
0.133179 0.33569 -0.20752 -0.16357 -0.17700 -0.41992 
0.142456 0.34058 -0.25024 -0.11230 -0.17700 -0.35034 
0.150635 0.35034 -0.28809 -0.7813 -0.6592 -0.27954 
0.157959 0.36011 -0.32349 -0.4639 0.4150 -0.20142 
0.165161 0.37720 -0.35645 -0.1587 0.13916 -0.20142 
0.172119 0.39917 -0.39185 0.2441 0.22339 -0.11597 
0.179688 0.41260 -0.43335 0.7324 0.28564 -0.3662 
0.187378 0.41138 -0.47729 0.12085 0.33325 0.3296 
0.165405 0.40649 -0.51880 0.15015 0.37964 0.8911 
0.196655 0.40039 -0.55664 0.16724 0.42358 0.13672 
0.206543 0.39307 -0.59204 0.17822 0.45532 0.17822 
0.216431 0.38452 -0.62744 0.18433 0.47241 0.20874 
0.224854 0.38452 -0.66284 0.18188 0.47607 0.22705 
