0.250244 -0.58960 -0.1953 -0.1831 -0.2686 0.10376 
0.247803 -0.60181 -0.1587 0.3174 -0.12939 0.9888 
0.243408 -0.58960 -0.2808 0.9399 -0.19287 0.12329 
0.241333 -0.58228 -0.5981 0.16113 -0.24780 0.15991 
0.239868 -0.58838 -0.5981 0.20264 -0.28076 0.18921 
0.239380 -0.59937 -0.9033 0.21606 -0.28687 0.21118 
0.240601 -0.58472 -0.12573 0.21484 -0.27710 0.23560 
0.242432 -0.57617 -0.15259 0.21484 -0.26245 0.25024 
0.244751 -0.57007 -0.16602 0.19409 -0.23926 0.25513 
0.247314 -0.56030 -0.16479 0.15503 -0.21240 0.25269 
0.248169 -0.55542 -0.15259 0.11841 -0.21240 0.25024 
0.249634 -0.55176 -0.12573 0.10620 -0.20874 0.24536 
0.252563 -0.54565 -0.10864 0.13916 -0.26123 0.22949 
0.254761 -0.54077 -0.10498 0.22095 -0.39551 0.20142 
0.254028 -0.54443 -0.10742 0.32837 -0.58594 0.20142 
0.250977 -0.55298 -0.12939 0.40771 -0.76538 0.17090 
0.279175 -0.56641 -0.16479 0.43457 -0.90698 0.14404 
0.246460 -0.58350 -0.20508 0.41260 -0.98633 0.12573 
0.246460 -0.58838 -0.24170 0.35400 -0.98389 0.12207 
0.247070 -0.59937 -0.28320 0.25269 -0.88989 0.13672 
0.248291 -0.61401 -0.31494 0.9033 -0.78003 0.16479 
0.249878 -0.61401 -0.35278 -0.7690 -0.66284 0.20020 
0.251831 -0.62622 -0.38452 -0.19287 -0.54565 0.24658 
0.256104 -0.62256 -0.42725 -0.22461 -0.44067 0.30273 
0.256592 -0.69702 -0.49194 -0.22095 -0.33447 0.33447 
0.257202 -0.77393 -0.49194 -0.20752 -0.22705 0.33081 
0.261230 -0.84961 -0.54199 -0.18433 -0.12817 0.27344 
0.269531 -0.87524 -0.58838 -0.14648 -0.4028 0.18311 
0.279175 -0.87280 -0.63599 -0.14648 0.4517 0.9644 
0.288452 -0.87402 -0.68726 -0.10742 0.13062 0.2075 
0.298706 -0.87891 -0.73486 -0.8789 0.21606 -0.3662 
0.310791 -0.90210 -0.78247 -0.4395 0.21606 -0.9033 
0.320801 -0.94360 -0.82642 0.1099 0.30518 -0.15625 
0.329956 -0.99731 -0.85083 0.854 0.37598 -0.23315 
0.340576 -0.104858 -0.86426 -0.4150 0.45776 -0.31250 
0.350098 -0.109497 -0.88257 -0.11597 0.57983 -0.31250 
0.360474 -0.111328 -0.90210 -0.18311 0.72021 -0.38086 
0.370850 -0.110474 -0.90820 -0.24658 0.83618 -0.44067 
0.348022 -0.109131 -0.90088 -0.31128 0.89111 -0.50293 
0.379272 -0.108643 -0.87158 -0.37598 0.85571 -0.57129 
0.385620 -0.106567 -0.83130 -0.44067 0.75806 -0.65186 
0.389526 -0.102051 -0.76660 -0.50171 0.62500 -0.72998 
0.391113 -0.100342 -0.69214 -0.54443 0.46875 -0.79102 
0.390503 -0.100342 -0.60791 -0.57007 0.30762 -0.85205 
0.386963 -0.101074 -0.53833 -0.59082 0.14404 -0.95215 
0.381836 -0.100098 -0.46997 -0.60669 -0.1587 -0.108521 
0.374756 -0.97290 -0.46997 -0.60791 -0.16602 -0.123047 
0.365967 -0.93506 -0.40161 -0.59204 -0.30273 -0.137939 
0.355347 -0.90332 -0.33203 -0.55664 -0.41870 -0.152832 
0.343872 -0.88135 -0.26001 -0.55664 -0.50049 -0.167725 
0.329956 -0.86792 -0.19165 -0.50537 -0.53955 -0.182129 
0.314819 -0.83008 -0.13306 -0.45898 -0.54321 -0.195435 
0.298218 -0.78369 -0.9644 -0.41382 -0.51880 -0.208008 
0.281616 -0.72754 -0.5981 -0.36377 -0.51880 -0.219360 
0.264282 -0.66528 -0.2808 -0.32104 -0.46509 -0.228882 
0.247437 -0.60425 -0.610 -0.29419 -0.37476 -0.237061 
0.230225 -0.52856 0.610 -0.28198 -0.21484 -0.237061 
0.210327 -0.44800 0.977 -0.30273 0.732 -0.242310 
0.189697 -0.37842 0.1465 -0.36377 0.23071 -0.244019 
0.200684 -0.31006 0.1709 -0.43945 0.41870 -0.243652 
0.169434 -0.23926 0.1587 -0.50659 0.56519 -0.240723 
0.150391 -0.16479 0.1587 -0.56885 0.65552 -0.234253 
0.130981 -0.9644 0.610 -0.62866 0.67871 -0.224487 
0.110352 -0.3052 -0.1465 -0.67383 0.63965 -0.212036 
0.91309 -0.3052 -0.3418 -0.69458 0.55176 -0.197632 
0.73853 0.2808 -0.5371 -0.69458 0.42725 -0.182251 
0.57251 0.8057 -0.7935 -0.68237 0.27710 -0.166748 
0.41626 0.14282 -0.7935 -0.66284 0.10376 -0.151123 
0.27710 0.20508 -0.10376 -0.62866 -0.7813 -0.135010 
0.15503 0.25391 -0.11353 -0.89478 -0.24170 -0.116821 
0.4028 0.28564 -0.10986 -0.58228 -0.35889 -0.95703 
-0.6104 0.30762 -0.10254 -0.52979 -0.41504 -0.71289 
-0.14038 0.33569 -0.9033 -0.47363 -0.41016 -0.44067 
-0.20142 0.36987 -0.8057 -0.41748 -0.35889 -0.14771 
-0.23193 0.41138 -0.6836 -0.36499 -0.35889 0.16357 
-0.22949 0.45410 -0.5493 -0.31860 -0.27100 0.17334 
-0.19531 0.48096 -0.5127 -0.28198 -0.16479 0.48828 
-0.12573 0.48584 -0.5493 -0.25269 -0.5859 0.80078 
-0.3174 0.45410 -0.5493 -0.23193 0.3784 0.109497 
0.8789 0.38940 -0.5249 -0.20996 0.13184 0.135986 
0.24414 0.30884 -0.4395 -0.18555 0.23193 0.158691 
0.24414 0.22705 -0.1587 -0.16357 0.33691 0.178223 
0.44312 0.14160 0.1831 -0.14771 0.45044 0.194946 
0.67017 0.8545 0.2563 -0.13306 0.56763 0.209595 
0.91675 0.2319 0.1709 -0.11841 0.66406 0.220947 
0.115967 0.2319 0.1587 -0.9644 0.73486 0.229126 
0.138062 -0.5127 0.1953 -0.8423 0.78857 0.234253 
0.158447 -0.12207 0.3296 -0.8789 0.82764 0.235474 
0.177856 -0.19165 0.3296 -0.10376 0.84106 0.232666 
0.196411 -0.25269 0.6470 -0.12329 0.81665 0.227661 
0.214600 -0.30762 0.10742 -0.13184 0.75562 0.222168 
0.232910 -0.36255 0.15015 -0.11719 0.66284 0.216675 
0.254761 -0.39673 0.19409 -0.11719 0.52734 0.212280 
0.271729 -0.55664 0.19287 -0.7813 0.38086 0.214233 
0.287598 -0.65063 0.22339 -0.1221 0.42358 0.211670 
0.307617 -0.76782 0.26855 0.4150 0.42358 0.212891 
0.323120 -0.84717 0.23071 -0.4639 0.53589 0.212280 
0.342285 -0.87036 0.23560 -0.8423 0.62500 0.208496 
0.362671 -0.91675 0.19653 -0.10254 0.70557 0.208496 
0.382935 -0.94849 0.13428 -0.11963 0.72998 0.205566 
0.400147 -0.98511 0.4517 -0.11353 0.70435 0.198853 
0.382690 -0.102417 -0.6104 -0.9399 0.62622 0.190063 
0.422607 -0.100586 -0.16602 -0.7324 0.50293 0.180298 
0.422607 -0.103516 -0.23804 -0.5859 0.37109 0.162231 
0.428711 -0.103638 -0.30884 -0.6592 0.27588 0.140503 
0.433838 -0.109497 -0.23682 -0.9521 0.28320 0.127563 
0.444580 -0.109497 -0.30273 -0.21973 0.38452 0.125244 
0.447388 -0.107422 -0.34424 -0.33203 0.37476 0.114136 
0.455444 -0.107666 -0.34790 -0.35767 0.34058 0.99609 
0.464355 -0.110474 -0.34790 -0.37109 0.36133 0.86426 
0.469116 -0.113037 -0.36255 -0.40283 0.40894 0.70313 
0.470215 -0.114990 -0.36377 -0.44189 0.47974 0.49805 
0.468994 -0.115356 -0.31494 -0.50537 0.57373 0.26123 
0.463379 -0.114868 -0.24048 -0.50537 0.65430 0.4517 
0.450195 -0.113770 -0.15625 -0.59692 0.73853 -0.16846 
0.436768 -0.110962 -0.4517 -0.66528 0.79346 -0.38208 
0.421265 -0.108154 0.5493 -0.75317 0.79346 -0.56763 
0.406128 -0.104370 0.15747 -0.81909 0.79468 -0.73364 
0.392944 -0.99365 0.26245 -0.84839 0.74585 -0.85693 
0.377075 -0.97046 0.33203 -0.86060 0.65308 -0.85693 
0.359741 -0.91919 0.39429 -0.83252 0.54932 -0.95947 
0.343140 -0.88257 0.46387 -0.80933 0.47729 -0.111572 
0.323730 -0.82764 0.51514 -0.84229 0.42969 -0.127808 
0.336304 -0.76660 0.51147 -0.89355 0.31494 -0.143433 
0.305054 -0.72998 0.49683 -0.90210 0.1343 -0.153687 
0.285767 -0.69458 0.47607 -0.83130 -0.39307 -0.154785 
0.270020 -0.64819 0.45044 -0.77026 -0.79346 -0.151001 
0.255005 -0.64819 0.43457 -0.77026 -0.109497 -0.147705 
0.240479 -0.60913 0.42358 -0.81787 -0.126221 -0.145264 
0.225708 -0.57251 0.41138 -0.88135 -0.130615 -0.142090 
0.209839 -0.51514 0.41138 -0.92407 -0.128052 -0.137085 
0.194336 -0.45532 0.40161 -0.95581 -0.120361 -0.131470 
0.179932 -0.37598 0.39673 -0.97778 -0.109009 -0.125122 
0.166870 -0.29297 0.39429 -0.96558 -0.96558 -0.117310 
0.155273 -0.23193 0.38452 -0.96558 -0.84595 -0.108887 
0.146118 -0.17822 0.36987 -0.91431 -0.73120 -0.100830 
0.139404 -0.14160 0.35278 -0.83740 -0.93140 -0.93018 
0.136108 -0.12817 0.33081 -0.74585 -0.61890 -0.83618 
0.136841 -0.12329 0.31372 -0.65430 -0.51636 -0.71655 
0.139893 -0.10010 0.29663 -0.56641 -0.42603 -0.91187 
0.144897 -0.8911 0.27466 -0.48706 -0.34668 -0.50171 
0.150513 -0.8057 0.25513 -0.40649 -0.27588 -0.50171 
0.157471 -0.6836 0.24048 -0.32837 -0.21240 -0.41870 
0.164795 -0.6226 0.21729 -0.25513 -0.15015 -0.35278 
0.171387 -0.5371 0.19897 -0.19287 -0.8667 -0.30518 
0.171387 -0.4028 0.17944 -0.13794 -0.2441 -0.26855 
0.178223 -0.3296 0.15625 -0.8301 0.3296 -0.23438 
0.185303 -0.3662 0.13306 -0.3052 0.8667 -0.19287 
0.192749 -0.3662 0.11230 0.2075 0.13184 -0.14648 
0.200562 -0.4150 0.8667 0.6958 0.17578 -0.9766 
