0.268066 -0.75317 -0.6714 -0.12939 0.16846 0.19043 
0.268799 -0.74341 -0.6592 -0.13062 0.12817 0.16602 
0.267334 -0.75073 -0.4028 -0.13550 0.12817 0.14282 
0.264404 -0.73853 -0.1831 -0.13672 0.9277 0.14893 
0.259399 -0.72510 0.2197 -0.13550 0.6714 0.18433 
0.252441 -0.71411 0.6470 -0.11597 0.5859 0.23926 
0.250244 -0.68481 0.6714 -0.7080 0.6348 0.23926 
0.249756 -0.67871 0.5615 -0.1465 0.6470 0.29297 
0.251587 -0.66406 0.6470 0.1587 0.6714 0.30640 
0.254028 -0.64941 0.8423 0.4272 0.6714 0.29175 
0.254028 -0.63721 0.10254 0.7935 0.5005 0.26489 
0.256592 -0.64453 0.12695 0.13062 0.977 0.22461 
0.259033 -0.65308 0.15503 0.20752 -0.5737 0.16602 
0.263184 -0.65552 0.17456 0.30762 -0.16602 0.8911 
0.267700 -0.65552 0.16113 0.42480 -0.31860 -0.1099 
0.268555 -0.66162 0.11108 0.51636 -0.47974 -0.11963 
0.265869 -0.66650 0.6958 0.54077 -0.64087 -0.21606 
0.261963 -0.67261 0.6958 0.50171 -0.74707 -0.27588 
0.257935 -0.66650 0.2808 0.42358 -0.79346 -0.30151 
0.256470 -0.66040 -0.1587 0.32959 -0.78735 -0.29663 
0.257324 -0.66162 -0.5493 0.32959 -0.72754 -0.26978 
0.260620 -0.67505 -0.9155 0.22949 -0.60547 -0.23804 
0.267456 -0.67261 -0.13306 0.14160 -0.49072 -0.20996 
0.275757 -0.68604 -0.19043 0.5371 -0.36133 -0.19653 
0.285156 -0.71655 -0.25024 -0.3784 -0.36133 -0.20264 
0.294922 -0.77515 -0.31860 -0.13794 -0.22461 -0.22583 
0.305298 -0.82031 -0.37354 -0.22705 -0.9277 -0.25391 
0.316895 -0.85083 -0.42480 -0.27832 0.2441 -0.25391 
0.329834 -0.86670 -0.47363 -0.29541 0.11719 -0.28931 
0.342407 -0.87646 -0.52246 -0.29175 0.18921 -0.33813 
0.323242 -0.88867 -0.56274 -0.28809 0.25146 -0.40649 
0.354492 -0.89478 -0.59692 -0.30151 0.30640 -0.49194 
0.366211 -0.90210 -0.62500 -0.32715 0.35278 -0.59326 
0.376587 -0.90698 -0.63110 -0.35522 0.38940 -0.70679 
0.383911 -0.90698 -0.60059 -0.39307 0.41260 -0.83618 
0.388672 -0.90698 -0.55054 -0.44189 0.42114 -0.97046 
0.390259 -0.89600 -0.48950 -0.48828 0.41748 -0.109863 
0.388428 -0.88623 -0.42236 -0.52734 0.41138 -0.121338 
0.384522 -0.88501 -0.42236 -0.55420 0.39673 -0.130615 
0.379028 -0.88135 -0.34302 -0.56152 0.36987 -0.138062 
0.372070 -0.87280 -0.25391 -0.54565 0.33081 -0.144531 
0.363037 -0.85693 -0.16357 -0.54565 0.27222 -0.151123 
0.352051 -0.83374 -0.9399 -0.51636 0.18188 -0.158813 
0.339722 -0.80688 -0.4395 -0.49072 0.6348 -0.167603 
0.327148 -0.78125 0.366 -0.48096 0.24902 -0.176880 
0.315430 -0.75073 0.5493 -0.48218 -0.6348 -0.186157 
0.302734 -0.72266 0.10376 -0.48462 -0.18555 -0.163940 
0.289185 -0.68848 0.14648 -0.48340 -0.30151 -0.203980 
0.274658 -0.64453 0.18799 -0.47485 -0.40283 -0.203980 
0.258789 -0.59204 0.21851 -0.46265 -0.48462 -0.212158 
0.242065 -0.53101 0.24658 -0.45044 -0.54565 -0.219727 
0.224731 -0.46387 0.27466 -0.44678 -0.58472 -0.225586 
0.224731 -0.40527 0.28809 -0.44312 -0.60791 -0.229004 
0.206787 -0.34302 0.28931 -0.44556 -0.61279 -0.229492 
0.188721 -0.58594 0.27344 -0.45410 -0.60059 -0.226685 
0.170898 -0.20508 0.23926 -0.46753 -0.56885 -0.220459 
0.152832 -0.20508 0.19165 -0.49805 -0.51392 -0.211182 
0.135376 -0.12939 0.13062 -0.55420 -0.44434 -0.199341 
0.118286 -0.4639 0.7690 -0.62622 -0.36987 -0.185913 
0.101807 0.3662 0.7690 -0.69824 -0.30518 -0.171997 
0.86426 0.12329 0.2319 -0.76538 -0.25513 -0.157349 
0.72998 0.20752 -0.2686 -0.81421 -0.21729 -0.141846 
0.61035 0.27588 -0.7568 -0.84229 -0.18433 -0.125854 
0.50537 0.33081 -0.11353 -0.84229 -0.15137 -0.109497 
0.41016 0.37598 -0.13672 -0.85449 -0.10498 -0.92529 
0.31494 0.41016 -0.12573 -0.85205 -0.3174 -0.74463 
0.22095 0.43823 -0.9155 -0.84106 -0.3174 -0.55054 
0.14038 0.48462 -0.5005 -0.83984 0.7324 -0.34058 
0.6958 0.53589 0.488 -0.85083 0.19165 -0.43457 
0.366 0.58228 0.6958 -0.87158 0.32593 -0.12207 
-0.5127 0.62256 0.13062 -0.89844 0.45654 0.11108 
-0.9277 0.63110 0.18799 -0.91064 0.56274 0.36255 
-0.10132 0.60059 0.24048 -0.88745 0.63354 0.63110 
-0.7080 0.53345 0.27832 -0.81421 0.67627 0.90698 
-0.7080 0.44434 0.30762 -0.70923 0.70801 0.118286 
-0.366 0.34058 0.31982 -0.59570 0.74829 0.144775 
0.8667 0.56274 0.31738 -0.49683 0.81665 0.169556 
0.22217 0.25024 0.30518 -0.42847 0.90332 0.192383 
0.38452 0.16724 0.29053 -0.37354 0.98999 0.212158 
0.57495 0.7813 0.28442 -0.31860 0.106934 0.227783 
0.79224 -0.1709 0.28442 -0.27344 0.113892 0.239136 
0.101807 -0.11841 0.29663 -0.24170 0.119385 0.246338 
0.123413 -0.22217 0.31006 -0.21851 0.122803 0.250610 
0.143555 -0.31860 0.32227 -0.19531 0.122681 0.252441 
0.163086 -0.37842 0.33813 -0.19531 0.118530 0.252808 
0.183838 -0.41260 0.37354 -0.16846 0.111450 0.251587 
0.206177 -0.44312 0.41138 -0.13916 0.99365 0.247681 
0.227661 -0.55786 0.44800 -0.10986 0.99365 0.254761 
0.246948 -0.63232 0.42236 -0.9521 0.89966 0.262817 
0.270020 -0.73364 0.43945 -0.6714 0.87158 0.262085 
0.296631 -0.82275 0.42114 -0.9521 0.88379 0.262085 
0.327759 -0.90942 0.44312 -0.13306 0.87036 0.251831 
0.361694 -0.99487 0.45898 -0.15259 0.87280 0.237549 
0.363037 -0.107788 0.42969 -0.17822 0.83740 0.225342 
0.394409 -0.107422 0.41138 -0.16724 0.69946 0.213989 
0.425659 -0.108521 0.38086 -0.15503 0.50415 0.199829 
0.455200 -0.110352 0.34668 -0.16724 0.31982 0.183960 
0.481079 -0.110474 0.29785 -0.19165 0.21240 0.164429 
0.504883 -0.110474 0.30273 -0.23804 0.25391 0.142578 
0.527222 -0.115723 0.19043 -0.36621 0.33813 0.121460 
0.536987 -0.114624 0.14526 -0.43823 0.33081 0.93994 
0.544800 -0.114380 0.14526 -0.50537 0.30884 0.66772 
0.544922 -0.111572 0.11353 -0.58228 0.26978 0.40771 
0.538940 -0.108521 0.11963 -0.36011 0.24536 0.16479 
0.527588 -0.105103 0.15625 -0.77393 0.21240 -0.6226 
0.510620 -0.101318 0.22095 -0.77393 0.17090 -0.27954 
0.490723 -0.96680 0.30762 -0.86060 0.11719 -0.47729 
0.468994 -0.92285 0.41870 -0.92407 0.8057 -0.65552 
0.446655 -0.87524 0.51270 -0.96802 0.8057 -0.81421 
0.424438 -0.83984 0.61279 -0.99854 0.5859 -0.95947 
0.404053 -0.81543 0.70923 -0.100830 0.4761 -0.109009 
0.383911 -0.76660 0.77026 -0.99854 0.4639 -0.120239 
0.364502 -0.73975 0.81055 -0.97778 0.4395 -0.120239 
0.348267 -0.68848 0.81787 -0.94849 0.2808 -0.130981 
0.361450 -0.67871 0.81665 -0.90698 -0.2197 -0.138184 
0.313965 -0.62500 0.80444 -0.85571 -0.5005 -0.143921 
0.313965 -0.59814 0.77026 -0.82397 -0.10498 -0.151367 
0.299194 -0.56763 0.72510 -0.79956 -0.20264 -0.155762 
0.283569 -0.53711 0.69214 -0.76538 -0.31860 -0.158813 
0.268188 -0.53711 0.67139 -0.74341 -0.41626 -0.161255 
0.253296 -0.50293 0.65186 -0.74219 -0.47607 -0.162720 
0.237915 -0.46753 0.64331 -0.74707 -0.49438 -0.163086 
0.221558 -0.43091 0.65186 -0.75195 -0.48584 -0.162231 
0.205688 -0.38696 0.65186 -0.75317 -0.46143 -0.160156 
0.190674 -0.33936 0.66772 -0.74463 -0.43091 -0.156250 
0.176514 -0.28564 0.68481 -0.72266 -0.40771 -0.150635 
0.163818 -0.22705 0.70679 -0.72266 -0.39429 -0.142700 
0.152100 -0.16602 0.71899 -0.69336 -0.39551 -0.132446 
0.142578 -0.10742 0.72754 -0.65552 -0.40894 -0.119751 
0.135620 -0.5737 0.72998 -0.61035 -0.40894 -0.105469 
0.131836 -0.1221 0.72754 -0.55298 -0.42969 -0.91187 
0.130615 0.1099 0.71411 -0.47852 -0.45044 -0.77515 
0.131714 0.1465 0.70435 -0.39551 -0.46509 -0.64087 
0.135010 0.2319 0.68970 -0.32471 -0.46143 -0.64087 
0.140625 0.3296 0.67505 -0.26855 -0.43701 -0.52246 
0.148071 0.4028 0.65552 -0.21606 -0.40039 -0.42358 
0.156006 0.4272 0.62500 -0.15991 -0.35889 -0.33936 
0.156006 0.4517 0.58594 -0.10498 -0.31616 -0.26245 
0.163940 0.4517 0.54565 -0.5737 -0.27344 -0.19287 
0.171997 0.4028 0.49927 -0.1343 -0.23193 -0.13062 
0.180054 0.4028 0.45044 0.2808 -0.19287 -0.7568 
0.188477 0.3906 0.39795 0.6958 -0.15625 -0.2686 
0.197388 0.3662 0.34668 0.10864 -0.11963 0.854 
0.206055 0.2930 0.60913 0.13672 -0.7813 0.3052 
0.214478 0.1953 0.29663 0.15503 -0.2930 0.3906 
0.222778 0.854 0.25146 0.16479 0.2319 0.3784 
0.230103 0.732 0.21606 0.16235 0.7324 0.2930 
0.236206 0.977 0.19287 0.16235 0.11597 0.1709 
0.241821 0.1587 0.18066 0.14893 0.14648 0.854 
0.246704 0.1831 0.17822 0.13428 0.16113 0.366 
