0.251709 -0.75806 0.48950 -0.12329 0.34302 -0.4761 
0.251099 -0.76050 0.52002 -0.17700 0.24048 -0.3052 
0.251099 -0.77148 0.50659 -0.21729 0.13794 0.122 
0.251099 -0.75073 0.48584 -0.23071 0.1709 0.2808 
0.255127 -0.73975 0.46875 -0.23926 -0.6348 0.2930 
0.259399 -0.73975 0.43823 -0.26367 -0.10010 0.732 
0.260010 -0.72021 0.41992 -0.28442 -0.7690 -0.2319 
0.260254 -0.66162 0.42236 -0.28687 -0.3662 -0.4639 
0.260254 -0.61035 0.42725 -0.26489 -0.122 -0.5615 
0.259521 -0.58105 0.42725 -0.23804 0.3418 -0.5859 
0.257324 -0.56030 0.44678 -0.21240 0.6714 -0.5249 
0.255005 -0.55298 0.48828 -0.16968 0.7690 -0.4028 
0.253540 -0.55542 0.54443 -0.16968 0.4639 -0.2930 
0.255615 -0.55786 0.59692 -0.9766 -0.2808 -0.1953 
0.261719 -0.56763 0.64331 -0.488 -0.16235 -0.854 
0.270264 -0.58350 0.67871 0.10254 -0.16235 0.366 
0.279785 -0.59692 0.69824 0.19775 -0.35156 0.1953 
0.291626 -0.59692 0.68115 0.24048 -0.53955 0.4395 
0.306885 -0.59082 0.64575 0.21851 -0.67261 0.5615 
0.322632 -0.60303 0.60791 0.13672 -0.73242 0.5615 
0.340820 -0.61646 0.50659 0.854 -0.68359 0.3418 
0.327271 -0.64575 0.53101 -0.16113 -0.56763 -0.3662 
0.372803 -0.67749 0.48096 -0.37964 -0.45898 -0.13672 
0.372803 -0.70801 0.47852 -0.56763 -0.30640 -0.24780 
0.386108 -0.75806 0.42603 -0.74463 -0.16357 -0.35522 
0.397095 -0.80566 0.37109 -0.81787 0.1099 -0.47852 
0.408325 -0.80566 0.32104 -0.78735 0.18555 -0.60791 
0.418335 -0.86060 0.26733 -0.67871 0.34302 -0.75195 
0.425537 -0.91675 0.22827 -0.52246 0.48706 -0.92163 
0.428711 -0.95581 0.20874 -0.35278 0.60669 -0.111694 
0.426636 -0.97290 0.20874 -0.19897 0.68237 -0.132813 
0.419678 -0.96558 0.22705 -0.7813 0.69214 -0.153931 
0.408447 -0.94482 0.28931 -0.1465 0.61035 -0.173828 
0.395264 -0.91187 0.38818 -0.1465 0.42480 -0.191895 
0.380005 -0.88257 0.44922 -0.2686 0.19043 -0.209106 
0.362305 -0.86548 0.47485 -0.7080 0.26611 -0.225220 
0.342163 -0.84351 0.48462 -0.10742 -0.4639 -0.239624 
0.319214 -0.81665 0.46631 -0.14038 -0.26855 -0.251587 
0.294434 -0.78613 0.41748 -0.17700 -0.48096 -0.260376 
0.269165 -0.74097 0.36011 -0.22339 -0.70190 -0.265137 
0.244141 -0.68970 0.29663 -0.27222 -0.92651 -0.265137 
0.220337 -0.63354 0.23560 -0.32104 -0.113525 -0.265625 
0.196167 -0.57129 0.19409 -0.37964 -0.132080 -0.262085 
0.201050 -0.52490 0.16846 -0.45288 -0.146729 -0.254883 
0.169800 -0.50903 0.13306 -0.50781 -0.153076 -0.245850 
0.141357 -0.44556 0.10376 -0.54932 -0.148682 -0.236694 
0.114624 -0.36255 0.6348 -0.59814 -0.135254 -0.224731 
0.92041 -0.58960 0.3784 -0.65674 -0.113770 -0.210571 
0.73853 -0.27710 0.2075 -0.72876 -0.87402 -0.194946 
0.60303 -0.18921 0.2197 -0.80566 -0.58838 -0.178467 
0.51758 -0.10742 0.4883 -0.88379 -0.30640 -0.161743 
0.47729 -0.4272 0.4883 -0.94360 -0.4761 -0.145752 
0.46875 0.610 0.7935 -0.97534 0.18311 -0.130249 
0.47607 0.5249 0.11353 -0.98755 0.37476 -0.115356 
0.47607 0.10132 0.14404 -0.98755 0.53223 -0.101074 
0.45898 0.15503 0.17212 -0.98877 0.66162 -0.87036 
0.41870 0.21729 0.19531 -0.98389 0.76538 -0.73120 
0.35767 0.27832 0.20874 -0.97412 0.83984 -0.59082 
0.29297 0.34668 0.22583 -0.96313 0.83984 -0.44556 
0.22217 0.41992 0.24170 -0.95825 0.88379 -0.59814 
0.15869 0.48706 0.26978 -0.97168 0.89233 -0.10986 
0.12207 0.53223 0.32471 -0.99976 0.86060 -0.10986 
0.12085 0.54077 0.38818 -0.102173 0.80200 0.8789 
0.14893 0.52368 0.44312 -0.100586 0.72998 0.30762 
0.21362 0.48584 0.48340 -0.94727 0.65918 0.55054 
0.21362 0.43335 0.50537 -0.85571 0.59692 0.79956 
0.31250 0.36987 0.49927 -0.74219 0.55176 0.104004 
0.41870 0.61646 0.45654 -0.62378 0.52368 0.126099 
0.51025 0.23560 0.39307 -0.52612 0.50781 0.146606 
0.57373 0.23560 0.34058 -0.47119 0.49561 0.166260 
0.62622 0.18066 0.62256 -0.45166 0.48706 0.186523 
0.68970 0.13428 0.31128 -0.44678 0.48340 0.207642 
0.77393 0.11841 0.31128 -0.44067 0.47363 0.230347 
0.88501 0.10620 0.33936 -0.40527 0.47119 0.252441 
0.102905 0.7568 0.38940 -0.34424 0.52002 0.269409 
0.120850 -0.488 0.43823 -0.34424 0.64453 0.278442 
0.145264 -0.9399 0.48340 -0.31372 0.79956 0.280762 
0.174561 -0.15503 0.55176 -0.32227 0.92041 0.275024 
0.208252 -0.41504 0.55298 -0.38330 0.73364 0.283325 
0.237427 -0.49927 0.63965 -0.50049 0.104614 0.282349 
0.270996 -0.60547 0.73120 -0.58716 0.131226 0.300537 
0.299927 -0.67871 0.79102 -0.70801 0.155762 0.276367 
0.325073 -0.74829 0.91431 -0.77637 0.173218 0.245117 
0.345581 -0.76416 0.103027 -0.82275 0.186279 0.217773 
0.364624 -0.80688 0.116699 -0.83374 0.191650 0.188965 
0.350586 -0.85205 0.130127 -0.81665 0.189087 0.161377 
0.381836 -0.89478 0.144409 -0.76416 0.179688 0.133911 
0.398682 -0.92285 0.157105 -0.68726 0.169067 0.107178 
0.416748 -0.93506 0.161133 -0.60181 0.157349 0.83130 
0.430908 -0.70313 0.182495 -0.53955 0.154175 0.63721 
0.447266 -0.101563 0.178101 -0.64209 0.161133 0.55054 
0.448486 -0.98022 0.178345 -0.66528 0.146729 0.42480 
0.446289 -0.94238 0.182739 -0.59814 0.124512 0.26123 
0.445923 -0.92651 0.182739 -0.54443 0.107544 0.14771 
0.442383 -0.89355 0.183350 -0.51392 0.93506 0.5737 
0.432861 -0.85693 0.180542 -0.46021 0.80444 -0.4028 
0.422363 -0.83740 0.176270 -0.38818 0.70557 -0.13916 
0.411865 -0.83862 0.169800 -0.38818 0.64453 -0.22827 
0.401001 -0.83252 0.162842 -0.33203 0.92041 -0.32471 
0.391113 -0.82520 0.156860 -0.31250 0.56396 -0.43579 
0.380981 -0.80200 0.152100 -0.32959 0.56396 -0.54443 
0.371826 -0.77148 0.149780 -0.36621 0.47974 -0.63599 
0.363037 -0.74951 0.148804 -0.39795 0.34668 -0.71533 
0.354614 -0.71289 0.148438 -0.41626 0.17456 -0.71533 
0.345093 -0.68848 0.148071 -0.42603 -0.1709 -0.78735 
0.334961 -0.66040 0.146362 -0.43579 -0.19409 -0.85327 
0.324829 -0.64087 0.144531 -0.43945 -0.35400 -0.91187 
0.314941 -0.62866 0.142578 -0.43701 -0.48340 -0.96924 
0.314941 -0.61768 0.140625 -0.43457 -0.57373 -0.103760 
0.304443 -0.60669 0.138794 -0.44434 -0.62134 -0.110718 
0.292603 -0.58472 0.137207 -0.45898 -0.63354 -0.117065 
0.280396 -0.58472 0.135742 -0.46631 -0.62134 -0.122803 
0.267700 -0.56030 0.134521 -0.46143 -0.59082 -0.128296 
0.254883 -0.53589 0.133423 -0.45166 -0.53955 -0.132813 
0.243164 -0.49805 0.133423 -0.44189 -0.47119 -0.136108 
0.231934 -0.45410 0.131470 -0.42847 -0.39917 -0.138916 
0.220215 -0.41870 0.129028 -0.41138 -0.33081 -0.141480 
0.208496 -0.38208 0.127808 -0.39795 -0.25146 -0.142822 
0.197876 -0.34668 0.125244 -0.39795 -0.17456 -0.141968 
0.187134 -0.30762 0.121582 -0.38330 -0.12329 -0.140503 
0.177490 -0.26489 0.118408 -0.35400 -0.9033 -0.140015 
0.168091 -0.22217 0.115601 -0.31494 -0.9033 -0.138794 
0.159912 -0.17822 0.113159 -0.27588 -0.7446 -0.136108 
0.153564 -0.13184 0.111450 -0.23315 -0.6836 -0.132080 
0.149536 -0.8179 0.110718 -0.17944 -0.6470 -0.132080 
0.147461 -0.3418 0.109253 -0.10864 -0.5737 -0.127319 
0.145630 0.610 0.106201 -0.2563 -0.4395 -0.122925 
0.141968 0.4639 0.102661 0.5005 -0.2075 -0.119141 
0.136841 0.8911 0.99731 0.10132 0.732 -0.115234 
0.136841 0.13184 0.97778 0.12817 0.3540 -0.110474 
0.130615 0.18311 0.96558 0.13794 0.5859 -0.104126 
0.124023 0.23682 0.95947 0.14771 0.7446 -0.95703 
0.118408 0.23682 0.95947 0.16602 0.7690 -0.85205 
0.115234 0.28687 0.96680 0.19409 0.6836 -0.73242 
0.115601 0.31860 0.97656 0.23438 0.5371 -0.60547 
0.119507 0.32837 0.97656 0.27222 0.5493 -0.48096 
0.126221 0.32837 0.98145 0.29297 0.8057 -0.36377 
0.134766 0.31616 0.98511 0.30151 0.13184 -0.26001 
0.145386 0.29297 0.98999 0.30762 0.20630 -0.17578 
0.158203 0.25879 0.99487 0.30762 0.30396 -0.11230 
0.171997 0.22339 0.100342 0.31006 0.41382 -0.6592 
0.184937 0.19531 0.101318 0.29541 0.52124 -0.3418 
0.196777 0.17456 0.101685 0.26733 0.52124 -0.1709 
0.206543 0.15991 0.102661 0.23560 0.61157 -0.1221 
0.214233 0.14893 0.103027 0.20142 0.67505 -0.977 
0.220459 0.14038 0.103882 0.16357 0.70435 -0.977 
0.225464 0.13184 0.105103 0.13184 0.69214 -0.977 
0.229004 0.12695 0.106079 0.10986 0.64331 -0.1343 
0.230713 0.12329 0.106934 0.9277 0.56641 -0.1831 
0.231079 0.12451 0.107422 0.7935 0.46753 -0.2197 
