0.228760 0.1221 0.91919 0.12695 -0.48828 0.977 
0.227905 0.488 0.92041 0.10010 -0.38696 -0.2686 
0.226074 0.854 0.91797 0.6836 -0.38696 -0.6226 
0.223389 0.1343 0.91675 0.3052 -0.28809 -0.7690 
0.218140 0.244 0.94604 -0.977 -0.19897 -0.5493 
0.216919 0.3418 0.97412 -0.3784 -0.12695 -0.5493 
0.217651 0.3418 0.98755 0.122 -0.7935 -0.610 
0.220459 0.3662 0.100220 0.8057 -0.5371 0.3906 
0.223267 0.6470 0.99609 0.14526 -0.2808 0.7324 
0.225952 0.12329 0.100952 0.18799 -0.2930 0.9766 
0.225952 0.19287 0.103027 0.20874 -0.6226 0.13062 
0.230835 0.24658 0.105591 0.21362 -0.11597 0.18433 
0.239868 0.25513 0.105469 0.19287 -0.17456 0.23193 
0.246582 0.25513 0.102295 0.12573 -0.21851 0.23804 
0.247681 0.21240 0.97168 0.488 -0.24292 0.20996 
0.245117 0.13794 0.124023 -0.14648 -0.24414 0.19531 
0.242798 0.10864 0.92773 -0.31128 -0.25146 0.22705 
0.241943 0.12817 0.91919 -0.45166 -0.29175 0.31128 
0.240845 0.15259 0.91187 -0.54443 -0.38574 0.44312 
0.238892 0.17578 0.89600 -0.53711 -0.52246 0.61768 
0.237183 0.15991 0.90088 -0.53711 -0.66040 0.80444 
0.232544 0.7202 0.91309 -0.36621 -0.77759 0.95703 
0.225220 -0.11108 0.83618 -0.14771 -0.83862 0.101196 
0.219971 -0.40771 0.76538 -0.2319 -0.83862 0.87036 
0.222656 -0.36377 0.68848 -0.6104 -0.89478 0.73486 
0.227417 -0.25879 0.65063 -0.18066 -0.89478 0.72144 
0.232056 -0.26489 0.66528 -0.33325 -0.83862 0.72144 
0.234741 -0.28564 0.68848 -0.46875 -0.77393 0.74097 
0.237305 -0.25635 0.73608 -0.51758 -0.72388 0.74341 
0.233398 -0.23438 0.86548 -0.45288 -0.68848 0.76416 
0.227905 -0.25146 0.91553 -0.26123 -0.66040 0.81787 
0.227905 -0.23315 0.87646 0.14526 -0.69214 0.89478 
0.221558 -0.18799 0.80566 0.63354 -0.78247 0.101074 
0.210571 -0.29297 0.36011 0.100586 -0.88501 0.121216 
0.199219 0.1953 0.36621 0.77637 -0.95093 0.154419 
0.207397 -0.20508 0.38086 0.43213 -0.103638 0.163330 
0.217773 -0.22217 0.41748 0.13184 -0.107178 0.156616 
0.221436 -0.27710 0.41748 -0.8545 -0.101929 0.149902 
0.220703 -0.37842 0.38818 -0.25269 -0.89722 0.142944 
0.224243 -0.43457 0.37231 -0.7690 -0.76172 0.134033 
0.225708 -0.46875 0.34424 -0.47119 -0.57129 0.121460 
0.227173 -0.55542 0.29175 -0.47119 -0.39673 0.102783 
0.238159 -0.63354 0.28320 -0.53345 -0.28687 0.84106 
0.251709 -0.69336 0.27100 -0.65430 -0.20386 0.69214 
0.266113 -0.74829 0.26123 -0.77637 -0.20386 0.58838 
0.284302 -0.77026 0.27710 -0.85815 -0.14771 0.51514 
0.301392 -0.77515 0.30640 -0.92773 -0.10986 0.46021 
0.313477 -0.79468 0.34424 -0.96436 -0.7202 0.43457 
0.329468 -0.80078 0.37964 -0.90332 -0.4639 0.43457 
0.351563 -0.89233 0.36499 -0.76050 -0.3784 0.42358 
0.373779 -0.99731 0.33569 -0.62256 -0.2808 0.35767 
0.369263 -0.107056 0.34912 -0.48218 -0.2319 0.19409 
0.400513 -0.114746 0.33447 -0.35645 -0.854 -0.6104 
0.426025 -0.123169 0.27466 -0.27832 0.977 -0.41626 
0.446167 -0.95215 0.27100 -0.21973 0.6592 -0.80322 
0.461548 -0.126465 0.31006 -0.20996 0.10498 -0.116089 
0.469238 -0.127197 0.29785 -0.22827 0.9399 -0.145142 
0.472900 -0.126343 0.1465 -0.19409 0.610 -0.165649 
0.475952 -0.124756 0.34424 -0.15625 -0.16724 -0.178589 
0.472412 -0.123657 0.34424 -0.12817 -0.38330 -0.190674 
0.461060 -0.121216 0.34180 -0.9033 -0.60425 -0.207764 
0.442261 -0.115967 0.33447 -0.4395 -0.79956 -0.230713 
0.417480 -0.107910 0.33081 -0.4395 -0.94116 -0.255249 
0.388306 -0.98389 0.33569 0.854 -0.103394 -0.278320 
0.358643 -0.88013 0.34668 0.6836 -0.109497 -0.299194 
0.331177 -0.78247 0.33691 0.13550 -0.109497 -0.317749 
0.307129 -0.70923 0.31006 0.21484 -0.112183 -0.332886 
0.286377 -0.65430 0.26855 0.29175 -0.111572 -0.312622 
0.266113 -0.60791 0.21118 0.33203 -0.107056 -0.351074 
0.243530 -0.56763 0.13306 0.32349 -0.98511 -0.351074 
0.219849 -0.53223 0.4639 0.26489 -0.87524 -0.354370 
0.227295 -0.48706 -0.3662 0.16479 -0.75439 -0.353882 
0.203613 -0.44189 -0.11353 0.2563 -0.63232 -0.349609 
0.172363 -0.39917 -0.19165 -0.14648 -0.50903 -0.341187 
0.149170 -0.36255 -0.27100 -0.34912 -0.39185 -0.330322 
0.127075 -0.31372 -0.33691 -0.58472 -0.28198 -0.319214 
0.105103 -0.31372 -0.36987 -0.85083 -0.18433 -0.306763 
0.85205 -0.23926 -0.38940 -0.113647 -0.9155 -0.290527 
0.65063 -0.15991 -0.40527 -0.140503 -0.1831 -0.271973 
0.45898 -0.7202 -0.40405 -0.163208 0.2197 -0.252441 
0.30273 0.1953 -0.40405 -0.180542 0.1221 -0.230713 
0.17578 0.9155 -0.40283 -0.157959 -0.4639 -0.207764 
0.5371 0.13672 -0.37231 -0.191406 -0.8423 -0.185547 
-0.6592 0.15869 -0.33691 -0.191406 -0.5737 -0.164551 
-0.18433 0.16479 -0.31128 -0.191162 0.4761 -0.143677 
-0.31372 0.19043 -0.27100 -0.191406 0.24414 -0.122314 
-0.46875 0.21851 -0.22949 -0.194580 0.24414 -0.97778 
-0.61401 0.24536 -0.15991 -0.202637 0.50781 -0.66284 
-0.72754 0.27954 -0.5615 -0.214966 0.78857 -0.88013 
-0.80200 0.28809 0.3418 -0.225464 0.103516 -0.9277 
-0.82520 0.28442 0.21484 -0.224243 0.125244 0.21973 
-0.80200 0.25757 0.41504 -0.216064 0.138916 0.71167 
-0.70801 0.20630 0.66528 -0.203980 0.148560 0.118774 
-0.87891 0.10620 0.89600 -0.191406 0.153687 0.165527 
-0.56641 0.1221 0.118896 -0.175781 0.159180 0.210571 
-0.31982 -0.8179 0.147705 -0.160034 0.164917 0.251831 
0.3174 -0.15991 0.167847 -0.147217 0.171143 0.290283 
0.41138 -0.24292 0.174683 -0.139282 0.182251 0.328980 
0.78003 -0.24292 0.173096 -0.135376 0.196899 0.362427 
0.106445 -0.31250 0.166260 -0.135742 0.211426 0.386230 
0.127686 -0.37842 0.159302 -0.139038 0.224854 0.401611 
0.142822 -0.43091 0.159302 -0.142212 0.236572 0.411743 
0.152466 -0.46753 0.156860 -0.141602 0.244995 0.420898 
0.159058 -0.51147 0.161255 -0.135498 0.249878 0.430786 
0.166260 -0.59204 0.169556 -0.135498 0.256104 0.439331 
0.180664 -0.68970 0.177856 -0.121948 0.267822 0.441162 
0.204224 -0.81787 0.187012 -0.102783 0.253418 0.430786 
0.239746 -0.96436 0.197388 -0.85205 0.303589 0.410400 
0.283447 -0.111206 0.201538 -0.76416 0.303589 0.393188 
0.325684 -0.136597 0.206543 -0.77148 0.324463 0.389282 
0.342407 -0.151489 0.201294 -0.82397 0.367065 0.393188 
0.366943 -0.152222 0.197876 -0.90454 0.403076 0.361938 
0.392456 -0.149780 0.197876 -0.90698 0.430786 0.313965 
0.415527 -0.148071 0.215820 -0.80200 0.442993 0.264038 
0.430298 -0.144897 0.235474 -0.72998 0.440063 0.218872 
0.430298 -0.147949 0.245850 -0.71045 0.415649 0.174194 
0.438110 -0.153931 0.252686 -0.66162 0.384522 0.126953 
0.445313 -0.125366 0.267212 -0.60547 0.356445 0.77148 
0.450684 -0.187378 0.288940 -0.58960 0.333130 0.24902 
0.452515 -0.156128 0.312012 -0.59814 0.313232 -0.28198 
0.451050 -0.154175 0.296143 -0.59692 0.294312 -0.79224 
0.443237 -0.151733 0.332886 -0.55664 0.274658 -0.128174 
0.427612 -0.148560 0.332886 -0.48096 0.251465 -0.176147 
0.403076 -0.145508 0.332764 -0.37842 0.219116 -0.223022 
0.371948 -0.142212 0.333496 -0.58594 0.173584 -0.268066 
0.338989 -0.136597 0.339233 -0.27344 0.117188 -0.310791 
0.305786 -0.128540 0.348022 -0.17090 0.53955 -0.350464 
0.273071 -0.120239 0.357544 -0.2686 0.48828 -0.387329 
0.243896 -0.112183 0.367065 0.18555 -0.18311 -0.420044 
0.218262 -0.104980 0.373169 0.45166 -0.80811 -0.447022 
0.191895 -0.99121 0.374146 0.73730 -0.141602 -0.467896 
0.167358 -0.93262 0.373291 0.100098 -0.193237 -0.452515 
0.147095 -0.85938 0.369751 0.121460 -0.232666 -0.483765 
0.128662 -0.75317 0.362549 0.139160 -0.257446 -0.493897 
0.109497 -0.62256 0.352173 0.157105 -0.269287 -0.496338 
0.120972 -0.48462 0.341187 0.177979 -0.271240 -0.490967 
0.75317 -0.35889 0.328491 0.202881 -0.267090 -0.479004 
0.75317 -0.27344 0.307983 0.230347 -0.258301 -0.463135 
0.64087 -0.22583 0.280151 0.257568 -0.244751 -0.444092 
0.52856 -0.21606 0.243896 0.278198 -0.229614 -0.420288 
0.41382 -0.21606 0.203003 0.287476 -0.215454 -0.390015 
0.32959 -0.21362 0.164551 0.283813 -0.203369 -0.353882 
0.28442 -0.18311 0.162964 0.268311 -0.192993 -0.314941 
0.25635 -0.12695 0.131714 0.243164 -0.183716 -0.275757 
0.23804 -0.4395 0.106201 0.213257 -0.172730 -0.238770 
0.23071 0.7324 0.88257 0.214844 -0.158447 -0.204712 
0.22827 0.21973 0.76294 0.159546 -0.140747 -0.172852 
0.22461 0.36011 0.68359 0.159546 -0.120483 -0.143799 
0.22949 0.47852 0.61157 0.141846 -0.97778 -0.117188 
0.24780 0.56519 0.54565 0.130005 -0.104004 -0.91309 
