0.238159 -0.61157 0.29541 0.6348 0.6470 0.15869 
0.242676 -0.61401 0.31494 0.9521 0.854 0.18311 
0.242798 -0.61768 0.31616 0.13794 -0.3784 0.18921 
0.245483 -0.61768 0.31372 0.16602 -0.7813 0.17700 
0.245728 -0.65552 0.31982 0.17944 -0.10864 0.16113 
0.245361 -0.66895 0.32104 0.20752 -0.13062 0.16602 
0.245361 -0.65918 0.32104 0.24414 -0.15747 0.18433 
0.244751 -0.64697 0.31128 0.27832 -0.17456 0.20386 
0.244507 -0.63354 0.31372 0.244 -0.18433 0.22949 
0.245605 -0.61401 0.31616 0.34546 -0.20020 0.26001 
0.248047 -0.59937 0.31006 0.34546 -0.22095 0.27954 
0.252808 -0.59692 0.31616 0.36621 -0.23193 0.28198 
0.259766 -0.59937 0.33081 0.38940 -0.23193 0.26245 
0.267700 -0.60791 0.33691 0.41748 -0.23193 0.21973 
0.276978 -0.62988 0.31616 0.44922 -0.24780 0.15747 
0.286011 -0.66406 0.27100 0.47363 -0.29785 0.8057 
0.293335 -0.69702 0.20264 0.47241 -0.37720 0.8057 
0.298950 -0.73364 0.12573 0.42480 -0.47241 -0.854 
0.304688 -0.77148 0.6104 0.32227 -0.54565 -0.10010 
0.310425 -0.80688 -0.1221 0.18677 -0.57373 -0.18555 
0.293335 -0.82397 -0.3418 0.5127 -0.52490 -0.27100 
0.324585 -0.86914 -0.6470 -0.8545 -0.45654 -0.34790 
0.335938 -0.90820 -0.7446 -0.21851 -0.34058 -0.42114 
0.346436 -0.62744 -0.6226 -0.34302 -0.19043 -0.48218 
0.355591 -0.93994 -0.6714 -0.43335 -0.5127 -0.52002 
0.362427 -0.96924 -0.7813 -0.43945 0.7568 -0.55298 
0.368042 -0.99854 -0.10620 -0.37842 0.15381 -0.59814 
0.373779 -0.103149 -0.14648 -0.29907 0.19531 -0.67505 
0.378906 -0.106323 -0.14648 -0.24658 0.22461 -0.78979 
0.383667 -0.108032 -0.18066 -0.24780 0.24292 -0.93872 
0.387085 -0.107788 -0.20142 -0.28076 0.25269 -0.111816 
0.386597 -0.107178 -0.20142 -0.28076 0.24048 -0.131470 
0.385254 -0.104736 -0.18799 -0.32837 0.20752 -0.151611 
0.381714 -0.102661 -0.16357 -0.37231 0.16724 -0.171753 
0.375855 -0.99854 -0.12817 -0.40283 0.16724 -0.191895 
0.366089 -0.97534 -0.9888 -0.43091 0.12817 -0.210693 
0.352905 -0.95581 -0.7202 -0.45288 0.9033 -0.195435 
0.336060 -0.94238 -0.5371 -0.46387 0.5249 -0.239380 
0.317139 -0.90942 -0.2319 -0.46509 0.488 -0.239380 
0.298706 -0.85327 0.2319 -0.46631 -0.5249 -0.248901 
0.311768 -0.78491 0.7324 -0.46143 -0.11719 -0.255493 
0.262085 -0.70801 0.11475 -0.44678 -0.17944 -0.260254 
0.262085 -0.62866 0.14893 -0.43579 -0.24170 -0.263672 
0.243408 -0.54932 0.18433 -0.43579 -0.30029 -0.265991 
0.224121 -0.46875 0.21973 -0.44678 -0.34668 -0.266968 
0.203613 -0.46875 0.24658 -0.46997 -0.37354 -0.265991 
0.182373 -0.38330 0.27466 -0.51514 -0.38208 -0.261108 
0.161377 -0.28809 0.30396 -0.57617 -0.37598 -0.251221 
0.140869 -0.19165 0.1465 -0.63354 -0.37476 -0.237305 
0.120972 -0.8667 0.32715 -0.67383 -0.39185 -0.220093 
0.102539 0.2197 0.33325 -0.69336 -0.43335 -0.199829 
0.85205 0.11963 0.32837 -0.69580 -0.48462 -0.177368 
0.68359 0.20142 0.31128 -0.69580 -0.52734 -0.153320 
0.52612 0.24658 0.27344 -0.69458 -0.54565 -0.130493 
0.37598 0.28442 0.22461 -0.70801 -0.53223 -0.109131 
0.24414 0.32471 0.17700 -0.74951 -0.53223 -0.87646 
0.12451 0.36133 0.13550 -0.79590 -0.48096 -0.64331 
0.1953 0.38208 0.9766 -0.81787 -0.38818 -0.69946 
-0.6836 0.39429 0.6714 -0.82397 -0.26733 -0.43091 
-0.13794 0.40161 0.5127 -0.82397 -0.14038 -0.11841 
-0.18921 0.40894 0.5127 -0.81787 -0.2319 0.15259 
-0.22583 0.41626 0.5981 -0.80811 0.7568 0.42480 
-0.24780 0.40771 0.7080 -0.78735 0.15991 0.69214 
-0.24780 0.38696 0.8667 -0.75684 0.23682 0.95093 
-0.23682 0.35522 0.10498 -0.71899 0.31250 0.120117 
-0.18921 0.31494 0.13550 -0.66772 0.38574 0.144165 
-0.11353 0.31494 0.17578 -0.61157 0.45410 0.167114 
-0.1465 0.26978 0.22217 -0.55664 0.51758 0.188477 
0.11841 0.20508 0.28809 -0.49927 0.57495 0.207153 
0.27344 0.14648 0.4639 -0.42725 0.62622 0.223633 
0.46387 0.7568 0.35889 -0.32715 0.67627 0.237305 
0.70435 -0.1587 0.42480 -0.52734 0.72510 0.247437 
0.97778 -0.12329 0.47363 -0.10986 0.78369 0.253784 
0.125732 -0.25146 0.51147 -0.10986 0.85083 0.255737 
0.153687 -0.36865 0.53467 -0.3906 0.91064 0.254150 
0.180176 -0.44800 0.55786 -0.1099 0.93506 0.250000 
0.204468 -0.49561 0.58716 -0.2075 0.90088 0.245361 
0.226196 -0.47485 0.68359 -0.6104 0.90088 0.242065 
0.253662 -0.62256 0.77393 -0.12329 0.78491 0.226807 
0.275635 -0.61157 0.84595 -0.15259 0.72998 0.263916 
0.309692 -0.66040 0.94971 -0.4639 0.73975 0.263916 
0.346924 -0.75439 0.92529 0.6958 0.72998 0.260864 
0.387939 -0.89722 0.86792 0.31006 0.69946 0.248047 
0.396362 -0.107422 0.74585 0.62012 0.74707 0.226685 
0.427612 -0.118042 0.60303 0.82642 0.85693 0.200562 
0.469116 -0.123291 0.46631 0.80933 0.90576 0.177490 
0.502808 -0.120972 0.37964 0.65918 0.89355 0.157715 
0.528320 -0.115723 0.38696 0.46875 0.80078 0.136963 
0.549194 -0.115723 0.41748 0.27954 0.78003 0.116089 
0.557251 -0.108276 0.41626 0.6104 0.66162 0.93262 
0.555298 -0.101196 0.44800 -0.6470 0.51514 0.65796 
0.550781 -0.100342 0.44800 -0.18677 0.44189 0.41626 
0.540039 -0.99243 0.46021 -0.32349 0.44312 0.16968 
0.525269 -0.97168 0.47974 -0.44189 0.49805 -0.7690 
0.506348 -0.92407 0.53101 -0.44189 0.57983 -0.30884 
0.482788 -0.88501 0.58838 -0.52612 0.64453 -0.51270 
0.456055 -0.83008 0.63843 -0.57739 0.65552 -0.69214 
0.429810 -0.78125 0.68726 -0.60181 0.90576 -0.85083 
0.405640 -0.74219 0.73486 -0.61157 0.59326 -0.98633 
0.383423 -0.70557 0.79468 -0.61401 0.46875 -0.109985 
0.362061 -0.67505 0.84595 -0.62012 0.29541 -0.118896 
0.342896 -0.64087 0.87158 -0.62134 0.8789 -0.118896 
0.323853 -0.62744 0.86914 -0.61035 -0.13550 -0.124512 
0.305176 -0.60791 0.86914 -0.58350 -0.29907 -0.127075 
0.289063 -0.58350 0.84961 -0.59326 -0.41382 -0.134277 
0.289063 -0.56396 0.82397 -0.62378 -0.53345 -0.140137 
0.273926 -0.53711 0.80566 -0.61035 -0.64575 -0.143433 
0.259521 -0.51392 0.79834 -0.57983 -0.73364 -0.145508 
0.245361 -0.48950 0.79712 -0.55786 -0.77148 -0.147461 
0.231812 -0.48950 0.79834 -0.55542 -0.74707 -0.148682 
0.218140 -0.45654 0.79590 -0.55908 -0.68481 -0.149170 
0.205078 -0.41382 0.79468 -0.54077 -0.59814 -0.148315 
0.193237 -0.36499 0.79468 -0.50781 -0.50537 -0.144409 
0.182251 -0.31128 0.78491 -0.46387 -0.41748 -0.137817 
0.172607 -0.25269 0.77148 -0.41260 -0.34790 -0.129028 
0.164551 -0.19897 0.75439 -0.41260 -0.29785 -0.119263 
0.157959 -0.15625 0.73730 -0.35767 -0.26123 -0.109619 
0.153076 -0.12085 0.72021 -0.30273 -0.23071 -0.99854 
0.150024 -0.8789 0.69702 -0.25757 -0.20752 -0.89600 
0.148193 -0.5493 0.67993 -0.22583 -0.20752 -0.78247 
0.148071 -0.2441 0.66650 -0.20020 -0.19287 -0.65674 
0.150024 0.732 0.65674 -0.16602 -0.18311 -0.83496 
0.154297 0.2441 0.63721 -0.11841 -0.17578 -0.52246 
0.160034 0.4761 0.62134 -0.7202 -0.16235 -0.39795 
0.167358 0.6470 0.60303 -0.4150 -0.14038 -0.29907 
0.175415 0.6958 0.58716 -0.1953 -0.11353 -0.22583 
0.182007 0.6592 0.57129 -0.977 -0.8423 -0.18433 
0.182007 0.6470 0.56396 -0.1099 -0.5249 -0.16479 
0.187622 0.5981 0.56274 -0.1221 -0.2319 -0.14893 
0.192993 0.5493 0.56885 0.244 0.00 -0.12573 
0.198242 0.5493 0.57739 0.2686 0.1465 -0.9888 
0.203369 0.4761 0.57739 0.5615 0.2686 -0.7202 
0.208252 0.4395 0.56885 0.8301 0.3784 -0.4761 
0.212891 0.4028 0.56885 0.10620 0.5249 -0.2563 
0.217407 0.3418 0.56030 0.12085 0.7202 -0.366 
0.222534 0.3174 0.54565 0.13184 0.9399 0.2075 
0.227539 0.2563 0.52124 0.14526 0.11597 0.4395 
0.232788 0.1831 0.49438 0.14526 0.13550 0.6470 
0.238403 0.1099 0.46997 0.15381 0.15015 0.7690 
0.243408 0.610 0.44067 0.15503 0.15991 0.7813 
0.247437 0.244 0.41626 0.14526 0.15991 0.6958 
0.250488 -0.122 0.40039 0.12573 0.15991 0.5859 
0.252930 -0.488 0.38696 0.10864 0.15137 0.4883 
0.254883 -0.977 0.37720 0.10010 0.13062 0.4883 
0.255737 -0.1831 0.37231 0.9155 0.10254 0.4150 
0.256348 -0.2563 0.37109 0.8057 0.6714 0.3540 
0.255981 -0.2930 0.37231 0.6836 0.3296 0.3296 
0.255127 -0.3540 0.37231 0.5005 0.122 0.3052 
0.255127 -0.3662 0.37720 0.2686 -0.2686 0.2808 
0.254150 -0.3296 0.38574 0.366 -0.5005 0.2930 
