0.239258 0.101318 0.19775 -0.3906 -0.1587 -0.8789 
0.236328 0.102661 0.18311 -0.7324 0.2563 -0.4761 
0.232056 0.102539 0.17700 -0.12573 0.2075 -0.2197 
0.231323 0.102539 0.17822 -0.15015 -0.366 -0.1709 
0.232300 0.102173 0.17700 -0.14404 -0.2808 -0.2686 
0.232666 0.101807 0.17700 -0.11597 -0.4639 -0.4150 
0.233398 0.101685 0.18433 -0.8179 -0.4883 -0.5493 
0.234497 0.102051 0.18433 -0.5737 -0.3418 -0.6470 
0.234985 0.102661 0.19775 -0.4395 -0.732 -0.6714 
0.235352 0.103149 0.20752 -0.2686 0.2197 -0.6714 
0.236572 0.103271 0.21729 -0.2686 0.4883 -0.7324 
0.238281 0.102905 0.22461 0.366 0.7690 -0.8057 
0.239624 0.102905 0.23682 0.4883 0.9277 -0.9033 
0.241211 0.104126 0.25391 0.11108 0.9277 -0.10132 
0.240479 0.105347 0.25757 0.18921 0.8301 -0.10620 
0.237915 0.106934 0.23804 0.25269 0.5127 -0.9766 
0.237915 0.106567 0.21240 0.28442 -0.122 -0.6836 
0.236572 0.104980 0.15991 0.30029 -0.5005 -0.6836 
0.237305 0.98999 0.7202 0.29297 -0.8789 -0.3540 
0.243164 0.96680 -0.7813 0.20752 -0.11963 -0.2441 
0.238647 0.95337 -0.10620 -0.1953 -0.10742 -0.2808 
0.238647 0.97412 -0.2930 -0.20996 -0.6470 0.366 
0.236816 0.100220 0.4272 -0.24658 -0.4395 0.1465 
0.235230 0.101318 0.5005 -0.20142 -0.3052 0.1587 
0.232544 0.101074 0.4761 -0.16357 -0.1465 0.1099 
0.231689 0.101074 0.6714 -0.16113 0.488 0.488 
0.233276 0.100220 0.10620 -0.16602 0.3662 -0.854 
0.234619 0.100586 0.14160 -0.16602 0.6714 -0.2808 
0.234131 0.101807 0.14160 -0.17456 0.8545 -0.5005 
0.232544 0.103882 0.18066 -0.18799 0.8423 -0.6836 
0.232300 0.106079 0.22095 -0.18921 0.6958 -0.9033 
0.231689 0.107788 0.25391 -0.18921 0.4517 -0.10620 
0.231689 0.109009 0.26245 -0.17090 0.1953 -0.11719 
0.233276 0.109253 0.24780 -0.15259 0.30640 -0.13062 
0.236816 0.107422 0.20020 -0.13794 -0.2808 -0.15381 
0.242676 0.104492 0.11963 -0.12817 -0.2808 -0.20142 
0.247681 0.100586 0.2563 -0.14648 -0.4150 -0.26611 
0.250488 0.97778 -0.6104 -0.19531 -0.3906 -0.2075 
0.250977 0.96680 -0.13794 -0.26611 -0.3418 -0.33325 
0.248901 0.96802 -0.20386 -0.34546 -0.2930 -0.39307 
0.245605 0.98022 -0.26489 -0.42847 -0.2808 -0.43579 
0.242920 0.98755 -0.33325 -0.51147 -0.3052 -0.45410 
0.242920 0.98389 -0.40161 -0.59814 -0.2930 -0.45654 
0.240112 0.97290 -0.45166 -0.70435 -0.366 -0.45776 
0.236816 0.97900 -0.45532 -0.83252 0.7813 -0.46387 
0.232788 0.99365 -0.40649 -0.98267 0.20386 -0.46997 
0.227661 0.99365 -0.35278 -0.111084 0.33691 -0.45654 
0.223022 0.100342 -0.32349 -0.121216 0.45898 -0.41748 
0.218994 0.100586 -0.61523 -0.132690 0.54565 -0.34912 
0.216431 0.99487 -0.30273 -0.147705 0.58838 -0.25513 
0.215088 0.97168 -0.26611 -0.165527 0.56885 -0.14771 
0.214600 0.93994 -0.21606 -0.185913 0.48462 -0.3418 
0.216187 0.92163 -0.11475 -0.185913 0.36133 0.6836 
0.216431 0.91431 0.3662 -0.207397 0.21973 0.15503 
0.211670 0.94971 0.21240 -0.223633 0.7080 0.25146 
0.201172 0.100464 0.36865 -0.231079 0.23193 0.38330 
0.186890 0.105957 0.48462 -0.232178 -0.8057 0.56519 
0.172241 0.110474 0.55420 -0.228394 -0.19775 0.48096 
0.156738 0.113770 0.61157 -0.221069 -0.25757 0.74585 
0.140625 0.114868 0.66406 -0.212646 -0.25635 0.105835 
0.124878 0.113525 0.68848 -0.203857 -0.21240 0.137817 
0.116943 0.109741 0.72632 -0.197266 -0.16235 0.177246 
0.116699 0.102295 0.81299 -0.194702 -0.13672 0.221680 
0.116699 0.92407 0.93140 -0.192017 -0.14893 0.265869 
0.123657 0.77271 0.103271 -0.183716 -0.19531 0.307495 
0.138550 0.91187 0.108887 -0.168579 -0.23560 0.340576 
0.154297 0.40283 0.110596 -0.150513 -0.24292 0.364014 
0.173218 0.40283 0.107666 -0.133545 -0.16968 0.377563 
0.188110 0.24170 0.103516 -0.121338 -0.5127 0.381836 
0.196411 0.13184 0.101196 -0.115723 0.4395 0.382202 
0.199951 0.2441 0.101196 -0.111938 0.10254 0.381958 
0.203735 -0.1953 0.106323 -0.106323 0.12939 0.384399 
0.199219 -0.12817 0.111450 -0.97168 0.6348 0.383789 
0.189819 -0.16357 0.122314 -0.118896 -0.8545 0.392578 
0.178101 -0.22461 0.131714 -0.87646 -0.28687 0.409302 
0.164551 -0.31372 0.138306 -0.71533 -0.19897 0.431274 
0.155151 -0.42847 0.146484 -0.50171 -0.41382 0.456665 
0.155273 -0.53467 0.160034 -0.26245 -0.72632 0.481812 
0.160156 -0.69702 0.175903 0.3174 -0.94116 0.500244 
0.169922 -0.88867 0.184814 0.43457 -0.117310 0.510132 
0.190552 -0.109131 0.189331 0.94116 -0.138794 0.510132 
0.224243 -0.127319 0.189575 0.143677 -0.153198 0.512085 
0.257813 -0.141480 0.185669 0.186035 -0.157227 0.503052 
0.276855 -0.150513 0.176880 0.222046 -0.155396 0.481567 
0.277710 -0.157471 0.164063 0.253540 -0.152954 0.453491 
0.277710 -0.160767 0.150024 0.276978 -0.155029 0.426147 
0.271240 -0.163818 0.135498 0.289185 -0.162476 0.402710 
0.261841 -0.168457 0.123413 0.291748 -0.174561 0.380981 
0.246338 -0.168457 0.113403 0.292236 -0.189087 0.361694 
0.227417 -0.173584 0.102783 0.294800 -0.203613 0.347168 
0.217896 -0.180176 0.122437 0.296021 -0.214600 0.335327 
0.217896 -0.186401 0.91187 0.292847 -0.222534 0.322144 
0.225708 -0.191772 0.82153 0.285034 -0.230103 0.306519 
0.238037 -0.196411 0.75928 0.308350 -0.237549 0.287598 
0.247314 -0.201172 0.71655 0.271729 -0.244995 0.265137 
0.253418 -0.206909 0.67871 0.271729 -0.252197 0.239746 
0.255981 -0.211304 0.64575 0.267212 -0.258423 0.211914 
0.254761 -0.218384 0.58960 0.263184 -0.259888 0.180908 
0.250855 -0.225586 0.49805 0.263672 -0.259888 0.147827 
0.250610 -0.230469 0.37354 0.266480 -0.255493 0.114624 
0.251587 -0.233643 0.25513 0.262939 -0.248413 0.112305 
0.251343 -0.234009 0.17334 0.251221 -0.241211 0.81055 
0.251465 -0.231934 0.13672 0.234375 -0.236084 0.48584 
0.251465 -0.228149 0.12695 0.216187 -0.234497 0.18311 
0.251587 -0.220825 0.13916 0.198608 -0.237061 -0.9766 
0.251221 -0.216309 0.15869 0.182495 -0.242310 -0.35767 
0.251221 -0.212402 0.16968 0.168213 -0.249512 -0.60669 
0.251831 -0.209595 0.15991 0.157593 -0.256958 -0.85205 
0.254761 -0.209229 0.11597 0.151611 -0.261719 -0.110718 
0.257690 -0.209229 0.2930 0.150269 -0.259766 -0.137329 
0.260376 -0.210327 -0.8667 0.150879 -0.249023 -0.164185 
0.261841 -0.210327 -0.20142 0.146973 -0.230469 -0.191406 
0.261230 -0.208862 -0.28442 0.134277 -0.207520 -0.218872 
0.260254 -0.203857 -0.28442 0.114502 -0.183472 -0.244751 
0.259277 -0.198364 -0.34302 0.94849 -0.159912 -0.268555 
0.259155 -0.192993 -0.39917 0.108276 -0.138306 -0.290527 
0.260864 -0.186523 -0.45410 0.77026 -0.119019 -0.310425 
0.260498 -0.179810 -0.49072 0.56152 -0.102051 -0.327637 
0.257446 -0.172241 -0.49927 0.32227 -0.118286 -0.341064 
0.254395 -0.165283 -0.50415 0.8911 -0.87036 -0.352173 
0.248901 -0.158081 -0.49561 -0.12207 -0.75073 -0.362793 
0.240601 -0.149170 -0.46265 -0.33691 -0.68726 -0.370850 
0.234009 -0.136108 -0.39673 -0.55054 -0.65186 -0.372803 
0.229370 -0.124512 -0.33447 -0.73608 -0.62622 -0.372803 
0.228027 -0.112915 -0.28809 -0.86182 -0.61279 -0.371338 
0.231567 -0.101074 -0.25146 -0.93750 -0.60181 -0.368774 
0.239990 -0.92285 -0.24780 -0.100952 -0.59692 -0.365723 
0.239990 -0.85449 -0.26367 -0.108398 -0.58105 -0.365601 
0.249634 -0.78979 -0.29663 -0.115112 -0.53711 -0.371460 
0.255981 -0.73853 -0.32349 -0.120361 -0.44434 -0.382813 
0.250855 -0.73853 -0.35034 -0.125610 -0.30884 -0.395874 
0.236328 -0.66528 -0.33569 -0.131592 -0.13428 -0.406250 
0.215332 -0.55542 -0.59326 -0.140381 0.4517 -0.409546 
0.198853 -0.39307 -0.21729 -0.149048 0.20142 -0.403198 
0.189209 -0.24292 -0.21729 -0.151001 0.31738 -0.390503 
0.187134 -0.10010 -0.19043 -0.147949 0.39673 -0.374268 
0.190308 -0.1099 -0.21851 -0.147583 0.46875 -0.359497 
0.197266 0.5249 -0.26611 -0.147583 0.55786 -0.348145 
0.203857 0.10864 -0.31128 -0.154785 0.66528 -0.340942 
0.203125 0.13550 -0.34668 -0.166992 0.76660 -0.337402 
0.197388 0.20142 -0.34790 -0.181641 0.76660 -0.332886 
0.188721 0.27710 -0.32349 -0.198486 0.86548 -0.325928 
0.178833 0.36621 -0.26245 -0.214966 0.96680 -0.315186 
0.169312 0.47974 -0.17578 -0.229004 0.105957 -0.330688 
0.162598 0.57739 -0.8179 -0.239746 0.112183 -0.299438 
0.159424 0.67627 0.1831 -0.247192 0.114258 -0.280396 
0.158325 0.76416 0.12817 -0.252563 0.111938 -0.259766 
0.160400 0.84106 0.25391 -0.256226 0.106079 -0.239624 
0.160400 0.92651 0.39307 -0.257446 0.98755 -0.220947 
0.164917 0.101929 0.54077 -0.254028 0.91064 -0.204468 
