0.236572 0.84839 0.39551 -0.4639 -0.7813 -0.488 
0.234863 0.85083 0.38208 -0.5371 -0.7935 -0.1221 
0.232422 0.85693 0.34546 -0.7690 -0.8179 0.1221 
0.232422 0.85449 0.33447 -0.13062 -0.7202 0.5005 
0.232422 0.84717 0.34790 -0.18066 -0.6104 0.7690 
0.235840 0.83862 0.36377 -0.18921 -0.5005 0.7813 
0.239502 0.83740 0.38330 -0.15503 -0.3906 0.5493 
0.241943 0.83740 0.38086 -0.9766 -0.2930 0.2075 
0.242310 0.83618 0.37231 -0.5493 -0.1709 -0.977 
0.241577 0.83130 0.36499 -0.3174 0.244 -0.2441 
0.240723 0.83130 0.36377 -0.2197 0.2075 -0.2441 
0.240234 0.83252 0.36377 -0.1465 0.2808 -0.1953 
0.240356 0.83618 0.36865 -0.244 0.1831 -0.1953 
0.240356 0.83618 0.37476 -0.29297 -0.732 -0.2197 
0.241455 0.83740 0.38696 0.1953 -0.4150 -0.3174 
0.243774 0.83374 0.40649 0.5859 -0.6836 -0.5127 
0.243774 0.82764 0.41382 0.11230 -0.8301 -0.7080 
0.247192 0.83374 0.44922 0.16846 -0.8301 -0.9277 
0.246094 0.84106 0.44678 0.23071 -0.9521 -0.9888 
0.244629 0.84595 0.43457 0.25757 -0.9155 -0.8911 
0.242554 0.84473 0.41138 0.24902 -0.8301 -0.6226 
0.238281 0.84595 0.37476 0.20630 -0.6470 -0.6226 
0.237915 0.84595 0.36987 0.12573 -0.4150 -0.1587 
0.240234 0.84106 0.37598 0.6592 -0.3052 0.2075 
0.242310 0.83740 0.33569 0.2808 -0.3418 0.2686 
0.242310 0.81909 0.32104 -0.4150 -0.4150 0.488 
0.242310 0.81421 0.32593 -0.8179 -0.5127 -0.1587 
0.244019 0.80933 0.31006 -0.6348 -0.7568 -0.3052 
0.245605 0.80933 0.28442 -0.4517 -0.8545 -0.4883 
0.246460 0.80566 0.26123 -0.2930 -0.6836 -0.7080 
0.246460 0.80444 0.23804 -0.854 -0.3906 -0.9521 
0.247070 0.80688 0.20874 0.366 -0.244 -0.11719 
0.249390 0.80200 0.20874 0.1465 0.3418 -0.14038 
0.252808 0.78491 0.16235 0.2808 0.6958 -0.17334 
0.256836 0.75928 0.8911 0.3052 0.10376 -0.21851 
0.260254 0.72388 0.122 0.3052 0.14160 -0.27710 
0.262329 0.68604 -0.10376 0.2319 0.17944 -0.35522 
0.262451 0.65063 -0.20752 0.122 0.23071 -0.44678 
0.259155 0.63599 -0.27588 -0.5981 0.23071 -0.53589 
0.253052 0.63965 -0.33081 -0.15503 0.29785 -0.61401 
0.246704 0.65430 -0.38696 -0.26245 0.36255 -0.37354 
0.240356 0.66895 -0.41992 -0.41382 0.42480 -0.75562 
0.232056 0.69214 -0.41138 -0.60547 0.49683 -0.75562 
0.222900 0.71777 -0.39673 -0.78857 0.58838 -0.80322 
0.245361 0.73730 -0.40283 -0.96802 0.71655 -0.82275 
0.205933 0.72998 -0.45288 -0.116577 0.83252 -0.81421 
0.205933 0.70313 -0.49927 -0.141357 0.92407 -0.77515 
0.198853 0.67383 -0.45044 -0.178589 0.98267 -0.69824 
0.192261 0.63721 -0.27832 -0.222900 0.99121 -0.60303 
0.182983 0.66895 -0.4639 -0.260864 0.97412 -0.47974 
0.172974 0.66895 0.18555 -0.287231 0.95337 -0.30518 
0.157837 0.76294 0.10742 -0.306152 0.92407 -0.4395 
0.138794 0.87891 0.32593 -0.319092 0.87524 0.33081 
0.125122 0.96680 0.63843 -0.326660 0.80078 0.79590 
0.120605 0.103027 0.86548 -0.329468 0.70190 0.127319 
0.124512 0.103882 0.108765 -0.323730 0.57373 0.169312 
0.135254 0.98633 0.128418 -0.323730 0.42114 0.202637 
0.145386 0.86792 0.137451 -0.307861 0.24902 0.227539 
0.147827 0.74463 0.138550 -0.285156 0.6714 0.251099 
0.145996 0.63354 0.142456 -0.267578 0.23438 0.276733 
0.135376 0.54932 0.152344 -0.253784 -0.7813 0.309326 
0.118408 0.50171 0.164551 -0.235474 -0.21240 0.288696 
0.106689 0.44800 0.170532 -0.214111 -0.37231 0.367676 
0.102051 0.30396 0.171875 -0.194946 -0.56274 0.398926 
0.105835 0.7568 0.176147 -0.175781 -0.72388 0.448364 
0.125488 -0.20386 0.187622 -0.154419 -0.79102 0.494751 
0.126343 -0.50293 0.199585 -0.125366 -0.73486 0.531006 
0.157593 -0.73730 0.204224 -0.86670 -0.59570 0.548706 
0.188110 -0.89966 0.201294 -0.45532 -0.44556 0.548462 
0.206787 -0.69946 0.193115 -0.10498 -0.33325 0.538696 
0.214355 -0.114380 0.183228 0.15869 -0.26978 0.525879 
0.216797 -0.114380 0.173584 0.35889 -0.23560 0.510498 
0.224487 -0.129272 0.167969 0.52490 -0.22095 0.493286 
0.239380 -0.141357 0.168213 0.66162 -0.23438 0.472412 
0.252441 -0.149170 0.168213 0.79590 -0.28931 0.448242 
0.258179 -0.153564 0.168091 0.96680 -0.36743 0.424194 
0.256470 -0.155151 0.165771 0.114380 -0.45654 0.402710 
0.253540 -0.155640 0.162842 0.114380 -0.54810 0.382813 
0.251465 -0.154907 0.165039 0.128174 -0.63843 0.363647 
0.258667 -0.152832 0.175781 0.139038 -0.72510 0.344727 
0.265625 -0.158691 0.184570 0.154663 -0.84229 0.318115 
0.264771 -0.164063 0.192139 0.182495 -0.84229 0.287964 
0.265259 -0.170654 0.191040 0.219482 -0.93384 0.287720 
0.262085 -0.178589 0.182373 0.261230 -0.95337 0.252563 
0.255005 -0.186279 0.171143 0.297730 -0.92163 0.221313 
0.253662 -0.189331 0.157715 0.323486 -0.86060 0.186646 
0.256226 -0.192505 0.145386 0.342041 -0.79834 0.155762 
0.261353 -0.194824 0.133667 0.352783 -0.77759 0.126099 
0.261353 -0.195557 0.123291 0.355347 -0.79712 0.97534 
0.268188 -0.194702 0.114014 0.350342 -0.84229 0.69092 
0.276489 -0.192871 0.107422 0.339478 -0.89233 0.39185 
0.286011 -0.189453 0.101318 0.325562 -0.93384 0.6958 
0.296021 -0.189453 0.95337 0.310303 -0.98145 -0.28198 
0.304077 -0.190552 0.87524 0.292603 -0.103149 -0.69336 
0.306641 -0.193726 0.80933 0.273926 -0.106567 -0.118164 
0.299805 -0.189575 0.80933 0.254517 -0.109863 -0.167236 
0.284424 -0.180664 0.75928 0.234253 -0.114990 -0.208496 
0.264282 -0.169067 0.75317 0.243896 -0.122192 -0.238770 
0.245850 -0.152222 0.77759 0.192627 -0.130859 -0.256104 
0.233887 -0.137573 0.82397 0.192627 -0.139771 -0.264893 
0.233032 -0.124878 0.88501 0.175171 -0.145996 -0.270508 
0.241943 -0.113525 0.91553 0.160889 -0.148071 -0.280396 
0.250366 -0.108521 0.91064 0.150513 -0.148071 -0.298828 
0.251831 -0.106079 0.87280 0.140991 -0.146851 -0.323120 
0.246460 -0.98633 0.82520 0.131714 -0.141113 -0.314087 
0.236450 -0.89478 0.78125 0.123901 -0.131226 -0.345337 
0.230103 -0.78979 0.72998 0.115479 -0.120239 -0.360352 
0.227295 -0.68726 0.68359 0.105225 -0.109497 -0.368286 
0.228271 -0.59326 0.63843 0.93384 -0.99487 -0.370850 
0.233521 -0.48096 0.58228 0.80933 -0.90820 -0.369629 
0.233521 -0.41504 0.52124 0.66650 -0.83618 -0.367432 
0.240967 -0.36987 0.44434 0.46997 -0.79224 -0.369019 
0.248413 -0.38818 0.36255 0.23315 -0.76538 -0.376343 
0.244507 -0.38818 0.35400 -0.2563 -0.74341 -0.390991 
0.226196 -0.30762 0.38452 -0.29419 -0.72388 -0.400757 
0.203003 -0.17334 0.43457 -0.52612 -0.70801 -0.397705 
0.182007 -0.2319 0.43457 -0.72266 -0.70557 -0.383667 
0.172241 0.11963 0.48218 -0.90088 -0.70679 -0.363159 
0.173584 0.23560 0.50781 -0.74707 -0.69824 -0.342407 
0.179321 0.30273 0.52368 -0.119751 -0.66528 -0.325928 
0.184814 0.36743 0.53833 -0.119751 -0.60303 -0.313232 
0.185547 0.40894 0.53955 -0.133301 -0.52612 -0.304932 
0.179199 0.47241 0.56763 -0.146606 -0.44800 -0.297730 
0.169678 0.57983 0.60669 -0.158447 -0.44800 -0.286621 
0.159058 0.68481 0.64697 -0.165649 -0.37354 -0.270996 
0.152588 0.79346 0.68848 -0.168579 -0.30518 -0.251221 
0.150757 0.88623 0.73242 -0.169556 -0.23071 -0.251221 
0.151001 0.95337 0.78857 -0.169678 -0.15747 -0.230347 
0.154785 0.100098 0.84961 -0.168457 -0.10376 -0.210083 
0.127686 0.102905 0.90820 -0.165039 -0.6836 -0.191528 
0.161255 0.106567 0.96802 -0.160400 -0.5371 -0.175537 
0.161255 0.110840 0.103149 -0.154907 -0.6714 -0.161377 
0.161011 0.115967 0.109375 -0.147705 -0.10864 -0.146362 
0.159912 0.120972 0.115112 -0.139282 -0.17944 -0.129883 
0.158203 0.120972 0.120239 -0.129761 -0.26367 -0.111694 
0.157471 0.124512 0.125000 -0.118896 -0.34058 -0.93140 
0.158813 0.126709 0.128906 -0.106934 -0.39429 -0.75195 
0.163574 0.128418 0.130859 -0.94482 -0.44189 -0.61523 
0.170166 0.127808 0.130859 -0.83252 -0.44189 -0.48584 
0.175537 0.125610 0.132568 -0.73242 -0.41016 -0.36255 
0.183716 0.123535 0.132324 -0.63721 -0.37720 -0.28320 
0.190918 0.120728 0.132935 -0.63721 -0.33691 -0.22949 
0.197266 0.118164 0.133301 -0.55664 -0.30029 -0.19531 
0.200562 0.115356 0.133057 -0.47241 -0.27832 -0.16968 
0.202393 0.114746 0.131714 -0.37842 -0.27832 -0.13306 
0.204956 0.112549 0.128296 -0.29053 -0.27222 -0.9888 
0.208008 0.110474 0.123169 -0.21729 -0.27954 -0.6958 
0.210693 0.109253 0.118652 -0.16724 -0.28809 -0.4639 
0.212158 0.108521 0.115601 -0.14282 -0.29053 -0.4639 
0.213257 0.108398 0.113647 -0.12695 -0.28198 -0.2930 
