0.236084 0.100098 0.35522 0.4883 0.7080 -0.3540 
0.234863 0.100098 0.34058 0.4761 0.7080 -0.3296 
0.232910 0.99731 0.32227 0.3784 0.6958 -0.4028 
0.232910 0.99487 0.31250 0.2563 0.7080 -0.4883 
0.234009 0.99487 0.31494 0.488 0.7568 -0.4883 
0.234863 0.100098 0.31982 -0.366 0.8911 -0.6104 
0.234863 0.100098 0.31738 0.244 0.9399 -0.7080 
0.234375 0.100098 0.31006 0.1099 0.9155 -0.7446 
0.233765 0.100098 0.29541 0.1343 0.8179 -0.6836 
0.233765 0.99854 0.29663 0.854 0.6348 -0.4883 
0.233276 0.99487 0.29175 0.1343 0.3906 -0.2930 
0.233398 0.98999 0.28809 0.1465 0.1465 -0.1709 
0.235352 0.98999 0.28564 0.1587 -0.732 -0.1953 
0.238037 0.98022 0.29541 0.1587 -0.3662 -0.4028 
0.239136 0.97656 0.28687 0.4761 -0.7324 -0.6592 
0.237915 0.98389 0.28687 0.10254 -0.11230 -0.9399 
0.239624 0.99731 0.30640 0.15991 -0.13794 -0.13062 
0.239746 0.100586 0.25391 0.9644 -0.16235 -0.13306 
0.237549 0.99854 0.15991 0.22949 -0.14038 -0.14038 
0.241455 0.97168 0.16602 -0.8301 -0.9277 -0.16846 
0.246948 0.96680 0.24658 -0.19287 -0.5127 -0.21118 
0.250732 0.95825 0.27954 -0.15625 -0.1953 -0.27344 
0.254761 0.94604 0.27588 -0.13184 -0.1953 -0.33691 
0.257568 0.93018 0.27466 -0.14160 0.366 -0.40283 
0.258301 0.92896 0.26733 -0.15625 0.00 -0.46875 
0.256226 0.94849 0.26855 -0.17212 -0.2441 -0.46875 
0.252930 0.97900 0.26978 -0.18799 -0.4761 -0.51880 
0.250122 0.100830 0.26123 -0.19775 -0.6958 -0.55420 
0.280518 0.102417 0.26978 -0.20630 -0.9277 -0.58960 
0.219238 0.102783 0.26245 -0.20996 -0.10254 -0.62500 
0.250488 0.103149 0.22705 -0.19409 -0.9521 -0.67139 
0.250000 0.102783 0.17090 -0.18799 -0.8301 -0.72632 
0.248779 0.102905 0.10376 -0.20264 -0.6714 -0.78735 
0.246826 0.102905 0.4272 -0.23193 -0.5127 -0.85327 
0.244141 0.103516 -0.2563 -0.27222 -0.3418 -0.91919 
0.241699 0.104858 -0.8911 -0.31860 -0.854 -0.98999 
0.237671 0.107300 -0.8911 -0.37476 0.2686 -0.105591 
0.232300 0.110474 -0.14526 -0.43213 0.7080 -0.110352 
0.225830 0.114624 -0.20386 -0.49561 0.11353 -0.113892 
0.218750 0.117920 -0.25757 -0.56274 0.15503 -0.115601 
0.210327 0.120117 -0.31738 -0.56274 0.19043 -0.114746 
0.201050 0.122559 -0.39551 -0.63110 0.21240 -0.110962 
0.193481 0.123169 -0.48096 -0.72876 0.22217 -0.105347 
0.187134 0.122803 -0.56152 -0.87402 0.22217 -0.98999 
0.178955 0.121216 -0.62866 -0.106323 0.22583 -0.91309 
0.173340 0.119995 -0.67261 -0.127441 0.23682 -0.84106 
0.163818 0.119995 -0.64819 -0.150024 0.30029 -0.74097 
0.150879 0.120850 -0.56641 -0.171143 0.39673 -0.74097 
0.140869 0.123169 -0.43091 -0.189697 0.48462 -0.56885 
0.134644 0.126343 -0.19531 -0.209595 0.53345 -0.33813 
0.131104 0.129395 0.6592 -0.227539 0.53223 -0.6714 
0.131104 0.131470 0.29663 -0.237183 0.46997 0.23193 
0.129028 0.133057 0.50537 -0.242065 0.36865 0.57129 
0.124390 0.134399 0.69336 -0.243774 0.26489 0.93750 
0.118286 0.134399 0.83862 -0.241211 0.15747 0.134399 
0.120605 0.130859 0.93140 -0.236328 0.6470 0.173828 
0.133057 0.124268 0.68359 -0.229858 0.488 0.204834 
0.141480 0.116943 0.101807 -0.223633 -0.6958 0.231323 
0.142944 0.109863 0.101807 -0.222656 -0.18311 0.257568 
0.144043 0.103394 0.106079 -0.225952 -0.29541 0.285156 
0.138916 0.95581 0.113892 -0.224976 -0.39795 0.317139 
0.129517 0.88867 0.122437 -0.224976 -0.50171 0.355347 
0.129761 0.73120 0.131470 -0.219849 -0.53223 0.393555 
0.148560 0.51636 0.136719 -0.210693 -0.44067 0.419189 
0.170532 0.29663 0.135620 -0.194092 -0.44067 0.429321 
0.184082 0.11597 0.132080 -0.173462 -0.27588 0.431641 
0.188355 -0.1831 0.132935 -0.160767 -0.12207 0.436523 
0.188232 -0.9644 0.140259 -0.158813 -0.5493 0.417114 
0.185669 -0.18433 0.151001 -0.159668 -0.15015 0.448364 
0.176758 -0.28687 0.162720 -0.154541 -0.39307 0.463745 
0.180298 -0.28442 0.176514 -0.141235 -0.72754 0.482056 
0.173950 -0.61035 0.179932 -0.115356 -0.103516 0.503540 
0.173950 -0.74585 0.191406 -0.77271 -0.132324 0.508911 
0.178223 -0.93018 0.200195 -0.41504 -0.155640 0.519409 
0.194458 -0.74463 0.208252 -0.5371 -0.180298 0.524170 
0.221558 -0.105713 0.206421 0.35400 -0.199097 0.517700 
0.243652 -0.118896 0.193237 0.80078 -0.209351 0.501099 
0.257324 -0.131470 0.200195 0.119263 -0.209839 0.479492 
0.263184 -0.144043 0.175171 0.146240 -0.198730 0.453857 
0.262939 -0.151001 0.143921 0.157105 -0.181152 0.427612 
0.258057 -0.154175 0.127563 0.157349 -0.164917 0.404053 
0.249756 -0.152710 0.121582 0.157837 -0.156006 0.385742 
0.238647 -0.151611 0.119629 0.157837 -0.156250 0.372803 
0.228394 -0.151978 0.118042 0.163818 -0.163940 0.364380 
0.216797 -0.152588 0.118042 0.173706 -0.177979 0.360474 
0.211792 -0.154419 0.119263 0.183472 -0.167114 0.359741 
0.215698 -0.158203 0.121826 0.193237 -0.198364 0.356934 
0.221558 -0.166626 0.119507 0.206665 -0.223511 0.346558 
0.225098 -0.178833 0.109253 0.229370 -0.246948 0.358521 
0.235107 -0.192993 0.93750 0.255249 -0.261841 0.327271 
0.251709 -0.206909 0.76660 0.273560 -0.262451 0.300659 
0.266113 -0.219727 0.59326 0.284424 -0.249634 0.265381 
0.276733 -0.228271 0.42969 0.290527 -0.229858 0.223022 
0.276733 -0.234619 0.28198 0.289795 -0.210571 0.178345 
0.284058 -0.238770 0.16602 0.280884 -0.196167 0.133667 
0.291626 -0.241089 0.11108 0.265259 -0.186768 0.88867 
0.297607 -0.241333 0.10864 0.247192 -0.182251 0.44556 
0.302856 -0.241333 0.12939 0.231812 -0.184082 0.1221 
0.306641 -0.242920 0.13794 0.220825 -0.191284 -0.43457 
0.307739 -0.243774 0.10986 0.215576 -0.200684 -0.89966 
0.302368 -0.244873 0.10986 0.213989 -0.207642 -0.136963 
0.291992 -0.244629 0.3540 0.209229 -0.209717 -0.179688 
0.280762 -0.242188 -0.8911 0.194824 -0.206909 -0.216309 
0.267700 -0.236450 -0.20630 0.194824 -0.201538 -0.246460 
0.257935 -0.226074 -0.25879 0.166992 -0.195068 -0.268921 
0.252808 -0.214233 -0.24048 0.130493 -0.188599 -0.285522 
0.252563 -0.200562 -0.16479 0.95947 -0.214844 -0.298340 
0.257446 -0.188599 -0.8911 0.69458 -0.183594 -0.310669 
0.268555 -0.177124 -0.4517 0.51514 -0.180298 -0.295410 
0.278931 -0.172241 -0.5615 0.39673 -0.175659 -0.319702 
0.281372 -0.170166 -0.11108 0.32837 -0.165405 -0.350952 
0.276611 -0.163330 -0.16235 0.26733 -0.149902 -0.383545 
0.269653 -0.154297 -0.20142 0.15747 -0.132813 -0.416504 
0.263550 -0.143799 -0.23804 0.1343 -0.116455 -0.445313 
0.263550 -0.133545 -0.26489 -0.9766 -0.99609 -0.468750 
0.257690 -0.124878 -0.31738 -0.18677 -0.83862 -0.486572 
0.246704 -0.114136 -0.37842 -0.26123 -0.65063 -0.497559 
0.231812 -0.99976 -0.42603 -0.36621 -0.44922 -0.500000 
0.218262 -0.99976 -0.47363 -0.51270 -0.26001 -0.493286 
0.205322 -0.89111 -0.51392 -0.67505 -0.8301 -0.483521 
0.198853 -0.77515 -0.52856 -0.87646 0.9033 -0.473511 
0.196411 -0.67139 -0.52856 -0.110229 0.25513 -0.465210 
0.198120 -0.56274 -0.51392 -0.130615 0.41626 -0.458374 
0.198975 -0.47607 -0.49805 -0.146851 0.57739 -0.454224 
0.195923 -0.37598 -0.48096 -0.146851 0.72754 -0.451782 
0.188721 -0.24048 -0.43945 -0.162231 0.85083 -0.446289 
0.179199 -0.11353 -0.39551 -0.177979 0.62744 -0.437012 
0.170288 0.1221 -0.33813 -0.191772 0.101074 -0.424072 
0.166748 0.12939 -0.26733 -0.204102 0.101074 -0.409546 
0.166870 0.23926 -0.17700 -0.215576 0.108398 -0.396118 
0.167725 0.35767 -0.6348 -0.225830 0.116333 -0.384766 
0.166992 0.46509 0.2441 -0.232056 0.125000 -0.384766 
0.160400 0.56885 0.7690 -0.232666 0.132446 -0.375488 
0.149658 0.70190 0.14893 -0.233398 0.137817 -0.366577 
0.138916 0.85083 0.28076 -0.240234 0.140503 -0.353272 
0.132080 0.98877 0.46143 -0.248047 0.139648 -0.333252 
0.132080 0.108643 0.62744 -0.247559 0.134521 -0.309448 
0.133911 0.117432 0.75684 -0.237061 0.125610 -0.287231 
0.137085 0.94360 0.87158 -0.222412 0.114502 -0.268188 
0.136719 0.125610 0.98145 -0.206909 0.104614 -0.248657 
0.133057 0.134155 0.110352 -0.191650 0.96069 -0.227051 
0.129517 0.142944 0.122925 -0.176514 0.88013 -0.203247 
0.127319 0.150757 0.122925 -0.159668 0.78491 -0.178223 
0.128662 0.155518 0.133911 -0.140869 0.66895 -0.154053 
0.133545 0.156982 0.141357 -0.152466 0.54443 -0.132690 
0.139893 0.157471 0.146362 -0.103516 0.42358 -0.113647 
0.145874 0.157593 0.149902 -0.103516 0.31494 -0.96558 
0.151733 0.156860 0.152344 -0.88623 0.52490 -0.81543 
0.156738 0.156006 0.153809 -0.74585 0.11475 -0.67993 
0.161743 0.156250 0.154785 -0.61279 0.11475 -0.55176 
