0.237793 0.93140 0.14526 0.1221 -0.122 -0.7690 
0.240601 0.92896 0.14648 -0.1343 0.7202 -0.10986 
0.239746 0.92529 0.13916 -0.5005 0.10986 -0.13428 
0.241333 0.92896 0.13916 -0.8423 0.13184 -0.14526 
0.244263 0.92529 0.14771 -0.10376 0.13550 -0.15381 
0.245239 0.93262 0.15747 -0.9766 0.11230 -0.14893 
0.233765 0.96191 0.16235 -0.9766 0.8179 -0.5981 
0.210083 0.100708 0.14038 -0.9766 0.6714 0.12329 
0.204712 0.103882 0.10864 -0.14160 0.7202 0.26733 
0.213745 0.102295 0.10498 -0.19653 0.7202 0.29663 
0.225220 0.98267 0.13550 -0.18677 0.9277 0.23682 
0.234131 0.95215 0.16602 -0.10742 0.11963 0.13794 
0.239624 0.93384 0.19043 -0.1587 0.14038 0.3296 
0.245361 0.92407 0.20752 0.6226 0.12817 0.3296 
0.252197 0.91064 0.22461 0.11963 0.6836 -0.6104 
0.257202 0.90698 0.24170 0.14893 -0.2808 -0.14526 
0.260742 0.91553 0.25391 0.16113 -0.13428 -0.21240 
0.260742 0.91187 0.22339 0.16846 -0.22827 -0.27588 
0.260498 0.93018 0.18188 0.12085 -0.27466 -0.31860 
0.253418 0.63110 0.15259 0.5249 -0.25757 -0.29419 
0.247437 0.123901 -0.732 -0.977 -0.17944 -0.24658 
0.240845 0.92651 0.9766 -0.19165 -0.244 -0.18066 
0.234741 0.95581 0.18188 -0.15503 0.9277 -0.9644 
0.234985 0.97290 0.9033 0.1831 0.11841 -0.6470 
0.233521 0.95825 0.9033 0.2930 0.12207 -0.5859 
0.232178 0.92651 0.1465 -0.3540 0.8667 -0.5371 
0.233643 0.90942 0.610 -0.9033 0.2563 -0.4761 
0.236206 0.91309 0.2930 -0.9033 -0.2319 -0.4761 
0.236816 0.92896 0.5371 -0.13184 -0.5615 -0.4395 
0.236206 0.94727 0.6592 -0.15259 -0.8057 -0.3662 
0.236938 0.95337 0.5371 -0.16479 -0.9521 -0.2563 
0.239746 0.94727 0.3296 -0.18555 -0.9521 -0.2441 
0.241943 0.94238 0.1221 -0.21118 -0.8911 -0.3662 
0.241333 0.93384 -0.1709 -0.24048 -0.7324 -0.4639 
0.239624 0.92773 -0.4639 -0.28198 -0.5127 -0.4639 
0.237671 0.91919 -0.6958 -0.35278 -0.3540 -0.4639 
0.235107 0.90942 -0.7568 -0.45776 -0.4395 -0.4150 
0.231812 0.90454 -0.5981 -0.59082 -0.8911 -0.1953 
0.231812 0.91797 -0.1221 -0.72998 -0.15747 0.2075 
0.228149 0.94360 0.5737 -0.85815 -0.22339 0.7935 
0.224243 0.96924 0.10742 -0.93872 -0.26001 0.15137 
0.218506 0.97656 0.9888 -0.96802 -0.26001 0.24170 
0.212891 0.97656 0.4883 -0.97900 -0.22705 0.35278 
0.209839 0.96802 0.29297 -0.102417 -0.16724 0.46875 
0.209595 0.93872 -0.8667 -0.109741 -0.8667 0.57251 
0.210815 0.90332 -0.8667 -0.119263 -0.732 0.65430 
0.211426 0.87769 -0.11108 -0.130615 0.5371 0.73364 
0.209351 0.86182 -0.10986 -0.141357 0.7813 0.83130 
0.207520 0.84595 -0.9888 -0.141357 0.8179 0.97168 
0.209961 0.81421 -0.7446 -0.153442 0.7690 0.110229 
0.212402 0.79468 -0.2808 -0.167358 0.3662 0.121582 
0.212402 0.77393 0.4272 -0.178467 0.29541 0.132568 
0.208496 0.77515 0.10498 -0.185059 -0.1709 0.145996 
0.199097 0.78003 0.14648 -0.188355 -0.7080 0.132202 
0.187500 0.78735 0.15747 -0.189819 -0.11230 0.186279 
0.175415 0.76660 0.12695 -0.191528 -0.15503 0.186279 
0.163574 0.72388 0.13184 -0.194092 -0.20386 0.214233 
0.160645 0.62378 0.20386 -0.199463 -0.26367 0.247070 
0.168579 0.49072 0.32471 -0.200684 -0.30029 0.281250 
0.179688 0.34790 0.46143 -0.191528 -0.27344 0.311279 
0.179688 0.19775 0.58838 -0.173950 -0.18311 0.333862 
0.192993 0.6714 0.66284 -0.151855 -0.1953 0.349365 
0.204468 0.26855 0.65918 -0.130371 0.17578 0.359741 
0.209351 -0.4395 0.60913 -0.115112 0.33691 0.366699 
0.205444 -0.12939 0.52490 -0.108398 0.43213 0.376831 
0.199219 -0.19897 0.48462 -0.110718 0.43335 0.390625 
0.192383 -0.31250 0.48462 -0.118530 0.35767 0.404541 
0.186523 -0.42969 0.53345 -0.123413 0.25269 0.420654 
0.182495 -0.53345 0.61157 -0.121826 0.10010 0.438599 
0.179688 -0.66650 0.70801 -0.114014 -0.7202 0.455322 
0.177734 -0.80444 0.83252 -0.114014 -0.25513 0.470581 
0.183105 -0.92041 0.102783 -0.102295 -0.11475 0.481689 
0.192505 -0.107910 0.121582 -0.82764 -0.54688 0.485962 
0.203369 -0.124878 0.134521 -0.46875 -0.54688 0.485596 
0.225220 -0.137085 0.143677 -0.1343 -0.56396 0.480225 
0.249146 -0.155396 0.142578 0.42847 -0.45166 0.491699 
0.248657 -0.166992 0.138306 0.86426 -0.30762 0.460449 
0.247925 -0.174927 0.129517 0.119507 -0.20264 0.438721 
0.245972 -0.181274 0.122437 0.142822 -0.11597 0.421997 
0.242798 -0.186157 0.117798 0.159302 -0.8545 0.405273 
0.237305 -0.188477 0.114136 0.172363 -0.11841 0.388794 
0.237305 -0.192383 0.112915 0.183350 -0.22217 0.373413 
0.225220 -0.194580 0.115967 0.193481 -0.40161 0.360596 
0.212769 -0.198364 0.119019 0.205200 -0.61035 0.353516 
0.208374 -0.198364 0.120117 0.223755 -0.79346 0.346558 
0.209717 -0.201904 0.119507 0.246704 -0.92773 0.334961 
0.215210 -0.206543 0.118408 0.267334 -0.101074 0.318970 
0.223145 -0.212402 0.118408 0.285522 -0.104492 0.297730 
0.227783 -0.218628 0.116699 0.303223 -0.103638 0.272949 
0.229858 -0.224243 0.112671 0.287964 -0.100830 0.246460 
0.233521 -0.228271 0.107788 0.330566 -0.98999 0.218506 
0.236694 -0.230835 0.102905 0.330566 -0.101318 0.188965 
0.238647 -0.231567 0.98755 0.336914 -0.110352 0.158325 
0.238037 -0.233154 0.96191 0.339111 -0.94849 0.127197 
0.238037 -0.232056 0.95581 0.336670 -0.126099 0.96680 
0.238892 -0.231079 0.95703 0.330933 -0.145508 0.64819 
0.240112 -0.229126 0.95947 0.325684 -0.165894 0.93018 
0.244141 -0.228027 0.95703 0.322266 -0.184448 0.30518 
0.253540 -0.228638 0.93506 0.320313 -0.198853 -0.5249 
0.266846 -0.231934 0.86914 0.317993 -0.207520 -0.43579 
0.277588 -0.233765 0.78979 0.312500 -0.210571 -0.88257 
0.280029 -0.232422 0.72144 0.301025 -0.209351 -0.139038 
0.280029 -0.227295 0.67383 0.285278 -0.203980 -0.189819 
0.272217 -0.219727 0.65063 0.268555 -0.194458 -0.233765 
0.259888 -0.241333 0.63965 0.250000 -0.182129 -0.267456 
0.254028 -0.210083 0.62134 0.228882 -0.167725 -0.292236 
0.257813 -0.201294 0.59448 0.206665 -0.153320 -0.314087 
0.265503 -0.193604 0.57373 0.182983 -0.141113 -0.338989 
0.269531 -0.185181 0.56519 0.158447 -0.132813 -0.366455 
0.265259 -0.177246 0.56519 0.135742 -0.128662 -0.394043 
0.254761 -0.167236 0.57861 0.144897 -0.130615 -0.417236 
0.247070 -0.155640 0.61279 0.94482 -0.137573 -0.434570 
0.241821 -0.145020 0.64209 0.94482 -0.145874 -0.449341 
0.238037 -0.135132 0.63477 0.83252 -0.152466 -0.462036 
0.233398 -0.124268 0.57495 0.80078 -0.154663 -0.472168 
0.227051 -0.117798 0.47119 0.78369 -0.154663 -0.480835 
0.216064 -0.109619 0.35889 0.71411 -0.151001 -0.486816 
0.201904 -0.94849 0.31128 0.56763 -0.142456 -0.484253 
0.190918 -0.79468 0.30151 0.37231 -0.130493 -0.472900 
0.187866 -0.64331 0.31128 0.19897 -0.116577 -0.472900 
0.194824 -0.53467 0.28931 0.5127 -0.102295 -0.456177 
0.208496 -0.44312 0.25513 -0.9888 -0.88257 -0.441772 
0.191162 -0.36377 0.21362 -0.28687 -0.73853 -0.433105 
0.222412 -0.30762 0.16846 -0.49561 -0.58105 -0.430908 
0.226685 -0.29419 0.11963 -0.68237 -0.40771 -0.434082 
0.214844 -0.13794 0.16479 -0.87036 -0.23926 -0.440918 
0.189819 -0.13794 0.26855 -0.108154 -0.8667 -0.437256 
0.165894 0.3540 0.39795 -0.123779 0.2319 -0.419189 
0.153320 0.23193 0.50659 -0.130127 0.9155 -0.391357 
0.155518 0.37109 0.55542 -0.132690 0.12329 -0.362793 
0.169922 0.45898 0.55542 -0.133545 0.15747 -0.341187 
0.186646 0.49805 0.54565 -0.134277 0.20996 -0.329590 
0.198608 0.53467 0.48828 -0.138428 0.28931 -0.326050 
0.198730 0.53589 0.40894 -0.138428 0.39063 -0.327148 
0.185669 0.57129 0.35522 -0.149414 0.49316 -0.325806 
0.162354 0.68970 0.39063 -0.166504 0.55298 -0.314819 
0.140869 0.84473 0.53711 -0.185913 0.55298 -0.291626 
0.131958 0.101318 0.75195 -0.199951 0.54810 -0.261475 
0.137085 0.111450 0.96191 -0.201172 0.49316 -0.265015 
0.151978 0.115479 0.110229 -0.188721 0.40771 -0.245605 
0.169312 0.114258 0.114868 -0.169434 0.33325 -0.214355 
0.178345 0.112915 0.111694 -0.151611 0.29541 -0.204590 
0.172607 0.115112 0.106812 -0.139526 0.28931 -0.200684 
0.156860 0.123901 0.108398 -0.136230 0.28198 -0.195313 
0.156860 0.135498 0.117798 -0.139038 0.25513 -0.181763 
0.139893 0.146484 0.133301 -0.137817 0.19409 -0.159668 
0.127930 0.154541 0.146729 -0.126587 0.10620 -0.130981 
0.126221 0.125000 0.153198 -0.104980 0.1953 -0.101440 
0.131958 0.156250 0.152344 -0.79834 -0.4150 -0.76050 
0.142822 0.152954 0.147827 -0.58594 -0.6348 -0.57007 
