0.259155 0.29907 -0.732 0.8789 0.732 -0.13916 
0.259399 0.31006 -0.3052 0.8789 -0.488 -0.15381 
0.256104 0.854 -0.4883 0.6836 -0.1221 -0.14160 
0.253662 0.32104 -0.6226 0.3174 -0.2686 -0.10864 
0.251709 0.31982 -0.7690 -0.1343 -0.5127 -0.6592 
0.251343 0.31494 -0.9033 -0.5249 -0.7935 -0.2441 
0.252197 0.30518 -0.9033 -0.7690 -0.9888 -0.244 
0.253662 0.29541 -0.9888 -0.9033 -0.10132 0.00 
0.254395 0.28809 -0.10498 -0.9521 -0.8911 -0.1465 
0.255981 0.28442 -0.10376 -0.9521 -0.6714 -0.4272 
0.258301 0.27710 -0.9766 -0.9766 -0.3296 -0.7690 
0.260986 0.27100 -0.9399 -0.9888 -0.30762 -0.10986 
0.264038 0.27344 -0.6348 -0.9644 0.2808 -0.13794 
0.267456 0.28564 -0.854 -0.5981 0.2808 -0.15991 
0.268921 0.30518 0.3540 0.1831 0.2319 -0.16724 
0.268311 0.32349 0.5371 0.10986 -0.244 -0.15991 
0.266724 0.33691 0.4517 0.17822 -0.3174 -0.15991 
0.267456 0.33691 0.3540 0.20630 -0.5371 -0.15503 
0.265991 0.32959 0.1953 0.22217 -0.6958 -0.13794 
0.264160 0.30762 -0.5249 0.22461 -0.6958 -0.11108 
0.261963 0.33691 -0.13550 0.14282 -0.5005 -0.9277 
0.261963 0.32959 -0.14282 -0.7935 -0.2808 -0.6958 
0.260986 0.34424 -0.4639 -0.23193 0.488 -0.5737 
0.262695 0.36743 0.244 -0.19165 0.854 -0.5005 
0.263672 0.36743 -0.1587 -0.9766 -0.244 -0.5249 
0.263306 0.37476 -0.4517 -0.4639 -0.732 -0.6836 
0.261475 0.36987 -0.6348 -0.1709 -0.977 -0.8301 
0.260742 0.36865 -0.6348 0.366 -0.1831 -0.8789 
0.261475 0.37109 -0.7446 0.1831 -0.2930 -0.8667 
0.261841 0.37476 -0.8057 0.3296 -0.4272 -0.8301 
0.262939 0.37231 -0.9155 0.4761 -0.5737 -0.8057 
0.264771 0.36499 -0.11230 0.4761 -0.7080 -0.8545 
0.267212 0.35156 -0.14282 0.5249 -0.8057 -0.9766 
0.270020 0.33813 -0.16968 0.4517 -0.8667 -0.11597 
0.274170 0.31738 -0.19287 0.2808 -0.8667 -0.14282 
0.280640 0.28687 -0.22949 0.488 -0.8667 -0.19165 
0.288574 0.24170 -0.28809 -0.2441 -0.8057 -0.28076 
0.294189 0.20264 -0.35889 -0.7324 -0.6348 -0.28076 
0.295410 0.18311 -0.42236 -0.14771 -0.2563 -0.40527 
0.295166 0.17334 -0.46509 -0.24292 0.3052 -0.54321 
0.300049 0.14771 -0.49561 -0.36377 0.8789 -0.68115 
0.308105 0.10498 -0.55054 -0.49927 0.15503 -0.83130 
0.308105 0.1587 -0.64453 -0.64209 0.22095 -0.103394 
0.318848 0.27954 -0.72632 -0.81909 0.29907 -0.131470 
0.316895 -0.29907 -0.75317 -0.103271 0.39551 -0.162720 
0.299438 0.1343 -0.72632 -0.125610 0.48584 -0.186523 
0.271729 0.10498 -0.65186 -0.145508 0.56030 -0.198120 
0.244385 0.25635 -0.86914 -0.159668 0.60669 -0.196289 
0.227295 0.39551 -0.55664 -0.166992 0.61279 -0.185059 
0.223022 0.49072 -0.48218 -0.167114 0.58594 -0.170776 
0.223755 0.55542 -0.44067 -0.162964 0.53833 -0.157837 
0.223145 0.60425 -0.44189 -0.161255 0.47852 -0.145508 
0.219605 0.63354 -0.47852 -0.161255 0.42358 -0.132446 
0.215210 0.65308 -0.51270 -0.165405 0.37964 -0.118652 
0.208008 0.65918 -0.54565 -0.173828 0.35889 -0.104492 
0.195679 0.64575 -0.57251 -0.182739 0.35889 -0.88379 
0.182861 0.66895 -0.57495 -0.192139 0.36621 -0.68604 
0.171631 0.68237 -0.54565 -0.203735 0.40161 -0.78491 
0.161987 0.72266 -0.47119 -0.215942 0.46021 -0.54932 
0.151245 0.77148 -0.34912 -0.227173 0.53589 -0.23682 
0.139771 0.85327 -0.19653 -0.235107 0.61401 0.2075 
0.127808 0.92529 0.2319 -0.239746 0.67627 0.31738 
0.147583 0.98022 0.29541 -0.239014 0.72388 0.65186 
0.116333 0.100952 0.57129 -0.227051 0.76416 0.104004 
0.108276 0.98389 0.79468 -0.203857 0.79102 0.147217 
0.104248 0.119751 0.92896 -0.174316 0.80933 0.191406 
0.106445 0.88501 0.99121 -0.145508 0.82153 0.232788 
0.115112 0.70679 0.99731 -0.125122 0.84229 0.266724 
0.132690 0.50049 0.98022 -0.113525 0.85449 0.292236 
0.151245 0.27710 0.97656 -0.108276 0.84839 0.309448 
0.164429 0.12085 0.97656 -0.109497 0.80078 0.325073 
0.166992 0.4272 0.99243 -0.114624 0.68726 0.337524 
0.170288 0.366 0.104492 -0.119385 0.55908 0.352295 
0.160156 -0.4395 0.114136 -0.119385 0.33203 0.384277 
0.157227 -0.8423 0.125977 -0.117065 0.8179 0.419800 
0.167725 -0.19897 0.138794 -0.106812 0.22095 0.447754 
0.189819 -0.34424 0.147949 -0.92529 -0.9155 0.460571 
0.212036 -0.48096 0.155029 -0.71899 -0.17822 0.462158 
0.233276 -0.62012 0.157349 -0.46753 -0.22827 0.453735 
0.250855 -0.74463 0.154175 -0.20996 -0.25513 0.439453 
0.270630 -0.86670 0.146606 0.488 -0.27588 0.439453 
0.285767 -0.95459 0.140137 0.13428 -0.29907 0.419800 
0.291260 -0.97778 0.139282 0.20020 -0.36377 0.392944 
0.282715 -0.96924 0.142212 0.27344 -0.49683 0.363647 
0.282715 -0.95947 0.142578 0.41992 -0.67993 0.338013 
0.262573 -0.92896 0.143188 0.63721 -0.87769 0.320557 
0.238281 -0.89722 0.147583 0.86548 -0.106323 0.313110 
0.217529 -0.89722 0.152710 0.109131 -0.121826 0.314453 
0.203125 -0.90210 0.153198 0.133301 -0.134888 0.322022 
0.197632 -0.95825 0.146240 0.160156 -0.144775 0.333374 
0.201294 -0.106079 0.134766 0.184326 -0.153442 0.342407 
0.210938 -0.119263 0.134766 0.198608 -0.158813 0.346313 
0.222412 -0.133545 0.118530 0.204834 -0.157959 0.344482 
0.234009 -0.147339 0.102173 0.203491 -0.152344 0.336304 
0.246094 -0.157349 0.88501 0.203491 -0.143921 0.322266 
0.253418 -0.163940 0.81909 0.194702 -0.136963 0.304443 
0.256226 -0.168213 0.82642 0.182251 -0.135498 0.286377 
0.255859 -0.167603 0.87646 0.172363 -0.139648 0.268799 
0.248413 -0.168701 0.94971 0.171509 -0.139648 0.250610 
0.237671 -0.166016 0.105225 0.177856 -0.147827 0.265259 
0.229370 -0.164063 0.115845 0.190186 -0.158447 0.219360 
0.226929 -0.165283 0.121704 0.210571 -0.170654 0.219360 
0.230347 -0.171387 0.120972 0.237549 -0.184937 0.204956 
0.241089 -0.180908 0.110596 0.265259 -0.197632 0.187500 
0.221680 -0.196411 0.91675 0.290772 -0.204834 0.163452 
0.252930 -0.214722 0.63599 0.310791 -0.200806 0.130737 
0.265625 -0.228516 0.30151 0.323608 -0.178955 0.91064 
0.277100 -0.234497 0.2075 0.320190 -0.148926 0.47119 
0.279663 -0.235352 -0.14648 0.293335 -0.119507 0.4028 
0.272583 -0.235352 -0.18311 0.251587 -0.95703 -0.34180 
0.261841 -0.233643 -0.11230 0.208618 -0.80078 -0.64087 
0.252319 -0.226807 -0.29419 0.172485 -0.72510 -0.84595 
0.244995 -0.218750 0.1831 0.145264 -0.73120 -0.97290 
0.243896 -0.211182 0.16235 0.127563 -0.80200 -0.106079 
0.249146 -0.205688 0.27466 0.149414 -0.90942 -0.115845 
0.261841 -0.203247 0.34180 0.118164 -0.102417 -0.131226 
0.278320 -0.203247 0.35889 0.113037 -0.110352 -0.156372 
0.294434 -0.206177 0.34302 0.108765 -0.112915 -0.193604 
0.303467 -0.208374 0.31860 0.104736 -0.111694 -0.239502 
0.304321 -0.207520 0.31738 0.100830 -0.111694 -0.288940 
0.293457 -0.205811 0.33569 0.98755 -0.107178 -0.304688 
0.276245 -0.198120 0.35645 0.101196 -0.101196 -0.340210 
0.260132 -0.187866 0.35645 0.107056 -0.94360 -0.371460 
0.251343 -0.175537 0.29053 0.111816 -0.86426 -0.392822 
0.252197 -0.166748 0.17700 0.109741 -0.78125 -0.402222 
0.259888 -0.160034 0.5615 0.98999 -0.69946 -0.406860 
0.259888 -0.161743 -0.5981 0.81299 -0.61523 -0.412720 
0.266235 -0.159180 -0.13794 0.58960 -0.55176 -0.427002 
0.270264 -0.186890 -0.17212 0.33936 -0.48584 -0.447998 
0.264282 -0.144653 -0.14893 0.9888 -0.40649 -0.472168 
0.249512 -0.144653 -0.10254 -0.10376 -0.31616 -0.490967 
0.232788 -0.130859 -0.9399 -0.26611 -0.22827 -0.499390 
0.220093 -0.116699 -0.12207 -0.40894 -0.15625 -0.498779 
0.211426 -0.101318 -0.12207 -0.57007 -0.10498 -0.490356 
0.203003 -0.88989 -0.18677 -0.77515 -0.5615 -0.477295 
0.191040 -0.78003 -0.25024 -0.72021 0.488 -0.460815 
0.177856 -0.65430 -0.27344 -0.101807 0.7813 -0.439453 
0.161865 -0.54077 -0.24536 -0.133057 0.13550 -0.415527 
0.148926 -0.35522 -0.12573 -0.163330 0.15625 -0.386108 
0.145508 -0.17334 0.2808 -0.189209 0.12695 -0.353272 
0.149292 -0.3662 0.16357 -0.205444 0.12695 -0.321411 
0.157471 0.8179 0.26611 -0.213013 0.5249 -0.292236 
0.168457 0.16602 0.32471 -0.217285 -0.3906 -0.299194 
0.180176 0.23438 0.35767 -0.222656 -0.11475 -0.267944 
0.188477 0.27344 0.36011 -0.229736 -0.14404 -0.250488 
0.188843 0.32471 0.39307 -0.236816 -0.11719 -0.240112 
0.214844 0.40649 0.45776 -0.243042 -0.4150 -0.232666 
0.179810 0.47974 0.53589 -0.246704 0.6836 -0.223145 
0.179810 0.56030 0.62988 -0.247192 0.17578 -0.211914 
0.176147 0.33325 0.74219 -0.244995 0.24902 -0.198730 
