0.229004 0.108643 0.42480 -0.12695 -0.3784 0.854 
0.230469 0.107544 0.41504 -0.10010 -0.8545 0.2686 
0.231079 0.106689 0.40405 -0.7324 -0.11597 0.1831 
0.232056 0.106323 0.39673 -0.5249 -0.12451 -0.366 
0.232056 0.106445 0.39673 -0.3906 -0.10742 -0.2808 
0.232666 0.106934 0.40039 -0.2930 -0.7690 -0.5127 
0.232666 0.107788 0.40405 -0.2563 -0.3906 -0.6714 
0.232178 0.108154 0.41016 -0.2686 -0.977 -0.7446 
0.231812 0.108154 0.41382 -0.2319 0.488 -0.7324 
0.231567 0.108887 0.40894 -0.1709 0.610 -0.6470 
0.230957 0.109009 0.41016 -0.854 -0.366 -0.5371 
0.231567 0.109131 0.41016 0.1221 -0.2319 -0.4883 
0.232544 0.108765 0.41382 0.5005 -0.5737 -0.5615 
0.234863 0.108521 0.41626 0.11108 -0.11230 -0.7080 
0.236450 0.108032 0.41748 0.11108 -0.17334 -0.8179 
0.233154 0.108765 0.40405 0.18188 -0.23682 -0.6836 
0.234619 0.109985 0.39795 0.24902 -0.30396 -0.5859 
0.233643 0.111084 0.31860 0.29907 -0.3784 -0.6348 
0.234009 0.107666 0.16479 0.23804 -0.35034 -0.8423 
0.229370 0.105591 0.13428 0.4761 -0.32593 -0.6836 
0.229980 0.107422 0.14648 -0.7935 -0.27222 -0.5127 
0.230591 0.108032 0.13184 -0.10986 -0.22217 -0.5127 
0.229736 0.108154 0.11230 -0.13184 -0.15869 -0.5249 
0.230225 0.108521 0.9766 -0.16357 -0.9521 -0.5005 
0.231201 0.108765 0.8911 -0.18799 -0.4761 -0.5127 
0.231201 0.108887 0.8667 -0.20996 -0.366 -0.5737 
0.232910 0.109009 0.7935 -0.22461 0.4761 -0.7202 
0.235596 0.109497 0.5127 -0.22339 0.10986 -0.10254 
0.237549 0.108887 0.122 -0.22217 0.17944 -0.14526 
0.239868 0.108887 -0.5615 -0.23193 0.25635 -0.19287 
0.244629 0.106445 -0.11475 -0.25269 0.34180 -0.26001 
0.250488 0.103394 -0.16479 -0.27710 0.44189 -0.34912 
0.254028 0.100098 -0.16479 -0.32227 0.55664 -0.45288 
0.255981 0.98877 -0.20874 -0.40283 0.68115 -0.56152 
0.254028 0.97046 -0.21484 -0.50781 0.79956 -0.66895 
0.249023 0.97534 -0.18677 -0.60547 0.90088 -0.75439 
0.242798 0.98511 -0.14771 -0.60547 0.97656 -0.82397 
0.234985 0.99609 -0.11597 -0.69092 0.102051 -0.86914 
0.228027 0.100708 -0.8789 -0.78247 0.102783 -0.89233 
0.222046 0.101196 -0.6958 -0.89600 0.102783 -0.89844 
0.217163 0.100586 -0.5737 -0.103027 0.98267 -0.88989 
0.212769 0.99365 -0.5371 -0.119873 0.87524 -0.87036 
0.206665 0.98877 -0.3418 -0.139893 0.72144 -0.87036 
0.199585 0.98877 0.122 -0.162354 0.55054 -0.83008 
0.192749 0.100342 0.6836 -0.185669 0.38452 -0.76782 
0.216553 0.100952 0.17700 -0.210815 0.22095 -0.68481 
0.179932 0.104858 0.28809 -0.234131 0.5249 -0.57251 
0.179932 0.109253 0.44189 -0.255249 -0.12695 -0.42480 
0.176758 0.110352 0.60547 -0.272339 -0.27710 -0.26733 
0.169800 0.112061 0.73120 -0.278687 -0.38940 -0.9277 
0.160400 0.112061 0.80566 -0.280151 -0.48096 0.14038 
0.151367 0.114258 0.85449 -0.282471 -0.57007 0.43579 
0.143188 0.117310 0.64087 -0.287231 -0.69214 0.78613 
0.137451 0.119629 0.95337 -0.290649 -0.83496 0.117554 
0.131470 0.118286 0.107422 -0.283569 -0.95581 0.158203 
0.127686 0.113647 0.113159 -0.299438 -0.103516 0.198486 
0.123291 0.103760 0.111206 -0.253662 -0.106201 0.238647 
0.121094 0.90210 0.111572 -0.253662 -0.102417 0.280884 
0.126953 0.70679 0.116211 -0.244507 -0.121948 0.321777 
0.139404 0.51880 0.123291 -0.234253 -0.74585 0.357422 
0.160400 0.33691 0.126709 -0.221069 -0.74585 0.381104 
0.181641 0.16968 0.124756 -0.206177 -0.59326 0.392578 
0.198853 0.3662 0.125244 -0.194824 -0.50293 0.396606 
0.208252 -0.8301 0.129761 -0.189819 -0.46021 0.396606 
0.208984 -0.18555 0.134644 -0.184326 -0.45166 0.397339 
0.204590 -0.24902 0.140625 -0.175415 -0.46997 0.399170 
0.198242 -0.30518 0.145264 -0.165039 -0.50171 0.404541 
0.192383 -0.34180 0.151855 -0.152344 -0.52856 0.412354 
0.192383 -0.39429 0.157227 -0.138916 -0.54932 0.424316 
0.187622 -0.52856 0.157593 -0.122314 -0.57251 0.437500 
0.181763 -0.37476 0.153809 -0.99487 -0.59814 0.448608 
0.179321 -0.68726 0.148804 -0.74829 -0.61523 0.457886 
0.181152 -0.82153 0.144043 -0.54199 -0.63110 0.465088 
0.184937 -0.94849 0.140015 -0.37231 -0.67383 0.468628 
0.183472 -0.107422 0.140015 -0.22583 -0.75684 0.470947 
0.177246 -0.116821 0.138916 -0.10864 -0.87402 0.476196 
0.170776 -0.124634 0.142456 -0.30640 -0.101440 0.483154 
0.165771 -0.133301 0.150635 0.16357 -0.113770 0.490356 
0.184204 -0.138916 0.165649 0.16357 -0.117065 0.492188 
0.197632 -0.161133 0.171509 0.46631 -0.122314 0.478027 
0.217896 -0.167114 0.177734 0.84717 -0.120972 0.462647 
0.240234 -0.175415 0.178467 0.116943 -0.120972 0.439819 
0.256348 -0.183594 0.177856 0.148438 -0.114136 0.411255 
0.267334 -0.189697 0.176147 0.175781 -0.107544 0.410522 
0.267334 -0.195313 0.174927 0.198730 -0.103882 0.376831 
0.260742 -0.197998 0.173218 0.220825 -0.104736 0.345581 
0.247803 -0.201050 0.170898 0.245728 -0.110718 0.314087 
0.233765 -0.203491 0.166138 0.272339 -0.121948 0.286499 
0.221069 -0.206055 0.159546 0.298340 -0.135864 0.262817 
0.221069 -0.208496 0.151611 0.321289 -0.150024 0.242676 
0.211426 -0.209961 0.143555 0.339111 -0.162842 0.227417 
0.205933 -0.210693 0.136230 0.349487 -0.175903 0.215576 
0.204224 -0.210693 0.129517 0.353516 -0.188355 0.204468 
0.203857 -0.210693 0.123291 0.353516 -0.199829 0.192139 
0.201172 -0.211670 0.114258 0.352295 -0.210083 0.178223 
0.198853 -0.213379 0.103638 0.350586 -0.217529 0.162842 
0.199219 -0.215698 0.103638 0.346802 -0.220581 0.145142 
0.204956 -0.217773 0.90088 0.371704 -0.217529 0.123779 
0.212402 -0.217407 0.77637 0.328735 -0.211304 0.98755 
0.216431 -0.217407 0.67383 0.328735 -0.204224 0.71655 
0.217651 -0.216919 0.59082 0.312256 -0.198242 0.44434 
0.217896 -0.215210 0.54443 0.292725 -0.194946 0.17700 
0.217896 -0.211182 0.53345 0.270630 -0.194946 -0.8179 
0.221313 -0.206299 0.56396 0.246582 -0.195679 -0.32715 
0.227173 -0.202026 0.60669 0.223389 -0.200562 -0.57129 
0.234131 -0.198364 0.63843 0.207275 -0.206299 -0.50293 
0.240723 -0.194458 0.64331 0.198730 -0.210693 -0.81543 
0.245117 -0.190674 0.62012 0.193604 -0.212891 -0.105469 
0.245728 -0.185791 0.58350 0.188965 -0.211060 -0.129150 
0.245483 -0.179932 0.54932 0.182495 -0.205566 -0.152710 
0.245483 -0.173584 0.51147 0.172607 -0.197754 -0.175537 
0.245850 -0.167480 0.47485 0.161377 -0.186401 -0.197021 
0.245483 -0.160645 0.45044 0.149048 -0.172241 -0.218018 
0.244995 -0.160645 0.43823 0.134888 -0.156860 -0.236816 
0.247803 -0.152344 0.42603 0.119263 -0.141357 -0.253052 
0.252930 -0.145142 0.41260 0.104248 -0.125610 -0.269775 
0.256348 -0.140015 0.38696 0.91187 -0.109985 -0.288452 
0.258301 -0.135376 0.38696 0.79102 -0.96558 -0.308472 
0.259277 -0.129761 0.36011 0.64453 -0.88257 -0.328735 
0.258423 -0.121460 0.35522 0.78857 -0.83862 -0.346436 
0.252319 -0.113403 0.36621 0.47607 -0.81665 -0.360474 
0.241821 -0.105225 0.38330 0.33447 -0.81421 -0.369263 
0.231812 -0.96680 0.38940 0.24658 -0.83130 -0.372192 
0.229492 -0.87646 0.37964 0.18433 -0.86060 -0.372192 
0.235352 -0.78003 0.36621 0.10376 -0.86060 -0.373047 
0.242065 -0.72266 0.33081 0.00 -0.88379 -0.347046 
0.244751 -0.66772 0.29907 -0.8911 -0.89111 -0.387695 
0.242432 -0.60303 0.27344 -0.16968 -0.89111 -0.387695 
0.235352 -0.53345 0.24658 -0.24414 -0.86426 -0.396606 
0.223999 -0.44189 0.22339 -0.31372 -0.80688 -0.403076 
0.240723 -0.33447 0.21362 -0.38818 -0.72144 -0.405640 
0.209473 -0.20508 0.22217 -0.46387 -0.60913 -0.402344 
0.199341 -0.9155 0.23926 -0.53345 -0.48462 -0.392700 
0.196167 -0.366 0.24536 -0.60059 -0.36621 -0.378906 
0.205566 -0.25879 0.22583 -0.67505 -0.23438 -0.367432 
0.218628 0.5371 0.19165 -0.74829 -0.9033 -0.363892 
0.224121 0.9033 0.14648 -0.82886 0.6470 -0.366699 
0.221313 0.14038 0.10498 -0.94727 0.23071 -0.371094 
0.209106 0.20264 0.10498 -0.112061 0.37720 -0.375122 
0.190918 0.30151 0.11719 -0.133301 0.46387 -0.373657 
0.174561 0.40039 0.18066 -0.152832 0.50049 -0.364014 
0.165161 0.51636 0.29297 -0.152832 0.49438 -0.347412 
0.165527 0.60547 0.42114 -0.166748 0.45776 -0.329346 
0.171631 0.68726 0.53589 -0.174072 0.41138 -0.313843 
0.175781 0.75439 0.62500 -0.177002 0.37842 -0.301636 
0.177368 0.80688 0.69214 -0.176147 0.37842 -0.291504 
0.174561 0.86792 0.72754 -0.173462 0.36621 -0.282105 
0.163696 0.96069 0.76294 -0.170410 0.37964 -0.301514 
0.151123 0.105469 0.83374 -0.169312 0.38574 -0.270264 
0.144531 0.115845 0.91797 -0.170654 0.37109 -0.251587 
