0.223755 0.112671 0.43579 -0.8179 0.1587 0.14893 
0.228027 0.111084 0.45898 -0.8179 0.1465 0.10864 
0.228027 0.110229 0.48218 -0.4028 0.1099 0.6226 
0.232056 0.109741 0.49316 0.3174 -0.122 -0.122 
0.233643 0.109741 0.48706 0.8667 -0.1709 -0.5493 
0.233154 0.109741 0.48340 0.10620 -0.3296 -0.8667 
0.233765 0.109375 0.46997 0.11475 -0.4639 -0.10254 
0.233032 0.108643 0.46143 0.10986 -0.4639 -0.9766 
0.232910 0.108765 0.46143 0.10132 -0.4395 -0.8301 
0.232422 0.109009 0.45166 0.8789 -0.4517 -0.6470 
0.230835 0.109253 0.43335 0.6226 -0.5615 -0.4028 
0.229980 0.109741 0.42236 0.4272 -0.8057 -0.1831 
0.229004 0.109741 0.41382 0.4272 -0.12573 -0.488 
0.228516 0.110596 0.40771 0.3784 -0.19287 -0.488 
0.228271 0.110962 0.40039 0.5859 -0.26733 -0.1587 
0.227539 0.110962 0.38574 0.9521 -0.26733 -0.2563 
0.225830 0.110474 0.36621 0.13428 -0.32837 -0.2563 
0.226318 0.110596 0.36377 0.16479 -0.36377 -0.1587 
0.225830 0.110840 0.36621 0.20508 -0.35645 -0.977 
0.226563 0.110962 0.33569 0.24292 -0.32349 -0.977 
0.227417 0.109985 0.26245 0.22705 -0.26611 -0.1221 
0.224731 0.108887 0.13428 0.10376 -0.16113 -0.610 
0.224854 0.109009 0.16846 -0.13672 -0.4517 0.2075 
0.224854 0.110229 0.25391 -0.24414 0.1587 0.4395 
0.225464 0.111816 0.28076 -0.20874 0.2197 0.6226 
0.226563 0.111694 0.28076 -0.17334 -0.244 0.7080 
0.229492 0.111694 0.27344 -0.15137 -0.4150 0.6226 
0.233398 0.110352 0.25513 -0.13672 -0.7813 0.5127 
0.236572 0.108643 0.23560 -0.14404 -0.10254 0.4272 
0.239258 0.107422 0.22095 -0.16235 -0.11230 0.3296 
0.241333 0.106567 0.22095 -0.17578 -0.11353 0.1343 
0.241577 0.106323 0.20508 -0.18799 -0.11230 -0.977 
0.241821 0.106567 0.18921 -0.20508 -0.11108 -0.3052 
0.243286 0.106323 0.16846 -0.20508 -0.10376 -0.5371 
0.245972 0.104858 0.14404 -0.22339 -0.8301 -0.8423 
0.249512 0.102905 0.9155 -0.24292 -0.5615 -0.13062 
0.250244 0.100464 0.977 -0.26367 -0.5615 -0.19043 
0.248535 0.98877 -0.6958 -0.31494 -0.3784 -0.24780 
0.245361 0.98633 -0.11475 -0.41382 -0.2197 -0.29785 
0.240234 0.100098 -0.12207 -0.53345 -0.977 -0.2197 
0.233276 0.101318 -0.12329 -0.63721 -0.854 -0.33447 
0.225708 0.100952 -0.17822 -0.71289 -0.488 -0.34912 
0.248657 0.99487 -0.25879 -0.79834 0.366 -0.34058 
0.211182 0.98022 -0.30640 -0.95459 0.2563 -0.29907 
0.211182 0.95581 -0.28931 -0.116211 0.7080 -0.23315 
0.205200 0.97656 -0.23193 -0.136719 0.11719 -0.15625 
0.199219 0.98633 -0.18188 -0.155640 0.14771 -0.4883 
0.192261 0.98633 -0.15137 -0.174805 0.14404 0.8423 
0.185913 0.98389 -0.4639 -0.198242 0.10742 0.24780 
0.184326 0.98389 -0.19653 -0.222656 0.7080 0.42725 
0.183716 0.97168 0.27344 -0.238892 0.1221 0.61523 
0.183105 0.97412 0.27344 -0.250855 -0.9155 0.83862 
0.182983 0.99731 0.41992 -0.262085 -0.24414 0.109131 
0.182739 0.103271 0.57129 -0.268066 -0.42603 0.134644 
0.176636 0.105225 0.67383 -0.268066 -0.61279 0.161255 
0.161133 0.104980 0.69580 -0.264282 -0.77637 0.193604 
0.146240 0.105225 0.69336 -0.256714 -0.89233 0.231567 
0.131226 0.100708 0.72632 -0.251587 -0.63232 0.273682 
0.121704 0.92163 0.83496 -0.245239 -0.94482 0.318604 
0.120117 0.76660 0.92285 -0.233643 -0.93140 0.330322 
0.125122 0.54443 0.94360 -0.215454 -0.87402 0.369263 
0.135010 0.28931 0.90820 -0.194824 -0.77393 0.400513 
0.154053 0.6958 0.91309 -0.181152 -0.63721 0.432983 
0.184937 -0.17700 0.99121 -0.176270 -0.49072 0.459106 
0.186157 -0.38940 0.104980 -0.170044 -0.36499 0.473267 
0.217407 -0.55054 0.104248 -0.157593 -0.27100 0.473633 
0.236816 -0.63232 0.104492 -0.144165 -0.24902 0.464355 
0.238525 -0.65430 0.110474 -0.136719 -0.30029 0.456421 
0.237793 -0.67017 0.118652 -0.131592 -0.39063 0.452148 
0.234619 -0.67017 0.125000 -0.118896 -0.51270 0.447632 
0.225098 -0.73120 0.125977 -0.95093 -0.61157 0.445068 
0.217041 -0.83496 0.126099 -0.65796 -0.66162 0.443115 
0.212646 -0.95703 0.126099 -0.36621 -0.67139 0.441284 
0.212891 -0.109741 0.126465 -0.8789 -0.65918 0.439697 
0.218384 -0.123047 0.124756 -0.13428 -0.62744 0.436890 
0.226685 -0.135254 0.123291 0.17822 -0.57251 0.429565 
0.234009 -0.143555 0.125488 0.42603 -0.50903 0.419189 
0.240967 -0.148071 0.130005 0.66772 -0.44678 0.407593 
0.253418 -0.148193 0.130981 0.92041 -0.38330 0.391724 
0.239136 -0.161255 0.125732 0.119995 -0.38330 0.371582 
0.224731 -0.162598 0.120117 0.141357 -0.38940 0.361816 
0.217163 -0.164551 0.115723 0.154541 -0.40771 0.354126 
0.214111 -0.169678 0.117310 0.166138 -0.44922 0.354126 
0.216064 -0.179810 0.119751 0.180542 -0.51147 0.344605 
0.222290 -0.187256 0.119751 0.199829 -0.56763 0.334106 
0.225464 -0.192749 0.115601 0.219727 -0.61157 0.322144 
0.225464 -0.195557 0.111816 0.235352 -0.65063 0.307251 
0.221924 -0.198608 0.109741 0.245361 -0.67261 0.292114 
0.217773 -0.198608 0.109497 0.253784 -0.67871 0.276855 
0.215698 -0.198730 0.112305 0.261597 -0.71289 0.262207 
0.214478 -0.198730 0.117920 0.269531 -0.80933 0.248413 
0.213989 -0.199341 0.124512 0.278931 -0.96436 0.234375 
0.217651 -0.201050 0.97900 0.289673 -0.116455 0.217896 
0.225830 -0.203125 0.129150 0.303467 -0.136719 0.196167 
0.229126 -0.210205 0.129150 0.321899 -0.151245 0.167847 
0.229858 -0.217041 0.120361 0.342407 -0.155029 0.134888 
0.227661 -0.220703 0.105347 0.323486 -0.152100 0.102051 
0.222778 -0.222168 0.89233 0.354736 -0.148682 0.73853 
0.219605 -0.221924 0.74829 0.354858 -0.146729 0.50171 
0.221680 -0.219238 0.65308 0.344482 -0.145264 0.29297 
0.228516 -0.215942 0.60669 0.325073 -0.145264 0.8789 
0.237671 -0.209839 0.60059 0.300171 -0.144531 -0.12329 
0.244019 -0.206543 0.60913 0.275147 -0.145874 -0.5493 
0.249146 -0.203003 0.61890 0.252075 -0.151245 -0.36743 
0.252075 -0.201660 0.62500 0.230957 -0.159180 -0.65308 
0.252808 -0.198364 0.62500 0.211792 -0.167358 -0.100464 
0.251953 -0.194580 0.62988 0.194824 -0.173218 -0.138306 
0.279541 -0.189087 0.63354 0.180664 -0.174683 -0.175659 
0.248291 -0.181641 0.64331 0.170044 -0.171509 -0.209839 
0.242798 -0.174194 0.65552 0.160889 -0.166016 -0.237549 
0.241211 -0.168213 0.65308 0.152100 -0.158936 -0.258911 
0.248047 -0.168213 0.61401 0.143555 -0.149658 -0.278320 
0.258179 -0.162109 0.55664 0.134277 -0.138550 -0.299683 
0.265259 -0.159058 0.46997 0.120483 -0.126465 -0.325073 
0.264404 -0.157105 0.46997 0.102173 -0.114014 -0.354126 
0.257080 -0.149292 0.42114 0.79346 -0.104858 -0.381226 
0.246216 -0.138672 0.41504 0.86060 -0.102417 -0.401489 
0.236572 -0.125977 0.45166 0.32593 -0.106934 -0.414063 
0.228760 -0.114136 0.51147 0.32593 -0.115356 -0.417603 
0.228638 -0.101074 0.56274 0.18555 -0.94971 -0.414429 
0.233643 -0.89844 0.55176 0.13062 -0.137329 -0.412109 
0.238037 -0.86548 0.48706 0.12329 -0.137329 -0.416626 
0.238647 -0.82764 0.40161 0.9766 -0.145020 -0.424194 
0.237061 -0.77637 0.32959 0.1099 -0.147095 -0.431397 
0.234131 -0.69092 0.29663 -0.13794 -0.143433 -0.431397 
0.230713 -0.60425 0.28442 -0.29175 -0.136230 -0.435913 
0.228149 -0.51636 0.27954 -0.40649 -0.126099 -0.438477 
0.224854 -0.39917 0.26855 -0.49194 -0.112061 -0.437988 
0.249512 -0.28076 0.20996 -0.55420 -0.94238 -0.434204 
0.218262 -0.17212 0.13184 -0.61890 -0.74341 -0.427979 
0.207764 -0.11230 0.5737 -0.72388 -0.53345 -0.418091 
0.198364 -0.4517 0.1343 -0.89355 -0.31250 -0.405640 
0.191650 -0.4517 0.2441 -0.113281 -0.10620 -0.391968 
0.189697 0.2930 0.9521 -0.139771 0.5981 -0.379028 
0.189575 0.12329 0.18921 -0.163574 0.18188 -0.366699 
0.191528 0.22217 0.27222 -0.180176 0.26367 -0.356201 
0.188110 0.32227 0.27222 -0.189697 0.30029 -0.346191 
0.178955 0.44067 0.34546 -0.196899 0.30518 -0.331787 
0.169678 0.55908 0.43701 -0.204102 0.30029 -0.311401 
0.164185 0.66406 0.54932 -0.204102 0.28564 -0.288696 
0.160889 0.77148 0.68848 -0.208252 0.25269 -0.265503 
0.158813 0.87769 0.83862 -0.206299 0.21729 -0.242310 
0.158203 0.96680 0.96924 -0.197632 0.21729 -0.219238 
0.159180 0.104980 0.106445 -0.183960 0.18677 -0.197876 
0.159546 0.112305 0.113647 -0.167480 0.16357 -0.208252 
0.162720 0.117676 0.116821 -0.150391 0.13794 -0.157593 
0.165771 0.121216 0.117920 -0.133301 0.10742 -0.157593 
0.168945 0.123413 0.119507 -0.118408 0.7324 -0.140503 
0.174561 0.123901 0.122070 -0.106323 0.4028 -0.124634 
0.180420 0.123535 0.124146 -0.94116 0.1709 -0.111694 
