0.234253 0.94971 0.35400 -0.2930 -0.4272 -0.1221 
0.234253 0.94727 0.36621 0.1221 -0.2686 -0.2197 
0.235718 0.94971 0.37109 0.4395 -0.1465 -0.4272 
0.235596 0.95825 0.35889 0.5005 0.244 -0.5249 
0.233398 0.96313 0.36377 0.1221 0.2930 -0.4272 
0.234131 0.96313 0.37354 -0.2686 0.5615 -0.3174 
0.234741 0.96313 0.37476 -0.4272 0.8301 -0.2563 
0.234497 0.96313 0.37476 -0.5371 0.10376 -0.2563 
0.234497 0.96313 0.37476 -0.5981 0.10986 -0.2686 
0.234619 0.95703 0.37354 -0.5493 0.9644 -0.2930 
0.234253 0.95215 0.37720 -0.3784 0.6592 -0.2930 
0.235474 0.94482 0.38696 -0.610 0.2441 -0.3174 
0.236694 0.93628 0.39307 -0.610 -0.2441 -0.3662 
0.239624 0.92896 0.39063 0.3174 -0.6836 -0.5249 
0.242432 0.92651 0.36743 0.6104 -0.9888 -0.7080 
0.240845 0.93140 0.34668 0.4883 -0.9888 -0.7813 
0.241577 0.94727 0.36133 0.2075 -0.11230 -0.9766 
0.242798 0.96069 0.36743 0.2808 -0.11841 -0.12573 
0.242554 0.97046 0.34302 0.4883 -0.9766 -0.12573 
0.241577 0.97900 0.37231 0.5981 -0.6592 -0.14648 
0.238525 0.99243 0.34668 0.10864 -0.4517 -0.15991 
0.236084 0.100098 0.27588 0.11230 -0.2197 -0.14160 
0.233887 0.98633 0.19653 0.4395 0.1221 -0.8545 
0.233887 0.95581 0.16113 -0.5981 0.4639 -0.3052 
0.239746 0.123657 0.12817 -0.11230 0.7813 -0.2075 
0.247437 0.90088 0.7690 -0.13306 0.11597 -0.5737 
0.251099 0.90088 0.2441 -0.17090 0.14893 -0.12085 
0.249634 0.88989 -0.1709 -0.22705 0.17334 -0.17578 
0.247192 0.89111 -0.4517 -0.29907 0.20142 -0.20752 
0.247070 0.87402 -0.4517 -0.37109 0.23926 -0.23926 
0.248779 0.86304 -0.7324 -0.43091 0.27954 -0.28076 
0.248901 0.85815 -0.11108 -0.49438 0.32227 -0.33325 
0.248169 0.85571 -0.15259 -0.57495 0.37964 -0.38696 
0.247070 0.85205 -0.18188 -0.57495 0.45288 -0.44189 
0.244263 0.84717 -0.23438 -0.66284 0.54199 -0.49561 
0.239868 0.84351 -0.28320 -0.75073 0.61035 -0.54443 
0.232544 0.84106 -0.32104 -0.88501 0.61035 -0.56763 
0.226563 0.84839 -0.33569 -0.105225 0.64697 -0.57495 
0.221680 0.84229 -0.32959 -0.124756 0.64209 -0.57739 
0.217407 0.82886 -0.31128 -0.144531 0.60791 -0.57739 
0.213745 0.81055 -0.25024 -0.163940 0.56641 -0.57983 
0.210205 0.82031 -0.14282 -0.182617 0.54810 -0.58105 
0.205078 0.84717 -0.610 -0.198364 0.55786 -0.57129 
0.197144 0.86182 0.11597 -0.211792 0.57129 -0.54321 
0.197144 0.87036 0.21851 -0.225342 0.54688 -0.48462 
0.186768 0.86792 0.29663 -0.242798 0.43945 -0.36011 
0.178223 0.84595 0.40894 -0.266480 0.22461 -0.16479 
0.174561 0.84595 0.57373 -0.293701 -0.7568 0.7324 
0.176636 0.81421 0.80322 -0.315308 -0.36743 0.32227 
0.177124 0.82153 0.76904 -0.323120 -0.56396 0.56152 
0.168213 0.89722 0.100586 -0.314453 -0.67139 0.82642 
0.151001 0.99609 0.131836 -0.292969 -0.70435 0.116577 
0.130371 0.106567 0.140625 -0.297730 -0.68848 0.160400 
0.113525 0.106079 0.133179 -0.281006 -0.68726 0.212402 
0.104858 0.94971 0.120483 -0.249756 -0.72876 0.267090 
0.101685 0.75562 0.111938 -0.247925 -0.83008 0.322144 
0.114746 0.48950 0.114136 -0.253784 -0.63843 0.372314 
0.146729 0.19775 0.120605 -0.258545 -0.95093 0.402588 
0.175537 -0.5005 0.127319 -0.251343 -0.103760 0.413086 
0.194702 -0.23315 0.133545 -0.234131 -0.107056 0.414063 
0.202148 -0.36011 0.138916 -0.214478 -0.102295 0.415405 
0.202759 -0.40405 0.142944 -0.196045 -0.91553 0.415405 
0.199097 -0.44800 0.141724 -0.181274 -0.82275 0.422607 
0.189819 -0.52368 0.136108 -0.165161 -0.76416 0.434814 
0.214355 -0.57251 0.135620 -0.149780 -0.72754 0.450562 
0.183105 -0.65674 0.138672 -0.136963 -0.69702 0.469482 
0.179810 -0.78979 0.142090 -0.118896 -0.68481 0.488892 
0.176636 -0.65796 0.141480 -0.93994 -0.71167 0.505249 
0.176880 -0.97046 0.139893 -0.65308 -0.75195 0.515015 
0.182373 -0.117065 0.140381 -0.38574 -0.78369 0.518311 
0.198608 -0.133545 0.145874 -0.14526 -0.79712 0.513916 
0.224854 -0.143433 0.146118 0.13550 -0.78613 0.500610 
0.238892 -0.162476 0.146118 0.47241 -0.80811 0.476074 
0.242310 -0.170288 0.145386 0.43213 -0.83252 0.453980 
0.240723 -0.176270 0.138672 0.64331 -0.83130 0.434448 
0.232300 -0.178833 0.133301 0.95581 -0.83496 0.417603 
0.222900 -0.179321 0.131592 0.111938 -0.86792 0.404053 
0.214966 -0.182495 0.131226 0.127930 -0.91797 0.392334 
0.209717 -0.186279 0.132080 0.147095 -0.91797 0.383789 
0.216187 -0.189331 0.134766 0.166870 -0.98145 0.374878 
0.228638 -0.194092 0.139404 0.184692 -0.105347 0.358521 
0.235718 -0.201538 0.144287 0.203857 -0.114380 0.367188 
0.234619 -0.208130 0.143921 0.230835 -0.121460 0.335938 
0.227417 -0.211304 0.139038 0.261841 -0.125610 0.310669 
0.247559 -0.214600 0.131714 0.287964 -0.129272 0.286255 
0.207520 -0.219605 0.123413 0.308716 -0.132935 0.264404 
0.207520 -0.223267 0.115723 0.326050 -0.136597 0.244019 
0.203980 -0.226196 0.108521 0.338013 -0.142090 0.224731 
0.204712 -0.227539 0.102783 0.343872 -0.151855 0.205444 
0.206299 -0.227539 0.100098 0.345337 -0.165649 0.184326 
0.207275 -0.228882 0.98267 0.344360 -0.182373 0.161987 
0.209961 -0.229370 0.95825 0.343994 -0.199585 0.138184 
0.211670 -0.228394 0.122070 0.343018 -0.215698 0.113159 
0.211548 -0.227905 0.90820 0.339600 -0.227539 0.86914 
0.214233 -0.226440 0.85327 0.330933 -0.233887 0.59814 
0.218018 -0.223633 0.80566 0.318481 -0.237183 0.32837 
0.223145 -0.219605 0.77759 0.318481 -0.236694 0.5859 
0.229736 -0.215820 0.76416 0.305054 -0.231812 -0.21973 
0.234619 -0.214233 0.74829 0.292969 -0.222778 -0.51636 
0.236694 -0.211914 0.72754 0.282715 -0.241699 -0.81543 
0.238525 -0.209595 0.69336 0.271606 -0.210449 -0.111816 
0.239136 -0.205322 0.65063 0.258789 -0.196167 -0.111328 
0.236206 -0.199951 0.61401 0.244385 -0.182129 -0.138916 
0.226929 -0.192749 0.59082 0.230591 -0.168945 -0.170166 
0.215210 -0.183105 0.58472 0.217163 -0.157227 -0.191406 
0.208984 -0.171021 0.57739 0.203369 -0.147583 -0.203735 
0.212158 -0.160400 0.56152 0.188843 -0.140625 -0.208862 
0.212158 -0.152466 0.52002 0.173340 -0.136719 -0.212036 
0.223145 -0.150146 0.44434 0.156128 -0.132568 -0.218384 
0.236694 -0.152344 0.31982 0.137573 -0.124390 -0.231201 
0.249512 -0.151978 0.21240 0.117065 -0.112671 -0.253418 
0.258911 -0.151978 0.16479 0.91797 -0.101929 -0.283569 
0.261719 -0.147095 0.19165 0.63232 -0.94604 -0.314697 
0.257080 -0.139404 0.27100 0.36987 -0.91675 -0.341431 
0.250610 -0.130737 0.27100 0.16968 -0.92773 -0.360962 
0.245117 -0.120239 0.36865 0.4761 -0.95947 -0.373535 
0.238647 -0.109863 0.45654 0.29907 -0.99976 -0.381104 
0.229614 -0.100220 0.51025 -0.1343 -0.102417 -0.385010 
0.218750 -0.89478 0.54810 -0.3540 -0.102173 -0.384522 
0.212524 -0.77515 0.58960 -0.6226 -0.98389 -0.380127 
0.215332 -0.68237 0.60913 -0.11108 -0.123169 -0.377808 
0.219360 -0.59204 0.61646 -0.16846 -0.91919 -0.380737 
0.221191 -0.50293 0.61646 -0.22583 -0.83374 -0.385376 
0.220337 -0.41504 0.62012 -0.28442 -0.71655 -0.389038 
0.220337 -0.33569 0.62622 -0.35034 -0.58350 -0.389038 
0.217285 -0.25146 0.62866 -0.41016 -0.44678 -0.391480 
0.212280 -0.15625 0.62744 -0.45654 -0.32959 -0.392090 
0.210205 -0.6470 0.60791 -0.49805 -0.22339 -0.388184 
0.210205 -0.366 0.54932 -0.52368 -0.12573 -0.380981 
0.210815 0.4150 0.48340 -0.55298 -0.2930 -0.373901 
0.213867 0.7690 0.41626 -0.64453 0.5981 -0.367310 
0.220581 0.7813 0.35400 -0.78491 0.13916 -0.363525 
0.221313 0.7813 0.34058 -0.95215 0.20020 -0.364868 
0.212891 0.13306 0.38696 -0.114990 0.24536 -0.364746 
0.200928 0.21729 0.46997 -0.133423 0.27710 -0.359009 
0.187134 0.32715 0.46997 -0.145264 0.28687 -0.347534 
0.173462 0.45898 0.56030 -0.150024 0.27832 -0.330200 
0.163818 0.58960 0.66284 -0.152832 0.25635 -0.307861 
0.162231 0.69580 0.76904 -0.152344 0.25024 -0.284668 
0.169312 0.76660 0.85693 -0.152344 0.26367 -0.265991 
0.180054 0.80200 0.89966 -0.147461 0.29785 -0.254028 
0.188599 0.81543 0.87769 -0.140259 0.3906 -0.248291 
0.187744 0.83740 0.83008 -0.135742 0.35156 -0.245483 
0.175293 0.90698 0.82275 -0.138062 0.40283 -0.237793 
0.157349 0.101074 0.88989 -0.145630 0.42480 -0.221191 
0.144653 0.112671 0.100708 -0.152466 0.39795 -0.221191 
0.140259 0.122070 0.113647 -0.153076 0.31494 -0.197876 
0.142456 0.127686 0.125854 -0.145874 0.19409 -0.173096 
0.150391 0.129761 0.135620 -0.133545 0.7446 -0.150635 
0.129761 0.129150 0.141602 -0.118042 -0.366 -0.132080 
