0.227661 0.101196 0.31494 -0.9766 0.2808 0.5737 
0.226685 0.101929 0.31494 -0.12085 -0.366 0.6104 
0.228027 0.103027 0.32715 -0.11841 -0.3540 0.7568 
0.230225 0.102417 0.33203 -0.8911 -0.5859 0.6958 
0.231934 0.102173 0.33325 -0.8911 -0.5981 0.5371 
0.233032 0.101929 0.33081 -0.5127 -0.3052 0.3784 
0.234131 0.101196 0.33325 -0.2441 -0.29175 0.2441 
0.234863 0.100342 0.34302 -0.610 0.6104 0.732 
0.236572 0.99609 0.36499 0.1709 0.6104 -0.1709 
0.238037 0.99243 0.38940 0.6104 0.6592 -0.4272 
0.238892 0.98877 0.40039 0.11108 0.3174 -0.6348 
0.239502 0.98877 0.40283 0.15503 -0.1831 -0.6348 
0.240601 0.98389 0.40039 0.19165 -0.6836 -0.7690 
0.241821 0.98145 0.39307 0.22827 -0.9766 -0.8911 
0.241821 0.98267 0.36987 0.25635 -0.10742 -0.9399 
0.240601 0.98633 0.32227 0.26733 -0.11230 -0.10864 
0.240601 0.98999 0.26733 0.23560 -0.10986 -0.11841 
0.238403 0.98633 0.13794 0.14160 -0.11353 -0.12085 
0.239502 0.99121 0.19897 -0.6104 -0.10742 -0.10376 
0.231079 0.99121 0.23071 -0.13184 -0.9644 -0.4761 
0.229980 0.101807 0.21851 -0.10620 -0.10010 -0.610 
0.228638 0.102539 0.20874 -0.9277 -0.7935 0.1587 
0.227539 0.102661 0.20874 -0.8179 -0.5005 0.2563 
0.227173 0.102661 0.20630 -0.7568 -0.2563 0.3296 
0.230835 0.102173 0.21118 -0.8667 -0.1465 0.3540 
0.233521 0.100830 0.22339 -0.9277 -0.1465 0.3784 
0.236206 0.100464 0.23193 -0.9277 -0.3540 0.3784 
0.237061 0.100708 0.24292 -0.9277 -0.6348 0.4639 
0.235596 0.101318 0.26001 -0.9277 -0.8911 0.7813 
0.232056 0.102539 0.29785 -0.8667 -0.8911 0.15137 
0.227173 0.105103 0.36255 -0.7568 -0.11597 0.27222 
0.224854 0.107544 0.41382 -0.4639 -0.15381 0.9766 
0.227783 0.107300 0.43213 0.610 -0.20508 0.41016 
0.232056 0.105225 0.41748 0.6226 -0.25513 0.52612 
0.242188 0.99854 0.34180 0.11963 -0.29419 0.61523 
0.242554 0.93018 0.24292 0.16968 -0.30396 0.67749 
0.244629 0.86670 0.11230 0.17090 -0.28809 0.66040 
0.244629 0.80322 -0.2075 0.13062 -0.24170 0.61890 
0.250000 0.78857 -0.9766 0.4150 -0.18433 0.54810 
0.254272 0.78979 -0.13672 -0.7324 -0.11719 0.44189 
0.252197 0.78979 -0.16357 -0.15259 -0.5493 0.33447 
0.246826 0.80811 -0.18677 -0.21484 -0.610 0.25879 
0.241089 0.82886 -0.21118 -0.26733 0.4395 0.21606 
0.238770 0.83008 -0.21118 -0.31128 0.9888 0.19043 
0.240112 0.80811 -0.22339 -0.34424 0.17334 0.15137 
0.245239 0.75928 -0.25513 -0.37231 0.26611 0.7813 
0.253540 0.71289 -0.31128 -0.44067 0.37720 -0.5859 
0.259155 0.67993 -0.36377 -0.44067 0.51147 -0.25879 
0.258667 0.66162 -0.40039 -0.56274 0.32471 -0.46509 
0.256836 0.65918 -0.40771 -0.73242 0.72754 -0.65796 
0.253052 0.67261 -0.36621 -0.93872 0.72754 -0.82275 
0.245483 0.70923 -0.27710 -0.114746 0.77515 -0.93994 
0.235474 0.76538 -0.15503 -0.132813 0.77393 -0.99731 
0.225342 0.81421 -0.5981 -0.144775 0.74585 -0.99731 
0.214844 0.84106 -0.1709 -0.151245 0.70313 -0.100830 
0.203980 0.84106 -0.4150 -0.158325 0.66040 -0.97046 
0.195435 0.82397 -0.7202 -0.170898 0.61646 -0.88379 
0.191650 0.80444 -0.1709 -0.192139 0.57129 -0.75073 
0.191650 0.77515 0.10986 -0.218262 0.52002 -0.59082 
0.192993 0.74097 0.21851 -0.237915 0.46997 -0.43945 
0.197388 0.71655 0.29907 -0.250244 0.42969 -0.32349 
0.200439 0.71655 0.43945 -0.264038 0.42236 -0.23193 
0.199951 0.71411 0.67261 -0.278809 0.43823 -0.14404 
0.194092 0.73853 0.63843 -0.287598 0.44189 -0.2930 
0.186523 0.80200 0.120850 -0.286621 0.41748 0.14526 
0.181885 0.87280 0.120850 -0.275024 0.37109 0.36011 
0.177490 0.91187 0.137207 -0.253906 0.31616 0.58472 
0.169800 0.92896 0.138550 -0.264648 0.25513 0.83496 
0.159058 0.94238 0.134277 -0.233398 0.18555 0.114502 
0.149170 0.95581 0.134888 -0.221680 0.8789 0.151245 
0.141602 0.94482 0.140869 -0.215576 0.26611 0.191528 
0.133545 0.88623 0.144043 -0.208374 -0.4639 0.234497 
0.125122 0.76904 0.140015 -0.195557 -0.20752 0.278809 
0.121094 0.61646 0.138672 -0.181763 -0.35278 0.260620 
0.123535 0.43335 0.142822 -0.170532 -0.42114 0.333618 
0.132568 0.24536 0.148193 -0.156128 -0.40527 0.364868 
0.142456 0.5493 0.150146 -0.138184 -0.36865 0.400391 
0.152466 -0.12573 0.146118 -0.120483 -0.36011 0.430176 
0.131470 -0.29175 0.140259 -0.107788 -0.37720 0.455933 
0.162720 -0.43579 0.136108 -0.102051 -0.38452 0.477905 
0.172852 -0.56152 0.139038 -0.100464 -0.38940 0.493286 
0.181641 -0.35522 0.146973 -0.97412 -0.41626 0.501953 
0.190674 -0.66772 0.154297 -0.87402 -0.48584 0.507080 
0.194214 -0.78125 0.157715 -0.69702 -0.59448 0.508789 
0.193726 -0.89722 0.158813 -0.47119 -0.70923 0.508911 
0.194092 -0.101074 0.158813 -0.20996 -0.80566 0.506836 
0.196289 -0.112549 0.158813 0.8179 -0.88623 0.501831 
0.193115 -0.126709 0.155151 0.10132 -0.94727 0.495605 
0.188843 -0.138184 0.148804 0.39551 -0.100342 0.490112 
0.188965 -0.145508 0.143433 0.70801 -0.105713 0.484131 
0.190063 -0.153687 0.141357 0.92896 -0.109863 0.476318 
0.199829 -0.158325 0.141357 0.112549 -0.113525 0.467163 
0.222900 -0.158325 0.146362 0.132202 -0.113525 0.453857 
0.243164 -0.171143 0.146973 0.151245 -0.116089 0.428711 
0.250732 -0.179565 0.152588 0.172119 -0.123535 0.432373 
0.265381 -0.188843 0.158691 0.187378 -0.135132 0.375366 
0.279419 -0.196045 0.164185 0.199341 -0.144531 0.375366 
0.282471 -0.202148 0.164917 0.217529 -0.152832 0.344360 
0.305420 -0.206909 0.159302 0.246582 -0.162842 0.308472 
0.260376 -0.209961 0.149658 0.282227 -0.173950 0.270142 
0.260376 -0.212280 0.137817 0.313232 -0.182251 0.232788 
0.244263 -0.214600 0.127319 0.331909 -0.189087 0.200928 
0.234863 -0.216553 0.118652 0.341309 -0.194580 0.174194 
0.231812 -0.218628 0.109741 0.345581 -0.199585 0.151489 
0.231079 -0.218628 0.101440 0.345703 -0.205078 0.130371 
0.231201 -0.218994 0.94360 0.339966 -0.210815 0.109985 
0.231689 -0.218872 0.118530 0.329712 -0.217407 0.90576 
0.235596 -0.218994 0.87280 0.317993 -0.223022 0.70801 
0.243896 -0.219971 0.80078 0.305786 -0.224976 0.47363 
0.254517 -0.224243 0.69336 0.293213 -0.220581 0.16968 
0.260986 -0.228760 0.54810 0.293213 -0.209473 -0.21851 
0.260376 -0.229248 0.42114 0.276489 -0.192871 -0.63477 
0.254272 -0.224854 0.33203 0.252686 -0.206299 -0.101807 
0.245239 -0.217651 0.27832 0.224976 -0.159424 -0.134277 
0.237427 -0.209106 0.27100 0.196899 -0.159424 -0.160522 
0.232422 -0.199829 0.30396 0.168335 -0.146240 -0.179321 
0.233398 -0.189087 0.35889 0.142212 -0.133789 -0.161011 
0.238770 -0.181274 0.38086 0.120361 -0.122803 -0.192261 
0.242065 -0.174683 0.39917 0.102539 -0.112305 -0.205444 
0.242188 -0.166504 0.41748 0.84961 -0.101196 -0.220947 
0.241211 -0.157227 0.45044 0.67139 -0.89722 -0.236328 
0.241211 -0.147705 0.48706 0.49683 -0.79956 -0.249878 
0.242065 -0.137817 0.53101 0.34058 -0.72876 -0.262207 
0.242676 -0.128174 0.57983 0.21362 -0.68970 -0.274536 
0.243774 -0.151489 0.60669 0.13428 -0.68115 -0.286865 
0.245850 -0.120239 0.61035 0.10864 -0.69458 -0.300415 
0.248779 -0.113403 0.59814 0.11475 -0.71167 -0.315186 
0.250366 -0.106934 0.56519 0.12695 -0.72876 -0.329834 
0.250000 -0.100220 0.56519 0.12695 -0.75317 -0.344116 
0.247437 -0.92651 0.53223 0.11108 -0.77881 -0.357300 
0.242676 -0.85205 0.50049 0.9888 -0.80200 -0.367065 
0.236328 -0.77515 0.46753 0.9888 -0.81909 -0.372681 
0.230835 -0.69336 0.42114 0.9155 -0.83130 -0.374268 
0.226074 -0.61157 0.35767 0.6958 -0.83984 -0.373657 
0.221191 -0.53955 0.28687 0.3540 -0.83618 -0.372192 
0.217773 -0.47607 0.21729 -0.1465 -0.83618 -0.369873 
0.215942 -0.39551 0.16113 -0.9766 -0.80078 -0.366943 
0.214355 -0.31982 0.12573 -0.22705 -0.74951 -0.364014 
0.213379 -0.23315 0.11963 -0.36377 -0.67505 -0.364014 
0.214233 -0.13672 0.13306 -0.49438 -0.58960 -0.359985 
0.213989 -0.5493 0.13916 -0.61035 -0.49805 -0.353882 
0.214722 0.610 0.13550 -0.69092 -0.40283 -0.348022 
0.214722 0.6470 0.12207 -0.76660 -0.29785 -0.342651 
0.216309 0.12695 0.10986 -0.85693 -0.16968 -0.338989 
0.215942 0.18921 0.11353 -0.97046 -0.3662 -0.336670 
0.212524 0.27100 0.13428 -0.109497 0.8423 -0.333984 
0.206177 0.27100 0.16602 -0.120972 0.17944 -0.329346 
0.199463 0.34912 0.20752 -0.130859 0.24902 -0.322144 
0.194092 0.42969 0.26245 -0.139282 0.29663 -0.312744 
0.191650 0.51270 0.26245 -0.146118 0.33081 -0.302124 
