0.219360 0.112305 0.46875 0.1465 -0.2075 -0.854 
0.217529 0.112305 0.44067 0.732 -0.7080 -0.28076 
0.217651 0.111206 0.43457 -0.854 -0.10864 0.3174 
0.219360 0.109497 0.43945 -0.1221 -0.12939 0.4883 
0.222900 0.108398 0.44312 -0.122 -0.12939 0.4150 
0.226440 0.107544 0.45654 0.2930 -0.10620 0.1587 
0.226440 0.106689 0.47485 0.6470 -0.7446 -0.2075 
0.229858 0.106934 0.49316 0.10254 -0.3296 -0.5981 
0.232422 0.107422 0.50537 0.12695 0.366 -0.9521 
0.233521 0.107910 0.50659 0.12939 0.3418 -0.11963 
0.233154 0.107910 0.50659 0.11108 0.5981 -0.12695 
0.232666 0.108765 0.49805 0.8301 0.8057 -0.12207 
0.231812 0.108765 0.47485 0.5615 0.10254 -0.10864 
0.229370 0.108887 0.47485 0.2197 0.11719 -0.8789 
0.228394 0.110107 0.47607 0.977 0.10254 -0.7080 
0.228760 0.110962 0.49316 0.5005 0.4761 -0.6836 
0.228760 0.111450 0.49805 0.12573 -0.3906 -0.7446 
0.226196 0.111938 0.46509 0.12573 -0.13306 -0.7324 
0.226318 0.112793 0.45776 0.18799 -0.21240 -0.5859 
0.222656 0.112793 0.41260 0.22095 -0.25269 -0.2075 
0.218872 0.113037 0.35889 0.19287 -0.25269 0.3662 
0.213989 0.113037 0.30396 0.11475 -0.24902 0.10864 
0.213379 0.113281 0.29907 0.610 -0.21118 0.16602 
0.213867 0.112183 0.32959 -0.5737 -0.15747 0.16602 
0.215454 0.113403 0.34668 -0.5493 -0.9644 0.20630 
0.215942 0.113525 0.34546 -0.4028 -0.4395 0.23682 
0.216431 0.113037 0.34302 -0.4517 -0.1465 0.26489 
0.188232 0.111206 0.34424 -0.6714 -0.732 0.30151 
0.219482 0.109009 0.36133 -0.8789 -0.1709 0.32959 
0.224365 0.106323 0.38086 -0.9888 -0.4395 0.34424 
0.230957 0.103638 0.39673 -0.10620 -0.8789 0.34668 
0.236328 0.103638 0.40894 -0.11841 -0.14038 0.34424 
0.239990 0.101929 0.41870 -0.13184 -0.19287 0.34180 
0.240845 0.100586 0.42847 -0.14526 -0.23071 0.34912 
0.241455 0.99609 0.42847 -0.15747 -0.24902 0.36743 
0.242188 0.99243 0.43823 -0.15869 -0.24292 0.38208 
0.241089 0.99243 0.45288 -0.14404 -0.22461 0.39917 
0.237793 0.100342 0.46509 -0.10742 -0.20630 0.43213 
0.232666 0.101563 0.47119 -0.10742 -0.18921 0.49805 
0.229736 0.102539 0.45532 -0.5737 -0.15015 0.59204 
0.228149 0.102417 0.43701 -0.122 -0.9277 0.67139 
0.230591 0.99854 0.42725 0.2197 -0.9277 0.70801 
0.239990 0.94727 0.41016 0.4883 -0.4517 0.66772 
0.249878 0.89233 0.36865 0.8911 -0.977 0.86914 
0.256104 0.85083 0.30029 0.11475 0.2686 0.55664 
0.257690 0.82275 0.24048 0.10376 0.5615 0.39795 
0.259033 0.80811 0.18555 0.6104 0.7813 0.23438 
0.261230 0.79224 0.15625 0.488 0.10132 0.7324 
0.266357 0.76294 0.12451 -0.5249 0.14160 -0.9766 
0.266357 0.71777 0.6592 -0.9399 0.20142 -0.29907 
0.275147 0.66528 -0.4639 -0.13428 0.28076 -0.56763 
0.281494 0.63599 -0.17456 -0.21362 0.36743 -0.89111 
0.282837 0.63599 -0.24658 -0.38208 0.43213 -0.123535 
0.281860 0.61646 -0.25146 -0.62012 0.47607 -0.156860 
0.278564 0.62988 -0.18799 -0.84839 0.48950 -0.187500 
0.267700 0.65063 -0.6836 -0.104736 0.47607 -0.214600 
0.251099 0.73608 -0.6836 -0.119629 0.44189 -0.234619 
0.228149 0.87891 0.6104 -0.97290 0.36743 -0.244873 
0.202026 0.104736 0.16846 -0.133179 0.26123 -0.240723 
0.181274 0.117065 0.19043 -0.133179 0.13184 -0.224609 
0.168945 0.121948 0.11963 -0.137329 -0.977 -0.201050 
0.166504 0.119385 -0.610 -0.147705 -0.13794 -0.174072 
0.168823 0.113281 -0.15137 -0.166138 -0.13794 -0.149536 
0.166748 0.104370 -0.26855 -0.193237 -0.23438 -0.126953 
0.163208 0.101929 -0.25269 -0.229004 -0.29663 -0.133423 
0.164307 0.108765 0.4028 -0.271973 -0.31494 -0.108765 
0.163208 0.123535 0.52246 -0.308594 -0.27832 -0.77515 
0.154419 0.137695 0.93750 -0.316284 -0.26489 -0.51392 
0.144531 0.141724 0.110596 -0.297974 -0.35156 -0.17212 
0.140015 0.138794 0.105469 -0.280029 -0.51636 0.26123 
0.140015 0.135986 0.95459 -0.273438 -0.72021 0.75073 
0.137451 0.136597 0.97534 -0.279053 -0.100098 0.126709 
0.136841 0.132813 0.107300 -0.286865 -0.130371 0.174194 
0.131958 0.132813 0.117188 -0.281860 -0.160889 0.218018 
0.137207 0.121094 0.112549 -0.263062 -0.180664 0.257690 
0.147949 0.100098 0.104370 -0.239258 -0.183960 0.289673 
0.152954 0.83252 0.99243 -0.225342 -0.177368 0.322266 
0.157349 0.67871 0.99243 -0.222534 -0.166626 0.355469 
0.163696 0.53833 0.95947 -0.225220 -0.161011 0.387573 
0.170654 0.39063 0.91431 -0.227905 -0.161255 0.413940 
0.174927 0.21851 0.84106 -0.227905 -0.162109 0.434692 
0.178833 0.6470 0.80322 -0.227905 -0.160522 0.452393 
0.184326 -0.4395 0.84595 -0.227051 -0.157105 0.467529 
0.195313 -0.15991 0.95825 -0.219360 -0.157105 0.475220 
0.207642 -0.27466 0.111694 -0.200439 -0.151611 0.476685 
0.210449 -0.39795 0.114990 -0.168823 -0.141113 0.475830 
0.205933 -0.53711 0.101318 -0.128662 -0.127930 0.476685 
0.198975 -0.67383 0.82886 -0.95581 -0.112915 0.476685 
0.197021 -0.80200 0.73486 -0.80566 -0.100098 0.481079 
0.202515 -0.92651 0.72632 -0.77271 -0.90332 0.487915 
0.209351 -0.105347 0.77148 -0.72632 -0.84717 0.489868 
0.209351 -0.114380 0.85938 -0.61279 -0.85449 0.485962 
0.215576 -0.123169 0.96313 -0.44189 -0.89233 0.479492 
0.219605 -0.99976 0.108521 -0.22949 -0.94482 0.471558 
0.220825 -0.131226 0.121094 0.244 -0.101440 0.463501 
0.226074 -0.137695 0.133423 0.28442 -0.107788 0.455322 
0.235718 -0.142334 0.143311 0.65796 -0.109619 0.444702 
0.250610 -0.144531 0.140381 0.113037 -0.105469 0.429199 
0.248047 -0.161743 0.140381 0.158081 -0.105957 0.405151 
0.247559 -0.167358 0.138794 0.188477 -0.107056 0.386963 
0.257568 -0.174927 0.137451 0.218262 -0.105835 0.366943 
0.261597 -0.183105 0.134521 0.218262 -0.107788 0.342651 
0.258667 -0.189453 0.126343 0.251587 -0.112915 0.319580 
0.251343 -0.193115 0.114014 0.279541 -0.120117 0.299194 
0.236938 -0.193604 0.103394 0.295288 -0.100220 0.282593 
0.220093 -0.192139 0.98511 0.299194 -0.131470 0.270752 
0.207886 -0.193237 0.95825 0.298706 -0.149170 0.262329 
0.206055 -0.194214 0.93994 0.302734 -0.171143 0.255005 
0.209473 -0.195435 0.95581 0.308594 -0.198853 0.255005 
0.215698 -0.197144 0.98755 0.312500 -0.228516 0.245605 
0.223511 -0.199463 0.100708 0.317993 -0.253784 0.231689 
0.225586 -0.203247 0.98267 0.327271 -0.273560 0.208130 
0.225586 -0.206421 0.94360 0.338135 -0.289795 0.178223 
0.220581 -0.207886 0.89233 0.348877 -0.303589 0.148682 
0.210449 -0.209839 0.82764 0.358398 -0.314209 0.122070 
0.201416 -0.212158 0.74585 0.365479 -0.318604 0.98633 
0.198486 -0.212158 0.63965 0.369751 -0.315430 0.77393 
0.201660 -0.214355 0.83130 0.368530 -0.308716 0.57373 
0.208618 -0.216797 0.39673 0.360474 -0.300415 0.36987 
0.218872 -0.218506 0.39673 0.344116 -0.291260 0.15869 
0.233521 -0.219116 0.28931 0.321411 -0.280640 -0.7446 
0.248657 -0.222046 0.19043 0.328125 -0.267456 -0.34912 
0.262329 -0.224731 0.9644 0.296875 -0.251587 -0.66895 
0.271118 -0.226929 0.977 0.270996 -0.234497 -0.104126 
0.271973 -0.226074 -0.4395 0.243530 -0.249878 -0.143677 
0.267700 -0.222046 -0.7324 0.214966 -0.204102 -0.181274 
0.259277 -0.215820 -0.9155 0.187988 -0.204102 -0.214233 
0.250732 -0.208008 -0.8911 0.163818 -0.190430 -0.208984 
0.245850 -0.199707 -0.7935 0.139526 -0.177979 -0.229004 
0.244141 -0.191650 -0.4883 0.114136 -0.167114 -0.260254 
0.247681 -0.182983 -0.1587 0.89600 -0.157471 -0.276733 
0.253174 -0.177002 0.1099 0.66772 -0.149658 -0.290894 
0.255371 -0.173218 0.1587 0.47852 -0.142212 -0.306763 
0.255371 -0.166016 0.3540 0.34058 -0.132568 -0.326294 
0.251465 -0.156128 0.7446 0.22705 -0.120972 -0.345947 
0.242554 -0.145508 0.13550 0.13550 -0.109375 -0.361694 
0.233643 -0.133179 0.18799 0.8545 -0.98999 -0.371460 
0.230713 -0.133179 0.20874 0.8911 -0.88745 -0.374512 
0.232910 -0.123169 0.18677 0.12817 -0.78247 -0.374756 
0.237793 -0.115356 0.11719 0.15991 -0.67261 -0.374756 
0.245117 -0.108887 0.11719 0.15381 -0.56030 -0.377563 
0.251709 -0.104980 0.3906 0.7690 -0.47119 -0.385254 
0.256104 -0.98755 -0.3540 0.26978 -0.38940 -0.395996 
0.254150 -0.92529 -0.9399 -0.16846 -0.30029 -0.407227 
0.245361 -0.85083 -0.14893 -0.16846 -0.20752 -0.415405 
0.232788 -0.74707 -0.17822 -0.29907 -0.13550 -0.418091 
0.218384 -0.62622 -0.19897 -0.44922 -0.8301 -0.414917 
0.205811 -0.49805 -0.17944 -0.59814 -0.8301 -0.403198 
0.201782 -0.37354 -0.13550 -0.77148 -0.5981 -0.386475 
0.208618 -0.26855 -0.7446 -0.96558 -0.6470 -0.401978 
