0.255859 0.47241 -0.7813 -0.1587 -0.11108 -0.2441 
0.259033 0.46753 -0.6592 -0.2441 -0.5737 -0.5981 
0.258423 0.47119 -0.4517 -0.2075 -0.610 -0.5981 
0.256714 0.47852 -0.4028 -0.1099 0.1831 -0.7568 
0.255859 0.48950 -0.3540 -0.1709 0.2563 -0.7202 
0.255737 0.48950 -0.3418 -0.2686 0.1343 -0.5859 
0.257568 0.48828 -0.3296 -0.2808 -0.366 -0.5005 
0.257568 0.48584 -0.2441 -0.1465 -0.1465 -0.6226 
0.259155 0.48340 -0.2930 0.732 -0.1099 -0.9033 
0.258179 0.48218 -0.5493 0.2441 0.977 -0.11719 
0.254150 0.48218 -0.7324 0.2197 0.5737 -0.12085 
0.249023 0.48584 -0.7080 0.854 0.11841 -0.9033 
0.243652 0.49805 -0.4883 0.122 0.15503 -0.3540 
0.241455 0.51147 -0.4883 0.3540 0.11963 0.1343 
0.246338 0.51636 0.1465 0.14893 0.366 0.854 
0.255249 0.51880 -0.1465 0.21118 -0.6714 -0.3418 
0.251099 0.51880 -0.8423 0.19653 -0.10132 -0.5371 
0.258057 0.52979 -0.5493 0.19653 -0.12939 -0.9277 
0.262451 0.52490 -0.3662 0.22339 -0.12085 -0.13428 
0.262817 0.52490 -0.4883 0.23438 -0.9155 -0.15869 
0.261719 0.52612 -0.8301 0.21729 -0.9155 -0.17090 
0.263916 0.51636 -0.10742 0.16602 -0.5371 -0.19409 
0.268311 0.48706 -0.16724 0.9766 -0.2686 -0.24292 
0.270142 0.46143 -0.29541 -0.6104 0.366 -0.24292 
0.268799 0.42847 -0.22583 -0.32227 0.5371 -0.29663 
0.267090 0.43701 -0.14893 -0.39673 0.8667 -0.33691 
0.263550 0.46021 -0.14282 -0.34302 0.9155 -0.36743 
0.258667 0.48096 -0.16235 -0.29419 0.8911 -0.39673 
0.258667 0.49316 -0.18799 -0.26245 0.8057 -0.41260 
0.254639 0.49805 -0.21606 -0.24292 0.7446 -0.41748 
0.252319 0.48462 -0.22461 -0.23926 0.8911 -0.42603 
0.249268 0.48462 -0.24414 -0.23926 0.14038 -0.43457 
0.252075 0.51270 -0.26123 -0.24780 0.18311 -0.45288 
0.256958 0.50659 -0.27466 -0.28076 0.23682 -0.51270 
0.256470 0.51147 -0.27588 -0.31860 0.28564 -0.57373 
0.253784 0.53101 -0.27588 -0.34912 0.31616 -0.63110 
0.247192 0.56641 -0.27100 -0.36987 0.33325 -0.65918 
0.241455 0.61035 -0.27100 -0.38330 0.33813 -0.65918 
0.238037 0.64819 -0.27344 -0.38330 0.33936 -0.65186 
0.236328 0.66406 -0.29053 -0.40283 0.33569 -0.64453 
0.238647 0.65063 -0.34424 -0.42114 0.33813 -0.65308 
0.242310 0.62378 -0.42847 -0.46265 0.33813 -0.68359 
0.244019 0.58716 -0.51270 -0.55176 0.35767 -0.73242 
0.243408 0.56763 -0.55908 -0.68726 0.39673 -0.78125 
0.238037 0.56396 -0.60059 -0.84717 0.45288 -0.80933 
0.227905 0.56641 -0.63354 -0.102051 0.50537 -0.80933 
0.217041 0.60425 -0.60913 -0.123779 0.53955 -0.79956 
0.207764 0.64575 -0.51880 -0.148315 0.54688 -0.73120 
0.198364 0.68604 -0.37720 -0.168335 0.53101 -0.62256 
0.198364 0.73608 -0.24902 -0.180786 0.51392 -0.47974 
0.190552 0.76904 -0.17090 -0.187744 0.50537 -0.29419 
0.186768 0.75684 -0.16968 -0.194336 0.50781 -0.9521 
0.183105 0.75684 -0.20142 -0.203857 0.50781 0.9155 
0.176147 0.73730 -0.18066 -0.224121 0.47485 0.30762 
0.173340 0.72266 -0.4028 -0.253540 0.40039 0.55176 
0.176270 0.68481 -0.10010 -0.279175 0.28564 0.78735 
0.183228 0.66284 0.21240 -0.289307 0.15503 0.100952 
0.188232 0.66650 0.47485 -0.312012 0.2686 0.122437 
0.187500 0.70313 0.65430 -0.264282 -0.9644 0.145874 
0.182983 0.73242 0.72144 -0.264282 -0.20264 0.173462 
0.172852 0.76172 0.75562 -0.251709 -0.30151 0.209351 
0.165161 0.78491 0.80322 -0.245361 -0.10376 0.250122 
0.163086 0.74463 0.88989 -0.239990 -0.41626 0.288696 
0.164673 0.64331 0.97900 -0.229248 -0.53101 0.322632 
0.166870 0.47974 0.103516 -0.209717 -0.61890 0.323364 
0.171021 0.28076 0.108276 -0.185547 -0.68237 0.354614 
0.170532 0.10376 0.112183 -0.156738 -0.66895 0.385864 
0.168823 -0.6836 0.115479 -0.126465 -0.61401 0.416138 
0.164307 -0.22949 0.118530 -0.97046 -0.53223 0.444336 
0.165161 -0.40161 0.121948 -0.69946 -0.46143 0.471802 
0.165161 -0.58838 0.124023 -0.43335 -0.42114 0.498779 
0.172241 -0.81665 0.123413 -0.14893 -0.40894 0.521484 
0.184570 -0.76660 0.121338 0.15015 -0.40527 0.535645 
0.202271 -0.99731 0.119019 0.42236 -0.38574 0.539307 
0.229858 -0.130981 0.114868 0.63721 -0.35278 0.533325 
0.261719 -0.146973 0.110352 0.79468 -0.35889 0.515991 
0.285034 -0.158691 0.106445 0.91309 -0.43579 0.487793 
0.291748 -0.165649 0.106445 0.101685 -0.57007 0.457397 
0.288330 -0.168213 0.104126 0.112671 -0.73853 0.431641 
0.283691 -0.170166 0.103394 0.96069 -0.91675 0.407715 
0.275635 -0.172241 0.101074 0.127319 -0.104248 0.384399 
0.262939 -0.177856 0.92529 0.148560 -0.106445 0.360596 
0.254028 -0.181152 0.83008 0.171875 -0.100586 0.337402 
0.249756 -0.187256 0.77148 0.191406 -0.122803 0.313965 
0.251709 -0.190674 0.78247 0.208252 -0.91553 0.290283 
0.259277 -0.195068 0.80688 0.222534 -0.79346 0.297363 
0.268921 -0.200928 0.82275 0.237549 -0.66040 0.269653 
0.270142 -0.205566 0.82031 0.254639 -0.53223 0.238403 
0.265137 -0.206909 0.81421 0.271240 -0.42603 0.208862 
0.257813 -0.207642 0.83618 0.283569 -0.36621 0.181519 
0.253174 -0.207764 0.88989 0.291748 -0.37354 0.158325 
0.253174 -0.212524 0.92529 0.301636 -0.42603 0.138672 
0.253906 -0.219116 0.92529 0.317261 -0.48462 0.118164 
0.263916 -0.226563 0.88501 0.332764 -0.53711 0.93384 
0.279175 -0.231079 0.81787 0.343384 -0.57007 0.61646 
0.290527 -0.231079 0.72632 0.349121 -0.57739 0.22217 
0.297485 -0.231445 0.62744 0.351196 -0.56641 -0.23438 
0.297119 -0.231567 0.85327 0.348877 -0.53711 -0.71167 
0.289673 -0.229980 0.54077 0.342163 -0.50537 -0.116333 
0.280273 -0.225220 0.47485 0.330566 -0.49438 -0.154785 
0.276123 -0.218140 0.43091 0.313477 -0.51636 -0.187256 
0.275391 -0.210327 0.40161 0.313477 -0.57373 -0.217773 
0.273438 -0.201660 0.39063 0.293701 -0.66772 -0.247437 
0.270264 -0.193604 0.40771 0.272949 -0.78613 -0.274536 
0.269409 -0.184082 0.44189 0.250000 -0.91309 -0.298828 
0.270996 -0.175415 0.48218 0.226685 -0.91309 -0.323608 
0.275024 -0.167114 0.49316 0.205200 -0.105225 -0.320190 
0.279541 -0.159668 0.46509 0.186157 -0.117920 -0.350952 
0.281738 -0.154297 0.41748 0.166992 -0.125854 -0.382202 
0.277222 -0.151367 0.35889 0.146362 -0.126709 -0.413818 
0.262939 -0.146729 0.33447 0.127075 -0.120239 -0.446167 
0.276489 -0.134399 0.34180 0.110352 -0.109253 -0.474487 
0.245239 -0.120239 0.35156 0.95215 -0.98022 -0.491577 
0.232056 -0.104736 0.33203 0.80933 -0.87769 -0.497681 
0.225586 -0.123901 0.27954 0.66650 -0.78125 -0.497314 
0.225342 -0.82397 0.21484 0.49072 -0.68481 -0.495239 
0.230957 -0.82397 0.14893 0.24902 -0.57861 -0.494995 
0.232544 -0.73486 0.9888 -0.2319 -0.47485 -0.497803 
0.221436 -0.65674 0.11108 -0.28809 -0.36499 -0.501587 
0.196289 -0.54443 0.11108 -0.54321 -0.26367 -0.499756 
0.166382 -0.34546 0.18433 -0.76538 -0.19775 -0.484009 
0.141235 -0.12329 0.29541 -0.62622 -0.17456 -0.454102 
0.128906 0.9521 0.42114 -0.107544 -0.19897 -0.415283 
0.130493 0.27588 0.52979 -0.107544 -0.25879 -0.375610 
0.141480 0.40771 0.60425 -0.116943 -0.2441 -0.341797 
0.154297 0.48584 0.61890 -0.122681 -0.40161 -0.317139 
0.162231 0.57129 0.59937 -0.126587 -0.40161 -0.299316 
0.164307 0.63354 0.55176 -0.133789 -0.44067 -0.286133 
0.158447 0.69824 0.54443 -0.145630 -0.44312 -0.304688 
0.152222 0.80444 0.59937 -0.160156 -0.41260 -0.273438 
0.148438 0.90698 0.68481 -0.172119 -0.36255 -0.255981 
0.147949 0.100586 0.77148 -0.177612 -0.32593 -0.236084 
0.147217 0.109497 0.85815 -0.178711 -0.31494 -0.214478 
0.147339 0.116821 0.94482 -0.177856 -0.32471 -0.191650 
0.147339 0.121826 0.101563 -0.173584 -0.35278 -0.167603 
0.151123 0.93994 0.107300 -0.165771 -0.38818 -0.145020 
0.155640 0.126709 0.110962 -0.156128 -0.41626 -0.125122 
0.160522 0.126709 0.112427 -0.144897 -0.43945 -0.107788 
0.165649 0.126587 0.114014 -0.132690 -0.45898 -0.92651 
0.169800 0.127075 0.116333 -0.120972 -0.47607 -0.78247 
0.173584 0.127441 0.116333 -0.108643 -0.48706 -0.64209 
0.181152 0.126465 0.118286 -0.94849 -0.49683 -0.52490 
0.188232 0.124512 0.119263 -0.110718 -0.49805 -0.44067 
0.191895 0.123291 0.119507 -0.63965 -0.49316 -0.36987 
0.194092 0.122437 0.119751 -0.63965 -0.47852 -0.28809 
0.198486 0.121704 0.118652 -0.48828 -0.46997 -0.23804 
0.204224 0.120972 0.116943 -0.35400 -0.42358 -0.18066 
0.205322 0.118408 0.115112 -0.23804 -0.42358 -0.11108 
0.209106 0.116699 0.111938 -0.13306 -0.36743 -0.4883 
0.213257 0.114990 0.107666 -0.4395 -0.31372 -0.1953 
