0.242432 0.76050 0.28198 -0.5981 0.244 0.610 
0.244629 0.75439 0.27100 -0.4761 0.610 0.244 
0.243408 0.75439 0.27100 -0.3662 0.854 0.854 
0.243408 0.75073 0.27222 -0.3052 0.1221 0.1343 
0.243042 0.74951 0.27466 -0.2686 0.1343 0.1831 
0.243286 0.74829 0.27466 -0.2686 0.1099 0.2075 
0.243896 0.74951 0.27466 -0.3296 0.732 0.1831 
0.244263 0.75073 0.27588 -0.4395 0.610 0.1587 
0.244019 0.75317 0.27832 -0.5859 0.366 0.1099 
0.244507 0.75562 0.27588 -0.5859 0.488 0.244 
0.245728 0.75317 0.28320 -0.6836 0.488 -0.1099 
0.247559 0.75928 0.31128 -0.6104 0.29907 -0.3052 
0.249390 0.76538 0.37720 -0.1099 -0.1343 -0.5127 
0.250000 0.77759 0.42358 0.10742 -0.6592 -0.6104 
0.248779 0.78247 0.40283 0.24902 -0.14160 -0.4395 
0.247681 0.79102 0.36743 0.31860 -0.21118 -0.2075 
0.247192 0.78491 0.31860 0.32349 -0.26001 -0.2075 
0.244507 0.78125 0.26489 0.27954 -0.26611 -0.366 
0.240845 0.77271 0.18188 0.18188 -0.22339 0.1343 
0.243042 0.78369 0.15503 0.2441 -0.14526 0.3296 
0.243042 0.77637 0.20142 -0.12573 -0.7813 0.3540 
0.245117 0.78979 0.25146 -0.15991 -0.3174 0.2441 
0.245483 0.79468 0.22949 -0.10132 -0.2686 0.1465 
0.241943 0.80566 0.18311 -0.5615 -0.3418 0.1465 
0.236938 0.80566 0.15991 -0.4761 -0.4761 0.4761 
0.238770 0.80200 0.14160 -0.2930 -0.6836 0.6958 
0.241333 0.78613 0.10376 0.488 -0.8179 0.7568 
0.241211 0.77148 0.10376 0.2441 -0.8545 0.7324 
0.241699 0.75684 0.6958 0.2686 -0.7568 0.7080 
0.243408 0.73975 0.5249 0.2563 -0.5249 0.7324 
0.245728 0.72144 0.3052 0.2563 -0.2563 0.7690 
0.249268 0.70557 0.488 0.1587 0.366 0.7446 
0.252930 0.69092 -0.1587 -0.1953 0.2930 0.6470 
0.255615 0.67993 -0.1709 -0.7080 0.4639 0.5371 
0.257690 0.67383 -0.1221 -0.11719 0.4639 0.4517 
0.259888 0.66528 -0.1343 -0.15381 0.5737 0.3174 
0.263184 0.65308 -0.2319 -0.19165 0.6348 0.610 
0.265625 0.63477 -0.3906 -0.23315 0.6836 0.610 
0.267090 0.62134 -0.5615 -0.28687 0.7935 -0.4150 
0.266724 0.62866 -0.5005 -0.36377 0.10742 -0.10620 
0.264282 0.62866 -0.4883 -0.44189 0.15259 -0.17944 
0.264282 0.62378 -0.7202 -0.49561 0.20386 -0.24536 
0.261353 0.61768 -0.10620 -0.55298 0.26001 -0.30151 
0.257935 0.61401 -0.13672 -0.62012 0.31982 -0.35156 
0.253906 0.61523 -0.16357 -0.69580 0.36987 -0.39551 
0.249512 0.61523 -0.20996 -0.78613 0.39551 -0.43335 
0.245605 0.60303 -0.26123 -0.90454 0.39551 -0.45532 
0.242798 0.59082 -0.27954 -0.106567 0.36865 -0.47241 
0.238037 0.57129 -0.27954 -0.123169 0.35034 -0.48584 
0.232300 0.56519 -0.28442 -0.136353 0.35156 -0.48584 
0.226196 0.56641 -0.29175 -0.148315 0.37231 -0.47852 
0.219482 0.55664 -0.31616 -0.148315 0.39917 -0.45288 
0.212158 0.54565 -0.34180 -0.161621 0.43945 -0.41626 
0.202393 0.52856 -0.37231 -0.177368 0.45898 -0.35889 
0.190063 0.50781 -0.39551 -0.199463 0.44434 -0.26733 
0.175659 0.48828 -0.39551 -0.228882 0.44434 -0.11475 
0.160767 0.49805 -0.35278 -0.262085 0.39795 -0.20264 
0.148682 0.51880 -0.24780 -0.294922 0.32349 0.8545 
0.142334 0.52490 -0.9277 -0.323242 0.24902 0.39795 
0.140503 0.52002 0.10010 -0.343384 0.19531 0.71411 
0.142456 0.51636 0.37354 -0.353882 0.18066 0.102783 
0.155029 0.49072 0.73853 -0.355225 0.22705 0.133911 
0.145020 0.46021 0.108765 -0.342163 0.34546 0.161987 
0.176270 0.40039 0.127808 -0.309326 0.51147 0.180176 
0.194824 0.59937 0.126953 -0.269409 0.67383 0.183594 
0.206299 0.14648 0.118286 -0.244385 0.79956 0.182007 
0.209961 0.14648 0.112427 -0.240112 0.84839 0.184326 
0.211548 0.2808 0.114990 -0.247803 0.80444 0.189575 
0.212158 -0.1953 0.94604 -0.258789 0.65674 0.199097 
0.208252 -0.2563 0.125854 -0.264038 0.43091 0.210815 
0.196655 0.00 0.139526 -0.258545 0.17456 0.228882 
0.178223 0.3418 0.153809 -0.275269 -0.9521 0.256958 
0.161743 0.5859 0.168701 -0.220581 -0.33569 0.292847 
0.155273 0.2441 0.177124 -0.220581 -0.52124 0.329224 
0.159302 -0.8057 0.181519 -0.190063 -0.62012 0.359497 
0.171265 -0.25635 0.180908 -0.157105 -0.31372 0.379883 
0.184814 -0.43457 0.178345 -0.122925 -0.62622 0.392700 
0.198608 -0.57495 0.178833 -0.94116 -0.59448 0.400757 
0.204224 -0.68848 0.180298 -0.71167 -0.57495 0.376831 
0.208008 -0.78979 0.179932 -0.50537 -0.63477 0.408081 
0.212158 -0.90576 0.180542 -0.30762 -0.80566 0.415772 
0.212646 -0.100586 0.186646 -0.10010 -0.104980 0.419434 
0.211914 -0.107910 0.193970 0.16602 -0.133911 0.421753 
0.211182 -0.116333 0.197144 0.53223 -0.165894 0.425537 
0.211182 -0.126953 0.193481 0.97046 -0.198608 0.428833 
0.207886 -0.137939 0.184570 0.141480 -0.226929 0.431274 
0.204102 -0.126709 0.166260 0.182495 -0.247192 0.433228 
0.206543 -0.157959 0.139526 0.219360 -0.256714 0.428589 
0.211548 -0.179810 0.104126 0.247925 -0.250977 0.417847 
0.223877 -0.199463 0.99731 0.261230 -0.229370 0.400513 
0.243286 -0.212524 0.68481 0.251953 -0.197021 0.373047 
0.265015 -0.219238 0.44800 0.221191 -0.162109 0.338257 
0.282105 -0.222534 0.37842 0.248779 -0.134888 0.300171 
0.282837 -0.222900 0.41992 0.159790 -0.120483 0.266113 
0.270752 -0.216431 0.52612 0.159790 -0.117920 0.242554 
0.255981 -0.206543 0.68237 0.141968 -0.94360 0.228882 
0.241455 -0.196899 0.88257 0.133789 -0.142090 0.221313 
0.227783 -0.187012 0.110596 0.137329 -0.142090 0.218628 
0.221313 -0.181885 0.131470 0.153198 -0.164307 0.216187 
0.220093 -0.182983 0.142578 0.183594 -0.187378 0.207031 
0.222656 -0.190552 0.143433 0.227295 -0.206055 0.187744 
0.228882 -0.203857 0.132568 0.277588 -0.215942 0.187744 
0.235352 -0.218872 0.113770 0.327637 -0.213745 0.159668 
0.243164 -0.229370 0.92407 0.365356 -0.202271 0.125732 
0.247559 -0.237793 0.73853 0.383667 -0.185181 0.89355 
0.247559 -0.242065 0.57739 0.385986 -0.164307 0.51758 
0.248657 -0.241211 0.46265 0.377197 -0.143677 0.16479 
0.248169 -0.237183 0.43213 0.358276 -0.124268 -0.14648 
0.245728 -0.237183 0.46387 0.333374 -0.106079 -0.40405 
0.244995 -0.231445 0.53345 0.310303 -0.91675 -0.62012 
0.248047 -0.224976 0.59692 0.293823 -0.83130 -0.82031 
0.254639 -0.219482 0.61035 0.284302 -0.80322 -0.102783 
0.263550 -0.213989 0.61035 0.280029 -0.81665 -0.125732 
0.270142 -0.212891 0.57129 0.274536 -0.85449 -0.153564 
0.275391 -0.211548 0.48096 0.264282 -0.90454 -0.185547 
0.276855 -0.210693 0.36499 0.264282 -0.97534 -0.221313 
0.274902 -0.207153 0.25513 0.249512 -0.106445 -0.258179 
0.269165 -0.202637 0.18188 0.230713 -0.114990 -0.293579 
0.259644 -0.194702 0.15625 0.208740 -0.114990 -0.324341 
0.251953 -0.184082 0.18066 0.185547 -0.121094 -0.348145 
0.248657 -0.171875 0.21606 0.161987 -0.124756 -0.366943 
0.244019 -0.164429 0.22461 0.141724 -0.125977 -0.354980 
0.238525 -0.154785 0.22095 0.125122 -0.125488 -0.386230 
0.234497 -0.144287 0.21240 0.107056 -0.122192 -0.403442 
0.233765 -0.135376 0.20142 0.86182 -0.117065 -0.417358 
0.234497 -0.128418 0.21240 0.62988 -0.110718 -0.429443 
0.234497 -0.120361 0.24048 0.38330 -0.102539 -0.442261 
0.235840 -0.111938 0.27710 0.16724 -0.92163 -0.456055 
0.237305 -0.104492 0.32471 0.977 -0.80200 -0.469727 
0.232910 -0.104492 0.38940 -0.9277 -0.67627 -0.483154 
0.220581 -0.93262 0.43823 -0.15747 -0.55542 -0.490479 
0.206909 -0.79590 0.43091 -0.20142 -0.46875 -0.488892 
0.199707 -0.68970 0.37720 -0.24780 -0.42358 -0.482544 
0.199585 -0.58960 0.37720 -0.34180 -0.39307 -0.473267 
0.203613 -0.49438 0.30273 -0.51758 -0.35889 -0.463257 
0.204956 -0.40649 0.24414 -0.46631 -0.31494 -0.453857 
0.198364 -0.30151 0.23682 -0.77881 -0.27588 -0.442749 
0.187744 -0.18188 0.26733 -0.108398 -0.27344 -0.427612 
0.176025 -0.6836 0.29175 -0.135986 -0.1709 -0.409302 
0.167969 0.6836 0.31006 -0.158203 -0.40894 -0.386353 
0.165039 0.19409 0.33081 -0.180542 -0.40894 -0.360840 
0.163330 0.27100 0.36255 -0.203857 -0.47485 -0.369507 
0.163818 0.37476 0.46387 -0.224609 -0.51147 -0.316895 
0.165527 0.50049 0.59937 -0.239990 -0.50049 -0.316895 
0.165039 0.62012 0.70313 -0.244995 -0.45654 -0.296753 
0.161987 0.73730 0.78003 -0.239746 -0.41626 -0.280396 
0.158569 0.84106 0.83374 -0.231201 -0.36011 -0.264771 
0.158569 0.92163 0.86914 -0.221191 -0.26855 -0.247314 
0.156250 0.98999 0.90332 -0.209961 -0.16968 -0.229126 
0.154297 0.104614 0.94482 -0.198730 -0.9155 -0.210938 
