0.224487 0.108032 0.40405 -0.244 -0.5249 -0.2563 
0.223389 0.108398 0.38574 -0.732 -0.5127 -0.488 
0.223633 0.108398 0.38696 -0.3662 -0.3906 -0.366 
0.224487 0.108521 0.39551 -0.6104 -0.2319 -0.366 
0.225708 0.109009 0.40894 -0.7202 -0.732 -0.1343 
0.227417 0.109253 0.42236 -0.6836 -0.122 -0.3052 
0.229004 0.109253 0.42969 -0.5493 -0.610 -0.5127 
0.229492 0.109375 0.42480 -0.3906 -0.1099 -0.6958 
0.229492 0.109253 0.41992 -0.3052 -0.977 -0.7935 
0.229126 0.108643 0.41870 -0.2319 0.00 -0.8301 
0.228516 0.108276 0.41870 -0.1221 0.1953 -0.7935 
0.227661 0.108276 0.42358 0.488 0.3296 -0.7568 
0.227173 0.108154 0.42969 0.2930 0.3540 -0.7446 
0.227905 0.107666 0.43091 0.6348 0.2319 -0.7935 
0.228516 0.107788 0.43091 0.10010 -0.366 -0.8423 
0.227539 0.108398 0.41870 0.12573 -0.4150 -0.8057 
0.226563 0.109619 0.40771 0.13428 -0.8423 -0.6470 
0.226196 0.110718 0.40039 0.13794 -0.13062 -0.4395 
0.225464 0.111450 0.38696 0.13794 -0.15503 -0.2808 
0.223755 0.111938 0.35889 0.13428 -0.15503 -0.610 
0.221436 0.112061 0.32837 0.9644 -0.14893 0.3540 
0.214722 0.114014 0.35522 0.3906 -0.14893 0.11475 
0.216187 0.114014 0.32349 0.2441 -0.15137 0.16724 
0.220581 0.110962 0.27954 -0.732 -0.13062 0.19165 
0.225464 0.108032 0.27466 -0.6470 -0.9155 0.19653 
0.228760 0.107178 0.28687 -0.9399 -0.5249 0.19653 
0.234253 0.104858 0.28442 -0.10376 -0.3296 0.19531 
0.242065 0.102539 0.28198 -0.13550 -0.2563 0.18188 
0.248901 0.99731 0.27100 -0.14893 -0.2441 0.15015 
0.248901 0.98145 0.23926 -0.14404 -0.2808 0.9521 
0.252441 0.97290 0.21118 -0.15991 -0.2808 0.3662 
0.253540 0.97656 0.19897 -0.19531 -0.2075 -0.1221 
0.253296 0.97656 0.19043 -0.22949 -0.1465 -0.5371 
0.252808 0.97900 0.16602 -0.25146 -0.854 -0.9033 
0.252808 0.97656 0.12695 -0.27222 -0.122 -0.13306 
0.253052 0.96558 0.7446 -0.30518 0.366 -0.18433 
0.254883 0.94604 0.7446 -0.34912 0.1221 -0.25635 
0.257690 0.91553 0.610 -0.41138 0.2319 -0.35645 
0.260864 0.88013 -0.6348 -0.50049 0.5127 -0.48584 
0.262207 0.85205 -0.12817 -0.50049 0.9888 -0.63965 
0.261597 0.82764 -0.18921 -0.60547 0.17334 -0.80444 
0.257935 0.83130 -0.24780 -0.72021 0.28320 -0.96558 
0.248413 0.84473 -0.29175 -0.85205 0.28320 -0.110962 
0.233643 0.88013 -0.29175 -0.100830 0.41626 -0.120239 
0.218872 0.93262 -0.24902 -0.118408 0.53589 -0.123779 
0.206665 0.97778 -0.19775 -0.135864 0.61401 -0.122192 
0.196777 0.100830 -0.16113 -0.151245 0.63599 -0.122192 
0.189331 0.102295 -0.14893 -0.168701 0.59570 -0.115845 
0.215210 0.103516 -0.11963 -0.188843 0.51025 -0.105957 
0.178711 0.104736 -0.3540 -0.212646 0.39551 -0.94360 
0.178711 0.106689 0.11353 -0.236572 0.26611 -0.80688 
0.174561 0.111938 0.32715 -0.256836 0.11353 -0.64819 
0.176025 0.116455 0.55664 -0.269043 -0.3296 -0.49072 
0.174927 0.116455 0.69824 -0.268921 -0.16602 -0.33447 
0.166870 0.119507 0.71777 -0.263428 -0.30396 -0.12817 
0.157471 0.120972 0.66284 -0.265259 -0.46143 0.16113 
0.142944 0.120605 0.63232 -0.278809 -0.65918 0.55542 
0.127197 0.121948 0.63232 -0.301514 -0.89722 0.107666 
0.115723 0.123413 0.71289 -0.289551 -0.111694 0.164429 
0.99731 0.121948 0.89355 -0.323242 -0.130005 0.222534 
0.90210 0.114746 0.107178 -0.323242 -0.138672 0.281372 
0.87158 0.98755 0.119019 -0.305542 -0.134888 0.336060 
0.95215 0.73853 0.126343 -0.276978 -0.149048 0.384522 
0.114990 0.46021 0.130859 -0.246094 -0.117798 0.423950 
0.136963 0.19043 0.131836 -0.218628 -0.93262 0.453125 
0.155151 0.00 0.131470 -0.200317 -0.72632 0.444336 
0.166992 -0.15259 0.133911 -0.194214 -0.64941 0.494019 
0.170776 -0.30640 0.139893 -0.192627 -0.69092 0.494019 
0.175903 -0.45166 0.146851 -0.186523 -0.78003 0.511475 
0.181641 -0.58716 0.152344 -0.172119 -0.85205 0.525024 
0.187134 -0.71533 0.155640 -0.149658 -0.88867 0.533569 
0.187134 -0.83130 0.158203 -0.126587 -0.91675 0.538452 
0.193481 -0.92896 0.160645 -0.106934 -0.95337 0.541626 
0.201782 -0.73730 0.161499 -0.86792 -0.98511 0.543579 
0.209595 -0.118408 0.158691 -0.60303 -0.98877 0.541138 
0.210205 -0.118408 0.156006 -0.31494 -0.97778 0.534546 
0.211548 -0.127563 0.129639 -0.7446 -0.95337 0.527466 
0.220093 -0.133301 0.163818 0.16235 -0.90088 0.517456 
0.231934 -0.150146 0.163818 0.49194 -0.88989 0.497192 
0.235352 -0.160400 0.170288 0.82275 -0.92529 0.477783 
0.241821 -0.165161 0.174438 0.81177 -0.94116 0.461914 
0.245361 -0.169189 0.175415 0.112427 -0.97778 0.442749 
0.242188 -0.174561 0.171753 0.143555 -0.104126 0.421631 
0.231445 -0.180298 0.163208 0.178833 -0.111938 0.402222 
0.218262 -0.183838 0.153687 0.211426 -0.120483 0.386963 
0.210449 -0.188721 0.147461 0.234253 -0.120483 0.375000 
0.215942 -0.194458 0.145142 0.251099 -0.127686 0.393188 
0.228638 -0.200317 0.144775 0.268677 -0.135620 0.344727 
0.237915 -0.207031 0.141724 0.287476 -0.146851 0.344727 
0.239136 -0.212524 0.135254 0.306641 -0.159058 0.323486 
0.233643 -0.216675 0.125488 0.323364 -0.170532 0.299316 
0.224731 -0.218872 0.115723 0.334961 -0.181030 0.273682 
0.224731 -0.219727 0.109497 0.339233 -0.192871 0.248535 
0.216064 -0.221191 0.105713 0.337769 -0.206665 0.226563 
0.209595 -0.223145 0.101929 0.335327 -0.221924 0.206665 
0.204468 -0.224121 0.96802 0.335938 -0.236206 0.185913 
0.202393 -0.224121 0.89355 0.336670 -0.246704 0.165039 
0.205200 -0.225220 0.80933 0.332764 -0.254028 0.142212 
0.214966 -0.226196 0.71289 0.324097 -0.256470 0.114990 
0.226074 -0.228760 0.71289 0.312378 -0.252686 0.83130 
0.237427 -0.229980 0.61768 0.297119 -0.244629 0.48706 
0.250610 -0.229248 0.53345 0.309692 -0.233765 0.12695 
0.262695 -0.229858 0.46021 0.278442 -0.220581 -0.26489 
0.270142 -0.231934 0.38330 0.258667 -0.206909 -0.68726 
0.272217 -0.232178 0.30518 0.237671 -0.194824 -0.114136 
0.268311 -0.227295 0.26855 0.214111 -0.217285 -0.159058 
0.258911 -0.218628 0.27588 0.188477 -0.186035 -0.197266 
0.245361 -0.208496 0.30762 0.166260 -0.180420 -0.195068 
0.233276 -0.196533 0.34912 0.149292 -0.178833 -0.244507 
0.229858 -0.183960 0.37598 0.133301 -0.182861 -0.244507 
0.235474 -0.171631 0.40283 0.115234 -0.190430 -0.255371 
0.246094 -0.162231 0.41504 0.95947 -0.199707 -0.263794 
0.225464 -0.157471 0.40405 0.79712 -0.208496 -0.275147 
0.265991 -0.154297 0.36621 0.66040 -0.216064 -0.292480 
0.265991 -0.150391 0.33203 0.52612 -0.220459 -0.315186 
0.266357 -0.143555 0.32715 0.41016 -0.219849 -0.341797 
0.257690 -0.135132 0.32837 0.33447 -0.215820 -0.365967 
0.244629 -0.135132 0.29297 0.30273 -0.207031 -0.380493 
0.236450 -0.123657 0.21362 0.27588 -0.192749 -0.385498 
0.237793 -0.113892 0.12573 0.19897 -0.176270 -0.387695 
0.246826 -0.107422 0.12573 0.7568 -0.161255 -0.390503 
0.261475 -0.102539 0.1831 -0.6104 -0.147583 -0.397583 
0.270142 -0.102295 -0.10010 -0.23315 -0.133667 -0.412720 
0.267578 -0.102295 -0.20752 -0.15015 -0.119019 -0.432373 
0.251953 -0.95093 -0.23438 -0.46265 -0.105835 -0.448364 
0.228760 -0.84839 -0.18555 -0.72510 -0.94727 -0.454224 
0.208130 -0.69702 -0.8057 -0.94604 -0.118652 -0.447266 
0.198608 -0.53589 -0.732 -0.107666 -0.87402 -0.432129 
0.195923 -0.40039 0.488 -0.111084 -0.81177 -0.415772 
0.197754 -0.28931 -0.3418 -0.111084 -0.73242 -0.432129 
0.205688 -0.18677 -0.9155 -0.114990 -0.60181 -0.400879 
0.215210 -0.13672 -0.15015 -0.126343 -0.41626 -0.388428 
0.222656 -0.8423 -0.18799 -0.144409 -0.19897 -0.382568 
0.219360 -0.4883 -0.20386 -0.166138 0.4028 -0.383667 
0.237915 0.2808 -0.18799 -0.185181 0.28564 -0.389282 
0.206665 0.13916 -0.14893 -0.200684 0.51758 -0.393921 
0.189941 0.28809 -0.8789 -0.214111 0.72144 -0.392578 
0.172974 0.10742 0.244 -0.224731 0.86914 -0.382690 
0.160156 0.41992 0.10986 -0.232666 0.93994 -0.365112 
0.158325 0.51880 0.22217 -0.237061 0.95215 -0.344116 
0.165771 0.59448 0.2319 -0.238037 0.94238 -0.325562 
0.172607 0.67505 0.33569 -0.235962 0.91919 -0.310791 
0.174438 0.76538 0.45166 -0.231445 0.88867 -0.297485 
0.172119 0.85571 0.54321 -0.225220 0.85571 -0.284302 
0.166138 0.96191 0.62622 -0.250000 0.82397 -0.269409 
0.156860 0.106445 0.70923 -0.218750 0.78491 -0.251221 
0.149292 0.116577 0.81421 -0.210938 0.72876 -0.230225 
0.144775 0.124390 0.92285 -0.201660 0.65674 -0.207886 
0.144043 0.133423 0.103760 -0.188843 0.65674 -0.184204 
0.146606 0.139526 0.114014 -0.172241 0.57617 -0.162598 
