0.229614 0.97900 0.18677 0.3906 -0.9766 0.488 
0.231079 0.97412 0.17456 -0.2319 -0.11353 0.2686 
0.234619 0.96313 0.17944 -0.8057 -0.11353 0.2930 
0.237671 0.95581 0.17822 -0.10498 -0.12695 0.1953 
0.239258 0.95581 0.17944 -0.10498 -0.13794 0.732 
0.239136 0.95703 0.17456 -0.9644 -0.14893 0.122 
0.238281 0.95825 0.16968 -0.8789 -0.15869 0.122 
0.238403 0.96191 0.17578 -0.8789 -0.15381 0.122 
0.238647 0.95947 0.17944 -0.7935 -0.13306 0.122 
0.238281 0.95825 0.17212 -0.5615 -0.9644 -0.244 
0.238281 0.95703 0.18066 -0.3296 -0.5127 -0.610 
0.239136 0.95093 0.20508 -0.488 -0.1953 -0.1343 
0.242188 0.94482 0.22217 0.3662 -0.1221 -0.3784 
0.244629 0.94482 0.22217 0.7446 -0.3052 -0.7324 
0.244751 0.94238 0.20752 0.8301 -0.5859 -0.9766 
0.242065 0.95215 0.19531 0.5493 -0.8789 -0.9766 
0.238892 0.96069 0.19043 0.1953 -0.9888 -0.7446 
0.234741 0.97534 0.19043 -0.854 -0.9766 -0.2319 
0.230225 0.97778 0.17822 -0.2075 -0.9521 0.3662 
0.229004 0.100098 0.16846 -0.244 -0.9888 0.8667 
0.231567 0.98999 0.16113 -0.244 -0.10254 0.9399 
0.233521 0.96802 0.11597 0.3052 -0.9521 0.8057 
0.234863 0.94727 0.8057 0.2075 -0.8789 0.6592 
0.236206 0.93506 0.6836 -0.1831 -0.8789 0.5981 
0.237793 0.93018 0.7080 -0.6592 -0.9155 0.5737 
0.239502 0.92896 0.7568 -0.11475 -0.11353 0.5493 
0.241211 0.93018 0.6836 -0.15747 -0.15259 0.5005 
0.243164 0.92407 0.5249 -0.19775 -0.20386 0.5005 
0.245361 0.92163 0.3296 -0.24170 -0.24658 0.4028 
0.246460 0.92041 0.610 -0.28320 -0.27222 0.2319 
0.245483 0.92285 -0.2441 -0.31860 -0.28076 0.122 
0.245483 0.92285 -0.6836 -0.35522 -0.26855 -0.1831 
0.243042 0.92041 -0.13306 -0.39063 -0.24048 -0.3296 
0.239868 0.90698 -0.23315 -0.43457 -0.20264 -0.3784 
0.236450 0.90698 -0.37842 -0.50171 -0.15503 -0.3540 
0.232300 0.87524 -0.50415 -0.62012 -0.10132 -0.2197 
0.229248 0.84839 -0.53833 -0.80811 -0.3418 -0.122 
0.227051 0.84473 -0.48706 -0.100830 0.4639 0.2197 
0.224487 0.86792 -0.48706 -0.115479 0.11841 0.4761 
0.221436 0.90088 -0.41992 -0.123535 0.16235 0.8667 
0.216431 0.92041 -0.39917 -0.97534 0.17578 0.14526 
0.210815 0.90698 -0.44312 -0.128784 0.17944 0.22461 
0.206787 0.86914 -0.51758 -0.136230 0.19531 0.32104 
0.205444 0.81055 -0.57373 -0.149536 0.23438 0.42847 
0.205078 0.75806 -0.56152 -0.168335 0.23438 0.54810 
0.205444 0.72510 -0.46631 -0.190552 0.28320 0.68481 
0.205811 0.71899 -0.32959 -0.211914 0.32837 0.83130 
0.202515 0.72876 -0.17578 -0.228271 0.34546 0.67871 
0.193848 0.72632 -0.4761 -0.237549 0.33325 0.99121 
0.185547 0.73120 0.5737 -0.241089 0.30640 0.118408 
0.177124 0.72144 0.16968 -0.245361 0.27100 0.141724 
0.170776 0.71899 0.33569 -0.251343 0.21484 0.167114 
0.170776 0.68237 0.51025 -0.254517 0.13672 0.196045 
0.167114 0.59082 0.61401 -0.249268 0.4761 0.225464 
0.163940 0.45898 0.70190 -0.238525 -0.3052 0.254761 
0.171021 0.58838 0.80322 -0.228760 -0.3784 0.281006 
0.178345 0.27588 0.98145 -0.217163 0.4150 0.302490 
0.192993 0.10132 0.111938 -0.202759 0.20874 0.322632 
0.215698 -0.2563 0.118164 -0.182861 0.38818 0.334839 
0.230347 -0.12207 0.118164 -0.165527 0.49927 0.338989 
0.235596 -0.18188 0.119263 -0.157593 0.52612 0.342407 
0.234741 -0.23560 0.119629 -0.186890 0.46997 0.347778 
0.229004 -0.28809 0.120972 -0.155640 0.35645 0.356567 
0.219116 -0.34058 0.122192 -0.151245 0.21362 0.369019 
0.210571 -0.40283 0.123779 -0.142578 0.7935 0.382568 
0.204224 -0.49194 0.127441 -0.130615 0.28320 0.395630 
0.204468 -0.58228 0.132813 -0.114990 -0.2930 0.406860 
0.207153 -0.70679 0.138550 -0.95825 -0.12451 0.410767 
0.208862 -0.87158 0.137817 -0.71533 -0.22583 0.411865 
0.205933 -0.101563 0.130615 -0.42236 -0.31494 0.411865 
0.200562 -0.116943 0.120972 -0.16235 -0.35645 0.413940 
0.199585 -0.129150 0.114624 0.1343 -0.35645 0.417236 
0.201538 -0.138306 0.110840 0.12939 -0.33447 0.420898 
0.201538 -0.145752 0.109253 0.24048 -0.32471 0.421875 
0.202026 -0.149170 0.112915 0.34790 -0.34546 0.420654 
0.206055 -0.151123 0.122192 0.45044 -0.36377 0.420776 
0.225586 -0.137939 0.127197 0.61279 -0.37598 0.414551 
0.229492 -0.169189 0.133301 0.83862 -0.44800 0.397583 
0.231934 -0.173828 0.137817 0.107178 -0.46631 0.384644 
0.239990 -0.179688 0.141846 0.132324 -0.44800 0.368652 
0.250732 -0.181641 0.141846 0.160767 -0.42969 0.346924 
0.255127 -0.185547 0.141602 0.190918 -0.41504 0.321777 
0.249390 -0.191284 0.136841 0.217041 -0.41382 0.296997 
0.234985 -0.192627 0.131348 0.217041 -0.44556 0.278442 
0.223511 -0.190308 0.128784 0.236328 -0.54077 0.263916 
0.214111 -0.191528 0.127563 0.253174 -0.34912 0.250244 
0.210693 -0.193481 0.126099 0.272827 -0.76904 0.238159 
0.213013 -0.196777 0.125122 0.292236 -0.76904 0.224365 
0.216675 -0.200073 0.126099 0.306030 -0.88135 0.206787 
0.221558 -0.202515 0.128662 0.315796 -0.100952 0.216797 
0.228638 -0.203857 0.130615 0.325806 -0.116821 0.185547 
0.235840 -0.206665 0.131226 0.337402 -0.135620 0.159668 
0.242188 -0.208984 0.128052 0.349976 -0.155884 0.128784 
0.246826 -0.210938 0.121948 0.360962 -0.175049 0.93628 
0.220947 -0.214355 0.112549 0.369019 -0.191895 0.56030 
0.252197 -0.219238 0.98755 0.375610 -0.202881 0.16602 
0.256348 -0.223389 0.81421 0.378906 -0.206055 -0.24292 
0.257446 -0.224487 0.64453 0.372559 -0.202026 -0.65063 
0.255615 -0.224487 0.51147 0.353516 -0.192139 -0.103760 
0.247925 -0.219727 0.43091 0.325195 -0.179932 -0.136719 
0.239624 -0.210571 0.40283 0.291870 -0.169434 -0.162354 
0.232056 -0.200195 0.40283 0.256714 -0.162354 -0.182129 
0.229980 -0.188965 0.42236 0.221680 -0.159180 -0.197266 
0.235230 -0.178467 0.46997 0.220215 -0.158203 -0.211182 
0.243286 -0.171021 0.51514 0.191895 -0.157959 -0.229492 
0.246582 -0.163452 0.56274 0.160645 -0.158203 -0.251953 
0.247070 -0.154907 0.62012 0.135254 -0.157837 -0.273438 
0.245239 -0.146973 0.68237 0.113281 -0.157959 -0.293213 
0.241333 -0.139526 0.74097 0.97046 -0.157959 -0.309814 
0.238892 -0.131104 0.78857 0.86304 -0.159546 -0.322510 
0.237793 -0.122803 0.80322 0.80566 -0.161255 -0.332031 
0.240845 -0.115723 0.77637 0.79102 -0.161621 -0.332031 
0.246460 -0.108521 0.69702 0.78369 -0.160278 -0.339722 
0.249512 -0.106079 0.59814 0.74463 -0.157349 -0.348877 
0.246704 -0.99854 0.51392 0.64697 -0.152344 -0.362549 
0.238403 -0.92407 0.45288 0.50781 -0.144165 -0.375488 
0.238403 -0.84106 0.42236 0.36133 -0.133301 -0.383423 
0.228760 -0.74585 0.39673 0.22095 -0.121582 -0.384766 
0.227051 -0.65186 0.35278 0.8667 -0.110352 -0.381592 
0.232910 -0.65186 0.27588 -0.4028 -0.99487 -0.379883 
0.238403 -0.55298 0.17578 -0.15991 -0.88623 -0.381348 
0.236206 -0.50903 0.9766 -0.29175 -0.77393 -0.385742 
0.225708 -0.45898 0.9766 -0.46265 -0.66284 -0.387939 
0.213745 -0.37598 0.6836 -0.67505 -0.55786 -0.382935 
0.209717 -0.27588 0.8179 -0.89844 -0.46265 -0.373413 
0.210205 -0.19653 0.11108 -0.76538 -0.38208 -0.366211 
0.205444 -0.10254 0.14648 -0.107788 -0.30884 -0.359131 
0.197021 0.732 0.16357 -0.119141 -0.22949 -0.348267 
0.190186 0.10864 0.15747 -0.129150 -0.13672 -0.335083 
0.182007 0.21484 0.16357 -0.141968 -0.13672 -0.319702 
0.177246 0.31738 0.22217 -0.157959 -0.5005 -0.301758 
0.178467 0.40161 0.30029 -0.173828 0.1953 -0.284668 
0.180908 0.47729 0.37720 -0.184692 0.7202 -0.300659 
0.182861 0.55542 0.45288 -0.190063 0.10620 -0.269409 
0.185181 0.62622 0.52368 -0.191895 0.12817 -0.255371 
0.186768 0.69092 0.58594 -0.191895 0.14282 -0.242310 
0.186279 0.74951 0.63354 -0.190063 0.15015 -0.230225 
0.186279 0.80566 0.67993 -0.187744 0.14771 -0.219116 
0.184570 0.87158 0.74585 -0.187378 0.13794 -0.208130 
0.183350 0.91919 0.83374 -0.187866 0.11108 -0.196167 
0.183838 0.91919 0.90698 -0.184692 0.8179 -0.184326 
0.187744 0.95337 0.95093 -0.176270 0.5737 -0.174561 
0.190674 0.97778 0.96436 -0.165039 0.3296 -0.166992 
0.190308 0.100586 0.96558 -0.155273 0.1343 -0.159546 
0.187378 0.103394 0.96558 -0.149414 -0.1099 -0.150269 
0.183472 0.107178 0.99487 -0.147217 -0.4517 -0.138916 
0.179321 0.112305 0.107300 -0.143799 -0.9766 -0.126099 
0.175903 0.116699 0.119385 -0.143799 -0.16968 -0.111694 
0.177368 0.121582 0.130127 -0.134644 -0.24780 -0.98267 
0.179321 0.125244 0.137451 -0.118652 -0.29907 -0.83984 
