0.234619 0.92285 0.54199 -0.6958 0.1343 0.8179 
0.234619 0.91553 0.54565 -0.6348 0.3174 0.8179 
0.235474 0.91553 0.55298 -0.5859 0.4639 0.5127 
0.237061 0.91553 0.57007 -0.5127 0.5859 0.1953 
0.238647 0.91553 0.58838 -0.3418 0.7202 -0.977 
0.240845 0.90942 0.60059 -0.366 0.9277 -0.4517 
0.242554 0.89600 0.59204 0.2930 0.11475 -0.7690 
0.242920 0.89722 0.59204 0.4761 0.13550 -0.9277 
0.241089 0.89600 0.59082 0.5371 0.14282 -0.9155 
0.239502 0.89600 0.58594 0.4883 0.13916 -0.7813 
0.236938 0.89600 0.56885 0.2441 0.13184 -0.5737 
0.234985 0.89355 0.54565 0.2441 0.10986 -0.4272 
0.234253 0.89355 0.53101 -0.854 0.6958 -0.4028 
0.234619 0.89722 0.53467 -0.2808 0.1587 -0.5005 
0.235962 0.90576 0.55176 -0.1587 0.1587 -0.7690 
0.238892 0.91064 0.58350 0.3418 -0.4883 -0.12329 
0.240112 0.90698 0.59937 0.12085 -0.12573 -0.14526 
0.239868 0.92896 0.63843 0.20508 -0.18555 -0.14526 
0.237793 0.94849 0.64453 0.31860 -0.24170 -0.17090 
0.235352 0.99243 0.58594 0.41626 -0.29297 -0.20020 
0.229126 0.97046 0.40405 0.40039 -0.31372 -0.21118 
0.226196 0.96558 0.33203 0.18921 -0.27466 -0.19531 
0.226196 0.95703 0.35645 -0.366 -0.20142 -0.14038 
0.231079 0.94849 0.37964 -0.7446 -0.14404 -0.11963 
0.236694 0.94116 0.35767 -0.7935 -0.8667 -0.14160 
0.240479 0.94116 0.31860 -0.9766 -0.3418 -0.20020 
0.240479 0.92896 0.29419 -0.13428 0.610 -0.26611 
0.240845 0.92285 0.28076 -0.18433 0.4272 -0.32227 
0.241333 0.92896 0.28076 -0.22827 0.6958 -0.36621 
0.239624 0.92285 0.27222 -0.26489 0.8057 -0.40649 
0.238892 0.93262 0.25757 -0.29785 0.7935 -0.44434 
0.238281 0.95581 0.23071 -0.2686 0.6104 -0.48340 
0.235596 0.96436 0.21362 -0.33936 0.3052 -0.51392 
0.234375 0.97534 0.20020 -0.38940 0.977 -0.53589 
0.232910 0.97778 0.17212 -0.42847 0.610 -0.56152 
0.229858 0.96313 0.10986 -0.45532 0.610 -0.59082 
0.225342 0.92896 0.00 -0.48584 0.3418 -0.61523 
0.219971 0.90576 -0.11108 -0.56519 0.9766 -0.61401 
0.214966 0.88379 -0.19653 -0.72998 0.17700 -0.58716 
0.210449 0.86426 -0.24780 -0.96436 0.24658 -0.58716 
0.204956 0.85449 -0.23560 -0.124390 0.29053 -0.54443 
0.203491 0.86548 -0.11597 -0.155518 0.29419 -0.47729 
0.206421 0.87036 0.6226 -0.185181 0.27466 -0.38696 
0.206421 0.88623 0.27710 -0.205811 0.24658 -0.29419 
0.205566 0.93384 0.47363 -0.218384 0.25024 -0.22827 
0.200439 0.65796 0.57617 -0.222900 0.27832 -0.16235 
0.190063 0.97046 0.59937 -0.223633 0.30762 -0.4761 
0.176514 0.98755 0.58960 -0.231201 0.33325 0.15015 
0.164429 0.99854 0.34790 -0.249390 0.30151 0.42603 
0.157959 0.100586 0.83496 -0.273438 0.17212 0.76538 
0.155640 0.103027 0.83496 -0.289917 -0.5615 0.113647 
0.152344 0.105347 0.102539 -0.291016 -0.34302 0.151367 
0.145264 0.103882 0.113037 -0.281616 -0.61401 0.189819 
0.139771 0.93872 0.120117 -0.281616 -0.74951 0.228394 
0.145386 0.77637 0.126465 -0.265503 -0.67139 0.263794 
0.154785 0.61646 0.126343 -0.239014 -0.74707 0.290649 
0.157837 0.50049 0.121826 -0.208252 -0.43457 0.313721 
0.156738 0.42236 0.118774 -0.186523 -0.15991 0.338623 
0.156250 0.34790 0.118652 -0.177490 0.3784 0.334106 
0.154663 0.23315 0.114868 -0.174072 0.9521 0.362183 
0.151978 0.8179 0.108154 -0.171875 0.488 0.393433 
0.150879 -0.7446 0.105957 -0.172241 -0.16724 0.422241 
0.152100 -0.20020 0.110840 -0.175171 -0.32715 0.449951 
0.151611 -0.34424 0.119751 -0.173706 -0.47363 0.475708 
0.151611 -0.50903 0.127686 -0.161987 -0.62622 0.500366 
0.160522 -0.66040 0.137451 -0.141968 -0.72144 0.518799 
0.173706 -0.77881 0.146240 -0.120361 -0.78857 0.528076 
0.187012 -0.77881 0.143921 -0.94116 -0.85938 0.531372 
0.186279 -0.94238 0.134888 -0.61035 -0.92896 0.530884 
0.180176 -0.108276 0.129761 -0.34058 -0.97534 0.530884 
0.178223 -0.120605 0.132080 -0.15869 -0.100342 0.531372 
0.177856 -0.133179 0.132080 0.4028 -0.104004 0.531250 
0.188477 -0.142212 0.138794 0.2563 -0.103638 0.529053 
0.200684 -0.162231 0.137573 0.35278 -0.104004 0.515503 
0.212036 -0.172607 0.138916 0.66528 -0.102539 0.502197 
0.235718 -0.182739 0.139526 0.87158 -0.96191 0.484375 
0.258667 -0.192993 0.140991 0.100342 -0.120117 0.456177 
0.272339 -0.196533 0.146118 0.110962 -0.88867 0.425049 
0.274292 -0.198730 0.150879 0.122437 -0.82886 0.393311 
0.266480 -0.197876 0.154053 0.137451 -0.82153 0.393311 
0.252930 -0.197388 0.157837 0.154907 -0.88379 0.363892 
0.239624 -0.198242 0.163086 0.174927 -0.100464 0.332642 
0.229248 -0.200439 0.166016 0.199707 -0.116821 0.306885 
0.219238 -0.206543 0.160645 0.229980 -0.135742 0.282837 
0.241577 -0.213379 0.145508 0.264038 -0.150269 0.258423 
0.210327 -0.218018 0.126465 0.293335 -0.156494 0.233643 
0.206909 -0.221558 0.111450 0.306152 -0.157959 0.208252 
0.207275 -0.224731 0.102051 0.303345 -0.159424 0.183716 
0.208740 -0.225342 0.96680 0.296143 -0.163818 0.161499 
0.213379 -0.225342 0.92529 0.287842 -0.170654 0.140503 
0.219727 -0.224365 0.90698 0.275635 -0.177979 0.117065 
0.226196 -0.221313 0.91675 0.260620 -0.184937 0.90454 
0.230957 -0.217529 0.91675 0.248047 -0.191895 0.61157 
0.234985 -0.213745 0.94360 0.241211 -0.199829 0.28564 
0.237305 -0.210083 0.96924 0.241455 -0.208618 -0.6348 
0.240723 -0.207764 0.96802 0.241455 -0.218506 -0.43457 
0.247314 -0.205811 0.93750 0.244141 -0.229370 -0.83496 
0.255005 -0.203735 0.89722 0.243408 -0.238159 -0.125244 
0.259644 -0.202881 0.83496 0.238770 -0.238892 -0.167603 
0.257202 -0.201050 0.76660 0.233398 -0.238892 -0.206909 
0.247070 -0.195679 0.71655 0.226074 -0.230469 -0.205444 
0.236328 -0.188232 0.65918 0.218018 -0.216187 -0.225586 
0.233398 -0.178833 0.59448 0.209839 -0.200317 -0.256836 
0.238647 -0.169678 0.54321 0.197510 -0.185669 -0.269409 
0.250610 -0.161743 0.51758 0.179565 -0.175537 -0.280396 
0.265991 -0.157105 0.49438 0.159546 -0.170898 -0.293335 
0.265991 -0.156128 0.45776 0.141602 -0.169312 -0.312500 
0.276611 -0.156738 0.41504 0.127808 -0.168457 -0.339600 
0.272583 -0.178833 0.42725 0.116577 -0.168945 -0.372070 
0.254517 -0.135010 0.47241 0.108276 -0.169312 -0.397583 
0.228760 -0.135010 0.50903 0.105591 -0.167358 -0.409180 
0.207520 -0.120239 0.50049 0.106445 -0.162476 -0.407227 
0.199219 -0.105347 0.44312 0.106079 -0.152832 -0.397461 
0.204712 -0.93140 0.44312 0.99609 -0.139038 -0.386353 
0.222046 -0.82031 0.35400 0.84717 -0.122803 -0.378296 
0.244141 -0.77148 0.24292 0.92896 -0.104492 -0.378052 
0.263794 -0.76904 0.10986 0.61646 -0.83862 -0.389648 
0.269409 -0.79956 -0.732 0.32715 -0.61646 -0.413818 
0.257690 -0.73730 -0.1221 -0.366 -0.39917 -0.435547 
0.236084 -0.63354 0.6592 -0.33081 -0.52856 -0.446533 
0.214844 -0.47729 0.18555 -0.56396 -0.21606 -0.445435 
0.202148 -0.30762 0.31494 -0.69458 -0.10132 -0.465454 
0.201416 -0.16235 0.42114 -0.78125 -0.6714 -0.418335 
0.206787 -0.4761 0.47974 -0.84473 -0.7935 -0.418335 
0.215942 0.1465 0.48706 -0.88501 -0.10254 -0.402710 
0.223145 0.5615 0.43213 -0.93872 -0.10132 -0.390869 
0.248779 0.5005 0.34058 -0.101807 -0.4395 -0.386230 
0.201904 0.13916 0.30518 -0.113403 0.6592 -0.389404 
0.201904 0.24170 0.33569 -0.130127 0.20996 -0.389771 
0.180176 0.7568 0.42603 -0.147339 0.35889 -0.382202 
0.165283 0.52490 0.53833 -0.160645 0.50781 -0.365234 
0.160156 0.52490 0.63843 -0.165771 0.62988 -0.345093 
0.159912 0.64697 0.70923 -0.162231 0.69824 -0.325195 
0.162720 0.73853 0.73120 -0.154785 0.73975 -0.306885 
0.166260 0.79224 0.73120 -0.149170 0.78491 -0.291992 
0.166138 0.84961 0.73364 -0.148682 0.83374 -0.280273 
0.159790 0.92041 0.74829 -0.151611 0.87280 -0.268066 
0.147949 0.100098 0.79346 -0.155640 0.88135 -0.252441 
0.139038 0.108154 0.87769 -0.155640 0.85327 -0.232056 
0.138428 0.116577 0.98511 -0.159668 0.80078 -0.209717 
0.139893 0.123779 0.110962 -0.160278 0.71167 -0.186768 
0.143188 0.130249 0.122559 -0.156860 0.71167 -0.164185 
0.148926 0.133911 0.130249 -0.149536 0.59692 -0.145264 
0.152588 0.136475 0.134155 -0.139038 0.47241 -0.128906 
0.153809 0.138306 0.135620 -0.128662 0.34546 -0.128906 
0.153687 0.138550 0.135864 -0.119751 0.23315 -0.114014 
0.153442 0.140747 0.137573 -0.111938 0.13794 -0.101196 
0.152222 0.143677 0.141235 -0.104248 0.6104 -0.88257 
0.153320 0.144409 0.144531 -0.95337 -0.610 -0.73486 
0.153320 0.144165 0.146118 -0.84595 -0.6836 -0.58960 
