0.232300 0.95337 0.32593 0.30884 0.2075 -0.1587 
0.234985 0.95093 0.34302 -0.366 -0.3662 -0.3052 
0.237793 0.94971 0.36255 0.854 -0.8423 -0.4395 
0.239380 0.94238 0.35767 0.3052 -0.9277 -0.5981 
0.239624 0.93872 0.34180 0.4272 -0.9277 -0.6714 
0.240845 0.93750 0.33325 0.3296 -0.6470 -0.7690 
0.241699 0.93994 0.33203 0.1831 -0.1709 -0.8667 
0.241577 0.93872 0.32593 0.488 0.3906 -0.8667 
0.240112 0.93750 0.31250 -0.1221 0.8911 -0.9277 
0.239624 0.93994 0.31616 -0.2930 0.11597 -0.8789 
0.239502 0.94238 0.33447 -0.3052 0.11230 -0.7813 
0.240112 0.94849 0.36255 -0.610 0.7324 -0.6958 
0.240112 0.94849 0.37109 0.4639 0.1099 -0.7080 
0.238892 0.94604 0.35889 0.9888 -0.5127 -0.7446 
0.235962 0.94971 0.33569 0.13428 -0.10010 -0.7446 
0.232544 0.94971 0.31494 0.14648 -0.13184 -0.7446 
0.231812 0.95337 0.28442 0.14526 -0.14404 -0.6592 
0.230103 0.95581 0.24292 0.11230 -0.13672 -0.5371 
0.229248 0.96924 0.24292 0.4150 -0.11719 -0.3418 
0.227295 0.97778 0.19287 -0.7813 -0.6836 0.1343 
0.225830 0.97778 0.15503 -0.19165 -0.2441 0.6958 
0.233154 0.97046 0.19043 -0.17334 -0.732 0.8301 
0.237915 0.95093 0.18311 -0.17334 0.122 0.6836 
0.239746 0.93872 0.11841 -0.11230 0.610 0.4517 
0.242188 0.93384 0.8301 -0.11597 0.1099 0.2075 
0.244873 0.92163 0.8423 -0.14771 0.1099 -0.1221 
0.245850 0.91187 0.7324 -0.15259 0.1831 -0.4517 
0.246216 0.89722 0.3906 -0.15137 0.3052 -0.7690 
0.245972 0.88623 0.854 -0.16968 0.4761 -0.7690 
0.246948 0.87524 -0.1831 -0.20630 0.5859 -0.10376 
0.249390 0.85938 -0.4761 -0.24536 0.6104 -0.12695 
0.220581 0.84351 -0.7935 -0.28320 0.6348 -0.15381 
0.252319 0.83130 -0.11108 -0.32349 0.7324 -0.18677 
0.252319 0.82764 -0.13794 -0.36987 0.9766 -0.22339 
0.250488 0.82764 -0.16724 -0.42480 0.14038 -0.25513 
0.246704 0.81543 -0.22095 -0.48706 0.19653 -0.27466 
0.243286 0.81543 -0.26611 -0.57495 0.27100 -0.28809 
0.242310 0.80444 -0.30273 -0.70068 0.37231 -0.31128 
0.240845 0.78247 -0.5737 -0.83252 0.48340 -0.33813 
0.239014 0.76050 -0.36987 -0.97656 0.60669 -0.36499 
0.236694 0.73364 -0.43579 -0.118042 0.73242 -0.39795 
0.232300 0.68726 -0.48828 -0.114136 0.84229 -0.42969 
0.227661 0.65918 -0.47729 -0.149658 0.88135 -0.44800 
0.222656 0.65796 -0.36133 -0.180908 0.84351 -0.44678 
0.217529 0.67871 -0.15503 -0.218140 0.73242 -0.42725 
0.210205 0.71289 0.8179 -0.248413 0.87769 -0.38452 
0.198608 0.73486 0.26245 -0.268433 0.56519 -0.30640 
0.186523 0.78125 0.40527 -0.279663 0.36499 -0.17212 
0.174194 0.83618 0.55908 -0.288330 0.18799 -0.29541 
0.161133 0.89722 0.70435 -0.293213 0.6104 0.28931 
0.153076 0.93750 0.82764 -0.293945 -0.6104 0.28931 
0.149414 0.96313 0.91187 -0.293091 -0.17944 0.63110 
0.146362 0.98389 0.97046 -0.291504 -0.30640 0.100342 
0.141113 0.98755 0.102051 -0.288452 -0.45166 0.138550 
0.141113 0.93872 0.105469 -0.282471 -0.59082 0.177124 
0.132935 0.84473 0.111328 -0.274414 -0.71045 0.217041 
0.128052 0.70557 0.120361 -0.265625 -0.78735 0.258423 
0.127563 0.70557 0.128052 -0.250610 -0.78613 0.298340 
0.126831 0.56274 0.135620 -0.229858 -0.73975 0.337524 
0.129028 0.41748 0.142334 -0.209717 -0.66406 0.376221 
0.133545 0.24536 0.144653 -0.188843 -0.57373 0.413208 
0.138306 0.5981 0.144653 -0.168091 -0.51270 0.447632 
0.143799 -0.14648 0.141968 -0.181641 -0.49072 0.477661 
0.149536 -0.33813 0.139038 -0.136963 -0.48706 0.504272 
0.159912 -0.52002 0.140747 -0.136963 -0.47363 0.525147 
0.171997 -0.70068 0.144043 -0.123413 -0.47363 0.536621 
0.180542 -0.85571 0.149292 -0.103516 -0.51392 0.542603 
0.188110 -0.96802 0.152832 -0.80200 -0.51392 0.546875 
0.196655 -0.109131 0.156128 -0.57129 -0.58838 0.546631 
0.201294 -0.123901 0.156738 -0.32715 -0.68359 0.541260 
0.209961 -0.135254 0.155518 -0.3052 -0.76904 0.533447 
0.226685 -0.147339 0.151978 0.29175 -0.79346 0.533447 
0.230713 -0.161987 0.145996 0.63599 -0.78369 0.518799 
0.234497 -0.168213 0.141968 0.91064 -0.83618 0.497314 
0.243530 -0.174683 0.142212 0.105957 -0.89478 0.478638 
0.243530 -0.178833 0.146851 0.116333 -0.93262 0.458984 
0.252686 -0.181885 0.152344 0.131104 -0.96802 0.437378 
0.260498 -0.185303 0.154541 0.151367 -0.102661 0.413452 
0.263184 -0.185303 0.153809 0.174927 -0.109253 0.386963 
0.255859 -0.188965 0.151367 0.198486 -0.115356 0.359863 
0.247192 -0.192017 0.148682 0.222534 -0.119995 0.333984 
0.239746 -0.195068 0.145752 0.246704 -0.125244 0.309570 
0.236694 -0.199463 0.145752 0.271118 -0.130981 0.286133 
0.236450 -0.204224 0.141846 0.263062 -0.138672 0.262695 
0.233765 -0.207886 0.136230 0.282837 -0.149780 0.240112 
0.228760 -0.210693 0.129150 0.314087 -0.164551 0.218872 
0.222534 -0.212646 0.123291 0.329224 -0.183472 0.199707 
0.218506 -0.214233 0.117554 0.339600 -0.174683 0.181152 
0.214966 -0.215454 0.111572 0.346802 -0.198120 0.161255 
0.213257 -0.217407 0.105591 0.351563 -0.229370 0.139038 
0.218018 -0.220703 0.97290 0.354980 -0.249268 0.144409 
0.228394 -0.224731 0.87280 0.356445 -0.261230 0.113647 
0.240845 -0.226196 0.76538 0.351685 -0.264160 0.82397 
0.252319 -0.226074 0.67383 0.339111 -0.260010 0.48584 
0.262817 -0.225464 0.58350 0.321411 -0.250855 0.13550 
0.270264 -0.226196 0.48706 0.302246 -0.237671 -0.22095 
0.270264 -0.224854 0.38940 0.281372 -0.220825 -0.60303 
0.273071 -0.222290 0.30518 0.255615 -0.201538 -0.99487 
0.272827 -0.248901 0.25146 0.224976 -0.181152 -0.138184 
0.271118 -0.210083 0.24048 0.191284 -0.162354 -0.175659 
0.269043 -0.210083 0.25269 0.157715 -0.147339 -0.209473 
0.268066 -0.202515 0.28442 0.127441 -0.135986 -0.239502 
0.269653 -0.194092 0.30762 0.100464 -0.128662 -0.266480 
0.271484 -0.186279 0.30762 0.76904 -0.124268 -0.292969 
0.269165 -0.179199 0.32715 0.57129 -0.120850 -0.320435 
0.259888 -0.171753 0.34424 0.39795 -0.117554 -0.346191 
0.245728 -0.161133 0.38452 0.39795 -0.114624 -0.365356 
0.233398 -0.150513 0.41748 0.23438 -0.111694 -0.375855 
0.226440 -0.140381 0.42603 0.12207 -0.107300 -0.380493 
0.220825 -0.128662 0.41992 0.7568 -0.99976 -0.381714 
0.218018 -0.116821 0.39917 0.4761 -0.99976 -0.380493 
0.222778 -0.106567 0.36743 -0.488 -0.91553 -0.379150 
0.234009 -0.97778 0.33325 -0.9155 -0.83130 -0.381592 
0.243652 -0.94482 0.27222 -0.18677 -0.75439 -0.381592 
0.246094 -0.92285 0.22339 -0.27222 -0.68848 -0.391235 
0.241089 -0.84839 0.21606 -0.38696 -0.63477 -0.407471 
0.232666 -0.77271 0.23682 -0.51758 -0.59326 -0.422241 
0.232666 -0.66650 0.25391 -0.61646 -0.55786 -0.431030 
0.227539 -0.57739 0.24902 -0.67627 -0.52246 -0.432861 
0.224976 -0.49927 0.22949 -0.72144 -0.48706 -0.432007 
0.227783 -0.41382 0.18555 -0.78735 -0.43457 -0.430054 
0.232666 -0.41382 0.14160 -0.87524 -0.34424 -0.429565 
0.227539 -0.38208 0.11597 -0.99609 -0.22339 -0.432007 
0.212158 -0.30151 0.13428 -0.114624 -0.8667 -0.430298 
0.191895 -0.18066 0.13428 -0.130981 0.4883 -0.420166 
0.175903 -0.3052 0.18433 -0.146118 0.16357 -0.402344 
0.170532 0.11108 0.28320 -0.126465 0.24170 -0.380859 
0.174438 0.22461 0.38452 -0.162354 0.30151 -0.361328 
0.182007 0.32104 0.44800 -0.162354 0.35400 -0.347290 
0.186523 0.39551 0.46631 -0.160278 0.40283 -0.339233 
0.186279 0.46753 0.44800 -0.156982 0.47119 -0.333862 
0.182129 0.54443 0.45776 -0.158325 0.47119 -0.327271 
0.177368 0.63232 0.52856 -0.166992 0.54688 -0.317749 
0.171021 0.75073 0.66040 -0.177002 0.60181 -0.336060 
0.162354 0.88501 0.79712 -0.180786 0.60669 -0.304810 
0.153687 0.100586 0.91797 -0.176025 0.55298 -0.287598 
0.145874 0.110352 0.99365 -0.165649 0.45776 -0.266724 
0.140259 0.117920 0.103760 -0.151733 0.36133 -0.243652 
0.137207 0.123901 0.106445 -0.137573 0.26855 -0.218994 
0.137207 0.128540 0.109497 -0.125122 0.19775 -0.192749 
0.136353 0.133301 0.115601 -0.114868 0.15137 -0.166992 
0.138062 0.136597 0.122437 -0.105713 0.12085 -0.141846 
0.142944 0.136597 0.127808 -0.94604 0.9399 -0.118042 
0.150879 0.138428 0.130981 -0.82153 0.6714 -0.97168 
0.160645 0.137451 0.132202 -0.69946 0.4272 -0.81177 
0.170532 0.136475 0.132202 -0.59082 0.2075 -0.69702 
0.177734 0.135498 0.131958 -0.49561 -0.732 -0.60547 
0.181641 0.136108 0.130493 -0.41504 -0.4150 -0.51758 
0.182861 0.136108 0.129395 -0.35278 -0.9399 -0.43945 
0.185791 0.137085 0.128906 -0.35278 -0.13794 -0.34058 
