0.231323 0.99854 0.31982 -0.854 -0.5615 -0.3296 
0.230103 0.100830 0.30762 -0.5249 -0.5737 -0.3296 
0.230591 0.101318 0.29907 -0.8789 -0.7080 -0.2319 
0.231201 0.100464 0.28809 -0.9766 -0.8667 -0.2563 
0.231812 0.99731 0.27710 -0.8667 -0.9155 -0.3052 
0.232422 0.99121 0.27588 -0.5615 -0.7813 -0.3174 
0.232422 0.98755 0.28931 -0.2197 -0.4883 -0.3052 
0.233398 0.98267 0.31128 0.1343 -0.1221 -0.3052 
0.234375 0.98511 0.32837 0.5005 0.1953 -0.3052 
0.235107 0.98511 0.34668 0.7446 0.3174 -0.2930 
0.235596 0.98877 0.35278 0.9521 0.1953 -0.2441 
0.235962 0.99487 0.35522 0.10742 -0.1099 -0.1709 
0.236938 0.99609 0.35522 0.12695 -0.4639 -0.1587 
0.239014 0.99854 0.36011 0.15259 -0.7813 -0.2808 
0.241455 0.99487 0.35889 0.17700 -0.10132 -0.5493 
0.243774 0.99121 0.35522 0.19897 -0.12451 -0.9399 
0.243530 0.98755 0.33081 0.19897 -0.13550 -0.11841 
0.239380 0.98511 0.26733 0.18799 -0.13550 -0.10986 
0.232788 0.99731 0.23071 0.10254 -0.14160 -0.6470 
0.232300 0.101318 0.22705 0.488 -0.14160 -0.3174 
0.231323 0.101685 0.24048 -0.3540 -0.15381 -0.1221 
0.231201 0.102173 0.20386 -0.732 -0.17212 -0.122 
0.232300 0.101440 0.16113 0.610 -0.18311 -0.122 
0.233521 0.100220 0.14038 -0.977 -0.17700 -0.244 
0.234253 0.99854 0.13062 -0.2930 -0.15503 -0.854 
0.234131 0.100220 0.12939 -0.5005 -0.12573 -0.1465 
0.233765 0.100830 0.13916 -0.8179 -0.10010 -0.1709 
0.233765 0.101440 0.14893 -0.10986 -0.8789 -0.1099 
0.234985 0.101196 0.14160 -0.12573 -0.8789 -0.366 
0.237305 0.101440 0.11230 -0.13428 -0.9888 0.00 
0.239990 0.101440 0.8179 -0.15137 -0.11108 -0.122 
0.242676 0.99487 0.4761 -0.17822 -0.11353 -0.1099 
0.245850 0.98999 0.854 -0.20386 -0.11108 -0.2686 
0.246948 0.97046 0.27588 -0.23315 -0.9888 -0.5493 
0.247437 0.96191 -0.3662 -0.27100 -0.6958 -0.9033 
0.246460 0.95947 -0.8911 -0.977 -0.2319 -0.14160 
0.244263 0.95947 -0.14526 -0.39307 0.4639 -0.19897 
0.239014 0.95459 -0.18066 -0.39307 0.12817 -0.23560 
0.232056 0.96436 -0.20142 -0.46875 0.20996 -0.23193 
0.227539 0.96924 -0.23438 -0.52246 0.30029 -0.20508 
0.224243 0.96680 -0.28198 -0.56396 0.30029 -0.17212 
0.224121 0.95337 -0.34180 -0.61890 0.38452 -0.10376 
0.215820 0.92285 -0.38452 -0.69824 0.43945 -0.3662 
0.207153 0.91064 -0.42725 -0.83618 0.47729 -0.26611 
0.203613 0.88745 -0.45776 -0.104126 0.46265 0.4639 
0.204102 0.86182 -0.45166 -0.129395 0.39673 0.13672 
0.200317 0.83984 -0.38940 -0.156250 0.33447 0.22217 
0.194458 0.83252 -0.24658 -0.183350 0.27832 0.31250 
0.194458 0.86670 -0.4761 -0.205811 0.22949 0.43579 
0.185181 0.94727 0.12939 -0.219238 0.20386 0.62012 
0.173584 0.103760 0.30396 -0.228271 0.17334 0.88257 
0.160034 0.103760 0.46021 -0.236084 0.10010 0.121948 
0.146851 0.109009 0.55664 -0.238525 -0.4517 0.163696 
0.137329 0.107178 0.61279 -0.236206 -0.24170 0.209961 
0.133301 0.97168 0.37964 -0.232910 -0.43457 0.255737 
0.133789 0.82275 0.69214 -0.227295 -0.56763 0.298950 
0.136475 0.65430 0.81055 -0.245361 -0.58838 0.337036 
0.141113 0.48828 0.91064 -0.195068 -0.52734 0.371704 
0.145142 0.32227 0.99365 -0.195068 -0.40161 0.404053 
0.147217 0.17334 0.107910 -0.176880 -0.25391 0.434937 
0.150635 0.3296 0.116333 -0.163696 -0.14404 0.464478 
0.156982 -0.12329 0.121582 -0.152954 -0.14404 0.489380 
0.164795 -0.32471 0.122559 -0.140381 -0.9277 0.506958 
0.173218 -0.51880 0.125366 -0.125122 -0.6958 0.520996 
0.181641 -0.68359 0.133423 -0.110840 -0.4272 0.501953 
0.190796 -0.82764 0.144653 -0.96680 -0.2441 0.533203 
0.200806 -0.94238 0.156250 -0.78613 -0.4272 0.542358 
0.211060 -0.106689 0.165405 -0.57861 -0.11475 0.546875 
0.217041 -0.121216 0.170532 -0.32471 -0.22339 0.544922 
0.217041 -0.135254 0.172607 0.854 -0.32227 0.537231 
0.221802 -0.148682 0.176270 0.37354 -0.39673 0.525757 
0.231689 -0.129150 0.182983 0.73120 -0.44922 0.508789 
0.246948 -0.169678 0.191895 0.110229 -0.48950 0.484741 
0.261353 -0.169678 0.198608 0.149902 -0.50781 0.457764 
0.276001 -0.177368 0.201904 0.191895 -0.47974 0.428711 
0.288208 -0.182983 0.190308 0.236084 -0.40894 0.396606 
0.286011 -0.194214 0.190308 0.280029 -0.33447 0.359253 
0.266724 -0.200562 0.175171 0.307129 -0.28809 0.326172 
0.251343 -0.197632 0.159424 0.288940 -0.28931 0.306030 
0.242188 -0.196655 0.148682 0.320190 -0.38452 0.290772 
0.239014 -0.197388 0.141357 0.327759 -0.55420 0.276489 
0.239136 -0.202148 0.131836 0.334595 -0.41626 0.259521 
0.239502 -0.205200 0.118652 0.341309 -0.88623 0.238647 
0.240479 -0.205444 0.106323 0.341553 -0.88623 0.215576 
0.245850 -0.205933 0.98511 0.333130 -0.103394 0.189087 
0.255371 -0.206909 0.93872 0.321289 -0.118774 0.188599 
0.268066 -0.206909 0.91064 0.308960 -0.133179 0.157349 
0.280396 -0.206543 0.90698 0.296265 -0.145996 0.120605 
0.293213 -0.204102 0.90210 0.284058 -0.156616 0.79834 
0.302368 -0.203369 0.87769 0.274780 -0.164795 0.36133 
0.302368 -0.205566 0.81177 0.270264 -0.169678 -0.11963 
0.301025 -0.204834 0.71533 0.269165 -0.170410 -0.62866 
0.290283 -0.200073 0.61768 0.265503 -0.168457 -0.110229 
0.276123 -0.193359 0.54199 0.254517 -0.164185 -0.149780 
0.263672 -0.193359 0.51514 0.236206 -0.160156 -0.180786 
0.256958 -0.184814 0.53711 0.214111 -0.158081 -0.204956 
0.253784 -0.175537 0.57129 0.194336 -0.157593 -0.224365 
0.252197 -0.166260 0.57129 0.179810 -0.158447 -0.240479 
0.251831 -0.157105 0.58716 0.167603 -0.159912 -0.255005 
0.253662 -0.147095 0.59692 0.184448 -0.161987 -0.270386 
0.259521 -0.137695 0.60425 0.153198 -0.164673 -0.287720 
0.270264 -0.135376 0.60181 0.136597 -0.166504 -0.310059 
0.281494 -0.134033 0.58960 0.117798 -0.166626 -0.339233 
0.286011 -0.134644 0.56152 0.99854 -0.164673 -0.373779 
0.275147 -0.130005 0.52368 0.88989 -0.164673 -0.405884 
0.257446 -0.123535 0.50171 0.85449 -0.161865 -0.395752 
0.240479 -0.109985 0.44556 0.82397 -0.157715 -0.433716 
0.228882 -0.97534 0.35400 0.77881 -0.150513 -0.433716 
0.223877 -0.86548 0.24658 0.69580 -0.140259 -0.431152 
0.225830 -0.73975 0.12817 0.54810 -0.127441 -0.423218 
0.229004 -0.67017 0.1587 0.34790 -0.112671 -0.413208 
0.229858 -0.62866 -0.5371 0.9766 -0.98511 -0.407349 
0.229858 -0.57617 -0.7080 -0.19287 -0.85083 -0.405518 
0.232300 -0.51392 -0.5005 -0.49316 -0.72144 -0.404907 
0.233276 -0.41626 -0.1343 -0.75073 -0.62012 -0.406616 
0.229858 -0.41626 0.1465 -0.93506 -0.54688 -0.409790 
0.216797 -0.29419 0.1343 -0.106934 -0.48950 -0.410522 
0.199341 -0.15015 0.30884 -0.119385 -0.41626 -0.404175 
0.182983 -0.977 -0.366 -0.135132 -0.31006 -0.390259 
0.174683 0.13428 0.977 -0.155029 -0.18921 -0.370728 
0.175415 0.21606 0.5981 -0.142944 -0.6592 -0.352783 
0.180298 0.27832 0.16602 -0.158691 0.5005 -0.339233 
0.185669 0.36133 0.27222 -0.189941 0.15625 -0.328735 
0.187256 0.45410 0.34058 -0.198242 0.23438 -0.320557 
0.181763 0.54932 0.36499 -0.199829 0.28076 -0.312134 
0.171631 0.66406 0.38452 -0.201294 0.28076 -0.300171 
0.160034 0.77271 0.42603 -0.206055 0.31128 -0.284546 
0.150879 0.88501 0.52002 -0.211792 0.32227 -0.296997 
0.148560 0.97534 0.61890 -0.214966 0.29419 -0.265747 
0.151123 0.104858 0.73242 -0.212280 0.22461 -0.245972 
0.157715 0.109741 0.83862 -0.205444 0.13550 -0.227295 
0.164551 0.113770 0.92407 -0.195190 0.4883 -0.211548 
0.166016 0.118408 0.99976 -0.182373 -0.1587 -0.199219 
0.166016 0.125000 0.106812 -0.170044 -0.5859 -0.187378 
0.162354 0.132324 0.114014 -0.158325 -0.8911 -0.173462 
0.156860 0.138794 0.123047 -0.146973 -0.11841 -0.155884 
0.154297 0.138794 0.130981 -0.133301 -0.13062 -0.136475 
0.154297 0.143677 0.135742 -0.114990 -0.14038 -0.117554 
0.156738 0.146362 0.135986 -0.94116 -0.15503 -0.99854 
0.161743 0.146362 0.135986 -0.74463 -0.15991 -0.83740 
0.168823 0.143921 0.133423 -0.59448 -0.15747 -0.70435 
0.176636 0.140381 0.130371 -0.48462 -0.15503 -0.59814 
0.182983 0.136719 0.128540 -0.39185 -0.14771 -0.51025 
0.186890 0.134521 0.125854 -0.39185 -0.15869 -0.45166 
0.192871 0.134277 0.122070 -0.30884 -0.16724 -0.41016 
0.193359 0.132568 0.118530 -0.24414 -0.16602 -0.35156 
0.193970 0.132935 0.114990 -0.19897 -0.16602 -0.28809 
0.194824 0.132690 0.112183 -0.15991 -0.16357 -0.23926 
0.196167 0.133423 0.110107 -0.13306 -0.16113 -0.20630 
0.196045 0.134155 0.109619 -0.10620 -0.15991 -0.20630 
