0.229492 0.107178 0.38208 0.122 -0.244 -0.3296 
0.231934 0.107178 0.38086 0.3784 -0.1221 -0.2808 
0.230835 0.107056 0.37476 0.6714 -0.4883 -0.3784 
0.230713 0.106445 0.36987 0.7202 -0.8057 -0.4395 
0.231079 0.105591 0.36987 0.5493 -0.9521 -0.4517 
0.231445 0.104858 0.36255 0.3174 -0.9277 -0.4639 
0.232300 0.104492 0.35767 0.977 -0.7935 -0.5249 
0.232788 0.104614 0.35889 0.30518 -0.5737 -0.5859 
0.232300 0.104858 0.36011 -0.732 -0.3174 -0.6104 
0.231567 0.105713 0.35889 -0.1709 -0.732 -0.5493 
0.229614 0.106079 0.34912 -0.2319 -0.28320 -0.3540 
0.226440 0.106445 0.33081 -0.3296 0.2930 -0.366 
0.225708 0.107056 0.32593 -0.5127 0.7935 0.2075 
0.228149 0.106934 0.34668 -0.4883 0.11230 0.2319 
0.230469 0.106934 0.36011 -0.244 0.11353 0.2319 
0.231323 0.106934 0.35767 0.6226 0.7813 0.1099 
0.231812 0.107300 0.34180 0.11963 0.977 -0.244 
0.232910 0.107178 0.30640 0.15137 -0.8179 -0.366 
0.233398 0.107178 0.25024 0.16113 -0.14771 -0.488 
0.233398 0.105225 0.11841 0.10010 -0.18433 0.366 
0.233521 0.102783 0.9766 -0.5981 -0.16846 0.1343 
0.233276 0.100952 0.9521 -0.14160 -0.12329 0.4395 
0.239502 0.100952 0.6104 -0.15625 -0.8057 0.4395 
0.245361 0.98755 -0.977 -0.18921 -0.3418 0.3174 
0.250855 0.95093 -0.13428 -0.24048 -0.977 0.1221 
0.257202 0.89966 -0.13428 -0.32349 -0.244 -0.1465 
0.265015 0.85571 -0.28809 -0.47241 0.1831 -0.7202 
0.270020 0.82886 -0.41260 -0.33936 0.6348 -0.15991 
0.269287 0.82397 -0.50049 -0.82153 0.10254 -0.25269 
0.265747 0.83984 -0.56763 -0.82153 0.14771 -0.33813 
0.259277 0.85938 -0.61401 -0.98267 0.21118 -0.40894 
0.250977 0.87769 -0.64819 -0.112915 0.30273 -0.46509 
0.241699 0.88745 -0.67993 -0.124878 0.30273 -0.51025 
0.230713 0.87646 -0.70923 -0.135986 0.42236 -0.53345 
0.219360 0.85083 -0.72021 -0.149048 0.55908 -0.51758 
0.210693 0.82520 -0.67261 -0.166992 0.68359 -0.46021 
0.200073 0.82153 -0.54565 -0.191650 0.75684 -0.46021 
0.192993 0.82153 -0.36377 -0.220337 0.73120 -0.36621 
0.190552 0.83984 -0.10864 -0.249512 0.59814 -0.23682 
0.187744 0.83374 0.17212 -0.272827 0.41626 -0.10254 
0.187744 0.82764 0.35522 -0.281372 0.27710 0.2441 
0.181519 0.82275 0.41626 -0.278931 0.22339 0.17578 
0.169067 0.87646 0.55298 -0.282349 0.26001 0.38208 
0.151001 0.87646 0.78857 -0.293823 0.37598 0.68237 
0.132935 0.96191 0.103271 -0.299805 0.45654 0.109985 
0.112915 0.104370 0.119385 -0.298706 0.41504 0.160767 
0.93994 0.107300 0.97900 -0.295410 0.23071 0.218140 
0.81909 0.97412 0.129150 -0.288330 -0.3174 0.278931 
0.76782 0.78003 0.136597 -0.304932 -0.25635 0.338745 
0.80688 0.49438 0.151489 -0.251465 -0.35645 0.390991 
0.100952 0.25146 0.168579 -0.251465 -0.30762 0.434082 
0.130493 0.8545 0.177124 -0.217285 -0.19287 0.461670 
0.149414 -0.3174 0.177368 -0.180298 -0.10742 0.480103 
0.156616 -0.12085 0.172852 -0.152344 -0.10742 0.499390 
0.163086 -0.20874 0.166870 -0.134521 -0.8423 0.518188 
0.161865 -0.34668 0.163452 -0.123291 -0.7568 0.502808 
0.155762 -0.51514 0.160156 -0.112305 -0.7324 0.548706 
0.147827 -0.69092 0.163574 -0.100220 -0.8789 0.548706 
0.145508 -0.86182 0.169067 -0.89355 -0.12207 0.565430 
0.154663 -0.101685 0.175659 -0.76660 -0.21240 0.580811 
0.144531 -0.117065 0.186279 -0.57861 -0.30884 0.588623 
0.175781 -0.140503 0.192749 -0.30029 -0.35400 0.583984 
0.194458 -0.155518 0.196045 0.2441 -0.46265 0.565552 
0.209473 -0.132324 0.198730 0.31738 -0.63477 0.544678 
0.222046 -0.163574 0.204712 0.55908 -0.78369 0.523071 
0.231323 -0.168213 0.213379 0.79102 -0.91309 0.498779 
0.236206 -0.170532 0.218384 0.106934 -0.104126 0.473877 
0.233643 -0.175415 0.216675 0.140381 -0.114746 0.449463 
0.224121 -0.180054 0.216675 0.174316 -0.120361 0.428223 
0.215942 -0.183472 0.210815 0.171509 -0.122192 0.410156 
0.219605 -0.186523 0.206177 0.195313 -0.121826 0.392578 
0.231689 -0.192749 0.200806 0.226563 -0.120605 0.369629 
0.242432 -0.199463 0.195801 0.248901 -0.119873 0.342407 
0.247803 -0.203735 0.189819 0.269043 -0.123047 0.312744 
0.247559 -0.206421 0.183594 0.285278 -0.123047 0.282837 
0.240723 -0.209473 0.177002 0.299194 -0.131470 0.254272 
0.231567 -0.213379 0.166992 0.313355 -0.143799 0.259033 
0.224121 -0.218262 0.153320 0.327271 -0.155884 0.232666 
0.219116 -0.224365 0.135498 0.336914 -0.165161 0.201416 
0.217896 -0.227173 0.116211 0.341309 -0.169067 0.174438 
0.220459 -0.227051 0.97656 0.338745 -0.169678 0.148071 
0.225098 -0.225342 0.83496 0.326416 -0.170898 0.121704 
0.225098 -0.222412 0.76050 0.305298 -0.172607 0.93750 
0.230225 -0.219727 0.76050 0.280884 -0.176270 0.65552 
0.239014 -0.245850 0.80688 0.257813 -0.182617 0.36377 
0.252441 -0.213379 0.86792 0.239624 -0.189941 0.4883 
0.265747 -0.213379 0.89600 0.227905 -0.195557 -0.31982 
0.273071 -0.217163 0.87524 0.224854 -0.194214 -0.74097 
0.272949 -0.221191 0.82153 0.228271 -0.183594 -0.120239 
0.268433 -0.218750 0.82153 0.232422 -0.167603 -0.166504 
0.259033 -0.213135 0.74097 0.232422 -0.150269 -0.209839 
0.248657 -0.204346 0.66650 0.225830 -0.134644 -0.245850 
0.241821 -0.193726 0.63477 0.225830 -0.123657 -0.273193 
0.242065 -0.182129 0.63965 0.212036 -0.116333 -0.294556 
0.249023 -0.169678 0.66162 0.194458 -0.111328 -0.314331 
0.253906 -0.163086 0.68726 0.177612 -0.107788 -0.337158 
0.253784 -0.155518 0.70679 0.164917 -0.107788 -0.360718 
0.247070 -0.146118 0.71411 0.157227 -0.105469 -0.348633 
0.236938 -0.135010 0.70190 0.153076 -0.103882 -0.393188 
0.227539 -0.121582 0.68604 0.148560 -0.103271 -0.393188 
0.221436 -0.106567 0.68970 0.140869 -0.103027 -0.401367 
0.220215 -0.90942 0.71167 0.129395 -0.105713 -0.405273 
0.223389 -0.79224 0.72021 0.118408 -0.112061 -0.405640 
0.223389 -0.70190 0.70923 0.110474 -0.121338 -0.406982 
0.231567 -0.66162 0.62744 0.104614 -0.130859 -0.413818 
0.235962 -0.91553 0.55664 0.101685 -0.133667 -0.428101 
0.227173 -0.48584 0.50171 0.95459 -0.128784 -0.443237 
0.210083 -0.48584 0.47607 0.83252 -0.115723 -0.448120 
0.192871 -0.36255 0.45532 0.67627 -0.99731 -0.442139 
0.182861 -0.21606 0.43213 0.53345 -0.83130 -0.427979 
0.180176 -0.7935 0.43213 0.40283 -0.67505 -0.409790 
0.186279 0.2441 0.40527 0.24048 -0.53467 -0.392578 
0.201538 0.10498 0.36987 0.4883 -0.39307 -0.380249 
0.218506 0.14893 0.31982 0.4883 -0.25513 -0.377319 
0.225830 0.15869 0.26733 -0.14648 -0.11719 -0.383911 
0.214966 0.17334 0.21851 -0.31860 -0.31006 -0.394775 
0.191040 0.30273 0.23193 -0.48828 0.9033 -0.396484 
0.166748 0.45044 0.29785 -0.68604 0.9033 -0.385376 
0.148682 0.61768 0.44922 -0.86548 0.15015 -0.394165 
0.145752 0.75562 0.61157 -0.100830 0.15015 -0.365845 
0.155518 0.85327 0.74585 -0.107666 0.11963 -0.334595 
0.169678 0.89478 0.81177 -0.106567 0.8057 -0.309326 
0.184448 0.90576 0.78613 -0.102539 0.5249 -0.292725 
0.158447 0.91675 0.69214 -0.101318 0.6714 -0.286255 
0.210815 0.94238 0.61035 -0.106689 0.13062 -0.287354 
0.179565 0.101807 0.59448 -0.119751 0.22339 -0.289307 
0.157837 0.114258 0.67871 -0.135376 0.31250 -0.283691 
0.133667 0.96924 0.85449 -0.148804 0.35767 -0.267334 
0.116455 0.128174 0.105713 -0.153564 0.34546 -0.241943 
0.112305 0.140259 0.123047 -0.146729 0.28931 -0.213989 
0.116577 0.147949 0.102783 -0.131226 0.21484 -0.188599 
0.124634 0.151123 0.134033 -0.113159 0.15625 -0.167603 
0.133423 0.151855 0.137573 -0.97412 0.12573 -0.151245 
0.138184 0.151611 0.135986 -0.118042 0.10742 -0.137939 
0.136108 0.153809 0.134155 -0.81299 0.7935 -0.123047 
0.131714 0.157715 0.135254 -0.81299 0.2563 -0.104980 
0.132446 0.160278 0.139038 -0.77393 0.27588 -0.85449 
0.141602 0.159058 0.140991 -0.71899 -0.7935 -0.70313 
0.146973 0.158691 0.140991 -0.61279 -0.7935 -0.61157 
0.150146 0.158081 0.141846 -0.52124 -0.10864 -0.52856 
0.156128 0.156250 0.142700 -0.46387 -0.11841 -0.46265 
0.161011 0.153687 0.140991 -0.39429 -0.11230 -0.46265 
0.162109 0.152710 0.137695 -0.32593 -0.10010 -0.42725 
0.162354 0.151978 0.134644 -0.28442 -0.9033 -0.39063 
0.162476 0.151611 0.131836 -0.25757 -0.8911 -0.34546 
0.162842 0.151611 0.130371 -0.23071 -0.10742 -0.29541 
0.162842 0.151855 0.128662 -0.20386 -0.13916 -0.24048 
0.162842 0.151611 0.126953 -0.16479 -0.17334 -0.18188 
0.163696 0.151489 0.125366 -0.12329 -0.20752 -0.13184 
0.162720 0.151489 0.123047 -0.8667 -0.23315 -0.7568 
