0.230957 0.99365 0.37964 0.4150 -0.9155 0.2563 
0.230469 0.100098 0.37354 0.5981 -0.9033 0.4272 
0.229858 0.100098 0.36865 0.5981 -0.8545 0.7080 
0.231201 0.99854 0.35645 0.4639 -0.8545 0.8423 
0.232910 0.99121 0.35034 0.2441 -0.7080 0.8667 
0.233521 0.98145 0.35278 0.488 -0.4883 0.8179 
0.234863 0.98389 0.35156 -0.366 -0.2563 0.8179 
0.235596 0.98145 0.35156 -0.366 -0.488 0.6958 
0.235596 0.97778 0.34668 -0.854 0.977 0.5371 
0.236572 0.97290 0.35156 -0.1465 0.1343 0.3540 
0.236938 0.97046 0.35034 -0.1465 0.610 0.1587 
0.236938 0.96802 0.34058 -0.1587 -0.1099 0.00 
0.236450 0.97168 0.33569 -0.1953 -0.3906 -0.1099 
0.236328 0.97290 0.32959 -0.2075 -0.7935 -0.1831 
0.237183 0.97290 0.33936 -0.1099 -0.13062 -0.2930 
0.239502 0.97046 0.34180 0.3052 -0.19531 -0.4883 
0.242065 0.96558 0.32349 0.8667 -0.25146 -0.7202 
0.243652 0.95825 0.32349 0.14160 -0.29541 -0.9277 
0.246826 0.95581 0.32471 0.21484 -0.32471 -0.11597 
0.246094 0.95093 0.29297 0.22461 -0.32471 -0.10986 
0.243774 0.94971 0.20142 0.13916 -0.27588 -0.6714 
0.244263 0.93384 0.14160 0.13916 -0.23682 -0.4028 
0.251221 0.90942 0.11475 0.3174 -0.19897 -0.5737 
0.255127 0.89355 0.10010 -0.3906 -0.16602 -0.9888 
0.255493 0.89600 0.8057 -0.8911 -0.16602 -0.14648 
0.254028 0.90088 0.7690 -0.14160 -0.15015 -0.18066 
0.255005 0.89844 0.7690 -0.19409 -0.14038 -0.21240 
0.257446 0.88257 0.6592 -0.22827 -0.11963 -0.21240 
0.261475 0.85327 0.2930 -0.24658 -0.7935 -0.26489 
0.262451 0.83252 -0.4395 -0.27344 -0.1953 -0.34546 
0.256958 0.82397 -0.14038 -0.34058 0.3906 -0.44189 
0.281128 0.82031 -0.21973 -0.47363 0.8301 -0.52246 
0.249878 0.82886 -0.26855 -0.66284 0.13062 -0.57983 
0.242798 0.83618 -0.29175 -0.86670 0.17700 -0.61768 
0.237061 0.83862 -0.29297 -0.106567 0.22095 -0.64941 
0.234375 0.83862 -0.26978 -0.125488 0.27100 -0.68726 
0.229980 0.85449 -0.23315 -0.144287 0.30884 -0.72021 
0.224365 0.88379 -0.15259 -0.164307 0.30884 -0.73853 
0.215942 0.91187 -0.366 -0.184204 0.24658 -0.73120 
0.205811 0.97290 -0.366 -0.199097 0.10986 -0.66895 
0.196899 0.103516 0.15381 -0.205933 -0.9033 -0.56152 
0.189087 0.110718 0.27710 -0.206543 -0.30884 -0.42114 
0.179565 0.116821 0.34546 -0.206543 -0.50781 -0.24048 
0.169312 0.120483 0.33447 -0.203491 -0.66528 -0.1099 
0.161133 0.121704 0.30762 -0.201538 -0.76416 0.27588 
0.157471 0.122192 0.31982 -0.205688 -0.76416 0.61646 
0.156494 0.125610 0.35889 -0.214722 -0.84595 0.98022 
0.151245 0.129272 0.40283 -0.224243 -0.98877 0.104980 
0.140381 0.130859 0.44312 -0.231323 -0.119507 0.146484 
0.129639 0.127808 0.49316 -0.232788 -0.139282 0.177734 
0.120361 0.119385 0.53589 -0.226563 -0.149658 0.220581 
0.111206 0.106812 0.53467 -0.211060 -0.148926 0.264771 
0.103516 0.90698 0.50049 -0.193726 -0.142334 0.312378 
0.103516 0.69580 0.49927 -0.183960 -0.134277 0.364014 
0.102905 0.44922 0.53223 -0.182251 -0.126709 0.416382 
0.113403 0.53223 0.55542 -0.177124 -0.116699 0.461548 
0.125488 0.21973 0.58228 -0.165405 -0.106567 0.497925 
0.138672 0.244 0.66162 -0.152710 -0.96680 0.524902 
0.159668 -0.22949 0.77393 -0.137329 -0.83618 0.540405 
0.189453 -0.42480 0.82764 -0.114380 -0.66040 0.543213 
0.214355 -0.58105 0.82764 -0.86914 -0.47241 0.535034 
0.223511 -0.72021 0.79956 -0.65918 -0.32227 0.525024 
0.230835 -0.81299 0.75195 -0.88013 -0.22705 0.516724 
0.237915 -0.91675 0.73608 -0.56763 -0.19897 0.505493 
0.239746 -0.101074 0.77271 -0.51880 -0.23193 0.493774 
0.235596 -0.111816 0.82764 -0.42603 -0.29175 0.484375 
0.228516 -0.120850 0.87524 -0.26978 -0.29175 0.478760 
0.225464 -0.130249 0.92529 -0.8789 -0.34546 0.474243 
0.233032 -0.134155 0.102173 0.9888 -0.36133 0.468994 
0.230469 -0.154785 0.102539 0.34180 -0.33447 0.486938 
0.225464 -0.160767 0.104126 0.61401 -0.35889 0.455688 
0.222778 -0.166992 0.108765 0.78369 -0.39551 0.446533 
0.224121 -0.173828 0.120605 0.92285 -0.42725 0.437866 
0.234131 -0.181763 0.134888 0.110962 -0.46265 0.428101 
0.234131 -0.189941 0.145142 0.137817 -0.49072 0.415894 
0.245483 -0.198242 0.148804 0.171021 -0.51270 0.398560 
0.251587 -0.205078 0.147095 0.205933 -0.54077 0.376587 
0.249390 -0.211060 0.143188 0.237061 -0.59814 0.353760 
0.241455 -0.211060 0.140137 0.263428 -0.67993 0.332520 
0.234497 -0.216797 0.136230 0.288696 -0.75195 0.313599 
0.226929 -0.224121 0.128540 0.314453 -0.79834 0.295776 
0.224121 -0.230469 0.128540 0.337280 -0.82275 0.277832 
0.222778 -0.235352 0.118408 0.352051 -0.86304 0.259155 
0.220703 -0.238770 0.107788 0.357910 -0.92896 0.239990 
0.220947 -0.241577 0.99731 0.357910 -0.101074 0.220093 
0.225464 -0.244141 0.94360 0.356812 -0.110718 0.196899 
0.231445 -0.244873 0.91797 0.351685 -0.123291 0.169678 
0.234253 -0.244263 0.91919 0.343628 -0.108643 0.139771 
0.234497 -0.242676 0.93994 0.334717 -0.139893 0.108765 
0.234009 -0.240479 0.95215 0.328125 -0.158691 0.108276 
0.235718 -0.238159 0.93994 0.324341 -0.177124 0.74707 
0.242065 -0.236328 0.89722 0.322510 -0.194214 0.43457 
0.247192 -0.236572 0.83862 0.320679 -0.207886 0.6592 
0.252563 -0.235596 0.77515 0.316772 -0.216553 -0.32104 
0.257568 -0.235718 0.68970 0.310669 -0.219238 -0.69458 
0.257568 -0.234497 0.60059 0.302246 -0.215942 -0.106812 
0.261475 -0.231689 0.51025 0.289429 -0.208496 -0.144409 
0.265747 -0.228149 0.42114 0.271362 -0.197876 -0.181274 
0.271606 -0.226074 0.33081 0.249390 -0.184326 -0.217896 
0.275513 -0.226074 0.23926 0.224976 -0.168579 -0.256470 
0.274902 -0.223999 0.18555 0.197266 -0.152832 -0.296265 
0.265991 -0.218384 0.19043 0.166138 -0.140747 -0.333496 
0.255737 -0.206909 0.19043 0.133301 -0.134277 -0.361938 
0.248413 -0.194458 0.22827 0.104004 -0.133789 -0.382324 
0.244385 -0.181641 0.29297 0.112915 -0.138428 -0.397583 
0.243164 -0.169434 0.35645 0.81665 -0.147217 -0.409302 
0.244263 -0.156372 0.40161 0.64697 -0.158569 -0.418579 
0.246216 -0.152344 0.40283 0.50171 -0.168823 -0.432373 
0.248047 -0.145508 0.40771 0.36377 -0.177979 -0.449829 
0.253296 -0.134888 0.41504 0.18677 -0.177979 -0.466919 
0.255859 -0.127319 0.40039 0.1099 -0.183350 -0.454956 
0.252197 -0.119141 0.36011 -0.9644 -0.183105 -0.473755 
0.242188 -0.109985 0.30518 -0.13916 -0.176392 -0.505005 
0.229248 -0.100098 0.22217 -0.16846 -0.162842 -0.517822 
0.215942 -0.88623 0.13184 -0.23071 -0.142456 -0.521729 
0.203247 -0.74341 0.7690 -0.36377 -0.118164 -0.518433 
0.203247 -0.59692 0.5981 -0.56396 -0.93384 -0.508179 
0.197144 -0.46997 0.5371 -0.78247 -0.69946 -0.493286 
0.196289 -0.36133 0.4028 -0.96558 -0.48828 -0.479248 
0.197021 -0.56763 0.00 -0.112793 -0.29297 -0.468140 
0.194824 -0.25513 -0.1831 -0.129883 -0.9766 -0.459839 
0.180786 -0.15991 0.1709 -0.150146 0.7446 -0.451782 
0.162109 -0.854 0.10254 -0.172485 0.21484 -0.436157 
0.152222 0.14648 0.10254 -0.192017 0.32471 -0.414429 
0.146729 0.28809 0.20142 -0.203369 0.39307 -0.391357 
0.139160 0.42358 0.31128 -0.207397 0.42236 -0.366699 
0.134399 0.56885 0.41016 -0.206543 0.44434 -0.338867 
0.135376 0.69824 0.50171 -0.206543 0.47241 -0.311279 
0.140381 0.81055 0.59448 -0.204224 0.50415 -0.286255 
0.145630 0.89233 0.68115 -0.200928 0.52734 -0.264771 
0.149414 0.95459 0.74707 -0.195557 0.52734 -0.247192 
0.149658 0.103760 0.81299 -0.188599 0.53467 -0.230835 
0.145874 0.113037 0.89111 -0.182251 0.52856 -0.243530 
0.142578 0.121216 0.97656 -0.175049 0.49316 -0.212280 
0.140869 0.128784 0.106689 -0.164551 0.43579 -0.190552 
0.141235 0.134888 0.114136 -0.150513 0.36377 -0.166748 
0.144287 0.139771 0.119995 -0.133667 0.28320 -0.142700 
0.148804 0.141602 0.122681 -0.115234 0.20142 -0.119263 
0.148804 0.142578 0.125244 -0.98389 0.13794 -0.98877 
0.154297 0.141480 0.126953 -0.84839 0.8789 -0.80566 
0.161987 0.138916 0.126709 -0.72388 0.4761 -0.64941 
0.169922 0.138916 0.125610 -0.60547 0.1709 -0.52246 
0.176025 0.137329 0.124390 -0.51025 -0.488 -0.42236 
0.180542 0.136108 0.124390 -0.43701 -0.2563 -0.32471 
0.185181 0.133667 0.124390 -0.36743 -0.4883 -0.23804 
0.190918 0.130981 0.123169 -0.28687 -0.7324 -0.17578 
0.194214 0.129272 0.121460 -0.21362 -0.10742 -0.12085 
0.196167 0.127197 0.118408 -0.15747 -0.14893 -0.7080 
0.199829 0.124023 0.116577 -0.15747 -0.18921 -0.3906 
0.208008 0.123047 0.113525 -0.11475 -0.21240 -0.4639 
