0.239624 0.94360 0.43335 0.11230 -0.11719 -0.9155 
0.236694 0.95337 0.43335 0.5981 -0.12329 -0.6714 
0.234497 0.95947 0.41138 -0.977 -0.13794 -0.2686 
0.234131 0.96191 0.38940 -0.7080 -0.14160 0.122 
0.234253 0.96436 0.36865 -0.11963 -0.13794 0.854 
0.235352 0.96069 0.35767 -0.11963 -0.13184 -0.488 
0.236572 0.95459 0.34912 -0.13672 -0.11475 -0.3174 
0.236328 0.94849 0.33569 -0.12451 -0.9033 -0.6104 
0.234619 0.94482 0.31616 -0.9888 -0.9033 -0.8667 
0.232666 0.94116 0.29663 -0.7202 -0.5615 -0.10498 
0.231079 0.94116 0.28687 -0.5127 -0.1953 -0.12207 
0.232178 0.94238 0.29663 -0.3784 0.977 -0.12207 
0.234741 0.93872 0.31982 -0.1221 0.2319 -0.14526 
0.236450 0.93994 0.33447 0.3174 0.2319 -0.17334 
0.234131 0.94849 0.32227 0.7568 0.854 -0.19165 
0.236938 0.95825 0.34302 0.8911 -0.1221 -0.18066 
0.236938 0.96558 0.33691 0.9277 -0.3296 -0.16357 
0.236572 0.97168 0.31860 0.6836 -0.4272 -0.13550 
0.236084 0.98389 0.27466 0.1099 -0.3540 -0.10986 
0.236450 0.98389 0.26978 -0.9644 -0.1343 -0.8667 
0.231812 0.97778 0.31494 -0.17090 0.1221 -0.4517 
0.231689 0.98633 0.32959 -0.15015 0.2563 -0.1343 
0.234619 0.97778 0.31616 -0.12085 0.3052 -0.1099 
0.236450 0.96680 0.31616 -0.10620 0.3052 -0.2686 
0.236084 0.95825 0.29297 -0.11597 0.2197 -0.4272 
0.235352 0.96069 0.27588 -0.13916 0.1099 -0.4639 
0.236084 0.96313 0.27710 -0.13916 0.00 -0.5005 
0.236816 0.96558 0.27832 -0.15137 -0.1709 -0.5371 
0.238403 0.96436 0.26855 -0.15503 -0.3662 -0.5859 
0.241089 0.95825 0.25024 -0.16357 -0.3662 -0.7080 
0.244141 0.95093 0.22827 -0.17700 -0.4761 -0.8667 
0.246460 0.93628 0.19531 -0.19043 -0.4517 -0.11230 
0.248535 0.92773 0.15991 -0.20630 -0.2808 -0.14160 
0.249512 0.91797 0.12573 -0.23071 0.00 -0.14160 
0.251343 0.90454 0.8667 -0.25879 0.2563 -0.17578 
0.254028 0.87769 0.4517 -0.29541 0.4517 -0.21851 
0.257690 0.84351 -0.1343 -0.33691 0.6958 -0.27832 
0.257690 0.81177 -0.9033 -0.39307 0.10376 -0.36377 
0.261353 0.78735 -0.16235 -0.48218 0.15381 -0.47729 
0.261963 0.78003 -0.21606 -0.60547 0.22217 -0.60669 
0.257813 0.78003 -0.25391 -0.73853 0.29785 -0.72876 
0.249146 0.78979 -0.27222 -0.88257 0.37109 -0.82397 
0.237671 0.81055 -0.24658 -0.103882 0.43945 -0.88257 
0.226685 0.84839 -0.17578 -0.119995 0.49927 -0.90210 
0.219727 0.88501 -0.17578 -0.133179 0.55176 -0.89844 
0.215210 0.89478 -0.12939 -0.143555 0.58228 -0.88989 
0.213013 0.88501 -0.12451 -0.127197 0.59448 -0.87769 
0.213867 0.86914 -0.10986 -0.158447 0.60181 -0.88013 
0.210693 0.85693 -0.6470 -0.179932 0.56274 -0.87524 
0.203857 0.88257 0.2930 -0.203491 0.45410 -0.82886 
0.196289 0.91675 0.17334 -0.228027 0.45410 -0.74219 
0.189819 0.97900 0.35278 -0.250366 0.29663 -0.61646 
0.180054 0.101685 0.46021 -0.263916 0.12817 -0.45532 
0.169556 0.104248 0.47607 -0.267578 -0.5981 -0.54443 
0.162720 0.107056 0.54810 -0.276733 -0.24536 -0.23193 
0.159058 0.109863 0.73975 -0.296021 -0.39063 0.5127 
0.185913 0.114502 0.93994 -0.307617 -0.52368 0.37842 
0.145264 0.118408 0.105713 -0.303467 -0.66528 0.74097 
0.145264 0.119385 0.107910 -0.292725 -0.79834 0.114258 
0.131714 0.115112 0.107056 -0.282959 -0.91309 0.158936 
0.117798 0.102905 0.112305 -0.277100 -0.103394 0.208740 
0.111816 0.117188 0.119385 -0.271362 -0.114868 0.261353 
0.116943 0.85938 0.122925 -0.257813 -0.123535 0.311646 
0.125244 0.66772 0.121826 -0.238037 -0.129761 0.356201 
0.133667 0.46753 0.121826 -0.218384 -0.131958 0.394409 
0.140381 0.26123 0.121826 -0.202026 -0.130005 0.427979 
0.147461 0.6348 0.125854 -0.184937 -0.125366 0.457642 
0.156860 -0.12451 0.129272 -0.163452 -0.120605 0.481812 
0.170410 -0.30029 0.130005 -0.163452 -0.116577 0.498779 
0.187988 -0.43335 0.130493 -0.140015 -0.111206 0.509033 
0.203857 -0.58716 0.130737 -0.115234 -0.107910 0.509399 
0.215698 -0.74219 0.127808 -0.89111 -0.105713 0.503540 
0.221313 -0.86548 0.122559 -0.62744 -0.105713 0.497559 
0.222290 -0.97046 0.118530 -0.38208 -0.103760 0.490601 
0.222046 -0.107056 0.116699 -0.18799 -0.103638 0.482056 
0.221191 -0.115479 0.118652 -0.5005 -0.104858 0.482056 
0.221680 -0.120850 0.126221 0.5737 -0.104980 0.475464 
0.227173 -0.121948 0.138550 0.21240 -0.103149 0.471802 
0.249268 -0.137329 0.141968 0.49927 -0.98999 0.468750 
0.218018 -0.141113 0.143066 0.84595 -0.99731 0.459717 
0.207275 -0.147461 0.144043 0.111084 -0.100342 0.456421 
0.204346 -0.155762 0.148682 0.135498 -0.97168 0.453125 
0.210449 -0.133789 0.151733 0.165039 -0.92407 0.446655 
0.224854 -0.165039 0.149048 0.197144 -0.88867 0.435059 
0.238892 -0.174561 0.142944 0.224854 -0.88623 0.417236 
0.243774 -0.182495 0.138062 0.244507 -0.91431 0.396973 
0.241455 -0.188599 0.138062 0.259888 -0.96802 0.376953 
0.239014 -0.193970 0.135498 0.275391 -0.106567 0.356079 
0.238647 -0.198975 0.135742 0.260742 -0.121094 0.334229 
0.239624 -0.203491 0.137085 0.291992 -0.136719 0.311768 
0.234497 -0.208618 0.135498 0.310791 -0.150391 0.289307 
0.227783 -0.213257 0.129761 0.330933 -0.130493 0.268066 
0.220703 -0.215332 0.122070 0.348145 -0.174194 0.249756 
0.215332 -0.216553 0.114502 0.358032 -0.174194 0.233521 
0.213135 -0.218018 0.108765 0.361816 -0.189453 0.248291 
0.214722 -0.219849 0.103271 0.361328 -0.207764 0.198853 
0.216309 -0.222290 0.98022 0.358154 -0.226318 0.198853 
0.217285 -0.223633 0.92529 0.353760 -0.241333 0.176147 
0.215698 -0.224976 0.85571 0.349365 -0.250122 0.149414 
0.213257 -0.224854 0.77515 0.344849 -0.253540 0.120972 
0.213257 -0.223633 0.69824 0.336792 -0.253418 0.92896 
0.213867 -0.223267 0.63110 0.323853 -0.251099 0.64819 
0.215332 -0.221069 0.58472 0.308228 -0.247070 0.37109 
0.216309 -0.248779 0.55542 0.291382 -0.241455 0.11230 
0.218018 -0.217529 0.52856 0.274170 -0.234375 -0.11963 
0.221802 -0.213257 0.50049 0.256592 -0.226440 -0.33447 
0.227661 -0.209839 0.47363 0.238770 -0.218506 -0.55054 
0.234131 -0.206299 0.47363 0.221313 -0.211304 -0.77759 
0.243164 -0.203980 0.43457 0.204956 -0.203857 -0.102295 
0.252808 -0.202148 0.37598 0.188477 -0.196045 -0.129883 
0.260620 -0.200073 0.31372 0.201416 -0.188232 -0.159912 
0.265137 -0.196411 0.26489 0.170166 -0.181885 -0.191406 
0.265747 -0.192383 0.24414 0.150146 -0.177246 -0.222046 
0.263062 -0.186279 0.25024 0.129272 -0.173584 -0.249512 
0.255737 -0.177979 0.27832 0.110107 -0.173584 -0.272949 
0.246216 -0.168701 0.31860 0.93384 -0.172119 -0.291016 
0.239624 -0.157349 0.34790 0.79468 -0.171997 -0.303955 
0.240356 -0.147583 0.34912 0.68970 -0.170532 -0.303955 
0.248657 -0.140869 0.31494 0.60059 -0.167358 -0.313721 
0.258423 -0.135376 0.25757 0.52124 -0.160522 -0.324829 
0.261841 -0.133423 0.17456 0.44678 -0.149048 -0.338623 
0.256592 -0.127197 0.12939 0.34058 -0.134399 -0.357300 
0.256592 -0.119507 0.14404 0.17456 -0.118530 -0.376587 
0.244629 -0.106445 0.22339 0.977 -0.103394 -0.390747 
0.235107 -0.94482 0.27954 -0.8545 -0.93994 -0.396851 
0.231567 -0.94482 0.26245 -0.7568 -0.88989 -0.397461 
0.235596 -0.85205 0.18921 -0.4639 -0.84351 -0.397461 
0.242188 -0.77881 0.9155 -0.8667 -0.78003 -0.398926 
0.243164 -0.74097 0.9155 -0.19165 -0.68970 -0.404663 
0.238159 -0.67383 0.2441 -0.34546 -0.57861 -0.409790 
0.227905 -0.59326 0.366 -0.52368 -0.46997 -0.412109 
0.215332 -0.47363 0.3052 -0.37109 -0.37231 -0.409546 
0.207520 -0.35034 0.8911 -0.68359 -0.29663 -0.402344 
0.209961 -0.23071 0.12939 -0.79956 -0.23560 -0.394043 
0.217651 -0.14893 0.12573 -0.86426 -0.17578 -0.389160 
0.224976 -0.7446 0.8179 -0.90332 -0.17578 -0.388062 
0.225098 -0.7446 0.1099 -0.96191 -0.9644 -0.391968 
0.220825 0.1099 0.1953 -0.109863 -0.1465 -0.393066 
0.213867 0.11353 0.8423 -0.130249 0.6226 -0.393066 
0.201904 0.22461 0.16479 -0.145508 0.12695 -0.390259 
0.189209 0.35278 0.24048 -0.151978 0.15381 -0.384033 
0.209473 0.47974 0.29663 -0.153320 0.16602 -0.371948 
0.172485 0.58594 0.32593 -0.152222 0.17822 -0.354614 
0.172485 0.65308 0.31616 -0.151367 0.19653 -0.334839 
0.173340 0.69336 0.31494 -0.152710 0.21729 -0.317749 
0.179199 0.73975 0.33203 -0.158936 0.24780 -0.305054 
0.182129 0.73975 0.36743 -0.166870 0.28687 -0.296387 
0.177246 0.80566 0.42480 -0.173462 0.32104 -0.287964 
0.164795 0.90820 0.50293 -0.179077 0.34058 -0.275024 
0.152954 0.101440 0.61401 -0.182495 0.35156 -0.256104 
