0.227417 0.97046 0.51758 -0.8667 0.7690 0.14282 
0.227905 0.96558 0.50537 -0.10010 0.4883 0.15991 
0.228149 0.95825 0.52979 -0.11230 0.3296 0.15015 
0.230957 0.95093 0.54077 -0.8789 0.3052 0.15015 
0.232910 0.94360 0.54077 -0.6226 0.3296 0.11230 
0.234375 0.93750 0.54565 -0.4517 0.3662 0.5981 
0.236084 0.93750 0.54443 -0.3540 0.3296 0.610 
0.237183 0.93506 0.53589 -0.3296 0.2563 -0.4150 
0.237183 0.93018 0.52612 -0.4639 0.2197 -0.7935 
0.238525 0.92285 0.51636 -0.6348 0.1343 -0.11353 
0.240356 0.91675 0.50537 -0.7324 0.00 -0.14404 
0.242432 0.91675 0.48340 -0.7935 -0.1587 -0.17578 
0.243408 0.91187 0.46875 -0.8667 -0.4028 -0.20142 
0.241699 0.91064 0.51514 -0.6226 -0.8301 -0.20996 
0.242065 0.91309 0.51514 0.5005 -0.15137 -0.21606 
0.242065 0.91797 0.54688 0.19165 -0.20996 -0.23071 
0.242188 0.92773 0.54688 0.366 -0.26001 -0.24414 
0.243652 0.92529 0.51514 0.36499 -0.28687 -0.26489 
0.245239 0.91553 0.45898 0.36499 -0.29053 -0.26611 
0.236206 0.94116 0.47607 0.32593 -0.28442 -0.20996 
0.234131 0.96436 0.47729 0.28198 -0.26611 -0.16724 
0.234131 0.97168 0.46997 0.22827 -0.26611 -0.13428 
0.234497 0.97656 0.46631 0.16968 -0.22827 -0.10986 
0.234863 0.98755 0.46875 0.12817 -0.19775 -0.9155 
0.234253 0.100464 0.48828 0.9399 -0.17944 -0.9155 
0.234741 0.101318 0.51758 0.7813 -0.17700 -0.6470 
0.237427 0.101318 0.53467 0.9155 -0.18799 -0.3174 
0.243774 0.100342 0.48706 0.13062 -0.20630 -0.488 
0.247681 0.97534 0.40771 0.16846 -0.25024 -0.1953 
0.247681 0.94238 0.30396 0.17700 -0.29907 -0.5371 
0.250732 0.123413 0.21484 0.14893 -0.34180 -0.9766 
0.252197 0.91309 0.16479 0.8423 -0.37109 -0.14893 
0.251343 0.91309 0.14038 0.1831 -0.38452 -0.19287 
0.249756 0.91553 0.12207 -0.2808 -0.37109 -0.23315 
0.248413 0.92529 0.9277 -0.5371 -0.32471 -0.27710 
0.247192 0.94116 0.9277 -0.7080 -0.25513 -0.32227 
0.246826 0.94482 0.3662 -0.10742 -0.17822 -0.37598 
0.247437 0.93262 -0.2441 -0.16846 -0.10132 -0.43579 
0.249146 0.91064 -0.8911 -0.24902 -0.3174 -0.51025 
0.252075 0.88867 -0.14771 -0.24902 0.2930 -0.60547 
0.253418 0.88013 -0.20142 -0.35034 0.7690 -0.71045 
0.250488 0.88989 -0.24780 -0.46143 0.9644 -0.81055 
0.243042 0.90332 -0.29785 -0.58350 0.9644 -0.89478 
0.234131 0.93506 -0.33325 -0.72388 0.9155 -0.95581 
0.226074 0.97290 -0.32104 -0.88745 0.9033 -0.99731 
0.218384 0.100586 -0.27100 -0.104980 0.12817 -0.101318 
0.212402 0.103271 -0.22705 -0.115112 0.20508 -0.101318 
0.207031 0.104370 -0.18555 -0.121338 0.29785 -0.102417 
0.205200 0.104614 -0.13672 -0.129639 0.40039 -0.101074 
0.206421 0.103638 -0.5737 -0.141602 0.49438 -0.98267 
0.206421 0.101563 0.3906 -0.156860 0.52979 -0.95581 
0.204956 0.100464 0.12573 -0.171753 0.47852 -0.91187 
0.203003 0.100464 0.21484 -0.187622 0.34546 -0.84229 
0.201416 0.100464 0.31982 -0.205444 0.16113 -0.75317 
0.198975 0.100952 0.42969 -0.220459 -0.2441 -0.65918 
0.193237 0.101685 0.48828 -0.229614 -0.17334 -0.54077 
0.185181 0.105103 0.51758 -0.235596 -0.28076 -0.38574 
0.171753 0.109497 0.51758 -0.242798 -0.35156 -0.17700 
0.157227 0.115356 0.56641 -0.221680 -0.39429 0.10498 
0.143799 0.123047 0.68237 -0.262329 -0.46631 0.45776 
0.133057 0.128540 0.83862 -0.262329 -0.59326 0.86304 
0.126465 0.130371 0.95215 -0.265869 -0.75439 0.129272 
0.120972 0.123779 0.98633 -0.262207 -0.89722 0.172119 
0.120483 0.110718 0.101074 -0.256104 -0.89722 0.213989 
0.122925 0.94238 0.102173 -0.249756 -0.94482 0.253052 
0.126831 0.79468 0.106567 -0.240479 -0.89111 0.259888 
0.137451 0.67383 0.111572 -0.232544 -0.78613 0.290894 
0.147339 0.56641 0.118286 -0.226563 -0.67505 0.322144 
0.151611 0.43579 0.119873 -0.219605 -0.63599 0.349731 
0.125000 0.30640 0.117188 -0.208984 -0.66162 0.376465 
0.159790 0.19897 0.117310 -0.203491 -0.65552 0.401978 
0.159790 0.7568 0.123291 -0.203247 -0.58228 0.427124 
0.165649 -0.7324 0.132935 -0.197998 -0.49683 0.448486 
0.175903 -0.21606 0.139404 -0.180542 -0.41992 0.462524 
0.187866 -0.21606 0.140747 -0.155151 -0.35034 0.469116 
0.204346 -0.35645 0.141235 -0.129883 -0.28809 0.468262 
0.232666 -0.46753 0.139404 -0.103638 -0.23682 0.455566 
0.254517 -0.63477 0.137695 -0.81543 -0.28442 0.428589 
0.272583 -0.73242 0.137695 -0.70068 -0.40283 0.399048 
0.279541 -0.81055 0.136841 -0.63965 -0.56763 0.369263 
0.272827 -0.87646 0.137451 -0.87158 -0.75806 0.344727 
0.259155 -0.90210 0.141602 -0.55908 -0.94971 0.328491 
0.239990 -0.92407 0.144775 -0.43213 -0.110352 0.320801 
0.218140 -0.96069 0.145142 -0.22827 -0.118774 0.320679 
0.199951 -0.98755 0.146484 0.1465 -0.118774 0.329224 
0.186157 -0.103394 0.147461 0.25146 -0.120483 0.343506 
0.179321 -0.106934 0.151001 0.48828 -0.118652 0.329590 
0.180542 -0.111450 0.155640 0.73608 -0.117432 0.344360 
0.188110 -0.118164 0.161377 0.101440 -0.119385 0.375610 
0.201782 -0.127441 0.163208 0.133545 -0.124878 0.383789 
0.213501 -0.136475 0.160278 0.171265 -0.132446 0.383057 
0.188110 -0.145386 0.151123 0.209351 -0.141968 0.374146 
0.219360 -0.154663 0.138306 0.243774 -0.151489 0.361816 
0.221191 -0.164551 0.122192 0.271729 -0.159302 0.348511 
0.220337 -0.170898 0.105835 0.291382 -0.165283 0.335815 
0.219238 -0.175293 0.93994 0.299438 -0.171387 0.323853 
0.219116 -0.175293 0.87280 0.299072 -0.180542 0.312622 
0.219116 -0.179321 0.83618 0.297607 -0.193848 0.301147 
0.219482 -0.182495 0.80200 0.296021 -0.211304 0.290405 
0.222412 -0.189209 0.80200 0.294067 -0.229736 0.277344 
0.229248 -0.195190 0.76294 0.292725 -0.241699 0.260132 
0.239380 -0.199463 0.70923 0.289429 -0.246704 0.238647 
0.247925 -0.202759 0.64697 0.289429 -0.250488 0.213257 
0.252686 -0.205566 0.58838 0.281860 -0.254639 0.184082 
0.252563 -0.206665 0.54688 0.271851 -0.257690 0.154297 
0.248901 -0.207275 0.52124 0.261108 -0.260742 0.125610 
0.243164 -0.205933 0.50781 0.251221 -0.260742 0.98755 
0.236816 -0.203491 0.50171 0.242676 -0.264526 0.105713 
0.232666 -0.201660 0.50293 0.235352 -0.270386 0.81787 
0.233032 -0.200562 0.50049 0.231445 -0.279663 0.50537 
0.236572 -0.200195 0.47729 0.232544 -0.290283 0.25635 
0.245728 -0.200806 0.41992 0.236450 -0.299316 0.00 
0.225098 -0.203247 0.32227 0.239746 -0.303833 -0.25757 
0.256348 -0.204712 0.20386 0.238892 -0.301514 -0.53955 
0.264404 -0.205322 0.8911 0.230225 -0.291870 -0.84595 
0.267334 -0.204590 -0.488 0.214722 -0.275147 -0.116455 
0.262085 -0.199829 -0.6226 0.194458 -0.251709 -0.145386 
0.252319 -0.199829 -0.10376 0.170044 -0.225464 -0.166138 
0.245117 -0.193115 -0.13184 0.143921 -0.201294 -0.180054 
0.240967 -0.185303 -0.14771 0.118286 -0.182739 -0.191040 
0.237305 -0.177734 -0.14771 0.94482 -0.169800 -0.200195 
0.235107 -0.170776 -0.15869 0.72876 -0.160400 -0.207886 
0.236572 -0.166138 -0.18555 0.83130 -0.153564 -0.216431 
0.240112 -0.160156 -0.20386 0.51880 -0.148438 -0.226685 
0.243530 -0.154419 -0.21729 0.29907 -0.143066 -0.239258 
0.246460 -0.149902 -0.22827 0.9399 -0.137085 -0.254517 
0.249756 -0.144653 -0.22461 -0.9155 -0.131104 -0.271118 
0.254150 -0.138062 -0.19653 -0.28564 -0.131104 -0.287109 
0.257446 -0.132202 -0.15625 -0.45898 -0.123657 -0.301392 
0.261475 -0.127319 -0.13062 -0.56885 -0.114746 -0.282593 
0.263794 -0.123047 -0.13428 -0.61646 -0.104858 -0.313843 
0.261597 -0.119751 -0.16968 -0.63110 -0.93628 -0.326294 
0.255249 -0.115112 -0.20996 -0.64209 -0.80200 -0.338867 
0.278809 -0.109009 -0.23193 -0.69336 -0.66528 -0.350098 
0.243164 -0.100830 -0.23315 -0.79712 -0.54565 -0.357788 
0.243164 -0.93506 -0.23438 -0.91431 -0.44922 -0.361450 
0.241577 -0.86792 -0.24658 -0.98999 -0.36377 -0.363281 
0.243530 -0.81787 -0.27954 -0.104248 -0.28442 -0.365601 
0.246094 -0.81787 -0.32227 -0.109863 -0.21606 -0.369751 
0.245850 -0.76416 -0.35645 -0.116943 -0.13672 -0.374756 
0.240601 -0.70190 -0.36987 -0.126709 -0.2930 -0.378296 
0.230469 -0.60913 -0.36987 -0.138062 0.9277 -0.377808 
0.217529 -0.50781 -0.36743 -0.149780 0.20264 -0.372559 
0.208252 -0.39307 -0.35034 -0.128784 0.31982 -0.362671 
0.205444 -0.27954 -0.33081 -0.168823 0.44189 -0.350220 
0.206909 -0.16968 -0.31616 -0.168823 0.56396 -0.338867 
0.208496 -0.7813 -0.29175 -0.176880 0.37354 -0.331177 
0.208252 0.1221 -0.25513 -0.183716 0.80444 -0.326050 
0.205444 0.10498 -0.20996 -0.190186 0.80444 -0.321533 
0.197876 0.18555 -0.17822 -0.195068 0.91919 -0.316895 
