0.230103 0.98145 0.57617 -0.122 -0.10376 0.8057 
0.231934 0.98633 0.54932 -0.977 -0.9033 0.8301 
0.231323 0.98633 0.53223 -0.2319 -0.6592 0.5981 
0.230957 0.99121 0.51758 -0.4028 -0.3906 0.3174 
0.231689 0.100342 0.55054 -0.5127 -0.1221 0.977 
0.227051 0.101929 0.54565 -0.1831 -0.1587 0.2197 
0.222412 0.103882 0.54565 -0.122 -0.4150 0.4883 
0.222900 0.103394 0.51270 -0.2319 -0.6348 0.6470 
0.225464 0.101563 0.47852 -0.4761 -0.7813 0.6958 
0.228149 0.99731 0.46021 -0.4761 -0.8667 0.5981 
0.231201 0.98633 0.46265 -0.5737 -0.9033 0.3174 
0.234131 0.97778 0.46997 -0.4883 -0.9399 -0.1099 
0.236938 0.97290 0.47241 -0.2319 -0.9399 -0.6592 
0.239258 0.96680 0.48462 0.1099 -0.10986 -0.11963 
0.241699 0.96802 0.49072 0.5371 -0.14160 -0.16846 
0.243774 0.97534 0.49683 0.8423 -0.17334 -0.20996 
0.245117 0.98633 0.52490 0.9399 -0.19897 -0.20996 
0.244019 0.99609 0.54321 0.11841 -0.21729 -0.24292 
0.245972 0.100342 0.55664 0.13184 -0.22705 -0.25757 
0.242676 0.99854 0.52979 0.15137 -0.23682 -0.27100 
0.242676 0.100220 0.48096 0.13428 -0.23071 -0.25513 
0.236084 0.101807 0.45044 0.7202 -0.20874 -0.19653 
0.227783 0.102539 0.43823 0.122 -0.18311 -0.10864 
0.228149 0.101196 0.42480 -0.4272 -0.15137 -0.5737 
0.231323 0.101196 0.42236 -0.4517 -0.11475 -0.5127 
0.235962 0.100586 0.37842 -0.1099 -0.9277 -0.9033 
0.236328 0.99487 0.32471 -0.1099 -0.7080 -0.13184 
0.237061 0.98511 0.32471 -0.6226 -0.4639 -0.16602 
0.241211 0.95947 0.31128 -0.11597 -0.2075 -0.20996 
0.247559 0.93262 0.30640 -0.15869 0.977 -0.28687 
0.254639 0.89478 0.30762 -0.15869 0.5127 -0.39917 
0.259644 0.87646 0.29053 -0.21118 0.9644 -0.53345 
0.256104 0.88379 0.24536 -0.26123 0.12817 -0.66895 
0.244995 0.95093 0.20630 -0.32715 0.15503 -0.75317 
0.232178 0.103027 0.18433 -0.41504 0.15503 -0.79102 
0.220215 0.111328 0.19043 -0.50049 0.17212 -0.78491 
0.209961 0.117065 0.20020 -0.55420 0.17822 -0.75073 
0.202515 0.119263 0.16968 -0.56641 0.17090 -0.75073 
0.198486 0.117676 0.8057 -0.56274 0.15625 -0.69580 
0.196167 0.113159 -0.5615 -0.59204 0.13794 -0.63477 
0.197144 0.107666 -0.17700 -0.69580 0.12695 -0.57373 
0.197144 0.103271 -0.25635 -0.87036 0.13062 -0.52124 
0.195557 0.99365 -0.27832 -0.108887 0.12573 -0.47241 
0.187256 0.101318 -0.22705 -0.135620 0.10376 -0.40771 
0.180176 0.105469 -0.8545 -0.164307 0.7690 -0.30762 
0.176758 0.105469 0.12085 -0.189209 0.4761 -0.19653 
0.174438 0.110962 0.29785 -0.203491 0.2441 -0.6958 
0.174072 0.116455 0.2563 -0.207642 0.122 0.6836 
0.170166 0.116943 0.33813 -0.210205 -0.3174 0.23560 
0.168335 0.113281 0.28931 -0.222168 -0.3296 0.44434 
0.174561 0.108398 0.31860 -0.239014 0.1953 0.63232 
0.182373 0.104370 0.44556 -0.239014 0.7324 0.78369 
0.181030 0.102173 0.52246 -0.246216 0.8057 0.94604 
0.169922 0.100098 0.52246 -0.247314 0.6348 0.117065 
0.151855 0.101074 0.57251 -0.254883 0.3296 0.150391 
0.136841 0.104004 0.71899 -0.267822 0.3296 0.192261 
0.129028 0.103882 0.86792 -0.275635 -0.1709 0.202881 
0.123169 0.94604 0.96191 -0.272827 -0.7446 0.242554 
0.126953 0.79590 0.103882 -0.263550 -0.11597 0.273804 
0.130615 0.59570 0.115356 -0.251831 -0.8789 0.308960 
0.140381 0.37109 0.132202 -0.237183 -0.2197 0.339355 
0.126709 0.16602 0.144043 -0.217896 0.6470 0.368286 
0.157959 -0.2441 0.147949 -0.193970 0.15137 0.392578 
0.173218 -0.16602 0.151611 -0.176392 0.20020 0.410645 
0.188721 -0.29175 0.157349 -0.168701 0.17456 0.424072 
0.199951 -0.8545 0.161987 -0.162231 0.5249 0.432739 
0.205200 -0.39795 0.162842 -0.153442 -0.12207 0.438599 
0.208984 -0.49194 0.164795 -0.143433 -0.27954 0.441650 
0.207031 -0.58350 0.171265 -0.132202 -0.40649 0.444458 
0.207397 -0.65186 0.171265 -0.116821 -0.52368 0.446655 
0.213623 -0.72388 0.181763 -0.93506 -0.65552 0.444092 
0.217651 -0.82764 0.190430 -0.91187 -0.79712 0.436523 
0.215942 -0.95093 0.189453 -0.53345 -0.90454 0.428345 
0.209717 -0.105469 0.182495 -0.22095 -0.96069 0.423462 
0.205933 -0.113892 0.176392 0.7935 -0.98389 0.421509 
0.200684 -0.122437 0.172607 0.28687 -0.101074 0.420166 
0.196533 -0.128296 0.170776 0.47241 -0.101074 0.419800 
0.196777 -0.136108 0.167358 0.67383 -0.104370 0.415161 
0.189575 -0.143555 0.165771 0.90332 -0.109619 0.410400 
0.191895 -0.148193 0.166748 0.110229 -0.119019 0.410400 
0.206543 -0.154785 0.169312 0.129272 -0.127441 0.409790 
0.225952 -0.163208 0.171997 0.150391 -0.134399 0.403687 
0.240723 -0.170898 0.170898 0.174805 -0.138916 0.389282 
0.247925 -0.177368 0.164551 0.200806 -0.139893 0.368286 
0.247925 -0.182739 0.155029 0.225708 -0.136841 0.344116 
0.250122 -0.157959 0.143433 0.250244 -0.132080 0.318115 
0.249878 -0.194214 0.130371 0.273315 -0.127075 0.291260 
0.248535 -0.194214 0.117920 0.289429 -0.123047 0.264404 
0.248047 -0.196167 0.110352 0.295288 -0.122314 0.237793 
0.244995 -0.198486 0.107056 0.294189 -0.127319 0.212036 
0.244019 -0.198486 0.107056 0.291382 -0.139038 0.188110 
0.245850 -0.198853 0.105347 0.289063 -0.154541 0.163208 
0.244263 -0.198364 0.103638 0.287354 -0.169556 0.136841 
0.239868 -0.198120 0.101807 0.286621 -0.181885 0.110596 
0.237061 -0.197754 0.99243 0.286621 -0.190796 0.84351 
0.240112 -0.197510 0.94849 0.286865 -0.195923 0.56641 
0.248779 -0.198364 0.89233 0.286499 -0.198242 0.25391 
0.261230 -0.199219 0.83130 0.284790 -0.198242 -0.9399 
0.272583 -0.200195 0.75439 0.281372 -0.198486 -0.48340 
0.277222 -0.202026 0.66406 0.277222 -0.197266 -0.59204 
0.273682 -0.201050 0.57373 0.271851 -0.196045 -0.90454 
0.265015 -0.196167 0.50903 0.264648 -0.195190 -0.130493 
0.258301 -0.189453 0.49072 0.253052 -0.196899 -0.163330 
0.260986 -0.182007 0.50171 0.236694 -0.201294 -0.189087 
0.274780 -0.175659 0.51147 0.217285 -0.207397 -0.211548 
0.274780 -0.171265 0.50171 0.195923 -0.213623 -0.235840 
0.293823 -0.166382 0.46021 0.172730 -0.218384 -0.265991 
0.309204 -0.166016 0.42358 0.148193 -0.220825 -0.303223 
0.315918 -0.166016 0.37109 0.121216 -0.221191 -0.345947 
0.313110 -0.164429 0.31738 0.95215 -0.216797 -0.388428 
0.297485 -0.160522 0.60669 0.72998 -0.207764 -0.425903 
0.271362 -0.150146 0.28809 0.53467 -0.195801 -0.450806 
0.244385 -0.136230 0.28809 0.36865 -0.181030 -0.459351 
0.226563 -0.120483 0.26611 0.53955 -0.163940 -0.454590 
0.221924 -0.106812 0.23438 0.7568 -0.145508 -0.444336 
0.228027 -0.91797 0.18555 0.7568 -0.125610 -0.435425 
0.234375 -0.82764 0.12817 -0.8789 -0.104858 -0.433472 
0.237427 -0.76172 0.5371 -0.25024 -0.113770 -0.437744 
0.230225 -0.73608 -0.2441 -0.40283 -0.82520 -0.448120 
0.218506 -0.61768 -0.3540 -0.57983 -0.60669 -0.453247 
0.208374 -0.47485 -0.1831 -0.81299 -0.39673 -0.451660 
0.195923 -0.33447 0.732 -0.102051 -0.20630 -0.445679 
0.181519 -0.18188 0.1953 -0.113037 -0.5493 -0.445679 
0.169678 -0.2808 0.3418 -0.119019 0.6348 -0.433105 
0.163818 0.12085 0.5493 -0.127563 0.17944 -0.413818 
0.163208 0.23193 0.8423 -0.139038 0.29663 -0.391235 
0.163208 0.34668 0.13794 -0.150269 0.39551 -0.369629 
0.165527 0.43579 0.21973 -0.162720 0.47119 -0.350220 
0.167847 0.52612 0.30151 -0.174072 0.53711 -0.333130 
0.167725 0.52612 0.36133 -0.180542 0.58838 -0.317139 
0.164673 0.60181 0.41748 -0.183105 0.61523 -0.302368 
0.158325 0.71167 0.50293 -0.186401 0.61890 -0.285400 
0.151123 0.83008 0.31250 -0.191162 0.60181 -0.264404 
0.147949 0.93872 0.62500 -0.193359 0.57007 -0.241333 
0.148682 0.102295 0.76050 -0.189331 0.52124 -0.219605 
0.151611 0.109375 0.89478 -0.209839 0.46265 -0.200439 
0.154663 0.114746 0.101807 -0.178589 0.41016 -0.182373 
0.157715 0.119873 0.110962 -0.163696 0.37109 -0.165161 
0.159180 0.124268 0.117920 -0.147095 0.33325 -0.148926 
0.158447 0.128906 0.123535 -0.130859 0.33325 -0.131836 
0.159546 0.132324 0.127808 -0.115112 0.28809 -0.114868 
0.162231 0.134521 0.131470 -0.100342 0.23926 -0.99609 
0.165161 0.136719 0.133423 -0.85449 0.19043 -0.116821 
0.168335 0.136841 0.133179 -0.70435 0.12939 -0.85571 
0.172852 0.134521 0.130493 -0.56763 0.5981 -0.72998 
0.177856 0.133057 0.128174 -0.46143 0.366 -0.62744 
0.179565 0.131836 0.125610 -0.38208 -0.3906 -0.53589 
0.179565 0.131226 0.124023 -0.31616 -0.7935 -0.44678 
0.181641 0.130615 0.122681 -0.26489 -0.11841 -0.36255 
0.184082 0.130249 0.120728 -0.20996 -0.14160 -0.27588 
