0.239380 0.82764 0.16602 -0.732 -0.10132 0.6226 
0.240112 0.82520 0.15991 -0.3174 -0.10132 0.6104 
0.243652 0.82153 0.16479 -0.5249 -0.10376 0.4272 
0.245361 0.81421 0.16968 -0.4883 -0.10986 0.2075 
0.244629 0.81543 0.16724 -0.3174 -0.11597 0.2075 
0.243652 0.81177 0.15381 -0.2319 -0.12817 0.1099 
0.243652 0.80566 0.14282 -0.2563 -0.13672 0.977 
0.243652 0.79590 0.14160 -0.1953 -0.14282 0.977 
0.243652 0.79224 0.14771 -0.610 -0.13794 0.854 
0.244263 0.79102 0.14893 0.366 -0.11841 0.732 
0.244385 0.79468 0.15137 0.977 -0.8545 0.977 
0.244995 0.79834 0.16113 0.2075 -0.4395 0.977 
0.245728 0.79834 0.16968 0.4028 -0.244 0.122 
0.246948 0.80322 0.17334 0.7202 0.2441 -0.2563 
0.248535 0.80566 0.18433 0.10864 0.3052 -0.6836 
0.251953 0.80444 0.18433 0.16113 0.1465 -0.13062 
0.256104 0.79834 0.18555 0.21484 -0.977 -0.21362 
0.255859 0.78613 0.15015 0.23804 -0.2930 -0.30029 
0.263550 0.77026 0.11841 0.22949 -0.5493 -0.40771 
0.267334 0.72876 -0.5859 0.22949 -0.5249 -0.52002 
0.265991 0.67749 -0.21362 0.3052 -0.30640 -0.58350 
0.262939 0.65308 -0.21851 -0.24292 0.3052 -0.60425 
0.265381 0.65308 -0.20996 -0.39185 0.3052 -0.63110 
0.267700 0.66406 -0.21851 -0.48218 0.3784 -0.67749 
0.266113 0.66528 -0.24414 -0.56274 0.5615 -0.74097 
0.260498 0.66650 -0.29785 -0.64087 0.7568 -0.74097 
0.250732 0.67993 -0.34912 -0.75195 0.9399 -0.80688 
0.242310 0.71411 -0.38696 -0.91553 0.11353 -0.85449 
0.235230 0.73242 -0.43213 -0.110352 0.12451 -0.87158 
0.228882 0.72998 -0.47119 -0.130127 0.10376 -0.86426 
0.228882 0.72510 -0.46875 -0.153198 0.6226 -0.83252 
0.226807 0.73120 -0.42114 -0.179199 0.1343 -0.78369 
0.227661 0.75195 -0.32959 -0.205322 -0.4028 -0.74463 
0.229004 0.75195 -0.22827 -0.228394 -0.9033 -0.72266 
0.229248 0.77759 -0.13672 -0.245605 -0.13672 -0.71899 
0.224487 0.81543 -0.3540 -0.256470 -0.16235 -0.69824 
0.216064 0.87036 -0.3540 -0.264404 -0.17090 -0.65674 
0.202759 0.94727 0.7690 -0.267578 -0.17822 -0.54199 
0.191528 0.101685 0.14160 -0.268677 -0.22583 -0.36499 
0.182373 0.107544 0.15625 -0.275024 -0.31372 -0.14404 
0.176392 0.111572 0.22583 -0.275024 -0.42236 0.9155 
0.177490 0.112061 0.37476 -0.284424 -0.54443 0.32715 
0.180176 0.111450 0.50781 -0.284546 -0.33691 0.55542 
0.176880 0.110229 0.57129 -0.273438 -0.64941 0.80200 
0.165894 0.111450 0.57129 -0.257690 -0.69214 0.111816 
0.152832 0.115112 0.56274 -0.244141 -0.68237 0.120728 
0.138672 0.115967 0.57251 -0.236084 -0.65430 0.151978 
0.128174 0.114258 0.58228 -0.230835 -0.65796 0.199097 
0.122314 0.103027 0.55176 -0.225098 -0.71411 0.252197 
0.120483 0.83618 0.49805 -0.219849 -0.79102 0.304321 
0.100830 0.54932 0.50659 -0.217041 -0.86670 0.353394 
0.132080 0.22339 0.64941 -0.214600 -0.90576 0.395752 
0.168579 0.29541 0.76294 -0.203735 -0.80811 0.421021 
0.214478 -0.17212 0.77759 -0.178345 -0.61279 0.423950 
0.240845 -0.17212 0.75684 -0.157349 -0.42603 0.413574 
0.250366 -0.22339 0.77148 -0.152222 -0.29053 0.404663 
0.254639 -0.24170 0.76050 -0.151855 -0.24780 0.399414 
0.250244 -0.28198 0.69092 -0.145142 -0.30273 0.396362 
0.238647 -0.35645 0.69092 -0.134155 -0.38330 0.394897 
0.223999 -0.44312 0.65430 -0.155518 -0.44678 0.397461 
0.213135 -0.51514 0.70679 -0.111694 -0.50293 0.406006 
0.207275 -0.59326 0.77026 -0.111694 -0.56274 0.415649 
0.201538 -0.68848 0.83984 -0.92896 -0.62988 0.425903 
0.195679 -0.78613 0.90820 -0.69458 -0.70190 0.436890 
0.188477 -0.93018 0.95337 -0.42847 -0.70190 0.446777 
0.182373 -0.106445 0.99487 -0.11841 -0.75806 0.456665 
0.179321 -0.117798 0.105469 0.23560 -0.78735 0.465210 
0.182251 -0.129272 0.112061 0.61157 -0.78247 0.439209 
0.198364 -0.136108 0.118042 0.101685 -0.74829 0.470459 
0.201904 -0.159058 0.115601 0.147949 -0.68237 0.471069 
0.210205 -0.168335 0.113525 0.188599 -0.67871 0.461060 
0.193726 -0.178101 0.110107 0.213501 -0.69458 0.454956 
0.224976 -0.191528 0.107422 0.230713 -0.72998 0.445313 
0.234375 -0.203003 0.104370 0.246948 -0.79468 0.429443 
0.237915 -0.210449 0.101196 0.260986 -0.87646 0.411865 
0.241943 -0.210449 0.97412 0.272095 -0.93384 0.392700 
0.251465 -0.218262 0.95215 0.282349 -0.95581 0.368408 
0.262207 -0.224121 0.93872 0.289673 -0.99365 0.339966 
0.270996 -0.228027 0.123657 0.294312 -0.106201 0.309448 
0.273315 -0.230347 0.92407 0.297730 -0.112183 0.276489 
0.266724 -0.228516 0.91675 0.297730 -0.118774 0.243896 
0.254028 -0.224976 0.94849 0.295410 -0.128540 0.213013 
0.238037 -0.219605 0.103882 0.295410 -0.143433 0.186401 
0.223022 -0.215942 0.116943 0.295532 -0.161377 0.164063 
0.213623 -0.217896 0.126709 0.305542 -0.174194 0.142700 
0.211670 -0.223389 0.126099 0.329102 -0.174194 0.118774 
0.213379 -0.229004 0.115234 0.358398 -0.177490 0.93506 
0.215576 -0.233154 0.100220 0.379150 -0.175659 0.68115 
0.218750 -0.235107 0.85205 0.385864 -0.172974 0.74097 
0.224243 -0.235230 0.72021 0.382202 -0.170776 0.42847 
0.230469 -0.235230 0.61035 0.371582 -0.167969 0.17334 
0.238037 -0.233276 0.52979 0.354736 -0.164429 -0.8423 
0.246826 -0.229980 0.47241 0.332764 -0.162476 -0.33203 
0.246826 -0.226196 0.42603 0.307983 -0.162476 -0.58716 
0.253906 -0.221924 0.39917 0.282105 -0.163452 -0.88501 
0.258911 -0.219482 0.36133 0.258179 -0.162964 -0.121948 
0.261963 -0.219482 0.31250 0.238281 -0.159180 -0.158325 
0.262085 -0.217163 0.27466 0.218628 -0.151855 -0.196655 
0.261475 -0.210815 0.26733 0.195313 -0.142822 -0.232666 
0.258911 -0.203369 0.27588 0.170654 -0.132935 -0.265503 
0.257202 -0.195679 0.27588 0.148438 -0.122925 -0.295654 
0.254272 -0.187012 0.29297 0.128784 -0.113159 -0.323486 
0.251831 -0.177002 0.32227 0.141480 -0.103882 -0.347046 
0.251221 -0.167847 0.35645 0.110229 -0.94849 -0.366821 
0.252197 -0.157959 0.36865 0.94238 -0.84106 -0.382813 
0.249756 -0.155151 0.33936 0.82031 -0.71533 -0.400391 
0.240967 -0.145996 0.31616 0.70557 -0.91187 -0.415649 
0.227905 -0.134888 0.30884 0.54932 -0.59937 -0.423462 
0.215332 -0.121582 0.34790 0.38452 -0.50049 -0.423706 
0.209717 -0.104126 0.41138 0.22217 -0.45898 -0.416992 
0.208496 -0.90088 0.46387 0.7935 -0.49316 -0.416992 
0.214722 -0.76904 0.51880 -0.1587 -0.58594 -0.409790 
0.224854 -0.68604 0.51270 -0.8057 -0.70801 -0.403687 
0.227295 -0.65918 0.46875 -0.11108 -0.81177 -0.403931 
0.227295 -0.59326 0.40894 -0.14282 -0.85083 -0.412720 
0.223999 -0.49805 0.36987 -0.21973 -0.80566 -0.422607 
0.217041 -0.40771 0.35400 -0.33691 -0.70679 -0.428711 
0.210083 -0.61890 0.34302 -0.45044 -0.57617 -0.429565 
0.200806 -0.30640 0.32959 -0.54077 -0.43091 -0.424927 
0.191650 -0.19531 0.31738 -0.63477 -0.28320 -0.414307 
0.187012 -0.8423 0.32715 -0.76538 -0.13062 -0.399780 
0.185913 0.1221 0.32715 -0.92041 0.1343 -0.383667 
0.190430 0.10742 0.35645 -0.108032 0.14160 -0.369751 
0.197632 0.19165 0.39917 -0.124023 0.24658 -0.360107 
0.203369 0.22827 0.44312 -0.124023 0.34180 -0.355225 
0.207153 0.26245 0.49072 -0.138428 0.42725 -0.353760 
0.203980 0.32593 0.51514 -0.148560 0.47852 -0.353882 
0.188599 0.42969 0.52979 -0.151855 0.48706 -0.349609 
0.167847 0.56641 0.57495 -0.153198 0.48706 -0.334473 
0.150269 0.71777 0.64819 -0.158691 0.45044 -0.339722 
0.140137 0.83618 0.76294 -0.163940 0.38818 -0.308716 
0.141357 0.92041 0.88501 -0.163940 0.30029 -0.277466 
0.154419 0.95459 0.96680 -0.157593 0.20996 -0.246826 
0.170044 0.95459 0.98267 -0.145508 0.15869 -0.224121 
0.178223 0.96558 0.94604 -0.132813 0.16113 -0.211548 
0.178223 0.100586 0.91064 -0.126465 0.20630 -0.205078 
0.176514 0.108398 0.93872 -0.128906 0.27344 -0.198486 
0.165894 0.117676 0.104492 -0.135620 0.32104 -0.186035 
0.153198 0.97656 0.119141 -0.138672 0.32227 -0.166382 
0.145752 0.128906 0.133057 -0.132202 0.26855 -0.141724 
0.144531 0.135132 0.142334 -0.115723 0.17456 -0.117065 
0.148560 0.137451 0.146118 -0.93628 0.7935 -0.94482 
0.156494 0.136719 0.146118 -0.71289 0.366 -0.75562 
0.167114 0.133057 0.145020 -0.51758 -0.4028 -0.61279 
0.177490 0.128296 0.140015 -0.36865 -0.5737 -0.51025 
0.185059 0.124878 0.133057 -0.59204 -0.6592 -0.43335 
0.189575 0.122314 0.126953 -0.27954 -0.7446 -0.37109 
0.192627 0.120483 0.123901 -0.24658 -0.9277 -0.33203 
0.198242 0.120117 0.122681 -0.23560 -0.9888 -0.29419 
0.198975 0.119263 0.122559 -0.20874 -0.9888 -0.24902 
