0.232422 0.98022 0.34302 0.3784 -0.11719 0.488 
0.236206 0.98022 0.32104 0.1343 -0.12085 -0.1465 
0.238037 0.97412 0.31372 0.122 -0.11475 -0.2930 
0.239746 0.97412 0.61646 0.854 -0.11230 -0.5005 
0.239136 0.97900 0.30396 0.1709 -0.11719 -0.6348 
0.237183 0.98999 0.28564 0.1343 -0.11719 -0.5493 
0.231201 0.100952 0.26001 0.29419 -0.10742 -0.1099 
0.227783 0.102295 0.25269 -0.4150 -0.9033 0.3662 
0.229004 0.101685 0.26001 -0.4150 -0.6104 0.5859 
0.230591 0.100342 0.26245 -0.3784 -0.3174 0.5981 
0.231201 0.99609 0.26367 -0.1709 -0.1953 0.5371 
0.231323 0.99365 0.26367 -0.488 -0.1953 0.5005 
0.231445 0.99365 0.26367 -0.732 -0.2808 0.4028 
0.231567 0.98511 0.26245 -0.1587 -0.5371 0.2197 
0.232788 0.98633 0.26123 -0.1587 -0.9399 0.30884 
0.234131 0.99121 0.25757 0.366 -0.13672 -0.366 
0.236328 0.99365 0.26123 0.4028 -0.17700 -0.2930 
0.240479 0.99487 0.27100 0.8179 -0.21240 -0.4517 
0.245972 0.98633 0.26855 0.13062 -0.24048 -0.7080 
0.245972 0.97412 0.25269 0.17578 -0.24536 -0.10620 
0.250366 0.94971 0.18921 0.16968 -0.21729 -0.13672 
0.252075 0.123535 0.8423 0.4395 -0.13306 -0.15015 
0.248291 0.92285 0.15747 -0.19043 -0.2808 -0.14648 
0.249268 0.92285 0.25269 -0.25757 0.4883 -0.14282 
0.250855 0.93506 0.26489 -0.19897 0.8423 -0.15381 
0.247925 0.95093 0.25146 -0.16724 0.7446 -0.16357 
0.242310 0.96436 0.25146 -0.17334 0.3296 -0.15137 
0.239624 0.97778 0.25879 -0.16968 -0.854 -0.12695 
0.240112 0.98511 0.26855 -0.14282 -0.3174 -0.11597 
0.239624 0.98877 0.26001 -0.14282 -0.3784 -0.12207 
0.237793 0.98755 0.23682 -0.11475 -0.3296 -0.13428 
0.235596 0.99609 0.22461 -0.10864 -0.2686 -0.14160 
0.234497 0.100464 0.22583 -0.11841 -0.2686 -0.14648 
0.233032 0.101318 0.23193 -0.12207 -0.2319 -0.14771 
0.230591 0.102783 0.23926 -0.11963 -0.2197 -0.13672 
0.227661 0.104126 0.24658 -0.11841 -0.2319 -0.11597 
0.224854 0.105347 0.25757 -0.11841 -0.2808 -0.11597 
0.221558 0.106689 0.26978 -0.11353 -0.3174 -0.8667 
0.218994 0.107910 0.28198 -0.10132 -0.3540 -0.4639 
0.219605 0.108643 0.30396 -0.9277 -0.3174 -0.122 
0.219605 0.107910 0.32104 -0.8789 -0.1587 0.3418 
0.222656 0.105835 0.31494 -0.6714 0.854 0.4150 
0.226563 0.104248 0.28687 -0.4761 0.3418 0.2075 
0.230469 0.104248 0.26855 -0.6104 0.5371 -0.1099 
0.232910 0.101929 0.27344 -0.10010 0.6104 -0.4761 
0.234863 0.101196 0.28320 -0.13550 0.4883 -0.7935 
0.236938 0.101563 0.28076 -0.14893 0.2197 -0.10742 
0.238281 0.101929 0.28076 -0.15503 -0.1465 -0.13184 
0.240601 0.101074 0.25146 -0.16113 -0.5127 -0.15747 
0.245361 0.98755 0.19897 -0.18066 -0.7813 -0.19897 
0.250366 0.96069 0.12939 -0.18066 -0.9277 -0.26489 
0.253052 0.93628 0.6104 -0.21606 -0.9766 -0.34546 
0.253784 0.91797 0.00 -0.26733 -0.8667 -0.42969 
0.254395 0.90820 -0.4883 -0.33447 -0.8667 -0.52002 
0.253418 0.91797 -0.7813 -0.40527 -0.5249 -0.60913 
0.250488 0.93506 -0.10254 -0.47119 -0.122 -0.37842 
0.246704 0.95825 -0.12695 -0.53955 0.6470 -0.76538 
0.241577 0.98022 -0.15137 -0.61646 0.13306 -0.76538 
0.236938 0.98999 -0.17456 -0.70190 0.18799 -0.83130 
0.232544 0.99854 -0.20264 -0.79590 0.23071 -0.88989 
0.227173 0.100098 -0.23804 -0.90088 0.25146 -0.93262 
0.227173 0.101318 -0.25635 -0.103271 0.26123 -0.95703 
0.221558 0.103394 -0.24292 -0.120361 0.26611 -0.95093 
0.216553 0.104980 -0.21606 -0.137939 0.24658 -0.91797 
0.212036 0.107056 -0.17944 -0.153564 0.19653 -0.86060 
0.208740 0.107056 -0.13184 -0.168457 0.13306 -0.78735 
0.205078 0.109863 -0.4883 -0.182739 0.7202 -0.70679 
0.197998 0.112915 -0.26733 -0.193848 0.2686 -0.60547 
0.188110 0.115723 0.4517 -0.200317 0.732 -0.46509 
0.177856 0.117798 0.11963 -0.206177 -0.610 -0.26978 
0.169556 0.117432 0.16479 -0.215576 -0.977 -0.2319 
0.167969 0.117065 0.27344 -0.215576 -0.1221 0.25391 
0.171997 0.117065 0.46143 -0.229980 -0.5493 0.53833 
0.174316 0.117554 0.65186 -0.239868 -0.16479 0.81665 
0.171875 0.116333 0.78247 -0.240112 -0.29419 0.109985 
0.165039 0.115845 0.87769 -0.234253 -0.29419 0.140625 
0.152710 0.114624 0.89355 -0.225708 -0.38574 0.145142 
0.137939 0.114258 0.87402 -0.214966 -0.44922 0.186768 
0.129272 0.111816 0.87524 -0.210083 -0.52490 0.218018 
0.126587 0.104004 0.92529 -0.210571 -0.60669 0.261841 
0.126953 0.90454 0.98999 -0.206543 -0.69458 0.303833 
0.125366 0.72144 0.100342 -0.193726 -0.76050 0.342407 
0.125366 0.55054 0.101196 -0.176147 -0.78003 0.381226 
0.124756 0.36743 0.107178 -0.165283 -0.77637 0.421997 
0.129028 0.48584 0.117676 -0.159302 -0.74829 0.460327 
0.135986 0.27344 0.124512 -0.146729 -0.71533 0.494385 
0.147583 -0.3906 0.129517 -0.126587 -0.69458 0.521240 
0.161255 -0.22095 0.135376 -0.107788 -0.68481 0.541260 
0.174805 -0.36133 0.139038 -0.91064 -0.68359 0.555786 
0.185425 -0.49683 0.139038 -0.71045 -0.70801 0.564331 
0.193115 -0.67749 0.135864 -0.46753 -0.73975 0.564819 
0.196289 -0.84839 0.126831 -0.55908 -0.75073 0.560791 
0.199707 -0.98511 0.116577 -0.24658 -0.75562 0.555054 
0.204224 -0.110352 0.109497 -0.11108 -0.76172 0.546021 
0.206421 -0.123901 0.105591 -0.4028 -0.80566 0.534058 
0.212524 -0.133911 0.106567 0.854 -0.90942 0.524536 
0.231567 -0.141480 0.113037 0.8301 -0.90942 0.507324 
0.233154 -0.160522 0.115234 0.29175 -0.100586 0.511841 
0.242188 -0.165405 0.117920 0.60547 -0.116333 0.490601 
0.259399 -0.168335 0.117065 0.86914 -0.133545 0.459351 
0.269653 -0.171997 0.115845 0.106689 -0.148071 0.433350 
0.276489 -0.175537 0.116211 0.122314 -0.159424 0.401489 
0.250000 -0.177979 0.117310 0.135254 -0.168213 0.369873 
0.281250 -0.179688 0.119629 0.146729 -0.175903 0.339355 
0.280396 -0.177734 0.124023 0.158569 -0.186035 0.309326 
0.277588 -0.180786 0.126587 0.173340 -0.198120 0.281250 
0.267456 -0.182861 0.125366 0.197510 -0.207520 0.255371 
0.255127 -0.182861 0.120728 0.225830 -0.215088 0.234009 
0.246216 -0.184937 0.111938 0.251953 -0.225098 0.215820 
0.238281 -0.190186 0.101807 0.276611 -0.234375 0.197144 
0.229614 -0.196411 0.101807 0.296631 -0.237305 0.177734 
0.222900 -0.204102 0.89844 0.311279 -0.232300 0.158569 
0.221558 -0.211060 0.76172 0.286865 -0.223877 0.139160 
0.223022 -0.216797 0.63110 0.314575 -0.216553 0.119629 
0.224365 -0.220703 0.53467 0.314575 -0.211548 0.100342 
0.228027 -0.225586 0.45776 0.304199 -0.204834 0.79834 
0.232666 -0.229492 0.37964 0.293579 -0.194092 0.56885 
0.236328 -0.231567 0.29785 0.283691 -0.194092 0.33936 
0.239136 -0.233643 0.20264 0.273193 -0.178955 0.11108 
0.238525 -0.233643 0.11475 0.259888 -0.162109 0.22339 
0.235230 -0.232056 0.4761 0.242432 -0.147461 -0.8911 
0.232056 -0.227783 0.366 0.222534 -0.134888 -0.24658 
0.231567 -0.223145 -0.2563 0.199341 -0.123657 -0.38452 
0.234985 -0.217773 -0.1343 0.173462 -0.114502 -0.52612 
0.241089 -0.212524 0.488 0.147827 -0.107666 -0.68237 
0.241089 -0.206665 0.3296 0.126709 -0.103516 -0.87158 
0.249878 -0.201172 0.6958 0.110229 -0.102295 -0.111084 
0.254883 -0.195557 0.12085 0.97656 -0.103516 -0.140015 
0.255127 -0.195557 0.19897 0.89233 -0.106934 -0.172119 
0.250610 -0.186279 0.27466 0.87280 -0.111694 -0.202393 
0.241577 -0.176392 0.1099 0.93018 -0.116699 -0.227661 
0.233154 -0.166504 0.32349 0.103516 -0.120239 -0.247559 
0.229248 -0.158447 0.33447 0.114258 -0.119507 -0.262207 
0.230103 -0.153076 0.31128 0.122314 -0.112183 -0.273438 
0.235474 -0.149658 0.25146 0.94482 -0.98511 -0.283203 
0.245483 -0.144897 0.16357 0.125732 -0.82031 -0.293701 
0.253418 -0.146729 0.5371 0.122314 -0.63477 -0.309937 
0.255005 -0.148438 -0.4639 0.112793 -0.74341 -0.330444 
0.248779 -0.144531 -0.10132 0.98511 -0.43091 -0.347778 
0.241821 -0.137207 -0.13672 0.81055 -0.25146 -0.359863 
0.238403 -0.129395 -0.15503 0.63477 -0.11353 -0.368897 
0.240356 -0.120972 -0.16113 0.45776 -0.2563 -0.368897 
0.245239 -0.113281 -0.15869 0.28076 0.1221 -0.377563 
0.248657 -0.106201 -0.13916 0.11475 0.2197 -0.386841 
0.219482 -0.99854 -0.11719 -0.4761 0.732 -0.394287 
0.253174 -0.92163 -0.10620 -0.21729 -0.2319 -0.399414 
0.253174 -0.83862 -0.7324 -0.39795 -0.5249 -0.404419 
0.250977 -0.74951 -0.4150 -0.59082 -0.10254 -0.410400 
0.245117 -0.63599 0.1709 -0.73975 -0.13428 -0.416626 
0.233032 -0.63599 0.8545 -0.85693 -0.16846 -0.418579 
