0.241821 0.77148 0.29053 -0.11230 0.2808 -0.8301 
0.242554 0.77393 0.30151 -0.10132 0.977 -0.10986 
0.242676 0.77881 0.30518 -0.8057 -0.1465 -0.10132 
0.242554 0.77881 0.30640 -0.6348 -0.2319 -0.8667 
0.241333 0.78979 0.30640 -0.5737 -0.2441 -0.5859 
0.242188 0.79590 0.31128 -0.5371 -0.1709 -0.3540 
0.243164 0.80078 0.31128 -0.4761 -0.610 -0.2075 
0.243652 0.80933 0.30884 -0.4395 0.854 -0.1465 
0.242310 0.81421 0.30396 -0.5615 0.3052 -0.366 
0.240234 0.81543 0.29175 -0.8423 0.5859 0.1709 
0.238525 0.81543 0.28442 -0.8423 0.8179 0.4395 
0.238281 0.81665 0.29053 -0.11230 0.8179 0.6226 
0.239868 0.81543 0.31128 -0.11719 0.4883 0.6348 
0.241943 0.81543 0.33691 -0.8667 0.4883 0.4517 
0.244019 0.81543 0.35645 -0.2075 -0.1587 0.1221 
0.244995 0.81299 0.36133 0.6592 -0.10010 0.29053 
0.244995 0.81421 0.35278 0.14771 -0.18677 -0.2197 
0.244141 0.81787 0.30151 0.20508 -0.24658 -0.4272 
0.243896 0.82520 0.29785 0.20020 -0.25635 -0.4028 
0.241577 0.83008 0.25513 0.18066 -0.23193 -0.2563 
0.236450 0.83740 0.17822 0.9521 -0.16479 0.1221 
0.236450 0.85327 0.27710 -0.3174 -0.8423 0.7568 
0.237305 0.85327 0.30518 -0.122 -0.6348 0.12817 
0.239990 0.83252 0.26367 0.4639 -0.6836 0.15625 
0.241699 0.83252 0.23315 0.3662 -0.9155 0.16235 
0.243530 0.80322 0.22583 -0.244 -0.13794 0.16479 
0.245972 0.78247 0.23071 -0.5615 -0.20874 0.18066 
0.247925 0.76904 0.23071 -0.10376 -0.30884 0.20264 
0.249146 0.75928 0.24048 -0.13184 -0.42480 0.22339 
0.246338 0.75317 0.24658 -0.14526 -0.52246 0.25635 
0.245972 0.76294 0.23804 -0.15015 -0.61890 0.29053 
0.249878 0.73364 0.20874 -0.15015 -0.67871 0.28931 
0.253052 0.70679 0.16235 -0.15503 -0.69702 0.26001 
0.254761 0.69336 0.9766 -0.17090 -0.69336 0.19897 
0.255249 0.70068 0.3418 -0.22461 -0.69336 0.10742 
0.254150 0.71289 0.244 -0.32959 -0.65796 0.122 
0.249878 0.73120 0.366 -0.46753 -0.59082 0.25513 
0.246704 0.74707 -0.854 -0.56152 -0.56030 -0.7446 
0.246094 0.75317 -0.3296 -0.60669 -0.57129 -0.7446 
0.246948 0.75928 -0.2808 -0.63354 -0.59937 -0.7568 
0.249023 0.75684 -0.3418 -0.61157 -0.60059 -0.9033 
0.220337 0.74829 -0.10132 -0.54810 -0.54077 -0.13306 
0.251587 0.73853 -0.17944 -0.50415 -0.44312 -0.20264 
0.251587 0.73608 -0.23193 -0.52246 -0.31494 -0.28076 
0.251099 0.72754 -0.26001 -0.57983 -0.19409 -0.34424 
0.251709 0.72754 -0.29175 -0.63965 -0.10010 -0.39673 
0.252930 0.71777 -0.33081 -0.72266 -0.4028 -0.44312 
0.255371 0.69824 -0.35767 -0.82886 -0.854 -0.49927 
0.256348 0.68970 -0.36865 -0.95947 0.1465 -0.56396 
0.253174 0.68481 -0.36865 -0.110474 0.3174 -0.61279 
0.245728 0.69214 -0.36011 -0.124023 0.5371 -0.62378 
0.236328 0.69702 -0.36377 -0.104736 0.8179 -0.59448 
0.226563 0.70313 -0.38940 -0.135986 0.12329 -0.52490 
0.217041 0.71045 -0.39429 -0.150635 0.18188 -0.41870 
0.211670 0.70068 -0.38696 -0.165894 0.24414 -0.28809 
0.209106 0.69092 -0.37109 -0.180298 0.24414 -0.13428 
0.203247 0.69336 -0.37842 -0.194702 0.31616 0.4272 
0.190918 0.72510 -0.34424 -0.216064 0.36133 0.27710 
0.174927 0.75317 -0.17822 -0.244507 0.38696 0.28442 
0.167358 0.78491 0.7690 -0.271729 0.38696 0.59692 
0.167236 0.80078 0.31250 -0.285889 0.33691 0.99121 
0.168335 0.77271 0.44189 -0.285034 0.25024 0.138550 
0.166748 0.72876 0.49927 -0.277954 0.15869 0.175415 
0.166748 0.68115 0.53955 -0.270996 0.10010 0.211060 
0.161743 0.64087 0.62256 -0.267700 0.5249 0.247803 
0.158691 0.85693 0.71899 -0.267944 -0.488 0.285156 
0.156128 0.54443 0.83618 -0.262207 -0.7446 0.322022 
0.156250 0.39185 0.92773 -0.248901 -0.11963 0.359497 
0.167969 0.17822 0.66528 -0.226685 -0.7690 0.390381 
0.183105 -0.610 0.98022 -0.200195 0.1465 0.410034 
0.186157 -0.15991 0.98022 -0.176514 0.8667 0.425415 
0.189575 -0.26978 0.96924 -0.161377 0.11841 0.439209 
0.193970 -0.36499 0.95459 -0.181641 0.6714 0.452759 
0.192627 -0.47485 0.95337 -0.150391 -0.4639 0.464478 
0.189209 -0.60303 0.97290 -0.137451 -0.16113 0.476074 
0.193359 -0.70801 0.100952 -0.120605 -0.23193 0.482178 
0.202026 -0.82886 0.108643 -0.102173 -0.488 0.483154 
0.213623 -0.95337 0.119263 -0.82031 -0.31738 0.478272 
0.224365 -0.109619 0.124390 -0.56274 -0.41504 0.499268 
0.229370 -0.122314 0.124512 -0.26367 -0.50537 0.457520 
0.237427 -0.132813 0.123779 0.610 -0.57617 0.457520 
0.244263 -0.142578 0.124268 0.22339 -0.62988 0.444946 
0.246704 -0.148926 0.125854 0.43945 -0.69458 0.427734 
0.239746 -0.158081 0.119263 0.70557 -0.74829 0.409180 
0.239746 -0.168091 0.102417 0.104126 -0.74585 0.390991 
0.225220 -0.172730 0.87891 0.135254 -0.66406 0.375855 
0.208374 -0.177002 0.86304 0.149414 -0.55420 0.366943 
0.199463 -0.180054 0.97168 0.149902 -0.47852 0.363647 
0.205811 -0.180054 0.114014 0.153564 -0.47852 0.362061 
0.224365 -0.184937 0.99854 0.171143 -0.56274 0.354736 
0.247925 -0.191162 0.145752 0.201660 -0.68970 0.337769 
0.266113 -0.195801 0.145752 0.239502 -0.81909 0.312134 
0.271118 -0.201660 0.154419 0.281494 -0.93384 0.280396 
0.268188 -0.210327 0.153076 0.297607 -0.97656 0.243774 
0.265381 -0.223267 0.140747 0.328857 -0.86670 0.203247 
0.264526 -0.230591 0.124634 0.375855 -0.67627 0.164063 
0.274902 -0.233398 0.112061 0.406006 -0.85938 0.125366 
0.282959 -0.241943 0.102905 0.421387 -0.48706 0.79956 
0.284424 -0.242188 0.95947 0.429688 -0.48706 0.36377 
0.287109 -0.238892 0.89844 0.429810 -0.46875 0.59448 
0.283447 -0.233276 0.85327 0.423462 -0.48096 -0.9155 
0.270630 -0.227661 0.84351 0.412964 -0.52979 -0.40405 
0.256714 -0.219605 0.87158 0.400024 -0.62500 -0.73853 
0.249756 -0.210815 0.92285 0.387939 -0.74585 -0.100952 
0.220337 -0.203857 0.97412 0.380737 -0.86060 -0.123291 
0.251587 -0.195923 0.99976 0.379150 -0.96802 -0.145264 
0.263062 -0.188965 0.97412 0.378418 -0.106323 -0.173218 
0.281982 -0.216797 0.88867 0.373535 -0.112915 -0.214844 
0.294922 -0.182373 0.78247 0.363281 -0.118408 -0.262451 
0.300171 -0.182373 0.70679 0.345703 -0.123901 -0.311768 
0.295776 -0.176636 0.68481 0.320557 -0.130493 -0.359253 
0.283081 -0.167969 0.70435 0.293945 -0.139038 -0.401245 
0.266846 -0.159668 0.70435 0.272827 -0.148193 -0.436157 
0.248291 -0.149292 0.73608 0.259888 -0.154907 -0.461426 
0.229980 -0.135376 0.74951 0.253418 -0.156372 -0.474487 
0.217407 -0.119263 0.72632 0.277588 -0.152710 -0.476807 
0.213745 -0.102905 0.64575 0.246338 -0.144165 -0.473633 
0.219605 -0.90698 0.52856 0.231201 -0.131104 -0.469849 
0.234863 -0.80200 0.38330 0.204224 -0.148315 -0.469971 
0.245972 -0.74341 0.24170 0.167480 -0.117065 -0.478394 
0.241333 -0.71045 0.12207 0.123901 -0.104492 -0.490845 
0.217773 -0.65430 0.8179 0.75684 -0.91309 -0.498657 
0.188721 -0.48096 0.14282 0.26001 -0.78125 -0.498657 
0.164795 -0.26123 0.27222 -0.20874 -0.67871 -0.490479 
0.154053 -0.5737 0.44800 -0.61157 -0.63965 -0.467163 
0.126831 0.10620 0.58960 -0.92285 -0.68359 -0.435425 
0.169312 0.21729 0.66040 -0.111328 -0.78491 -0.402954 
0.169312 0.28687 0.65552 -0.122314 -0.89478 -0.375977 
0.179810 0.2808 0.60547 -0.133667 -0.96558 -0.357056 
0.182861 0.40649 0.57617 -0.148804 -0.98511 -0.345337 
0.173584 0.40649 0.59448 -0.166748 -0.96069 -0.335693 
0.156372 0.51636 0.67627 -0.182739 -0.90820 -0.319336 
0.138428 0.62622 0.82642 -0.194580 -0.85693 -0.295532 
0.128418 0.78125 0.82642 -0.198853 -0.82397 -0.264282 
0.128296 0.89478 0.99365 -0.192383 -0.82520 -0.232300 
0.138672 0.95581 0.111328 -0.209717 -0.83984 -0.204956 
0.152344 0.100342 0.115479 -0.163818 -0.84106 -0.185303 
0.160889 0.104858 0.112915 -0.163818 -0.83740 -0.171875 
0.161255 0.108765 0.108521 -0.153564 -0.82520 -0.159058 
0.157105 0.113037 0.107422 -0.149170 -0.80933 -0.142822 
0.154541 0.117920 0.109985 -0.147583 -0.80933 -0.122803 
0.156738 0.121826 0.116577 -0.144043 -0.80566 -0.101563 
0.164307 0.124023 0.122681 -0.134888 -0.82031 -0.113892 
0.173706 0.124023 0.124756 -0.119019 -0.84351 -0.82642 
0.183105 0.121826 0.122559 -0.100464 -0.86670 -0.68237 
0.190552 0.119873 0.117432 -0.83740 -0.86304 -0.57861 
0.194092 0.118286 0.112305 -0.70557 -0.82764 -0.50781 
0.196533 0.116943 0.106079 -0.60181 -0.77881 -0.44678 
0.196533 0.116455 0.100830 -0.51880 -0.72998 -0.38574 
0.197998 0.117310 0.96680 -0.46265 -0.68359 -0.31982 
