0.225830 0.102539 0.48706 0.2808 -0.7202 0.9766 
0.222778 0.103271 0.46143 -0.1221 -0.11597 0.15259 
0.218018 0.103027 0.46143 -0.6104 -0.17090 0.22339 
0.219971 0.102051 0.45166 -0.8423 -0.17090 0.24780 
0.225708 0.100342 0.42725 -0.8301 -0.20142 0.22217 
0.231079 0.97778 0.40771 -0.7813 -0.19653 0.16235 
0.235840 0.96069 0.38574 -0.7324 -0.16724 0.16235 
0.239990 0.95093 0.37842 -0.7446 -0.10376 0.8789 
0.242554 0.94849 0.40405 -0.7690 -0.2686 0.977 
0.243774 0.95093 0.41260 -0.5493 0.3662 -0.5371 
0.243530 0.95703 0.41992 -0.4272 0.7690 -0.9521 
0.243530 0.96191 0.42847 -0.4028 0.9155 -0.11475 
0.243530 0.96313 0.43823 -0.4028 0.8057 -0.12451 
0.244385 0.96069 0.44312 -0.3540 0.5493 -0.13794 
0.245605 0.96069 0.45288 -0.2075 0.2075 -0.16113 
0.246216 0.95947 0.45532 0.977 -0.1953 -0.19165 
0.244141 0.96436 0.47363 0.4517 -0.6104 -0.20996 
0.241333 0.97534 0.47607 0.11353 -0.10742 -0.20996 
0.239380 0.98145 0.47607 0.18433 -0.14282 -0.19775 
0.236206 0.98267 0.44434 0.20142 -0.15625 -0.16968 
0.227661 0.99487 0.41748 0.17212 -0.16602 -0.9644 
0.226318 0.99976 0.37109 0.17212 -0.15259 -0.3296 
0.229370 0.98755 0.34912 0.10986 -0.11963 -0.854 
0.234985 0.97412 0.38452 0.4028 -0.9644 -0.2319 
0.237915 0.96924 0.38086 0.5371 -0.9644 -0.5249 
0.238892 0.97046 0.33691 0.6592 -0.8179 -0.7446 
0.240845 0.96924 0.31250 0.1709 -0.6348 -0.9277 
0.243774 0.96436 0.29419 -0.3296 -0.5371 -0.11841 
0.246826 0.95825 0.25146 -0.5493 -0.5371 -0.11841 
0.249390 0.94971 0.20264 -0.8301 -0.4883 -0.15625 
0.223389 0.92651 0.15747 -0.12939 -0.3296 -0.20874 
0.260498 0.88257 0.10864 -0.18066 -0.244 -0.29053 
0.260498 0.85449 0.4150 -0.23804 0.4761 -0.41138 
0.263184 0.83496 -0.6226 -0.30518 0.10010 -0.55054 
0.262329 0.81177 -0.16846 -0.40771 0.14771 -0.69214 
0.256714 0.81177 -0.25269 -0.55298 0.20386 -0.81909 
0.249023 0.80566 -0.30640 -0.72510 0.26733 -0.92407 
0.237915 0.82153 -0.1831 -0.90698 0.32593 -0.99487 
0.227051 0.84961 -0.34302 -0.109009 0.37598 -0.103027 
0.217163 0.88135 -0.34302 -0.128662 0.41382 -0.102661 
0.208496 0.91919 -0.32837 -0.150757 0.42969 -0.98389 
0.202393 0.95825 -0.26978 -0.141113 0.42236 -0.90698 
0.198608 0.99609 -0.17578 -0.172363 0.37476 -0.81421 
0.195068 0.101929 -0.9277 -0.189575 0.28931 -0.70679 
0.192871 0.105103 -0.1709 -0.203613 0.19043 -0.59082 
0.190918 0.108521 0.3906 -0.217285 0.19043 -0.47974 
0.183716 0.110718 0.9277 -0.229248 0.8667 -0.35767 
0.171631 0.114014 0.15991 -0.239014 -0.610 -0.49683 
0.159668 0.117554 0.26733 -0.247925 -0.6836 -0.26123 
0.151001 0.120850 0.41626 -0.255127 -0.10254 0.5127 
0.140869 0.123779 0.54443 -0.257446 -0.10986 0.34180 
0.128174 0.125977 0.62134 -0.253906 -0.12817 0.69092 
0.147583 0.125244 0.66284 -0.251709 -0.19531 0.109131 
0.116333 0.119141 0.74097 -0.254150 -0.28931 0.155151 
0.106567 0.106079 0.87402 -0.257813 -0.40527 0.204224 
0.108032 0.119141 0.100830 -0.255493 -0.49438 0.250000 
0.118652 0.64209 0.115845 -0.244507 -0.51147 0.289795 
0.139648 0.64209 0.126831 -0.230957 -0.42236 0.319336 
0.171265 0.40161 0.128296 -0.213135 -0.21606 0.333984 
0.194580 0.22949 0.153320 -0.198486 -0.977 0.338623 
0.204712 0.12939 0.122070 -0.198853 0.9521 0.341675 
0.207886 0.6226 0.117920 -0.214111 0.5249 0.347656 
0.208130 0.2319 0.121338 -0.200195 -0.14038 0.356079 
0.205200 -0.4272 0.128906 -0.231445 -0.40405 0.364868 
0.198853 -0.13306 0.137817 -0.238647 -0.63965 0.375488 
0.192749 -0.23193 0.146606 -0.233276 -0.79956 0.388672 
0.191406 -0.32837 0.150879 -0.218262 -0.88013 0.401489 
0.190674 -0.45410 0.151123 -0.197998 -0.88013 0.411743 
0.187500 -0.60791 0.149414 -0.175171 -0.89355 0.422119 
0.186768 -0.76294 0.148804 -0.153076 -0.85815 0.433838 
0.189819 -0.88867 0.145020 -0.135132 -0.81421 0.433838 
0.192261 -0.99487 0.139526 -0.119385 -0.81177 0.443481 
0.191162 -0.110840 0.133301 -0.104980 -0.86182 0.449829 
0.189941 -0.122803 0.127686 -0.88989 -0.91797 0.455811 
0.189941 -0.127319 0.128296 -0.71899 -0.94360 0.460449 
0.198120 -0.142700 0.122681 -0.53955 -0.89844 0.462891 
0.199463 -0.147095 0.121948 -0.34668 -0.88745 0.457275 
0.193970 -0.148926 0.126099 -0.22949 -0.91919 0.456543 
0.191650 -0.148926 0.138184 -0.12573 -0.94849 0.459351 
0.193604 -0.150635 0.150513 0.6592 -0.101807 0.459473 
0.201538 -0.154541 0.127930 0.40405 -0.113525 0.453857 
0.209717 -0.165283 0.159180 0.82764 -0.125244 0.441040 
0.218506 -0.176636 0.161987 0.127075 -0.128174 0.424927 
0.227783 -0.186890 0.160156 0.135376 -0.124023 0.405518 
0.237061 -0.196899 0.155396 0.166626 -0.115845 0.382446 
0.240356 -0.206299 0.148438 0.203003 -0.106934 0.358154 
0.237915 -0.213501 0.138794 0.237793 -0.101196 0.335327 
0.232056 -0.217773 0.129150 0.265137 -0.100830 0.313965 
0.224487 -0.219971 0.121582 0.281982 -0.100830 0.293213 
0.214722 -0.221802 0.118774 0.291260 -0.107544 0.304688 
0.205200 -0.223511 0.119629 0.297241 -0.119873 0.257324 
0.201050 -0.223877 0.119263 0.303223 -0.136475 0.257324 
0.197144 -0.224609 0.116333 0.310547 -0.156860 0.243042 
0.192261 -0.226318 0.112061 0.317261 -0.177124 0.226318 
0.190063 -0.229614 0.104492 0.320313 -0.190308 0.206177 
0.190063 -0.231323 0.95703 0.322144 -0.195679 0.182617 
0.189819 -0.230713 0.88989 0.320435 -0.199097 0.156616 
0.193237 -0.229980 0.86182 0.312744 -0.205688 0.131226 
0.200562 -0.229858 0.84229 0.303223 -0.214844 0.104004 
0.209106 -0.229858 0.82275 0.296143 -0.224365 0.73608 
0.217163 -0.229126 0.83130 0.289429 -0.234619 0.41626 
0.226196 -0.225830 0.85205 0.281738 -0.245361 0.9766 
0.236572 -0.223755 0.85205 0.276123 -0.255127 -0.23315 
0.245728 -0.225952 0.84106 0.275024 -0.260986 -0.60547 
0.251343 -0.229248 0.77515 0.273804 -0.260132 -0.102295 
0.252563 -0.228638 0.68481 0.264404 -0.252075 -0.144653 
0.250732 -0.224365 0.60059 0.264404 -0.238159 -0.183716 
0.247803 -0.217285 0.54688 0.244751 -0.220703 -0.218262 
0.245850 -0.209106 0.54321 0.219238 -0.234497 -0.247681 
0.248535 -0.200195 0.57251 0.192627 -0.203247 -0.271606 
0.256714 -0.192383 0.59448 0.168701 -0.188477 -0.294434 
0.265991 -0.187378 0.58960 0.150391 -0.175293 -0.288452 
0.268311 -0.184570 0.55908 0.136597 -0.161255 -0.319702 
0.262329 -0.179810 0.51514 0.123901 -0.146240 -0.346924 
0.250610 -0.172119 0.50049 0.109985 -0.131958 -0.373047 
0.270386 -0.161133 0.51270 0.93140 -0.121460 -0.394653 
0.231445 -0.147217 0.55298 0.77271 -0.115723 -0.408813 
0.231445 -0.133545 0.57617 0.66162 -0.114746 -0.416870 
0.228394 -0.154175 0.56641 0.60547 -0.115112 -0.420654 
0.228027 -0.112183 0.51880 0.57129 -0.115112 -0.423218 
0.233765 -0.112183 0.43457 0.50903 -0.114136 -0.426147 
0.241943 -0.103638 0.32104 0.41016 -0.110718 -0.432983 
0.241455 -0.101685 0.56885 0.27710 -0.104614 -0.447998 
0.229370 -0.93750 0.25635 0.9277 -0.95215 -0.461792 
0.211548 -0.81909 0.26123 -0.12207 -0.83740 -0.465210 
0.197754 -0.66895 0.30640 -0.977 -0.71533 -0.456909 
0.193481 -0.53101 0.34424 -0.46143 -0.61035 -0.442749 
0.196533 -0.42358 0.36011 -0.46143 -0.52612 -0.428345 
0.203247 -0.32593 0.34058 -0.55298 -0.43945 -0.416138 
0.210938 -0.25879 0.28442 -0.63965 -0.32593 -0.408203 
0.214844 -0.22583 0.23193 -0.75562 -0.32593 -0.406006 
0.210205 -0.16968 0.21118 -0.92896 -0.18677 -0.406494 
0.196899 -0.6470 0.24048 -0.113403 -0.3540 -0.434570 
0.180054 0.6470 0.30518 -0.132446 0.10254 -0.403320 
0.168335 0.20752 0.39185 -0.146851 0.20996 -0.392578 
0.164917 0.33813 0.47729 -0.156738 0.28687 -0.375244 
0.166138 0.44678 0.54443 -0.161621 0.34180 -0.355225 
0.171387 0.52490 0.57739 -0.162598 0.36865 -0.336304 
0.171387 0.58105 0.57739 -0.162476 0.38818 -0.320190 
0.175659 0.31616 0.58472 -0.164063 0.41382 -0.308105 
0.177612 0.68359 0.59692 -0.169067 0.45532 -0.298218 
0.175903 0.68359 0.65308 -0.175659 0.50781 -0.289795 
0.167114 0.76050 0.77148 -0.182617 0.53467 -0.280029 
0.156006 0.86914 0.89722 -0.187378 0.52856 -0.263794 
0.148315 0.98755 0.68481 -0.184082 0.49072 -0.242920 
0.145752 0.107788 0.99731 -0.173462 0.41992 -0.222656 
0.143799 0.114014 0.106079 -0.160645 0.33569 -0.202759 
0.143311 0.119995 0.111084 -0.181274 0.25757 -0.182251 
0.145996 0.124512 0.116699 -0.150024 0.19775 -0.163330 
0.149048 0.128540 0.125488 -0.140625 0.14648 -0.146118 
