0.237183 0.101440 0.45654 0.15259 -0.13794 -0.11108 
0.236328 0.101929 0.44312 0.13306 -0.8423 -0.9277 
0.233643 0.103271 0.44678 0.13306 -0.4395 -0.6958 
0.232178 0.103882 0.43213 0.8179 -0.732 -0.4028 
0.232666 0.103882 0.42725 0.1465 -0.28931 -0.1831 
0.232422 0.103638 0.42236 -0.4517 0.2319 -0.488 
0.230957 0.103882 0.41016 -0.9766 0.4761 0.610 
0.229980 0.104614 0.40405 -0.14038 0.6348 0.1343 
0.228882 0.104736 0.39673 -0.17090 0.6470 0.1953 
0.228394 0.104736 0.39551 -0.18799 0.5493 0.1953 
0.228516 0.104614 0.38940 -0.18188 0.2930 0.2197 
0.228760 0.104736 0.38696 -0.14526 -0.1221 0.1587 
0.228760 0.104858 0.37598 -0.9155 -0.6714 0.610 
0.228760 0.105103 0.37598 -0.3540 -0.11841 -0.732 
0.230347 0.104736 0.37842 0.3906 -0.16846 -0.3052 
0.233032 0.104492 0.38574 0.11963 -0.20508 -0.6348 
0.236084 0.104492 0.38208 0.19531 -0.21973 -0.9521 
0.236572 0.104248 0.37476 0.23560 -0.21240 -0.11841 
0.236816 0.104736 0.34302 0.22827 -0.19775 -0.13062 
0.235230 0.104980 0.58228 0.14404 -0.15991 -0.11963 
0.232178 0.107056 0.26978 -0.4395 -0.8545 -0.5493 
0.229492 0.104614 0.24902 -0.21729 -0.4517 -0.488 
0.233643 0.103271 0.29663 -0.25024 -0.4028 0.732 
0.237427 0.101929 0.32349 -0.25024 -0.5371 -0.1221 
0.238037 0.101929 0.30396 -0.21851 -0.7813 -0.4639 
0.234863 0.101929 0.27222 -0.20752 -0.10986 -0.5981 
0.234253 0.101929 0.24536 -0.21484 -0.10986 -0.5859 
0.235596 0.101196 0.21973 -0.22339 -0.13062 -0.6226 
0.236450 0.100342 0.19287 -0.23315 -0.13184 -0.7446 
0.236694 0.99487 0.15747 -0.24048 -0.12085 -0.9155 
0.235962 0.98389 0.11841 -0.25146 -0.9888 -0.9155 
0.235230 0.97290 0.7080 -0.27588 -0.6836 -0.10620 
0.235596 0.95703 0.1099 -0.31982 -0.3662 -0.11719 
0.237915 0.92651 -0.5493 -0.38940 -0.1587 -0.13184 
0.237915 0.88257 -0.12451 -0.49438 -0.732 -0.15747 
0.244019 0.82520 -0.19531 -0.62988 0.00 -0.22217 
0.253174 0.77393 -0.25269 -0.78979 0.977 -0.34058 
0.260254 0.75928 -0.27588 -0.98999 0.3418 -0.49561 
0.260254 0.75928 -0.26001 -0.122559 0.6592 -0.64575 
0.251343 0.77026 -0.19165 -0.147095 0.8789 -0.76416 
0.236328 0.82397 -0.11108 -0.170288 0.10376 -0.81299 
0.220581 0.89600 -0.11108 -0.189453 0.9155 -0.79956 
0.207397 0.96191 -0.3174 -0.204956 0.5005 -0.73364 
0.197266 0.99487 0.610 -0.218384 -0.1831 -0.63110 
0.191406 0.101563 0.122 -0.218384 -0.9155 -0.50903 
0.186279 0.102539 0.1221 -0.234009 -0.15015 -0.37720 
0.180176 0.104370 0.9521 -0.251831 -0.20264 -0.21973 
0.177734 0.109863 0.27588 -0.267334 -0.25024 -0.3906 
0.176147 0.112427 0.48584 -0.275513 -0.25024 0.14893 
0.172119 0.112427 0.62012 -0.270264 -0.28076 0.6104 
0.168091 0.109253 0.66162 -0.258179 -0.29053 0.33325 
0.165771 0.107788 0.67505 -0.250977 -0.28320 0.64575 
0.162598 0.106567 0.68237 -0.252075 -0.31372 0.97656 
0.159058 0.103516 0.67749 -0.258301 -0.44922 0.135620 
0.157471 0.98511 0.70557 -0.271240 -0.72144 0.177124 
0.157471 0.89600 0.78369 -0.286621 -0.106689 0.218994 
0.156616 0.75195 0.85449 -0.292603 -0.140015 0.257935 
0.161865 0.88989 0.90698 -0.283325 -0.159668 0.289795 
0.169922 0.40771 0.93750 -0.261719 -0.158203 0.312744 
0.175537 0.40771 0.98022 -0.236328 -0.139038 0.330688 
0.182861 0.27100 0.99121 -0.216187 -0.111206 0.347046 
0.193970 0.14282 0.98145 -0.201904 -0.84229 0.360474 
0.207031 0.1831 0.98145 -0.194580 -0.66162 0.369629 
0.217407 -0.9521 0.97412 -0.190552 -0.59937 0.375977 
0.224487 -0.21362 0.98999 -0.218506 -0.63965 0.380005 
0.227539 -0.30640 0.110962 -0.187256 -0.72510 0.384033 
0.227295 -0.36865 0.132324 -0.180054 -0.83618 0.389648 
0.220459 -0.46143 0.144653 -0.160400 -0.93750 0.396729 
0.206299 -0.59814 0.135986 -0.125122 -0.66772 0.406616 
0.193848 -0.71045 0.119141 -0.87646 -0.98022 0.420166 
0.181763 -0.83618 0.105835 -0.63965 -0.95459 0.436523 
0.176025 -0.94971 0.99243 -0.51880 -0.91675 0.423340 
0.171997 -0.108398 0.95825 -0.38940 -0.88501 0.454590 
0.171265 -0.120850 0.93506 -0.19043 -0.86182 0.471680 
0.173096 -0.127930 0.96436 0.3052 -0.84229 0.486328 
0.157593 -0.134033 0.103271 0.22461 -0.80322 0.497681 
0.196899 -0.153564 0.108643 0.44678 -0.76904 0.503296 
0.196899 -0.163208 0.120972 0.70801 -0.82275 0.497192 
0.207764 -0.170410 0.132324 0.98389 -0.86792 0.491699 
0.226929 -0.178955 0.140747 0.131348 -0.89844 0.481567 
0.245483 -0.178955 0.143066 0.169800 -0.94727 0.461426 
0.255859 -0.190796 0.138794 0.211670 -0.98267 0.435425 
0.262207 -0.201172 0.128906 0.248779 -0.97290 0.407349 
0.267700 -0.208862 0.128906 0.274414 -0.95337 0.377686 
0.266602 -0.213989 0.118530 0.292603 -0.93994 0.347900 
0.257813 -0.217407 0.109131 0.307617 -0.95703 0.320313 
0.247559 -0.217773 0.101196 0.285278 -0.103271 0.296265 
0.237671 -0.217285 0.95703 0.316528 -0.116089 0.275024 
0.225098 -0.214478 0.94849 0.318481 -0.98877 0.257202 
0.212036 -0.214355 0.95093 0.318481 -0.142456 0.241211 
0.204224 -0.213013 0.93140 0.324707 -0.142456 0.226685 
0.198975 -0.212891 0.88623 0.334717 -0.154175 0.211792 
0.194092 -0.212891 0.85083 0.340454 -0.166138 0.196167 
0.193848 -0.211060 0.83008 0.340088 -0.177002 0.196167 
0.193604 -0.210815 0.83740 0.336792 -0.188355 0.180176 
0.193115 -0.208862 0.85938 0.332031 -0.201782 0.162720 
0.194580 -0.207275 0.87769 0.326904 -0.216797 0.146362 
0.195435 -0.206665 0.89478 0.321167 -0.233032 0.130249 
0.195435 -0.207153 0.87769 0.317261 -0.247681 0.111938 
0.193359 -0.207031 0.83008 0.317627 -0.258179 0.92285 
0.193115 -0.206421 0.75806 0.318237 -0.266724 0.71899 
0.197266 -0.206421 0.68726 0.315063 -0.274170 0.50049 
0.202393 -0.205688 0.64087 0.306885 -0.282837 0.26978 
0.210327 -0.203857 0.62866 0.293945 -0.292969 0.2686 
0.220703 -0.203125 0.62866 0.280151 -0.304321 -0.23193 
0.236328 -0.202271 0.62500 0.267334 -0.316406 -0.52246 
0.254150 -0.202637 0.61157 0.253418 -0.328491 -0.87402 
0.273071 -0.203613 0.58350 0.268433 -0.338013 -0.127441 
0.291016 -0.205566 0.52368 0.237183 -0.342163 -0.171997 
0.303955 -0.207031 0.44556 0.220337 -0.338745 -0.220093 
0.306885 -0.207031 0.36377 0.202026 -0.323486 -0.267334 
0.299194 -0.207153 0.27100 0.182983 -0.323486 -0.310669 
0.287964 -0.203613 0.18433 0.163696 -0.294800 -0.346069 
0.275757 -0.195435 0.10620 0.141846 -0.255737 -0.371582 
0.259033 -0.187012 0.6714 0.114136 -0.215576 -0.371582 
0.241333 -0.174072 0.10376 0.82275 -0.179565 -0.389404 
0.227051 -0.158936 0.17578 0.52979 -0.149658 -0.397705 
0.225220 -0.144775 0.23560 0.32959 -0.127563 -0.396118 
0.234131 -0.135010 0.23071 0.21484 -0.114624 -0.389648 
0.234131 -0.128540 0.17822 0.14038 -0.107300 -0.386475 
0.245483 -0.125000 0.8423 0.4395 -0.102051 -0.391357 
0.250366 -0.120361 0.1221 -0.9521 -0.95947 -0.406128 
0.242432 -0.120361 0.732 -0.29419 -0.88989 -0.425415 
0.230957 -0.109741 0.2808 -0.52002 -0.80322 -0.437500 
0.222412 -0.99609 0.5981 -0.69946 -0.71045 -0.442505 
0.220703 -0.87769 0.7813 -0.82886 -0.64453 -0.441895 
0.220459 -0.76660 0.7813 -0.91187 -0.60181 -0.438232 
0.219238 -0.65918 0.8057 -0.66284 -0.55298 -0.431519 
0.218140 -0.55908 0.5615 -0.105591 -0.48096 -0.422241 
0.216187 -0.48706 0.488 -0.105591 -0.39307 -0.414795 
0.213867 -0.39551 -0.977 -0.118652 -0.32593 -0.408203 
0.214355 -0.29419 0.1099 -0.138916 -0.57373 -0.400757 
0.215454 -0.21851 0.3296 -0.158569 -0.26123 -0.395508 
0.215088 -0.13428 0.6470 -0.172852 -0.19043 -0.391113 
0.211792 -0.3174 0.8545 -0.184937 -0.11108 -0.386841 
0.202881 0.6226 0.10010 -0.194092 -0.1953 -0.382446 
0.193481 0.15869 0.13550 -0.200195 0.7446 -0.382446 
0.186890 0.26489 0.17822 -0.206909 0.15869 -0.373901 
0.182251 0.35278 0.23193 -0.213379 0.22583 -0.362061 
0.183105 0.44189 0.29175 -0.218872 0.26611 -0.348633 
0.183105 0.51147 0.33691 -0.224365 0.29541 -0.333984 
0.186768 0.57007 0.35278 -0.228394 0.31860 -0.321411 
0.188355 0.60303 0.32227 -0.230835 0.33936 -0.311523 
0.183594 0.60303 0.29419 -0.234497 0.36987 -0.304199 
0.169556 0.64575 0.36621 -0.245605 0.40771 -0.296509 
0.151855 0.77759 0.52979 -0.261841 0.44189 -0.279297 
0.137329 0.92407 0.44434 -0.271484 0.44678 -0.254272 
0.129761 0.107666 0.75684 -0.268066 0.40894 -0.225098 
0.129883 0.121826 0.99609 -0.251709 0.33691 -0.194824 
0.138184 0.132690 0.120361 -0.257324 0.25757 -0.167969 
