0.226685 0.98755 0.61157 0.7202 -0.13306 -0.1709 
0.226929 0.98389 0.61035 0.8911 -0.15259 0.122 
0.226929 0.98511 0.59814 0.9033 -0.15747 0.732 
0.227661 0.98511 0.58594 0.8179 -0.14526 0.122 
0.228027 0.98267 0.58228 0.6226 -0.11719 -0.854 
0.229004 0.98267 0.58105 0.4272 -0.8057 -0.2075 
0.229492 0.98022 0.57617 0.2930 -0.4395 -0.3052 
0.229004 0.98022 0.56885 0.1953 -0.1465 -0.3296 
0.227173 0.98511 0.57007 0.610 -0.122 -0.2563 
0.226685 0.98877 0.57007 0.366 -0.122 -0.1465 
0.226563 0.98755 0.57983 0.2197 -0.1343 -0.488 
0.226807 0.98633 0.58960 0.5615 -0.3418 0.122 
0.227661 0.98145 0.59814 0.5615 -0.5615 0.610 
0.229614 0.97778 0.61035 0.9521 -0.8301 0.488 
0.232544 0.98022 0.63354 0.14526 -0.12207 -0.977 
0.234863 0.98145 0.64575 0.20752 -0.12207 -0.2930 
0.232666 0.98511 0.62866 0.26489 -0.16479 -0.3784 
0.237427 0.99121 0.62622 0.29663 -0.21240 -0.6226 
0.238281 0.99487 0.57007 0.29663 -0.25269 -0.8545 
0.239502 0.96802 0.43335 0.20264 -0.27954 -0.8545 
0.235596 0.97168 0.43823 -0.244 -0.28320 -0.10132 
0.242432 0.98999 0.45898 -0.11353 -0.27710 -0.5493 
0.219605 0.97656 0.43091 -0.12207 -0.27710 -0.4272 
0.250855 0.96436 0.34424 -0.8789 -0.23071 -0.7324 
0.256714 0.93384 0.22949 -0.6104 -0.14893 -0.12085 
0.262085 0.89966 0.11841 -0.7324 -0.5615 -0.19653 
0.265747 0.89966 0.3784 -0.12939 0.3906 -0.28687 
0.265381 0.87158 -0.1343 -0.22095 0.12085 -0.37231 
0.260132 0.86182 -0.4761 -0.32837 0.16602 -0.41992 
0.253174 0.86792 -0.10864 -0.43579 0.17090 -0.42603 
0.245850 0.87158 -0.10864 -0.54932 0.13428 -0.40405 
0.240479 0.85083 -0.18555 -0.70313 0.9399 -0.37476 
0.238037 0.82764 -0.24048 -0.88867 0.9155 -0.36133 
0.234497 0.80933 -0.26489 -0.88867 0.13306 -0.37231 
0.228149 0.80322 -0.26733 -0.107178 0.21729 -0.39185 
0.220215 0.81299 -0.23926 -0.124756 0.1465 -0.41016 
0.210327 0.82520 -0.18433 -0.142822 0.42114 -0.40527 
0.199097 0.83496 -0.13062 -0.160645 0.42114 -0.36499 
0.187134 0.82764 -0.10864 -0.178711 0.45044 -0.58838 
0.177856 0.81177 -0.8545 -0.201416 0.37598 -0.14282 
0.172852 0.79834 0.4395 -0.231323 0.20874 -0.14282 
0.169189 0.81055 0.25269 -0.261841 0.977 0.977 
0.161255 0.84961 0.44312 -0.278931 -0.17212 0.17578 
0.182007 0.91431 0.58716 -0.284180 -0.32471 0.37231 
0.150757 0.96558 0.67139 -0.286011 -0.42236 0.62134 
0.138306 0.98389 0.73730 -0.287231 -0.48950 0.94116 
0.129517 0.95215 0.81665 -0.289185 -0.53955 0.131226 
0.125610 0.116943 0.90698 -0.288086 -0.56885 0.170776 
0.123901 0.85693 0.99243 -0.281372 -0.56885 0.211426 
0.126343 0.74829 0.109375 -0.272217 -0.53833 0.251831 
0.137207 0.63721 0.123901 -0.263916 -0.46631 0.286377 
0.152222 0.50903 0.123901 -0.251709 -0.35767 0.311890 
0.162720 0.36621 0.132935 -0.233643 -0.25757 0.332642 
0.169678 0.25146 0.133423 -0.221313 -0.18921 0.352173 
0.170410 0.14282 0.134521 -0.221313 -0.16357 0.370728 
0.165405 0.5737 0.139771 -0.217285 -0.18433 0.393066 
0.157471 -0.3540 0.145630 -0.212280 -0.25879 0.418823 
0.151245 -0.14038 0.151367 -0.201172 -0.3906 0.444702 
0.147705 -0.29175 0.159058 -0.183472 -0.35156 0.470215 
0.150269 -0.46509 0.170044 -0.160034 -0.41504 0.494141 
0.162231 -0.64331 0.183472 -0.132446 -0.44678 0.479126 
0.175537 -0.81421 0.193237 -0.100464 -0.46753 0.510376 
0.185303 -0.101196 0.194214 -0.62866 -0.51392 0.518066 
0.193604 -0.119507 0.184570 -0.23804 -0.57495 0.518555 
0.201538 -0.134277 0.172363 0.10864 -0.60669 0.513306 
0.201538 -0.144043 0.165039 0.35156 -0.60059 0.505127 
0.213623 -0.159424 0.158813 0.52368 -0.58105 0.494507 
0.217285 -0.165405 0.156494 0.65063 -0.61646 0.479004 
0.220459 -0.169312 0.154663 0.71655 -0.67017 0.466431 
0.227417 -0.169312 0.156372 0.76782 -0.72021 0.452759 
0.235718 -0.171265 0.163330 0.80933 -0.79590 0.435181 
0.249268 -0.173584 0.173706 0.86426 -0.90088 0.412720 
0.263428 -0.176392 0.173706 0.99609 -0.101440 0.384522 
0.269531 -0.180908 0.180542 0.126221 -0.109619 0.351563 
0.267944 -0.183838 0.182129 0.127197 -0.113281 0.317871 
0.264160 -0.186768 0.180298 0.157105 -0.115356 0.285522 
0.259399 -0.189575 0.178589 0.188355 -0.119263 0.254639 
0.254150 -0.192139 0.177124 0.217407 -0.96436 0.225708 
0.246582 -0.194946 0.173340 0.247803 -0.141602 0.199341 
0.236450 -0.197388 0.165527 0.277588 -0.141602 0.176270 
0.226196 -0.198975 0.155640 0.303223 -0.160278 0.156738 
0.216797 -0.201172 0.145264 0.322144 -0.181885 0.171143 
0.211792 -0.203980 0.135742 0.335693 -0.203857 0.139893 
0.213989 -0.208496 0.124268 0.345581 -0.222534 0.124634 
0.222168 -0.213013 0.110474 0.353638 -0.232666 0.107178 
0.233521 -0.215454 0.95337 0.357910 -0.234985 0.84961 
0.246704 -0.216064 0.81787 0.355347 -0.234253 0.59204 
0.246704 -0.216553 0.68848 0.345459 -0.234253 0.30396 
0.259766 -0.217529 0.56274 0.332153 -0.235107 -0.2930 
0.269287 -0.216797 0.44800 0.315796 -0.236572 -0.42358 
0.273926 -0.216797 0.34058 0.294067 -0.237061 -0.86548 
0.273682 -0.212891 0.26001 0.265747 -0.236572 -0.132446 
0.271729 -0.206787 0.22339 0.231323 -0.236450 -0.175659 
0.269653 -0.198608 0.22339 0.192871 -0.236328 -0.213135 
0.272217 -0.190430 0.22461 0.153076 -0.236084 -0.244385 
0.284302 -0.182373 0.25635 0.146118 -0.236450 -0.273438 
0.298828 -0.173218 0.28931 0.112915 -0.238037 -0.305908 
0.304443 -0.170410 0.31250 0.81665 -0.238159 -0.343506 
0.297607 -0.168335 0.32837 0.55176 -0.234375 -0.381592 
0.278564 -0.162598 0.35400 0.37598 -0.227661 -0.413574 
0.256470 -0.150146 0.40283 0.26611 -0.227661 -0.431885 
0.236328 -0.136963 0.44067 0.17456 -0.219605 -0.437744 
0.221436 -0.121704 0.42725 0.12939 -0.208740 -0.465454 
0.214355 -0.109253 0.36255 0.13672 -0.194214 -0.434204 
0.218384 -0.98145 0.26001 0.13306 -0.176880 -0.426514 
0.228271 -0.87891 0.13550 0.6226 -0.157715 -0.417847 
0.236816 -0.83862 0.122 -0.6592 -0.136597 -0.412109 
0.237305 -0.84106 -0.13916 -0.25146 -0.114014 -0.413452 
0.237305 -0.76294 -0.19409 -0.48218 -0.91309 -0.422241 
0.228882 -0.63843 -0.19043 -0.75562 -0.68726 -0.428955 
0.216553 -0.80566 -0.15015 -0.101318 -0.47852 -0.427124 
0.204712 -0.49316 -0.10986 -0.119873 -0.31006 -0.418579 
0.195801 -0.35034 -0.7568 -0.130981 -0.17700 -0.405396 
0.187866 -0.20752 -0.4639 -0.139160 -0.6714 -0.388184 
0.181641 -0.5127 -0.4639 -0.148682 0.2808 -0.366821 
0.179932 0.5005 -0.1465 -0.161621 0.10620 -0.345703 
0.181519 0.12451 0.2319 -0.175293 0.17090 -0.328003 
0.181396 0.21851 0.10010 -0.186401 0.22949 -0.312256 
0.176880 0.33569 0.19897 -0.186401 0.27100 -0.296509 
0.169678 0.46143 0.31250 -0.191895 0.29053 -0.277954 
0.164795 0.59814 0.40039 -0.190674 0.122 -0.256470 
0.159668 0.73364 0.46753 -0.183838 0.31372 -0.233032 
0.155029 0.84351 0.53223 -0.176025 0.33081 -0.207520 
0.154053 0.93140 0.60303 -0.168213 0.33569 -0.212280 
0.160400 0.98755 0.66528 -0.159424 0.31982 -0.156860 
0.172119 0.100830 0.69580 -0.148071 0.27954 -0.156860 
0.185303 0.100220 0.70068 -0.135742 0.22583 -0.138794 
0.165283 0.99365 0.67627 -0.126221 0.17212 -0.127563 
0.201294 0.99609 0.64087 -0.119995 0.13794 -0.121582 
0.201294 0.102661 0.63354 -0.117065 0.12207 -0.118164 
0.198120 0.108643 0.67505 -0.117676 0.12573 -0.113403 
0.190552 0.114258 0.76782 -0.118652 0.12817 -0.104492 
0.179443 0.114258 0.88257 -0.115112 0.11475 -0.90576 
0.171631 0.121948 0.98877 -0.105103 0.7446 -0.71899 
0.168579 0.128296 0.106445 -0.89233 0.1465 -0.50903 
0.169434 0.130127 0.109741 -0.70313 -0.5859 -0.29907 
0.178711 0.126831 0.109741 -0.51392 -0.13428 -0.14038 
0.194214 0.119751 0.109497 -0.34790 -0.15259 -0.2441 
0.207153 0.112183 0.104736 -0.53345 -0.14648 0.3784 
0.216553 0.106689 0.97168 -0.22095 -0.13550 0.5127 
0.222534 0.104248 0.90576 -0.16357 -0.11475 0.4761 
0.223877 0.102295 0.87891 -0.16479 -0.9766 0.4761 
0.223511 0.103394 0.88135 -0.17822 -0.9766 0.6958 
0.224243 0.103394 0.89600 -0.17090 -0.10254 0.10132 
0.228271 0.102661 0.89478 -0.14038 -0.12695 0.12451 
0.233521 0.100586 0.86548 -0.8789 -0.15381 0.12573 
0.237427 0.97900 0.82520 -0.3906 -0.16724 0.12573 
0.240112 0.95581 0.78857 -0.1343 -0.16357 0.10254 
0.240845 0.93384 0.74341 0.244 -0.15259 0.7202 
0.239624 0.93750 0.69824 0.1587 -0.13794 0.3662 
