0.230957 0.111816 0.39551 -0.9033 -0.10986 -0.7813 
0.230713 0.112183 0.39185 -0.9033 -0.12939 -0.8667 
0.229126 0.112427 0.38330 -0.7324 -0.16357 -0.5981 
0.229248 0.111816 0.37354 -0.6714 -0.18677 -0.3906 
0.230591 0.111084 0.37476 -0.5981 -0.18677 -0.2808 
0.231323 0.110229 0.37109 -0.3662 -0.19653 -0.2563 
0.231323 0.109863 0.36621 0.00 -0.19287 -0.2686 
0.231323 0.109741 0.36743 0.3052 -0.18311 -0.2686 
0.231567 0.109131 0.36743 0.5371 -0.16968 -0.3174 
0.231079 0.109009 0.36499 0.6958 -0.14893 -0.3784 
0.230591 0.109131 0.36377 0.7690 -0.12695 -0.4272 
0.230957 0.109497 0.36987 0.7690 -0.10254 -0.4395 
0.230957 0.110107 0.38086 0.8545 -0.8423 -0.4761 
0.232544 0.111206 0.39429 0.11841 -0.7690 -0.6226 
0.234375 0.111938 0.39429 0.16846 -0.8667 -0.8423 
0.235107 0.111938 0.37354 0.20996 -0.11230 -0.10132 
0.234985 0.112427 0.35767 0.21362 -0.15991 -0.10254 
0.235596 0.113281 0.31982 0.19897 -0.21362 -0.9644 
0.234863 0.112793 0.58105 0.16113 -0.26245 -0.8301 
0.235107 0.112183 0.26855 0.10010 -0.29297 -0.7690 
0.233276 0.111084 0.21484 0.2686 -0.31250 -0.6592 
0.229248 0.111572 0.18799 0.30273 -0.31738 -0.4272 
0.228638 0.111938 0.17700 -0.977 -0.30273 -0.3174 
0.227661 0.112427 0.16968 -0.2441 -0.28076 -0.2075 
0.226074 0.113037 0.15381 -0.2441 -0.26245 0.122 
0.224976 0.114136 0.15015 -0.2808 -0.26245 0.4150 
0.223877 0.114990 0.16113 -0.3662 -0.25513 0.10864 
0.222656 0.115723 0.17212 -0.3174 -0.25391 0.19775 
0.224121 0.116089 0.16479 -0.1099 -0.26489 0.30273 
0.231201 0.115356 0.14160 0.1221 -0.27222 0.30273 
0.235962 0.112427 0.9644 0.1465 -0.21973 0.40771 
0.243164 0.108032 0.2441 -0.1343 -0.16846 0.45654 
0.218872 0.101807 -0.9399 -0.4639 -0.11475 0.45410 
0.250122 0.97168 -0.20508 -0.11597 -0.7690 0.38330 
0.256226 0.94604 -0.26123 -0.23315 -0.5859 0.24414 
0.258911 0.124023 -0.29419 -0.35522 -0.610 0.7324 
0.258667 0.92773 -0.32593 -0.44556 0.1221 -0.6104 
0.256348 0.92651 -0.36987 -0.49683 -0.488 -0.16846 
0.252808 0.91919 -0.39917 -0.55664 0.4761 -0.25635 
0.249512 0.92896 -0.39429 -0.65552 0.14404 -0.34668 
0.244629 0.94604 -0.39429 -0.74097 0.23804 -0.42603 
0.239624 0.95215 -0.40039 -0.81909 0.31738 -0.49438 
0.237793 0.95581 -0.40283 -0.93384 0.40039 -0.56152 
0.233887 0.95459 -0.38452 -0.93384 0.47119 -0.62012 
0.228394 0.96191 -0.35278 -0.106201 0.50293 -0.66528 
0.220947 0.97412 -0.30151 -0.118896 0.50659 -0.68726 
0.212280 0.99731 -0.23315 -0.130859 0.50659 -0.68359 
0.202759 0.102783 -0.13916 -0.141357 0.49683 -0.64697 
0.191284 0.106689 -0.4517 -0.150269 0.47852 -0.87769 
0.178589 0.110596 0.1709 -0.155884 0.42847 -0.42114 
0.167114 0.114380 0.10742 -0.162720 0.32471 -0.42114 
0.159180 0.115479 0.26367 -0.173706 0.18433 -0.22217 
0.185547 0.114624 0.39307 -0.180176 0.5127 0.1587 
0.150146 0.113892 0.43945 -0.178833 -0.5371 0.29053 
0.150146 0.113892 0.43335 -0.177856 -0.12329 0.60303 
0.144043 0.116211 0.47241 -0.184448 -0.16602 0.95825 
0.139648 0.117798 0.59814 -0.195435 -0.16724 0.134644 
0.136719 0.116455 0.76416 -0.200562 -0.14526 0.174194 
0.133911 0.116455 0.89233 -0.193604 -0.9277 0.213257 
0.129272 0.112061 0.66895 -0.178711 0.977 0.253296 
0.118774 0.103027 0.104858 -0.166260 0.13428 0.297363 
0.111572 0.95215 0.104858 -0.161255 0.23926 0.346924 
0.109131 0.82886 0.113159 -0.161011 0.27222 0.395996 
0.111328 0.66162 0.121826 -0.158081 0.20630 0.440308 
0.122192 0.42480 0.127563 -0.158081 0.8057 0.473511 
0.137939 0.16724 0.130371 -0.148926 -0.5127 0.495483 
0.155029 -0.5249 0.134033 -0.135742 -0.16846 0.510498 
0.168457 -0.25024 0.139404 -0.121704 -0.28564 0.519531 
0.181763 -0.40649 0.144897 -0.107666 -0.28564 0.526489 
0.197632 -0.53955 0.147705 -0.94360 -0.38208 0.529175 
0.209961 -0.64819 0.148926 -0.80688 -0.46265 0.525024 
0.217407 -0.72998 0.149048 -0.67627 -0.54688 0.525024 
0.219116 -0.79834 0.146362 -0.55176 -0.64697 0.516724 
0.218262 -0.88379 0.142578 -0.40161 -0.76172 0.507690 
0.217285 -0.96313 0.140991 -0.22217 -0.88379 0.497681 
0.217285 -0.106323 0.140991 -0.2197 -0.100952 0.486694 
0.216064 -0.114380 0.142456 0.21973 -0.114746 0.474976 
0.215820 -0.119995 0.143066 0.49316 -0.131104 0.465088 
0.219605 -0.94116 0.140625 0.78979 -0.151001 0.454834 
0.229248 -0.125366 0.136841 0.114258 -0.173950 0.437134 
0.227051 -0.134521 0.133179 0.150146 -0.190796 0.418945 
0.226318 -0.142700 0.131104 0.175903 -0.199951 0.404663 
0.234985 -0.148804 0.131104 0.191162 -0.200195 0.393188 
0.252686 -0.154053 0.130371 0.205444 -0.194580 0.378540 
0.261963 -0.169434 0.123901 0.190674 -0.186523 0.353027 
0.262451 -0.178345 0.115479 0.221924 -0.176270 0.325317 
0.258789 -0.184082 0.108032 0.231567 -0.166260 0.301514 
0.253052 -0.188355 0.104248 0.232178 -0.162109 0.282715 
0.247437 -0.193481 0.103516 0.228271 -0.166870 0.266724 
0.241821 -0.198608 0.102905 0.227051 -0.166870 0.252441 
0.238281 -0.203613 0.100342 0.230469 -0.180176 0.269531 
0.237671 -0.210327 0.95703 0.236084 -0.198120 0.220459 
0.238403 -0.217896 0.87280 0.243042 -0.214844 0.220459 
0.240723 -0.224365 0.76050 0.251343 -0.225586 0.197144 
0.242554 -0.231079 0.61523 0.257935 -0.229248 0.170044 
0.243164 -0.235840 0.47363 0.259277 -0.225220 0.139526 
0.243164 -0.237427 0.36499 0.251953 -0.215820 0.108154 
0.242676 -0.236694 0.29907 0.237061 -0.204956 0.78003 
0.240479 -0.233887 0.26733 0.218994 -0.195801 0.50171 
0.237549 -0.230347 0.26245 0.201904 -0.188965 0.25146 
0.234253 -0.230347 0.26855 0.187500 -0.184692 0.2808 
0.233643 -0.227051 0.25757 0.176270 -0.182739 -0.17334 
0.236328 -0.224487 0.22583 0.167969 -0.181763 -0.36865 
0.240356 -0.224243 0.22583 0.162354 -0.180054 -0.59082 
0.243408 -0.225220 0.17700 0.157227 -0.177002 -0.84351 
0.245483 -0.223145 0.13062 0.181641 -0.173584 -0.110107 
0.243652 -0.218872 0.9888 0.144287 -0.170776 -0.134277 
0.238647 -0.212524 0.8423 0.144287 -0.170044 -0.155273 
0.231567 -0.206543 0.5859 0.140869 -0.169434 -0.173828 
0.223999 -0.198975 0.2319 0.139526 -0.167725 -0.187134 
0.220825 -0.190186 -0.2808 0.135742 -0.167725 -0.196411 
0.219605 -0.184937 -0.8789 0.129395 -0.164551 -0.205200 
0.220947 -0.177856 -0.14648 0.119995 -0.161743 -0.212646 
0.225586 -0.170898 -0.19043 0.105347 -0.159302 -0.212646 
0.232666 -0.164307 -0.22339 0.87402 -0.156494 -0.219849 
0.238037 -0.158081 -0.24170 0.65674 -0.153076 -0.228882 
0.242676 -0.151855 -0.23804 0.41992 -0.148315 -0.240601 
0.248169 -0.145630 -0.22461 0.19897 -0.143677 -0.253296 
0.248169 -0.140015 -0.21973 0.1221 -0.140381 -0.266235 
0.255859 -0.137451 -0.24048 -0.13794 -0.137207 -0.280884 
0.262939 -0.133423 -0.25757 -0.27344 -0.131226 -0.299927 
0.263672 -0.133423 -0.24536 -0.42480 -0.120483 -0.321045 
0.257568 -0.127686 -0.22095 -0.57739 -0.106201 -0.339233 
0.251587 -0.119629 -0.19409 -0.70923 -0.91919 -0.352417 
0.250000 -0.111572 -0.19409 -0.82397 -0.80811 -0.362427 
0.252441 -0.104126 -0.19287 -0.90820 -0.69946 -0.373047 
0.251953 -0.97900 -0.20386 -0.65674 -0.58228 -0.383911 
0.247070 -0.91675 -0.22705 -0.103271 -0.45410 -0.391602 
0.242554 -0.85327 -0.26978 -0.103271 -0.33203 -0.395996 
0.238403 -0.80688 -0.34912 -0.110718 -0.51636 -0.400024 
0.233398 -0.73975 -0.39307 -0.119751 -0.9155 -0.401489 
0.230957 -0.67261 -0.40894 -0.135132 -0.9155 -0.399780 
0.231079 -0.59692 -0.40771 -0.154785 0.366 -0.398071 
0.227661 -0.51758 -0.38818 -0.172119 0.8911 -0.396851 
0.218628 -0.41382 -0.33813 -0.185669 0.16724 -0.396851 
0.207520 -0.28076 -0.28076 -0.196289 0.24658 -0.392090 
0.198120 -0.15503 -0.22339 -0.203857 0.34058 -0.380981 
0.194092 -0.4395 -0.17456 -0.208374 0.44067 -0.365234 
0.195679 0.5127 -0.15381 -0.211304 0.54688 -0.348145 
0.195679 0.12451 -0.15259 -0.213135 0.66772 -0.333130 
0.199707 0.19897 -0.15625 -0.215698 0.81543 -0.322998 
0.200562 0.28320 -0.11719 -0.222900 0.96436 -0.317383 
0.197021 0.28320 -0.4150 -0.233887 0.108887 -0.311279 
0.191406 0.38574 0.5981 -0.243286 0.117798 -0.301758 
0.185059 0.50293 0.16479 -0.247803 0.121826 -0.289063 
0.179321 0.60669 0.27100 -0.246216 0.119995 -0.274780 
0.173584 0.72144 0.27100 -0.239014 0.113525 -0.258911 
0.168091 0.82153 0.37842 -0.227661 0.104980 -0.241333 
0.167236 0.90698 0.48096 -0.244995 0.95703 -0.224243 
0.168579 0.97168 0.56763 -0.213745 0.87402 -0.208496 
