0.244385 0.89478 0.37598 0.17212 -0.9766 -0.6958 
0.240845 0.89722 0.33936 0.12451 -0.6348 -0.8789 
0.234863 0.89722 0.30640 0.3784 -0.5493 -0.5371 
0.231445 0.90088 0.29297 -0.5371 -0.5859 -0.366 
0.231323 0.90454 0.29785 -0.11597 -0.6592 0.3784 
0.233521 0.91064 0.29785 -0.12573 -0.7935 0.5127 
0.236572 0.90454 0.31128 -0.8301 -0.8667 0.3174 
0.238770 0.89722 0.32104 -0.1709 -0.7324 -0.610 
0.239868 0.88623 0.32227 -0.1709 -0.4395 -0.5249 
0.242065 0.88013 0.33813 0.5249 -0.1099 -0.10010 
0.243652 0.88013 0.35278 0.11841 -0.29053 -0.13550 
0.243896 0.88501 0.36743 0.16235 0.4028 -0.14893 
0.243408 0.89478 0.37598 0.17334 0.4028 -0.14526 
0.243408 0.90576 0.38086 0.15869 0.4517 -0.13550 
0.244629 0.91675 0.39307 0.14038 0.4272 -0.13428 
0.245728 0.92285 0.40405 0.13794 0.2563 -0.13428 
0.245728 0.92285 0.40039 0.15015 -0.610 -0.14771 
0.244629 0.92407 0.37476 0.16357 -0.5249 -0.16724 
0.242432 0.91431 0.32715 0.16479 -0.11353 -0.18433 
0.242432 0.90698 0.26001 0.13672 -0.16357 -0.18921 
0.239380 0.89233 0.18433 0.5493 -0.18677 -0.17822 
0.235107 0.90820 0.12817 -0.7935 -0.17944 -0.15137 
0.229858 0.91553 0.12329 -0.22949 -0.15381 -0.9644 
0.229980 0.91553 0.17456 -0.30273 -0.11963 -0.6592 
0.230713 0.92163 0.17090 -0.26001 -0.9033 -0.5249 
0.231812 0.92773 0.14648 -0.20264 -0.5859 -0.5859 
0.232666 0.91919 0.14648 -0.19409 -0.1099 -0.7324 
0.237183 0.90454 0.13672 -0.21240 0.4272 -0.9766 
0.243530 0.88257 0.14771 -0.23438 0.9155 -0.13672 
0.250244 0.86182 0.16479 -0.25635 0.12695 -0.18921 
0.256104 0.85083 0.18311 -0.25635 0.14160 -0.25391 
0.259766 0.85083 0.19409 -0.28442 0.13672 -0.32104 
0.260254 0.85693 0.19409 -0.31616 0.11597 -0.37964 
0.259644 0.86548 0.17700 -0.34790 0.11597 -0.43457 
0.259033 0.86426 0.15137 -0.38940 0.9766 -0.49072 
0.258301 0.84961 0.11597 -0.44067 0.9399 -0.55176 
0.258301 0.83252 0.6836 -0.49438 0.10620 -0.55176 
0.257324 0.82153 0.732 -0.55542 0.14038 -0.62622 
0.253418 0.82275 -0.5371 -0.63354 0.18433 -0.71411 
0.279053 0.82642 -0.10620 -0.73608 0.22949 -0.79468 
0.240845 0.85327 -0.12573 -0.85815 0.27588 -0.86304 
0.240845 0.89355 -0.9888 -0.99121 0.32227 -0.91309 
0.234253 0.93384 -0.5981 -0.110840 0.37476 -0.94482 
0.229248 0.65552 -0.3784 -0.118652 0.42969 -0.97412 
0.222046 0.96802 -0.3418 -0.124390 0.46997 -0.98999 
0.214844 0.100586 -0.2563 -0.131470 0.50049 -0.98389 
0.209351 0.103271 -0.3174 -0.139893 0.52612 -0.96069 
0.203613 0.104126 -0.3174 -0.150024 0.53223 -0.92407 
0.197754 0.104614 -0.4028 -0.166260 0.50903 -0.86914 
0.194824 0.103882 -0.1465 -0.157227 0.44067 -0.79590 
0.193726 0.102173 0.3540 -0.214111 0.28320 -0.71045 
0.192383 0.100464 0.14160 -0.214111 0.5127 -0.60425 
0.193115 0.100098 0.33936 -0.240845 0.13672 -0.48706 
0.192749 0.100830 0.56030 -0.261230 -0.5249 -0.36865 
0.185913 0.102173 0.68359 -0.266724 -0.36499 -0.20874 
0.177002 0.105957 0.68237 -0.262329 -0.51392 0.2808 
0.168945 0.108887 0.63721 -0.260254 -0.61890 0.1709 
0.163574 0.113281 0.68848 -0.269531 -0.71167 0.32959 
0.154663 0.119995 0.79590 -0.283081 -0.82275 0.67749 
0.142700 0.127686 0.85327 -0.289673 -0.102783 0.106934 
0.129150 0.129761 0.84106 -0.291992 -0.135132 0.152466 
0.147827 0.122559 0.83618 -0.293579 -0.170044 0.201782 
0.116577 0.107300 0.89600 -0.289795 -0.193237 0.253662 
0.111816 0.118774 0.95825 -0.273193 -0.196045 0.303955 
0.108765 0.65308 0.99487 -0.244141 -0.181152 0.351318 
0.108765 0.65308 0.94604 -0.214600 -0.156616 0.396851 
0.111084 0.42603 0.86670 -0.193237 -0.135132 0.440918 
0.126831 0.16602 0.81909 -0.184082 -0.118896 0.477783 
0.154541 -0.7446 0.81909 -0.178711 -0.105713 0.500488 
0.185059 -0.26855 0.86548 -0.168457 -0.94727 0.509522 
0.211060 -0.43823 0.99121 -0.181641 -0.87402 0.508545 
0.226440 -0.54932 0.111572 -0.127319 -0.86548 0.504028 
0.231567 -0.66284 0.112793 -0.127319 -0.87891 0.498657 
0.227783 -0.79346 0.104614 -0.100342 -0.85815 0.494751 
0.222900 -0.92041 0.96191 -0.76416 -0.78125 0.494385 
0.223877 -0.102417 0.93140 -0.60059 -0.78125 0.494019 
0.219238 -0.120361 0.89478 -0.46387 -0.68604 0.487793 
0.220337 -0.130615 0.89844 -0.32715 -0.66162 0.481323 
0.226685 -0.140625 0.94238 -0.24048 -0.67871 0.472534 
0.229858 -0.148682 0.105591 -0.14038 -0.71899 0.472534 
0.230103 -0.157349 0.117310 0.2808 -0.78247 0.462280 
0.227173 -0.164063 0.128174 0.28198 -0.86914 0.452393 
0.222656 -0.170166 0.135498 0.57617 -0.96069 0.444580 
0.222656 -0.174927 0.139893 0.88745 -0.102783 0.437744 
0.222290 -0.181396 0.145508 0.119751 -0.107056 0.428467 
0.227783 -0.158691 0.148682 0.153442 -0.108643 0.414673 
0.236450 -0.189941 0.144775 0.194214 -0.106567 0.396240 
0.243530 -0.199097 0.135010 0.235962 -0.102783 0.374512 
0.245117 -0.206177 0.153564 0.269775 -0.97534 0.350952 
0.244751 -0.212769 0.112549 0.291626 -0.92773 0.327271 
0.244751 -0.218018 0.112549 0.304443 -0.91309 0.303955 
0.246338 -0.221802 0.106323 0.282959 -0.95703 0.279419 
0.244263 -0.224243 0.101807 0.323486 -0.106689 0.254395 
0.236206 -0.224243 0.97534 0.323486 -0.123657 0.231201 
0.226807 -0.222656 0.93384 0.331055 -0.144531 0.209717 
0.217163 -0.220825 0.90698 0.335938 -0.135376 0.189453 
0.209351 -0.220337 0.88379 0.339111 -0.166626 0.171265 
0.205200 -0.221924 0.84473 0.341309 -0.184570 0.153442 
0.205933 -0.221802 0.77759 0.344605 -0.194702 0.134766 
0.209106 -0.220215 0.70313 0.345947 -0.199829 0.145630 
0.213501 -0.218018 0.65918 0.340576 -0.203247 0.114380 
0.221069 -0.216431 0.63477 0.328857 -0.204956 0.91919 
0.229614 -0.214966 0.61523 0.314819 -0.204834 0.67505 
0.236938 -0.212891 0.59937 0.301514 -0.202271 0.40283 
0.236938 -0.209839 0.58960 0.289551 -0.196777 0.10132 
0.240845 -0.207275 0.58716 0.278931 -0.190918 -0.21606 
0.242310 -0.204956 0.58350 0.270020 -0.186157 -0.53467 
0.240967 -0.204956 0.58350 0.261841 -0.182495 -0.84839 
0.236328 -0.200317 0.59204 0.253784 -0.180054 -0.112671 
0.230225 -0.194702 0.59204 0.245728 -0.179077 -0.133911 
0.228271 -0.189575 0.58350 0.238403 -0.179199 -0.151245 
0.233032 -0.185059 0.58350 0.230835 -0.178711 -0.167480 
0.241699 -0.182007 0.55786 0.221680 -0.177368 -0.184814 
0.252686 -0.177856 0.50537 0.241211 -0.173828 -0.204590 
0.260864 -0.177002 0.43823 0.209961 -0.165039 -0.229980 
0.265137 -0.177246 0.36255 0.193115 -0.150879 -0.259399 
0.263794 -0.173584 0.31006 0.174194 -0.136108 -0.287476 
0.258667 -0.166016 0.29663 0.153198 -0.125122 -0.310547 
0.253418 -0.156128 0.31738 0.131348 -0.125122 -0.328980 
0.249878 -0.145386 0.35278 0.111816 -0.119385 -0.312744 
0.251465 -0.135132 0.37231 0.95337 -0.117798 -0.356323 
0.258057 -0.124390 0.36865 0.80811 -0.117798 -0.356323 
0.262329 -0.120728 0.31738 0.67627 -0.118164 -0.369263 
0.261475 -0.115356 0.25757 0.53223 -0.118164 -0.388306 
0.255493 -0.107544 0.21973 0.34790 -0.114258 -0.408447 
0.255493 -0.99121 0.19775 0.16235 -0.105469 -0.426392 
0.240967 -0.86304 0.21484 -0.732 -0.95093 -0.441650 
0.223389 -0.72144 0.25269 -0.17456 -0.85327 -0.448242 
0.208008 -0.90576 0.28320 -0.30151 -0.75928 -0.444092 
0.198364 -0.59326 0.30518 -0.38086 -0.67261 -0.432495 
0.194580 -0.47607 0.29907 -0.46265 -0.59937 -0.416382 
0.198486 -0.36011 0.29297 -0.54443 -0.52124 -0.399902 
0.208618 -0.29053 0.29297 -0.64697 -0.44312 -0.387817 
0.220947 -0.25391 0.25513 -0.75684 -0.35034 -0.383057 
0.225708 -0.22217 0.20020 -0.87646 -0.23438 -0.385376 
0.218506 -0.16724 0.14404 -0.87646 -0.9155 -0.390137 
0.200439 -0.6470 0.13550 -0.101074 0.5615 -0.388672 
0.183838 0.5859 0.19775 -0.116577 0.17700 -0.377075 
0.176514 0.21484 0.30518 -0.133057 0.25024 -0.357544 
0.177979 0.34058 0.39185 -0.143433 0.25024 -0.337769 
0.187134 0.41992 0.44678 -0.144897 0.27344 -0.322022 
0.198486 0.47729 0.46387 -0.144653 0.28687 -0.343628 
0.202026 0.51025 0.46997 -0.145996 0.32715 -0.312378 
0.199219 0.56274 0.49072 -0.149170 0.38330 -0.307861 
0.192993 0.61646 0.48584 -0.153320 0.43823 -0.303467 
0.207642 0.71289 0.51025 -0.156982 0.50781 -0.298828 
0.176392 0.85449 0.61157 -0.164673 0.55420 -0.289063 
0.155518 0.101318 0.76904 -0.172241 0.56641 -0.266846 
0.139404 0.114258 0.94482 -0.171875 0.51636 -0.234619 
0.134155 0.121948 0.109497 -0.161621 0.42114 -0.199463 
