0.250610 0.54565 -0.18799 -0.2686 -0.8911 0.1343 
0.250610 0.54565 -0.18799 -0.2686 -0.8911 0.1343 
0.250610 0.54565 -0.18799 -0.2686 -0.8911 0.1343 
0.250610 0.54565 -0.18799 -0.2686 -0.8911 0.1343 
0.250610 0.54565 -0.18799 -0.2686 -0.8911 0.1343 
0.250610 0.53467 -0.19897 -0.6348 -0.10132 0.2930 
0.250855 0.53467 -0.19897 -0.6348 -0.10132 0.2930 
0.250855 0.53467 -0.19897 -0.6348 -0.10132 0.2930 
0.250855 0.53467 -0.19897 -0.6348 -0.10132 0.2930 
0.250855 0.53467 -0.19897 -0.6348 -0.10132 0.2930 
0.250855 0.53467 -0.19897 -0.6348 -0.10132 0.2930 
0.250855 0.53467 -0.19897 -0.6348 -0.10132 0.2930 
0.250855 0.53467 -0.19897 -0.6348 -0.10132 0.2930 
0.250855 0.53467 -0.19897 -0.6348 -0.10132 0.2930 
0.250855 0.53467 -0.19897 -0.6348 -0.10132 0.2930 
0.250855 0.53467 -0.19897 -0.9399 -0.9766 0.4150 
0.251831 0.53467 -0.19897 -0.9399 -0.9766 0.4150 
0.251831 0.53467 -0.19897 -0.9399 -0.9766 0.4150 
0.251831 0.53467 -0.19897 -0.9399 -0.9766 0.4150 
0.251831 0.53467 -0.19897 -0.9399 -0.9766 0.4150 
0.251831 0.53467 -0.19897 -0.9399 -0.9766 0.4150 
0.251831 0.53467 -0.19897 -0.9399 -0.9766 0.4150 
0.251831 0.53467 -0.19897 -0.9399 -0.9766 0.4150 
0.251831 0.53467 -0.19897 -0.9399 -0.9766 0.4150 
0.251831 0.53467 -0.19897 -0.9399 -0.9766 0.4150 
0.251831 0.53467 -0.19897 -0.9399 -0.9766 0.5005 
0.253296 0.53345 -0.18799 -0.9888 -0.9644 0.5005 
0.253296 0.53345 -0.18799 -0.9888 -0.9644 0.5005 
0.253296 0.53345 -0.18799 -0.9888 -0.9644 0.5005 
0.253296 0.53345 -0.18799 -0.9888 -0.9644 0.5005 
0.253296 0.53345 -0.18799 -0.9888 -0.9644 0.5005 
0.253296 0.53345 -0.18799 -0.9888 -0.9644 0.5005 
0.253296 0.53345 -0.18799 -0.9888 -0.9644 0.5005 
0.253296 0.53345 -0.18799 -0.9888 -0.9644 0.5005 
0.253296 0.53345 -0.18799 -0.9888 -0.9644 0.5005 
0.253296 0.53345 -0.18799 -0.9888 -0.9644 0.5005 
0.256104 0.53345 -0.16479 -0.6592 -0.8667 0.4150 
0.256104 0.53345 -0.16479 -0.6592 -0.8667 0.4150 
0.256104 0.53345 -0.16479 -0.6592 -0.8667 0.4150 
0.256104 0.53345 -0.16479 -0.6592 -0.8667 0.4150 
0.256104 0.53345 -0.16479 -0.6592 -0.8667 0.4150 
0.256104 0.53345 -0.16479 -0.6592 -0.8667 0.4150 
0.256104 0.53345 -0.16479 -0.6592 -0.8667 0.4150 
0.256104 0.53345 -0.16479 -0.6592 -0.8667 0.4150 
0.256104 0.53345 -0.16479 -0.6592 -0.8667 0.4150 
0.256104 0.53345 -0.16479 -0.6592 -0.8667 0.4150 
0.256104 0.53345 -0.15625 -0.122 -0.6226 -0.122 
0.257568 0.52734 -0.15625 -0.122 -0.6226 -0.122 
0.257568 0.52734 -0.15625 -0.122 -0.6226 -0.122 
0.257568 0.52734 -0.15625 -0.122 -0.6226 -0.122 
0.257568 0.52734 -0.15625 -0.122 -0.6226 -0.122 
0.257568 0.52734 -0.15625 -0.122 -0.6226 -0.122 
0.257568 0.52734 -0.15625 -0.122 -0.6226 -0.122 
0.257568 0.52734 -0.15625 -0.122 -0.6226 -0.122 
0.257568 0.52734 -0.15625 -0.122 -0.6226 -0.122 
0.257568 0.52734 -0.15625 -0.122 -0.6226 -0.122 
0.257568 0.52734 -0.15625 -0.122 -0.2197 -0.6226 
0.257202 0.51880 -0.16235 0.5615 -0.2197 -0.6226 
0.257202 0.51880 -0.16235 0.5615 -0.2197 -0.6226 
0.257202 0.51880 -0.16235 0.5615 -0.2197 -0.6226 
0.257202 0.51880 -0.16235 0.5615 -0.2197 -0.6226 
0.257202 0.51880 -0.16235 0.5615 -0.2197 -0.6226 
0.257202 0.51880 -0.16235 0.5615 -0.2197 -0.6226 
0.257202 0.51880 -0.16235 0.5615 -0.2197 -0.6226 
0.257202 0.51880 -0.16235 0.5615 -0.2197 -0.6226 
0.257202 0.51880 -0.16235 0.5615 -0.2197 -0.6226 
0.257202 0.51880 -0.16235 0.5615 -0.2197 -0.6226 
0.256470 0.51025 -0.16479 0.7935 0.2808 -0.11475 
0.256470 0.51025 -0.16479 0.7935 0.2808 -0.11475 
0.256470 0.51025 -0.16479 0.7935 0.2808 -0.11475 
0.256470 0.51025 -0.16479 0.7935 0.2808 -0.11475 
0.256470 0.51025 -0.16479 0.7935 0.2808 -0.11475 
0.256470 0.51025 -0.16479 0.7935 0.2808 -0.11475 
0.256470 0.51025 -0.16479 0.7935 0.2808 -0.11475 
0.256470 0.51025 -0.16479 0.7935 0.2808 -0.11475 
0.256470 0.51025 -0.16479 0.7935 0.2808 -0.11475 
0.256470 0.51025 -0.16479 0.7935 0.2808 -0.11475 
0.256470 0.51025 -0.18311 0.7080 0.8057 -0.14771 
0.253784 0.50293 -0.18311 0.7080 0.8057 -0.14771 
0.253784 0.50293 -0.18311 0.7080 0.8057 -0.14771 
0.253784 0.50293 -0.18311 0.7080 0.8057 -0.14771 
0.253784 0.50293 -0.18311 0.7080 0.8057 -0.14771 
0.253784 0.50293 -0.18311 0.7080 0.8057 -0.14771 
0.253784 0.50293 -0.18311 0.7080 0.8057 -0.14771 
0.253784 0.50293 -0.18311 0.7080 0.8057 -0.14771 
0.253784 0.50293 -0.18311 0.7080 0.8057 -0.14771 
0.253784 0.50293 -0.18311 0.7080 0.8057 -0.14771 
0.253784 0.50293 -0.18311 0.1709 0.13916 -0.14648 
0.250122 0.50537 -0.21484 0.1709 0.13916 -0.14648 
0.250122 0.50537 -0.21484 0.1709 0.13916 -0.14648 
0.250122 0.50537 -0.21484 0.1709 0.13916 -0.14648 
0.250122 0.50537 -0.21484 0.1709 0.13916 -0.14648 
0.250122 0.50537 -0.21484 0.1709 0.13916 -0.14648 
0.250122 0.50537 -0.21484 0.1709 0.13916 -0.14648 
0.250122 0.50537 -0.21484 0.1709 0.13916 -0.14648 
0.250122 0.50537 -0.21484 0.1709 0.13916 -0.14648 
0.250122 0.50537 -0.21484 0.1709 0.13916 -0.14648 
0.250122 0.50537 -0.21484 0.1709 0.13916 -0.10498 
0.246338 0.50781 -0.23926 -0.8057 0.20142 -0.10498 
0.246338 0.50781 -0.23926 -0.8057 0.20142 -0.10498 
0.246338 0.50781 -0.23926 -0.8057 0.20142 -0.10498 
0.246338 0.50781 -0.23926 -0.8057 0.20142 -0.10498 
0.246338 0.50781 -0.23926 -0.8057 0.20142 -0.10498 
0.246338 0.50781 -0.23926 -0.8057 0.20142 -0.10498 
0.246338 0.50781 -0.23926 -0.8057 0.20142 -0.10498 
0.246338 0.50781 -0.23926 -0.8057 0.20142 -0.10498 
0.246338 0.50781 -0.23926 -0.8057 0.20142 -0.10498 
0.246338 0.50781 -0.23926 -0.8057 0.20142 -0.10498 
0.246338 0.52368 -0.24414 -0.19897 0.26001 -0.3784 
0.244995 0.52368 -0.24414 -0.19897 0.26001 -0.3784 
0.244995 0.52368 -0.24414 -0.19897 0.26001 -0.3784 
0.244995 0.52368 -0.24414 -0.19897 0.26001 -0.3784 
0.244995 0.52368 -0.24414 -0.19897 0.26001 -0.3784 
0.244995 0.52368 -0.24414 -0.19897 0.26001 -0.3784 
0.244995 0.52368 -0.24414 -0.19897 0.26001 -0.3784 
0.244995 0.52368 -0.24414 -0.19897 0.26001 -0.3784 
0.244995 0.52368 -0.24414 -0.19897 0.26001 -0.3784 
0.244995 0.52368 -0.24414 -0.19897 0.26001 -0.3784 
0.244995 0.52368 -0.24414 -0.29053 0.29541 0.3418 
0.246094 0.53345 -0.22705 -0.29053 0.29541 0.3418 
0.246094 0.53345 -0.22705 -0.29053 0.29541 0.3418 
0.246094 0.53345 -0.22705 -0.29053 0.29541 0.3418 
0.246094 0.53345 -0.22705 -0.29053 0.29541 0.3418 
0.246094 0.53345 -0.22705 -0.29053 0.29541 0.3418 
0.246094 0.53345 -0.22705 -0.29053 0.29541 0.3418 
0.246094 0.53345 -0.22705 -0.29053 0.29541 0.3418 
0.246094 0.53345 -0.22705 -0.29053 0.29541 0.3418 
0.246094 0.53345 -0.22705 -0.29053 0.29541 0.3418 
0.246094 0.53345 -0.22705 -0.29053 0.27954 0.7324 
0.248413 0.53833 -0.18188 -0.30273 0.27954 0.7324 
0.248413 0.53833 -0.18188 -0.30273 0.27954 0.7324 
0.248413 0.53833 -0.18188 -0.30273 0.27954 0.7324 
0.248413 0.53833 -0.18188 -0.30273 0.27954 0.7324 
0.248413 0.53833 -0.18188 -0.30273 0.27954 0.7324 
0.248413 0.53833 -0.18188 -0.30273 0.27954 0.7324 
0.248413 0.53833 -0.18188 -0.30273 0.27954 0.7324 
0.248413 0.53833 -0.18188 -0.30273 0.27954 0.7324 
0.248413 0.53833 -0.18188 -0.30273 0.27954 0.7324 
0.248413 0.53833 -0.18188 -0.30273 0.27954 0.7324 
0.249390 0.53223 -0.15503 -0.21118 0.20996 0.7568 
0.249390 0.53223 -0.15503 -0.21118 0.20996 0.7568 
0.249390 0.53223 -0.15503 -0.21118 0.20996 0.7568 
0.249390 0.53223 -0.15503 -0.21118 0.20996 0.7568 
0.249390 0.53223 -0.15503 -0.21118 0.20996 0.7568 
0.249390 0.53223 -0.15503 -0.21118 0.20996 0.7568 
0.249390 0.53223 -0.15503 -0.21118 0.20996 0.7568 
0.249390 0.53223 -0.15503 -0.21118 0.20996 0.7568 
0.249390 0.53223 -0.15503 -0.21118 0.20996 0.7568 
0.249390 0.53223 -0.15503 -0.21118 0.20996 0.7568 
0.249390 0.53223 -0.15137 -0.7202 0.10254 0.6714 
