0.261230 0.12329 -0.9521 -0.854 0.5493 -0.5005 
0.261230 0.12329 -0.9521 -0.854 0.5493 -0.5615 
0.260376 0.13184 -0.8667 0.1831 0.5493 -0.5615 
0.260376 0.13184 -0.8667 0.1831 0.5493 -0.5615 
0.260376 0.13184 -0.8667 0.1831 0.5493 -0.5615 
0.260376 0.13184 -0.8667 0.1831 0.5493 -0.5615 
0.260376 0.13184 -0.8667 0.1831 0.5493 -0.5615 
0.260376 0.13184 -0.8667 0.1831 0.5493 -0.5615 
0.260376 0.13184 -0.8667 0.1831 0.5493 -0.5615 
0.260376 0.13184 -0.8667 0.1831 0.5493 -0.5615 
0.260376 0.13184 -0.8667 0.1831 0.5493 -0.5615 
0.260376 0.13184 -0.8667 0.1831 0.5493 -0.5615 
0.260376 0.14404 -0.9155 0.2686 0.5005 -0.1221 
0.254883 0.14404 -0.9155 0.2686 0.5005 -0.1221 
0.254883 0.14404 -0.9155 0.2686 0.5005 -0.1221 
0.254883 0.14404 -0.9155 0.2686 0.5005 -0.1221 
0.254883 0.14404 -0.9155 0.2686 0.5005 -0.1221 
0.254883 0.14404 -0.9155 0.2686 0.5005 -0.1221 
0.254883 0.14404 -0.9155 0.2686 0.5005 -0.1221 
0.254883 0.14404 -0.9155 0.2686 0.5005 -0.1221 
0.254883 0.14404 -0.9155 0.2686 0.5005 -0.1221 
0.254883 0.14404 -0.9155 0.2686 0.5005 -0.1221 
0.254883 0.14404 -0.9521 0.854 0.244 0.3784 
0.251343 0.14648 -0.9521 0.854 0.244 0.3784 
0.251343 0.14648 -0.9521 0.854 0.244 0.3784 
0.251343 0.14648 -0.9521 0.854 0.244 0.3784 
0.251343 0.14648 -0.9521 0.854 0.244 0.3784 
0.251343 0.14648 -0.9521 0.854 0.244 0.3784 
0.251343 0.14648 -0.9521 0.854 0.244 0.3784 
0.251343 0.14648 -0.9521 0.854 0.244 0.3784 
0.251343 0.14648 -0.9521 0.854 0.244 0.3784 
0.251343 0.14648 -0.9521 0.854 0.244 0.3784 
0.251343 0.14648 -0.9521 0.854 0.25879 0.10742 
0.252075 0.13672 -0.9277 -0.2686 -0.5371 0.10742 
0.252075 0.13672 -0.9277 -0.2686 -0.5371 0.10742 
0.252075 0.13672 -0.9277 -0.2686 -0.5371 0.10742 
0.252075 0.13672 -0.9277 -0.2686 -0.5371 0.10742 
0.252075 0.13672 -0.9277 -0.2686 -0.5371 0.10742 
0.252075 0.13672 -0.9277 -0.2686 -0.5371 0.10742 
0.252075 0.13672 -0.9277 -0.2686 -0.5371 0.10742 
0.252075 0.13672 -0.9277 -0.2686 -0.5371 0.10742 
0.252075 0.13672 -0.9277 -0.2686 -0.5371 0.10742 
0.252075 0.13672 -0.9277 -0.2686 -0.5371 0.10742 
0.253906 0.12451 -0.9277 -0.5737 -0.10010 0.17090 
0.253906 0.12451 -0.9277 -0.5737 -0.10010 0.17090 
0.253906 0.12451 -0.9277 -0.5737 -0.10010 0.17090 
0.253906 0.12451 -0.9277 -0.5737 -0.10010 0.17090 
0.253906 0.12451 -0.9277 -0.5737 -0.10010 0.17090 
0.253906 0.12451 -0.9277 -0.5737 -0.10010 0.17090 
0.253906 0.12451 -0.9277 -0.5737 -0.10010 0.17090 
0.253906 0.12451 -0.9277 -0.5737 -0.10010 0.17090 
0.253906 0.12451 -0.9277 -0.5737 -0.10010 0.17090 
0.253906 0.12451 -0.9277 -0.5737 -0.10010 0.17090 
0.253906 0.12451 -0.9155 -0.7690 -0.13062 0.20386 
0.256104 0.10986 -0.9155 -0.7690 -0.13062 0.20386 
0.256104 0.10986 -0.9155 -0.7690 -0.13062 0.20386 
0.256104 0.10986 -0.9155 -0.7690 -0.13062 0.20386 
0.256104 0.10986 -0.9155 -0.7690 -0.13062 0.20386 
0.256104 0.10986 -0.9155 -0.7690 -0.13062 0.20386 
0.256104 0.10986 -0.9155 -0.7690 -0.13062 0.20386 
0.256104 0.10986 -0.9155 -0.7690 -0.13062 0.20386 
0.256104 0.10986 -0.9155 -0.7690 -0.13062 0.20386 
0.256104 0.10986 -0.9155 -0.7690 -0.13062 0.20386 
0.256104 0.10986 -0.9155 -0.7690 -0.13794 0.19897 
0.260132 0.9521 -0.8179 -0.8301 -0.13794 0.19897 
0.260132 0.9521 -0.8179 -0.8301 -0.13794 0.19897 
0.260132 0.9521 -0.8179 -0.8301 -0.13794 0.19897 
0.260132 0.9521 -0.8179 -0.8301 -0.13794 0.19897 
0.260132 0.9521 -0.8179 -0.8301 -0.13794 0.19897 
0.260132 0.9521 -0.8179 -0.8301 -0.13794 0.19897 
0.260132 0.9521 -0.8179 -0.8301 -0.13794 0.19897 
0.260132 0.9521 -0.8179 -0.8301 -0.13794 0.19897 
0.260132 0.9521 -0.8179 -0.8301 -0.13794 0.19897 
0.260132 0.9521 -0.8179 -0.8301 -0.13794 0.15259 
0.264038 0.8057 -0.7202 -0.6836 -0.12207 0.15259 
0.264038 0.8057 -0.7202 -0.6836 -0.12207 0.15259 
0.264038 0.8057 -0.7202 -0.6836 -0.12207 0.15259 
0.264038 0.8057 -0.7202 -0.6836 -0.12207 0.15259 
0.264038 0.8057 -0.7202 -0.6836 -0.12207 0.15259 
0.264038 0.8057 -0.7202 -0.6836 -0.12207 0.15259 
0.264038 0.8057 -0.7202 -0.6836 -0.12207 0.15259 
0.264038 0.8057 -0.7202 -0.6836 -0.12207 0.15259 
0.264038 0.8057 -0.7202 -0.6836 -0.12207 0.15259 
0.264038 0.8057 -0.7202 -0.6836 -0.12207 0.15259 
0.264038 0.7446 -0.6958 -0.3052 -0.9155 0.7568 
0.265625 0.7446 -0.6958 -0.3052 -0.9155 0.7568 
0.265625 0.7446 -0.6958 -0.3052 -0.9155 0.7568 
0.265625 0.7446 -0.6958 -0.3052 -0.9155 0.7568 
0.265625 0.7446 -0.6958 -0.3052 -0.9155 0.7568 
0.265625 0.7446 -0.6958 -0.3052 -0.9155 0.7568 
0.265625 0.7446 -0.6958 -0.3052 -0.9155 0.7568 
0.265625 0.7446 -0.6958 -0.3052 -0.9155 0.7568 
0.265625 0.7446 -0.6958 -0.3052 -0.9155 0.7568 
0.265625 0.7446 -0.6958 -0.3052 -0.9155 0.7568 
0.265625 0.7446 -0.6958 0.1099 -0.5371 -0.610 
0.264648 0.6958 -0.6714 0.1099 -0.5371 -0.610 
0.264648 0.6958 -0.6714 0.1099 -0.5371 -0.610 
0.264648 0.6958 -0.6714 0.1099 -0.5371 -0.610 
0.264648 0.6958 -0.6714 0.1099 -0.5371 -0.610 
0.264648 0.6958 -0.6714 0.1099 -0.5371 -0.610 
0.264648 0.6958 -0.6714 0.1099 -0.5371 -0.610 
0.264648 0.6958 -0.6714 0.1099 -0.5371 -0.610 
0.264648 0.6958 -0.6714 0.1099 -0.5371 -0.610 
0.264648 0.6958 -0.6714 0.1099 -0.5371 -0.610 
0.264648 0.6958 -0.6714 0.1099 -0.5371 -0.6958 
0.262451 0.7080 -0.7080 0.3784 -0.1465 -0.6958 
0.262451 0.7080 -0.7080 0.3784 -0.1465 -0.6958 
0.262451 0.7080 -0.7080 0.3784 -0.1465 -0.6958 
0.262451 0.7080 -0.7080 0.3784 -0.1465 -0.6958 
0.262451 0.7080 -0.7080 0.3784 -0.1465 -0.6958 
0.262451 0.7080 -0.7080 0.3784 -0.1465 -0.6958 
0.262451 0.7080 -0.7080 0.3784 -0.1465 -0.6958 
0.262451 0.7080 -0.7080 0.3784 -0.1465 -0.6958 
0.262451 0.7080 -0.7080 0.3784 -0.1465 -0.6958 
0.262451 0.7080 -0.7080 0.3784 -0.1465 -0.6958 
0.262451 0.7813 -0.7568 0.4761 0.2075 -0.10254 
0.260010 0.7813 -0.7568 0.4761 0.2075 -0.10254 
0.260010 0.7813 -0.7568 0.4761 0.2075 -0.10254 
0.260010 0.7813 -0.7568 0.4761 0.2075 -0.10254 
0.260010 0.7813 -0.7568 0.4761 0.2075 -0.10254 
0.260010 0.7813 -0.7568 0.4761 0.2075 -0.10254 
0.260010 0.7813 -0.7568 0.4761 0.2075 -0.10254 
0.260010 0.7813 -0.7568 0.4761 0.2075 -0.10254 
0.260010 0.7813 -0.7568 0.4761 0.2075 -0.10254 
0.260010 0.7813 -0.7568 0.4761 0.2075 -0.10254 
0.260010 0.7813 -0.7935 0.4517 0.5005 -0.11475 
0.258057 0.9155 -0.7935 0.4517 0.5005 -0.11475 
0.258057 0.9155 -0.7935 0.4517 0.5005 -0.11475 
0.258057 0.9155 -0.7935 0.4517 0.5005 -0.11475 
0.258057 0.9155 -0.7935 0.4517 0.5005 -0.11475 
0.258057 0.9155 -0.7935 0.4517 0.5005 -0.11475 
0.258057 0.9155 -0.7935 0.4517 0.5005 -0.11475 
0.258057 0.9155 -0.7935 0.4517 0.5005 -0.11475 
0.258057 0.9155 -0.7935 0.4517 0.5005 -0.11475 
0.258057 0.9155 -0.7935 0.4517 0.5005 -0.11475 
0.258057 0.9155 -0.7935 0.4517 0.7568 -0.12207 
0.256714 0.10742 -0.7690 0.3174 0.7568 -0.12207 
0.256714 0.10742 -0.7690 0.3174 0.7568 -0.12207 
0.256714 0.10742 -0.7690 0.3174 0.7568 -0.12207 
0.256714 0.10742 -0.7690 0.3174 0.7568 -0.12207 
0.256714 0.10742 -0.7690 0.3174 0.7568 -0.12207 
0.256714 0.10742 -0.7690 0.3174 0.7568 -0.12207 
0.256714 0.10742 -0.7690 0.3174 0.7568 -0.12207 
0.256714 0.10742 -0.7690 0.3174 0.7568 -0.12207 
0.256714 0.10742 -0.7690 0.3174 0.7568 -0.12207 
0.256714 0.10742 -0.7690 0.3174 0.7568 -0.12207 
0.256836 0.11963 -0.7813 0.732 0.9521 -0.13306 
0.256836 0.11963 -0.7813 0.732 0.9521 -0.13306 
0.256836 0.11963 -0.7813 0.732 0.9521 -0.13306 
0.256836 0.11963 -0.7813 0.732 0.9521 -0.13306 
