0.258057 0.25635 -0.10864 -0.17578 0.1465 0.1465 
0.258057 0.25635 -0.10864 -0.17578 0.1465 0.1465 
0.258057 0.25635 -0.10864 -0.17578 0.1465 0.1465 
0.258057 0.24292 -0.10864 -0.15381 -0.854 0.2441 
0.259521 0.24292 -0.10864 -0.15381 -0.854 0.2441 
0.259521 0.24292 -0.10864 -0.15381 -0.854 0.2441 
0.259521 0.24292 -0.10864 -0.15381 -0.854 0.2441 
0.259521 0.24292 -0.10864 -0.15381 -0.854 0.2441 
0.259521 0.24292 -0.10864 -0.15381 -0.854 0.2441 
0.259521 0.24292 -0.10864 -0.15381 -0.854 0.2441 
0.259521 0.24292 -0.10864 -0.15381 -0.854 0.2441 
0.259521 0.24292 -0.10864 -0.15381 -0.854 0.2441 
0.259521 0.24292 -0.10864 -0.15381 -0.854 0.2441 
0.259521 0.24292 -0.10864 -0.12817 -0.2808 0.4395 
0.259155 0.23682 -0.10376 -0.12817 -0.2808 0.4395 
0.259155 0.23682 -0.10376 -0.12817 -0.2808 0.4395 
0.259155 0.23682 -0.10376 -0.12817 -0.2808 0.4395 
0.259155 0.23682 -0.10376 -0.12817 -0.2808 0.4395 
0.259155 0.23682 -0.10376 -0.12817 -0.2808 0.4395 
0.259155 0.23682 -0.10376 -0.12817 -0.2808 0.4395 
0.259155 0.23682 -0.10376 -0.12817 -0.2808 0.4395 
0.259155 0.23682 -0.10376 -0.12817 -0.2808 0.4395 
0.259155 0.23682 -0.10376 -0.12817 -0.2808 0.4395 
0.259155 0.23682 -0.10376 -0.12817 -0.2808 0.7202 
0.257935 0.23560 -0.10498 -0.10986 -0.4883 0.7202 
0.257935 0.23560 -0.10498 -0.10986 -0.4883 0.7202 
0.257935 0.23560 -0.10498 -0.10986 -0.4883 0.7202 
0.257935 0.23560 -0.10498 -0.10986 -0.4883 0.7202 
0.257935 0.23560 -0.10498 -0.10986 -0.4883 0.7202 
0.257935 0.23560 -0.10498 -0.10986 -0.4883 0.7202 
0.257935 0.23560 -0.10498 -0.10986 -0.4883 0.7202 
0.257935 0.23560 -0.10498 -0.10986 -0.4883 0.7202 
0.257935 0.23560 -0.10498 -0.10986 -0.4883 0.7202 
0.257935 0.23560 -0.10498 -0.10986 -0.4883 0.7202 
0.257935 0.23804 -0.9888 -0.10620 -0.5005 0.9155 
0.258179 0.23804 -0.9888 -0.10620 -0.5005 0.9155 
0.258179 0.23804 -0.9888 -0.10620 -0.5005 0.9155 
0.258179 0.23804 -0.9888 -0.10620 -0.5005 0.9155 
0.258179 0.23804 -0.9888 -0.10620 -0.5005 0.9155 
0.258179 0.23804 -0.9888 -0.10620 -0.5005 0.9155 
0.258179 0.23804 -0.9888 -0.10620 -0.5005 0.9155 
0.258179 0.23804 -0.9888 -0.10620 -0.5005 0.9155 
0.258179 0.23804 -0.9888 -0.10620 -0.5005 0.9155 
0.258179 0.23804 -0.9888 -0.10620 -0.5005 0.9155 
0.258179 0.23804 -0.9888 -0.10376 -0.3540 0.9521 
0.259033 0.24536 -0.8179 -0.10376 -0.3540 0.9521 
0.259033 0.24536 -0.8179 -0.10376 -0.3540 0.9521 
0.259033 0.24536 -0.8179 -0.10376 -0.3540 0.9521 
0.259033 0.24536 -0.8179 -0.10376 -0.3540 0.9521 
0.259033 0.24536 -0.8179 -0.10376 -0.3540 0.9521 
0.259033 0.24536 -0.8179 -0.10376 -0.3540 0.9521 
0.259033 0.24536 -0.8179 -0.10376 -0.3540 0.9521 
0.259033 0.24536 -0.8179 -0.10376 -0.3540 0.9521 
0.259033 0.24536 -0.8179 -0.10376 -0.3540 0.9521 
0.259033 0.24536 -0.8179 -0.10376 -0.1343 0.7446 
0.259766 0.24902 -0.6714 -0.8911 -0.1343 0.7446 
0.259766 0.24902 -0.6714 -0.8911 -0.1343 0.7446 
0.259766 0.24902 -0.6714 -0.8911 -0.1343 0.7446 
0.259766 0.24902 -0.6714 -0.8911 -0.1343 0.7446 
0.259766 0.24902 -0.6714 -0.8911 -0.1343 0.7446 
0.259766 0.24902 -0.6714 -0.8911 -0.1343 0.7446 
0.259766 0.24902 -0.6714 -0.8911 -0.1343 0.7446 
0.259766 0.24902 -0.6714 -0.8911 -0.1343 0.7446 
0.259766 0.24902 -0.6714 -0.8911 -0.1343 0.7446 
0.259766 0.24902 -0.6714 -0.8911 -0.1343 0.7446 
0.260376 0.25024 -0.5249 -0.7202 0.1221 0.3662 
0.260376 0.25024 -0.5249 -0.7202 0.1221 0.3662 
0.260376 0.25024 -0.5249 -0.7202 0.1221 0.3662 
0.260376 0.25024 -0.5249 -0.7202 0.1221 0.3662 
0.260376 0.25024 -0.5249 -0.7202 0.1221 0.3662 
0.260376 0.25024 -0.5249 -0.7202 0.1221 0.3662 
0.260376 0.25024 -0.5249 -0.7202 0.1221 0.3662 
0.260376 0.25024 -0.5249 -0.7202 0.1221 0.3662 
0.260376 0.25024 -0.5249 -0.7202 0.1221 0.3662 
0.260376 0.25024 -0.5249 -0.7202 0.1221 0.3662 
0.260376 0.25024 -0.4639 -0.5249 0.2930 -0.1221 
0.259644 0.24902 -0.4639 -0.5249 0.2930 -0.1221 
0.259644 0.24902 -0.4639 -0.5249 0.2930 -0.1221 
0.259644 0.24902 -0.4639 -0.5249 0.2930 -0.1221 
0.259644 0.24902 -0.4639 -0.5249 0.2930 -0.1221 
0.259644 0.24902 -0.4639 -0.5249 0.2930 -0.1221 
0.259644 0.24902 -0.4639 -0.5249 0.2930 -0.1221 
0.259644 0.24902 -0.4639 -0.5249 0.2930 -0.1221 
0.259644 0.24902 -0.4639 -0.5249 0.2930 -0.1221 
0.259644 0.24902 -0.4639 -0.5249 0.2930 -0.1221 
0.259644 0.24902 -0.4639 -0.5249 0.3662 -0.5493 
0.256348 0.24780 -0.5615 -0.4761 0.3662 -0.5493 
0.256348 0.24780 -0.5615 -0.4761 0.3662 -0.5493 
0.256348 0.24780 -0.5615 -0.4761 0.3662 -0.5493 
0.256348 0.24780 -0.5615 -0.4761 0.3662 -0.5493 
0.256348 0.24780 -0.5615 -0.4761 0.3662 -0.5493 
0.256348 0.24780 -0.5615 -0.4761 0.3662 -0.5493 
0.256348 0.24780 -0.5615 -0.4761 0.3662 -0.5493 
0.256348 0.24780 -0.5615 -0.4761 0.3662 -0.5493 
0.256348 0.24780 -0.5615 -0.4761 0.3662 -0.5493 
0.256348 0.24780 -0.5615 -0.4761 0.3662 -0.5493 
0.252808 0.24658 -0.6836 -0.7080 0.4395 -0.7080 
0.252808 0.24658 -0.6836 -0.7080 0.4395 -0.7080 
0.252808 0.24658 -0.6836 -0.7080 0.4395 -0.7080 
0.252808 0.24658 -0.6836 -0.7080 0.4395 -0.7080 
0.252808 0.24658 -0.6836 -0.7080 0.4395 -0.7080 
0.252808 0.24658 -0.6836 -0.7080 0.4395 -0.7080 
0.252808 0.24658 -0.6836 -0.7080 0.4395 -0.7080 
0.252808 0.24658 -0.6836 -0.7080 0.4395 -0.7080 
0.252808 0.24658 -0.6836 -0.7080 0.4395 -0.7080 
0.252808 0.24658 -0.6836 -0.7080 0.4395 -0.7080 
0.252808 0.25269 -0.6714 -0.11108 0.5615 -0.6470 
0.251343 0.25269 -0.6714 -0.11108 0.5615 -0.6470 
0.251343 0.25269 -0.6714 -0.11108 0.5615 -0.6470 
0.251343 0.25269 -0.6714 -0.11108 0.5615 -0.6470 
0.251343 0.25269 -0.6714 -0.11108 0.5615 -0.6470 
0.251343 0.25269 -0.6714 -0.11108 0.5615 -0.6470 
0.251343 0.25269 -0.6714 -0.11108 0.5615 -0.6470 
0.251343 0.25269 -0.6714 -0.11108 0.5615 -0.6470 
0.251343 0.25269 -0.6714 -0.11108 0.5615 -0.6470 
0.251343 0.25269 -0.6714 -0.11108 0.5615 -0.6470 
0.251343 0.25269 -0.6714 -0.14038 0.7324 -0.5005 
0.249634 0.26245 -0.6592 -0.14038 0.7324 -0.5005 
0.249634 0.26245 -0.6592 -0.14038 0.7324 -0.5005 
0.249634 0.26245 -0.6592 -0.14038 0.7324 -0.5005 
0.249634 0.26245 -0.6592 -0.14038 0.7324 -0.5005 
0.249634 0.26245 -0.6592 -0.14038 0.7324 -0.5005 
0.249634 0.26245 -0.6592 -0.14038 0.7324 -0.5005 
0.249634 0.26245 -0.6592 -0.14038 0.7324 -0.5005 
0.249634 0.26245 -0.6592 -0.14038 0.7324 -0.5005 
0.249634 0.26245 -0.6592 -0.14038 0.7324 -0.5005 
0.249634 0.26245 -0.6592 -0.14038 0.7324 -0.3540 
0.248901 0.26855 -0.6104 -0.15869 0.9644 -0.3540 
0.248901 0.26855 -0.6104 -0.15869 0.9644 -0.3540 
0.248901 0.26855 -0.6104 -0.15869 0.9644 -0.3540 
0.248901 0.26855 -0.6104 -0.15869 0.9644 -0.3540 
0.248901 0.26855 -0.6104 -0.15869 0.9644 -0.3540 
0.248901 0.26855 -0.6104 -0.15869 0.9644 -0.3540 
0.248901 0.26855 -0.6104 -0.15869 0.9644 -0.3540 
0.248901 0.26855 -0.6104 -0.15869 0.9644 -0.3540 
0.248901 0.26855 -0.6104 -0.15869 0.9644 -0.3540 
0.248901 0.26855 -0.6104 -0.15869 0.9644 -0.3540 
0.248901 0.26611 -0.5005 -0.15747 0.11963 -0.3296 
0.250244 0.26611 -0.5005 -0.15747 0.11963 -0.3296 
0.250244 0.26611 -0.5005 -0.15747 0.11963 -0.3296 
0.250244 0.26611 -0.5005 -0.15747 0.11963 -0.3296 
0.250244 0.26611 -0.5005 -0.15747 0.11963 -0.3296 
0.250244 0.26611 -0.5005 -0.15747 0.11963 -0.3296 
0.250244 0.26611 -0.5005 -0.15747 0.11963 -0.3296 
0.250244 0.26611 -0.5005 -0.15747 0.11963 -0.3296 
0.250244 0.26611 -0.5005 -0.15747 0.11963 -0.3296 
0.250244 0.26611 -0.5005 -0.15747 0.11963 -0.3296 
0.250244 0.26611 -0.5005 -0.12573 0.13184 -0.5127 
0.251709 0.26611 -0.3296 -0.12573 0.13184 -0.5127 
0.251709 0.26611 -0.3296 -0.12573 0.13184 -0.5127 
