0.249512 0.80078 0.5981 -0.8789 0.4639 0.11963 
0.249512 0.80078 0.5981 -0.8789 0.4639 0.11963 
0.249512 0.80078 0.5981 -0.8789 0.4639 0.11963 
0.249512 0.80078 0.5981 -0.8789 0.4639 0.11963 
0.249512 0.80078 0.5981 -0.8789 0.4639 0.11963 
0.249512 0.80078 0.5981 -0.8789 0.4639 0.11963 
0.249512 0.80078 0.5981 -0.8789 0.4639 0.11963 
0.249512 0.80078 0.5981 -0.8789 0.4639 0.11963 
0.249512 0.80078 0.5737 -0.4639 0.2563 0.8545 
0.250732 0.79834 0.5737 -0.4639 0.2563 0.8545 
0.250732 0.79834 0.5737 -0.4639 0.2563 0.8545 
0.250732 0.79834 0.5737 -0.4639 0.2563 0.8545 
0.250732 0.79834 0.5737 -0.4639 0.2563 0.8545 
0.250732 0.79834 0.5737 -0.4639 0.2563 0.8545 
0.250732 0.79834 0.5737 -0.4639 0.2563 0.8545 
0.250732 0.79834 0.5737 -0.4639 0.2563 0.8545 
0.250732 0.79834 0.5737 -0.4639 0.2563 0.8545 
0.250732 0.79834 0.5737 -0.4639 0.2563 0.8545 
0.250732 0.79834 0.5737 -0.4639 0.854 0.5859 
0.251953 0.78857 0.5493 -0.3174 0.854 0.5859 
0.251953 0.78857 0.5493 -0.3174 0.854 0.5859 
0.251953 0.78857 0.5493 -0.3174 0.854 0.5859 
0.251953 0.78857 0.5493 -0.3174 0.854 0.5859 
0.251953 0.78857 0.5493 -0.3174 0.854 0.5859 
0.251953 0.78857 0.5493 -0.3174 0.854 0.5859 
0.251953 0.78857 0.5493 -0.3174 0.854 0.5859 
0.251953 0.78857 0.5493 -0.3174 0.854 0.5859 
0.251953 0.78857 0.5493 -0.3174 0.854 0.5859 
0.251953 0.78857 0.5493 -0.3174 0.854 0.5859 
0.253540 0.77759 0.5493 -0.3662 0.00 0.3540 
0.253540 0.77759 0.5493 -0.3662 0.00 0.3540 
0.253540 0.77759 0.5493 -0.3662 0.00 0.3540 
0.253540 0.77759 0.5493 -0.3662 0.00 0.3540 
0.253540 0.77759 0.5493 -0.3662 0.00 0.3540 
0.253540 0.77759 0.5493 -0.3662 0.00 0.3540 
0.253540 0.77759 0.5493 -0.3662 0.00 0.3540 
0.253540 0.77759 0.5493 -0.3662 0.00 0.3540 
0.253540 0.77759 0.5493 -0.3662 0.00 0.3540 
0.253540 0.77759 0.5493 -0.3662 0.00 0.3540 
0.253540 0.77759 0.5981 -0.5615 -0.122 0.1465 
0.253906 0.76904 0.5981 -0.5615 -0.122 0.1465 
0.253906 0.76904 0.5981 -0.5615 -0.122 0.1465 
0.253906 0.76904 0.5981 -0.5615 -0.122 0.1465 
0.253906 0.76904 0.5981 -0.5615 -0.122 0.1465 
0.253906 0.76904 0.5981 -0.5615 -0.122 0.1465 
0.253906 0.76904 0.5981 -0.5615 -0.122 0.1465 
0.253906 0.76904 0.5981 -0.5615 -0.122 0.1465 
0.253906 0.76904 0.5981 -0.5615 -0.122 0.1465 
0.253906 0.76904 0.5981 -0.5615 -0.122 0.1465 
0.253906 0.76904 0.5981 -0.5615 0.366 0.366 
0.255249 0.76416 0.6836 -0.8667 0.366 0.366 
0.255249 0.76416 0.6836 -0.8667 0.366 0.366 
0.255249 0.76416 0.6836 -0.8667 0.366 0.366 
0.255249 0.76416 0.6836 -0.8667 0.366 0.366 
0.255249 0.76416 0.6836 -0.8667 0.366 0.366 
0.255249 0.76416 0.6836 -0.8667 0.366 0.366 
0.255249 0.76416 0.6836 -0.8667 0.366 0.366 
0.255249 0.76416 0.6836 -0.8667 0.366 0.366 
0.255249 0.76416 0.6836 -0.8667 0.366 0.366 
0.255249 0.76416 0.6836 -0.8667 0.366 0.31006 
0.256958 0.75806 0.7690 -0.11597 0.1831 -0.244 
0.256958 0.75806 0.7690 -0.11597 0.1831 -0.244 
0.256958 0.75806 0.7690 -0.11597 0.1831 -0.244 
0.256958 0.75806 0.7690 -0.11597 0.1831 -0.244 
0.256958 0.75806 0.7690 -0.11597 0.1831 -0.244 
0.256958 0.75806 0.7690 -0.11597 0.1831 -0.244 
0.256958 0.75806 0.7690 -0.11597 0.1831 -0.244 
0.256958 0.75806 0.7690 -0.11597 0.1831 -0.244 
0.256958 0.75806 0.7690 -0.11597 0.1831 -0.244 
0.256958 0.75806 0.7690 -0.11597 0.1831 -0.244 
0.256958 0.76050 0.9399 -0.12207 0.4028 -0.488 
0.259033 0.76050 0.9399 -0.12207 0.4028 -0.488 
0.259033 0.76050 0.9399 -0.12207 0.4028 -0.488 
0.259033 0.76050 0.9399 -0.12207 0.4028 -0.488 
0.259033 0.76050 0.9399 -0.12207 0.4028 -0.488 
0.259033 0.76050 0.9399 -0.12207 0.4028 -0.488 
0.259033 0.76050 0.9399 -0.12207 0.4028 -0.488 
0.259033 0.76050 0.9399 -0.12207 0.4028 -0.488 
0.259033 0.76050 0.9399 -0.12207 0.4028 -0.488 
0.259033 0.76050 0.9399 -0.12207 0.4028 -0.488 
0.259033 0.76050 0.9399 -0.10376 0.5615 -0.1465 
0.260254 0.76172 0.11841 -0.10376 0.5615 -0.1465 
0.260254 0.76172 0.11841 -0.10376 0.5615 -0.1465 
0.260254 0.76172 0.11841 -0.10376 0.5615 -0.1465 
0.260254 0.76172 0.11841 -0.10376 0.5615 -0.1465 
0.260254 0.76172 0.11841 -0.10376 0.5615 -0.1465 
0.260254 0.76172 0.11841 -0.10376 0.5615 -0.1465 
0.260254 0.76172 0.11841 -0.10376 0.5615 -0.1465 
0.260254 0.76172 0.11841 -0.10376 0.5615 -0.1465 
0.260254 0.76172 0.11841 -0.10376 0.5615 -0.1465 
0.260254 0.76172 0.11841 -0.10376 0.5615 -0.2930 
0.258911 0.75073 0.11597 -0.7813 0.6592 -0.2930 
0.258911 0.75073 0.11597 -0.7813 0.6592 -0.2930 
0.258911 0.75073 0.11597 -0.7813 0.6592 -0.2930 
0.258911 0.75073 0.11597 -0.7813 0.6592 -0.2930 
0.258911 0.75073 0.11597 -0.7813 0.6592 -0.2930 
0.258911 0.75073 0.11597 -0.7813 0.6592 -0.2930 
0.258911 0.75073 0.11597 -0.7813 0.6592 -0.2930 
0.258911 0.75073 0.11597 -0.7813 0.6592 -0.2930 
0.258911 0.75073 0.11597 -0.7813 0.6592 -0.2930 
0.258911 0.75073 0.11597 -0.7813 0.6592 -0.2930 
0.258911 0.74219 0.9644 -0.7202 0.7568 -0.3052 
0.255005 0.74219 0.9644 -0.7202 0.7568 -0.3052 
0.255005 0.74219 0.9644 -0.7202 0.7568 -0.3052 
0.255005 0.74219 0.9644 -0.7202 0.7568 -0.3052 
0.255005 0.74219 0.9644 -0.7202 0.7568 -0.3052 
0.255005 0.74219 0.9644 -0.7202 0.7568 -0.3052 
0.255005 0.74219 0.9644 -0.7202 0.7568 -0.3052 
0.255005 0.74219 0.9644 -0.7202 0.7568 -0.3052 
0.255005 0.74219 0.9644 -0.7202 0.7568 -0.3052 
0.255005 0.74219 0.9644 -0.7202 0.7568 -0.3052 
0.255005 0.74219 0.7568 -0.10132 0.8423 -0.854 
0.250855 0.73975 0.7568 -0.10132 0.8423 -0.854 
0.250855 0.73975 0.7568 -0.10132 0.8423 -0.854 
0.250855 0.73975 0.7568 -0.10132 0.8423 -0.854 
0.250855 0.73975 0.7568 -0.10132 0.8423 -0.854 
0.250855 0.73975 0.7568 -0.10132 0.8423 -0.854 
0.250855 0.73975 0.7568 -0.10132 0.8423 -0.854 
0.250855 0.73975 0.7568 -0.10132 0.8423 -0.854 
0.250855 0.73975 0.7568 -0.10132 0.8423 -0.854 
0.250855 0.73975 0.7568 -0.10132 0.8423 -0.854 
0.250855 0.73975 0.7568 -0.10132 0.9277 0.3174 
0.248901 0.73853 0.6836 -0.15259 0.9277 0.3174 
0.248901 0.73853 0.6836 -0.15259 0.9277 0.3174 
0.248901 0.73853 0.6836 -0.15259 0.9277 0.3174 
0.248901 0.73853 0.6836 -0.15259 0.9277 0.3174 
0.248901 0.73853 0.6836 -0.15259 0.9277 0.3174 
0.248901 0.73853 0.6836 -0.15259 0.9277 0.3174 
0.248901 0.73853 0.6836 -0.15259 0.9277 0.3174 
0.248901 0.73853 0.6836 -0.15259 0.9277 0.3174 
0.248901 0.73853 0.6836 -0.15259 0.9277 0.3174 
0.248901 0.73853 0.6836 -0.15259 0.9277 0.3174 
0.250855 0.74219 0.9033 -0.17456 0.9399 0.7080 
0.250855 0.74219 0.9033 -0.17456 0.9399 0.7080 
0.250855 0.74219 0.9033 -0.17456 0.9399 0.7080 
0.250855 0.74219 0.9033 -0.17456 0.9399 0.7080 
0.250855 0.74219 0.9033 -0.17456 0.9399 0.7080 
0.250855 0.74219 0.9033 -0.17456 0.9399 0.7080 
0.250855 0.74219 0.9033 -0.17456 0.9399 0.7080 
0.250855 0.74219 0.9033 -0.17456 0.9399 0.7080 
0.250855 0.74219 0.9033 -0.17456 0.9399 0.7080 
0.250855 0.74219 0.9033 -0.17456 0.9399 0.7080 
0.250855 0.74219 0.8423 -0.11475 0.8789 0.7690 
0.253784 0.73486 0.8423 -0.11475 0.8789 0.7690 
0.253784 0.73486 0.8423 -0.11475 0.8789 0.7690 
0.253784 0.73486 0.8423 -0.11475 0.8789 0.7690 
0.253784 0.73486 0.8423 -0.11475 0.8789 0.7690 
0.253784 0.73486 0.8423 -0.11475 0.8789 0.7690 
0.253784 0.73486 0.8423 -0.11475 0.8789 0.7690 
0.253784 0.73486 0.8423 -0.11475 0.8789 0.7690 
