0.253174 0.32593 -0.7690 -0.15991 0.13428 0.14160 
0.253174 0.32593 -0.7690 -0.15991 0.13428 0.14160 
0.253174 0.32593 -0.7690 -0.15991 0.13428 0.14160 
0.253174 0.32593 -0.7690 -0.15991 0.13428 0.14160 
0.253174 0.32593 -0.7690 -0.15991 0.13428 0.14160 
0.253174 0.32593 -0.7690 -0.17090 0.12695 0.20386 
0.251709 0.33325 -0.8301 -0.17090 0.12695 0.20386 
0.251709 0.33325 -0.8301 -0.17090 0.12695 0.20386 
0.251709 0.33325 -0.8301 -0.17090 0.12695 0.20386 
0.251709 0.33325 -0.8301 -0.17090 0.12695 0.20386 
0.251709 0.33325 -0.8301 -0.17090 0.12695 0.20386 
0.251709 0.33325 -0.8301 -0.17090 0.12695 0.20386 
0.251709 0.33325 -0.8301 -0.17090 0.12695 0.20386 
0.251709 0.33325 -0.8301 -0.17090 0.12695 0.20386 
0.251709 0.33325 -0.8301 -0.17090 0.12695 0.20386 
0.251709 0.33325 -0.8301 -0.17090 0.12695 0.25513 
0.251709 0.34180 -0.6714 -0.15503 0.11719 0.25513 
0.251709 0.34180 -0.6714 -0.15503 0.11719 0.25513 
0.251709 0.34180 -0.6714 -0.15503 0.11719 0.25513 
0.251709 0.34180 -0.6714 -0.15503 0.11719 0.25513 
0.251709 0.34180 -0.6714 -0.15503 0.11719 0.25513 
0.251709 0.34180 -0.6714 -0.15503 0.11719 0.25513 
0.251709 0.34180 -0.6714 -0.15503 0.11719 0.25513 
0.251709 0.34180 -0.6714 -0.15503 0.11719 0.25513 
0.251709 0.34180 -0.6714 -0.15503 0.11719 0.25513 
0.251709 0.34180 -0.6714 -0.15503 0.11719 0.25513 
0.253662 0.33691 -0.5859 -0.10132 0.9399 0.25879 
0.253662 0.33691 -0.5859 -0.10132 0.9399 0.25879 
0.253662 0.33691 -0.5859 -0.10132 0.9399 0.25879 
0.253662 0.33691 -0.5859 -0.10132 0.9399 0.25879 
0.253662 0.33691 -0.5859 -0.10132 0.9399 0.25879 
0.253662 0.33691 -0.5859 -0.10132 0.9399 0.25879 
0.253662 0.33691 -0.5859 -0.10132 0.9399 0.25879 
0.253662 0.33691 -0.5859 -0.10132 0.9399 0.25879 
0.253662 0.33691 -0.5859 -0.10132 0.9399 0.25879 
0.253662 0.33691 -0.5859 -0.10132 0.9399 0.25879 
0.253662 0.33691 -0.3174 -0.3906 0.7568 0.20264 
0.257690 0.32349 -0.3174 -0.3906 0.7568 0.20264 
0.257690 0.32349 -0.3174 -0.3906 0.7568 0.20264 
0.257690 0.32349 -0.3174 -0.3906 0.7568 0.20264 
0.257690 0.32349 -0.3174 -0.3906 0.7568 0.20264 
0.257690 0.32349 -0.3174 -0.3906 0.7568 0.20264 
0.257690 0.32349 -0.3174 -0.3906 0.7568 0.20264 
0.257690 0.32349 -0.3174 -0.3906 0.7568 0.20264 
0.257690 0.32349 -0.3174 -0.3906 0.7568 0.20264 
0.257690 0.32349 -0.3174 -0.3906 0.7568 0.20264 
0.257690 0.32349 -0.3174 -0.3906 0.5371 0.9644 
0.258789 0.30273 -0.2075 0.4150 0.5371 0.9644 
0.258789 0.30273 -0.2075 0.4150 0.5371 0.9644 
0.258789 0.30273 -0.2075 0.4150 0.5371 0.9644 
0.258789 0.30273 -0.2075 0.4150 0.5371 0.9644 
0.258789 0.30273 -0.2075 0.4150 0.5371 0.9644 
0.258789 0.30273 -0.2075 0.4150 0.5371 0.9644 
0.258789 0.30273 -0.2075 0.4150 0.5371 0.9644 
0.258789 0.30273 -0.2075 0.4150 0.5371 0.9644 
0.258789 0.30273 -0.2075 0.4150 0.5371 0.9644 
0.258789 0.30273 -0.2075 0.4150 0.5371 0.9644 
0.258057 0.28931 -0.1831 0.11719 0.2808 -0.2197 
0.258057 0.28931 -0.1831 0.11719 0.2808 -0.2197 
0.258057 0.28931 -0.1831 0.11719 0.2808 -0.2197 
0.258057 0.28931 -0.1831 0.11719 0.2808 -0.2197 
0.258057 0.28931 -0.1831 0.11719 0.2808 -0.2197 
0.258057 0.28931 -0.1831 0.11719 0.2808 -0.2197 
0.258057 0.28931 -0.1831 0.11719 0.2808 -0.2197 
0.258057 0.28931 -0.1831 0.11719 0.2808 -0.2197 
0.258057 0.28931 -0.1831 0.11719 0.2808 -0.2197 
0.258057 0.28931 -0.1831 0.11719 0.2808 -0.2197 
0.258057 0.28931 -0.2319 0.15503 -0.488 -0.11353 
0.257324 0.27222 -0.2319 0.15503 -0.488 -0.11353 
0.257324 0.27222 -0.2319 0.15503 -0.488 -0.11353 
0.257324 0.27222 -0.2319 0.15503 -0.488 -0.11353 
0.257324 0.27222 -0.2319 0.15503 -0.488 -0.11353 
0.257324 0.27222 -0.2319 0.15503 -0.488 -0.11353 
0.257324 0.27222 -0.2319 0.15503 -0.488 -0.11353 
0.257324 0.27222 -0.2319 0.15503 -0.488 -0.11353 
0.257324 0.27222 -0.2319 0.15503 -0.488 -0.11353 
0.257324 0.27222 -0.2319 0.15503 -0.488 -0.11353 
0.257324 0.27222 -0.2319 0.15503 -0.3662 -0.16357 
0.253662 0.26123 -0.4028 0.15503 -0.3662 -0.16357 
0.253662 0.26123 -0.4028 0.15503 -0.3662 -0.16357 
0.253662 0.26123 -0.4028 0.15503 -0.3662 -0.16357 
0.253662 0.26123 -0.4028 0.15503 -0.3662 -0.16357 
0.253662 0.26123 -0.4028 0.15503 -0.3662 -0.16357 
0.253662 0.26123 -0.4028 0.15503 -0.3662 -0.16357 
0.253662 0.26123 -0.4028 0.15503 -0.3662 -0.16357 
0.253662 0.26123 -0.4028 0.15503 -0.3662 -0.16357 
0.253662 0.26123 -0.4028 0.15503 -0.3662 -0.16357 
0.253662 0.26123 -0.4028 0.15503 -0.3662 -0.16357 
0.249756 0.25024 -0.5981 0.12817 -0.6348 -0.16357 
0.249756 0.25024 -0.5981 0.12817 -0.6348 -0.16357 
0.249756 0.25024 -0.5981 0.12817 -0.6348 -0.16357 
0.249756 0.25024 -0.5981 0.12817 -0.6348 -0.16357 
0.249756 0.25024 -0.5981 0.12817 -0.6348 -0.16357 
0.249756 0.25024 -0.5981 0.12817 -0.6348 -0.16357 
0.249756 0.25024 -0.5981 0.12817 -0.6348 -0.16357 
0.249756 0.25024 -0.5981 0.12817 -0.6348 -0.16357 
0.249756 0.25024 -0.5981 0.12817 -0.6348 -0.16357 
0.249756 0.25024 -0.5981 0.12817 -0.6348 -0.16357 
0.249756 0.26611 -0.5981 0.8545 -0.9277 -0.13062 
0.249146 0.26611 -0.5981 0.8545 -0.9277 -0.13062 
0.249146 0.26611 -0.5981 0.8545 -0.9277 -0.13062 
0.249146 0.26611 -0.5981 0.8545 -0.9277 -0.13062 
0.249146 0.26611 -0.5981 0.8545 -0.9277 -0.13062 
0.249146 0.26611 -0.5981 0.8545 -0.9277 -0.13062 
0.249146 0.26611 -0.5981 0.8545 -0.9277 -0.13062 
0.249146 0.26611 -0.5981 0.8545 -0.9277 -0.13062 
0.249146 0.26611 -0.5981 0.8545 -0.9277 -0.13062 
0.249146 0.26611 -0.5981 0.8545 -0.9277 -0.13062 
0.249146 0.26611 -0.5981 0.4517 -0.12085 -0.8667 
0.250855 0.27710 -0.4272 0.4517 -0.12085 -0.8667 
0.250855 0.27710 -0.4272 0.4517 -0.12085 -0.8667 
0.250855 0.27710 -0.4272 0.4517 -0.12085 -0.8667 
0.250855 0.27710 -0.4272 0.4517 -0.12085 -0.8667 
0.250855 0.27710 -0.4272 0.4517 -0.12085 -0.8667 
0.250855 0.27710 -0.4272 0.4517 -0.12085 -0.8667 
0.250855 0.27710 -0.4272 0.4517 -0.12085 -0.8667 
0.250855 0.27710 -0.4272 0.4517 -0.12085 -0.8667 
0.250855 0.27710 -0.4272 0.4517 -0.12085 -0.8667 
0.250855 0.27710 -0.4272 0.4517 -0.12085 -0.5127 
0.249878 0.28809 -0.5615 0.1465 -0.13306 -0.5127 
0.249878 0.28809 -0.5615 0.1465 -0.13306 -0.5127 
0.249878 0.28809 -0.5615 0.1465 -0.13306 -0.5127 
0.249878 0.28809 -0.5615 0.1465 -0.13306 -0.5127 
0.249878 0.28809 -0.5615 0.1465 -0.13306 -0.5127 
0.249878 0.28809 -0.5615 0.1465 -0.13306 -0.5127 
0.249878 0.28809 -0.5615 0.1465 -0.13306 -0.5127 
0.249878 0.28809 -0.5615 0.1465 -0.13306 -0.5127 
0.249878 0.28809 -0.5615 0.1465 -0.13306 -0.5127 
0.249878 0.28809 -0.5615 0.1465 -0.13306 -0.5127 
0.219727 0.28320 -0.5737 -0.2686 -0.12695 -0.488 
0.250977 0.28320 -0.5737 -0.2686 -0.12695 -0.488 
0.250977 0.28320 -0.5737 -0.2686 -0.12695 -0.488 
0.250977 0.28320 -0.5737 -0.2686 -0.12695 -0.488 
0.250977 0.28320 -0.5737 -0.2686 -0.12695 -0.488 
0.250977 0.28320 -0.5737 -0.2686 -0.12695 -0.488 
0.250977 0.28320 -0.5737 -0.2686 -0.12695 -0.488 
0.250977 0.28320 -0.5737 -0.2686 -0.12695 -0.488 
0.250977 0.28320 -0.5737 -0.2686 -0.12695 -0.488 
0.250977 0.28320 -0.5737 -0.2686 -0.12695 -0.488 
0.250977 0.28320 -0.9888 -0.4150 -0.12451 0.2441 
0.250855 0.27100 -0.9888 -0.4150 -0.12451 0.2441 
0.250855 0.27100 -0.9888 -0.4150 -0.12451 0.2441 
0.250855 0.27100 -0.9888 -0.4150 -0.12451 0.2441 
0.250855 0.27100 -0.9888 -0.4150 -0.12451 0.2441 
0.250855 0.27100 -0.9888 -0.4150 -0.12451 0.2441 
0.250855 0.27100 -0.9888 -0.4150 -0.12451 0.2441 
0.250855 0.27100 -0.9888 -0.4150 -0.12451 0.2441 
0.250855 0.27100 -0.9888 -0.4150 -0.12451 0.2441 
0.250855 0.27100 -0.9888 -0.4150 -0.12451 0.2441 
0.250855 0.27100 -0.9888 -0.4150 -0.11841 0.3418 
