0.262817 0.16235 -0.3662 0.6714 -0.7202 -0.19775 
0.262817 0.16235 -0.3662 0.6714 -0.7202 -0.19775 
0.262817 0.16235 -0.3662 0.6714 -0.7202 -0.19775 
0.262817 0.16235 -0.3662 0.6714 -0.7202 -0.19775 
0.262817 0.16235 -0.3662 0.6714 -0.7202 -0.19775 
0.262817 0.16235 -0.3662 0.6714 -0.7202 -0.19775 
0.262817 0.16235 -0.3662 0.6714 -0.7202 -0.19775 
0.262817 0.16235 -0.3662 0.6714 -0.7202 -0.19775 
0.262817 0.16235 -0.3662 0.6714 -0.7202 -0.19775 
0.262817 0.16235 -0.3662 0.6714 -0.9766 -0.14282 
0.255615 0.17212 -0.8423 0.4395 -0.9766 -0.14282 
0.255615 0.17212 -0.8423 0.4395 -0.9766 -0.14282 
0.255615 0.17212 -0.8423 0.4395 -0.9766 -0.14282 
0.255615 0.17212 -0.8423 0.4395 -0.9766 -0.14282 
0.255615 0.17212 -0.8423 0.4395 -0.9766 -0.14282 
0.255615 0.17212 -0.8423 0.4395 -0.9766 -0.14282 
0.255615 0.17212 -0.8423 0.4395 -0.9766 -0.14282 
0.255615 0.17212 -0.8423 0.4395 -0.9766 -0.14282 
0.255615 0.17212 -0.8423 0.4395 -0.9766 -0.14282 
0.255615 0.17212 -0.8423 0.4395 -0.9766 -0.14282 
0.252319 0.17700 -0.12207 -0.2930 -0.10864 -0.3662 
0.252319 0.17700 -0.12207 -0.2930 -0.10864 -0.3662 
0.252319 0.17700 -0.12207 -0.2930 -0.10864 -0.3662 
0.252319 0.17700 -0.12207 -0.2930 -0.10864 -0.3662 
0.252319 0.17700 -0.12207 -0.2930 -0.10864 -0.3662 
0.252319 0.17700 -0.12207 -0.2930 -0.10864 -0.3662 
0.252319 0.17700 -0.12207 -0.2930 -0.10864 -0.3662 
0.252319 0.17700 -0.12207 -0.2930 -0.10864 -0.3662 
0.252319 0.17700 -0.12207 -0.2930 -0.10864 -0.3662 
0.252319 0.17700 -0.12207 -0.2930 -0.10864 -0.3662 
0.252319 0.18188 -0.13916 -0.9766 -0.10376 0.5249 
0.252808 0.18188 -0.13916 -0.9766 -0.10376 0.5249 
0.252808 0.18188 -0.13916 -0.9766 -0.10376 0.5249 
0.252808 0.18188 -0.13916 -0.9766 -0.10376 0.5249 
0.252808 0.18188 -0.13916 -0.9766 -0.10376 0.5249 
0.252808 0.18188 -0.13916 -0.9766 -0.10376 0.5249 
0.252808 0.18188 -0.13916 -0.9766 -0.10376 0.5249 
0.252808 0.18188 -0.13916 -0.9766 -0.10376 0.5249 
0.252808 0.18188 -0.13916 -0.9766 -0.10376 0.5249 
0.252808 0.18188 -0.13916 -0.9766 -0.10376 0.5249 
0.252808 0.18188 -0.13916 -0.13428 -0.7202 0.9033 
0.252930 0.19165 -0.15503 -0.13428 -0.7202 0.9033 
0.252930 0.19165 -0.15503 -0.13428 -0.7202 0.9033 
0.252930 0.19165 -0.15503 -0.13428 -0.7202 0.9033 
0.252930 0.19165 -0.15503 -0.13428 -0.7202 0.9033 
0.252930 0.19165 -0.15503 -0.13428 -0.7202 0.9033 
0.252930 0.19165 -0.15503 -0.13428 -0.7202 0.9033 
0.252930 0.19165 -0.15503 -0.13428 -0.7202 0.9033 
0.252930 0.19165 -0.15503 -0.13428 -0.7202 0.9033 
0.252930 0.19165 -0.15503 -0.13428 -0.7202 0.9033 
0.252930 0.19165 -0.15503 -0.13428 -0.7202 0.7690 
0.253784 0.20264 -0.16357 -0.15015 -0.2686 0.7690 
0.253784 0.20264 -0.16357 -0.15015 -0.2686 0.7690 
0.253784 0.20264 -0.16357 -0.15015 -0.2686 0.7690 
0.253784 0.20264 -0.16357 -0.15015 -0.2686 0.7690 
0.253784 0.20264 -0.16357 -0.15015 -0.2686 0.7690 
0.253784 0.20264 -0.16357 -0.15015 -0.2686 0.7690 
0.253784 0.20264 -0.16357 -0.15015 -0.2686 0.7690 
0.253784 0.20264 -0.16357 -0.15015 -0.2686 0.7690 
0.253784 0.20264 -0.16357 -0.15015 -0.2686 0.7690 
0.253784 0.20264 -0.16357 -0.15015 -0.2686 0.7690 
0.253784 0.19897 -0.17334 -0.16357 0.2075 0.2563 
0.255493 0.19897 -0.17334 -0.16357 0.2075 0.2563 
0.255493 0.19897 -0.17334 -0.16357 0.2075 0.2563 
0.255493 0.19897 -0.17334 -0.16357 0.2075 0.2563 
0.255493 0.19897 -0.17334 -0.16357 0.2075 0.2563 
0.255493 0.19897 -0.17334 -0.16357 0.2075 0.2563 
0.255493 0.19897 -0.17334 -0.16357 0.2075 0.2563 
0.255493 0.19897 -0.17334 -0.16357 0.2075 0.2563 
0.255493 0.19897 -0.17334 -0.16357 0.2075 0.2563 
0.255493 0.19897 -0.17334 -0.16357 0.2075 0.2563 
0.255493 0.19897 -0.17334 -0.16479 0.6104 -0.4883 
0.257813 0.18799 -0.18066 -0.16479 0.6104 -0.4883 
0.257813 0.18799 -0.18066 -0.16479 0.6104 -0.4883 
0.257813 0.18799 -0.18066 -0.16479 0.6104 -0.4883 
0.257813 0.18799 -0.18066 -0.16479 0.6104 -0.4883 
0.257813 0.18799 -0.18066 -0.16479 0.6104 -0.4883 
0.257813 0.18799 -0.18066 -0.16479 0.6104 -0.4883 
0.257813 0.18799 -0.18066 -0.16479 0.6104 -0.4883 
0.257813 0.18799 -0.18066 -0.16479 0.6104 -0.4883 
0.257813 0.18799 -0.18066 -0.16479 0.6104 -0.4883 
0.257813 0.18799 -0.18066 -0.16479 0.9277 -0.13306 
0.260620 0.17944 -0.18311 -0.14404 0.9277 -0.13306 
0.260620 0.17944 -0.18311 -0.14404 0.9277 -0.13306 
0.260620 0.17944 -0.18311 -0.14404 0.9277 -0.13306 
0.260620 0.17944 -0.18311 -0.14404 0.9277 -0.13306 
0.260620 0.17944 -0.18311 -0.14404 0.9277 -0.13306 
0.260620 0.17944 -0.18311 -0.14404 0.9277 -0.13306 
0.260620 0.17944 -0.18311 -0.14404 0.9277 -0.13306 
0.260620 0.17944 -0.18311 -0.14404 0.9277 -0.13306 
0.260620 0.17944 -0.18311 -0.14404 0.9277 -0.13306 
0.260620 0.17944 -0.18311 -0.14404 0.9277 -0.13306 
0.263184 0.17090 -0.16968 -0.11230 0.11108 -0.22461 
0.263184 0.17090 -0.16968 -0.11230 0.11108 -0.22461 
0.263184 0.17090 -0.16968 -0.11230 0.11108 -0.22461 
0.263184 0.17090 -0.16968 -0.11230 0.11108 -0.22461 
0.263184 0.17090 -0.16968 -0.11230 0.11108 -0.22461 
0.263184 0.17090 -0.16968 -0.11230 0.11108 -0.22461 
0.263184 0.17090 -0.16968 -0.11230 0.11108 -0.22461 
0.263184 0.17090 -0.16968 -0.11230 0.11108 -0.22461 
0.263184 0.17090 -0.16968 -0.11230 0.11108 -0.22461 
0.263184 0.17090 -0.16968 -0.11230 0.11108 -0.22461 
0.263184 0.17090 -0.15625 -0.8545 0.12573 -0.30762 
0.265503 0.16479 -0.15625 -0.8545 0.12573 -0.30762 
0.265503 0.16479 -0.15625 -0.8545 0.12573 -0.30762 
0.265503 0.16479 -0.15625 -0.8545 0.12573 -0.30762 
0.265503 0.16479 -0.15625 -0.8545 0.12573 -0.30762 
0.265503 0.16479 -0.15625 -0.8545 0.12573 -0.30762 
0.265503 0.16479 -0.15625 -0.8545 0.12573 -0.30762 
0.265503 0.16479 -0.15625 -0.8545 0.12573 -0.30762 
0.265503 0.16479 -0.15625 -0.8545 0.12573 -0.30762 
0.265503 0.16479 -0.15625 -0.8545 0.12573 -0.30762 
0.265503 0.16479 -0.15625 -0.8545 0.15259 -0.37476 
0.264771 0.16357 -0.15381 -0.6836 0.15259 -0.37476 
0.264771 0.16357 -0.15381 -0.6836 0.15259 -0.37476 
0.264771 0.16357 -0.15381 -0.6836 0.15259 -0.37476 
0.264771 0.16357 -0.15381 -0.6836 0.15259 -0.37476 
0.264771 0.16357 -0.15381 -0.6836 0.15259 -0.37476 
0.264771 0.16357 -0.15381 -0.6836 0.15259 -0.37476 
0.264771 0.16357 -0.15381 -0.6836 0.15259 -0.37476 
0.264771 0.16357 -0.15381 -0.6836 0.15259 -0.37476 
0.264771 0.16357 -0.15381 -0.6836 0.15259 -0.37476 
0.264771 0.16357 -0.15381 -0.6836 0.15259 -0.41504 
0.260986 0.17456 -0.16357 -0.6958 0.20752 -0.41504 
0.260986 0.17456 -0.16357 -0.6958 0.20752 -0.41504 
0.260986 0.17456 -0.16357 -0.6958 0.20752 -0.41504 
0.260986 0.17456 -0.16357 -0.6958 0.20752 -0.41504 
0.260986 0.17456 -0.16357 -0.6958 0.20752 -0.41504 
0.260986 0.17456 -0.16357 -0.6958 0.20752 -0.41504 
0.260986 0.17456 -0.16357 -0.6958 0.20752 -0.41504 
0.260986 0.17456 -0.16357 -0.6958 0.20752 -0.41504 
0.260986 0.17456 -0.16357 -0.6958 0.20752 -0.41504 
0.260986 0.17456 -0.16357 -0.6958 0.20752 -0.41504 
0.260986 0.19287 -0.17456 -0.10498 0.27344 -0.41260 
0.257080 0.19287 -0.17456 -0.10498 0.27344 -0.41260 
0.257080 0.19287 -0.17456 -0.10498 0.27344 -0.41260 
0.257080 0.19287 -0.17456 -0.10498 0.27344 -0.41260 
0.257080 0.19287 -0.17456 -0.10498 0.27344 -0.41260 
0.257080 0.19287 -0.17456 -0.10498 0.27344 -0.41260 
0.257080 0.19287 -0.17456 -0.10498 0.27344 -0.41260 
0.257080 0.19287 -0.17456 -0.10498 0.27344 -0.41260 
0.257080 0.19287 -0.17456 -0.10498 0.27344 -0.41260 
0.257080 0.19287 -0.17456 -0.10498 0.27344 -0.41260 
0.257080 0.19287 -0.17456 -0.15869 0.32593 -0.36987 
0.255859 0.20508 -0.16479 -0.15869 0.32593 -0.36987 
0.255859 0.20508 -0.16479 -0.15869 0.32593 -0.36987 
0.255859 0.20508 -0.16479 -0.15869 0.32593 -0.36987 
0.255859 0.20508 -0.16479 -0.15869 0.32593 -0.36987 
0.255859 0.20508 -0.16479 -0.15869 0.32593 -0.36987 
0.255859 0.20508 -0.16479 -0.15869 0.32593 -0.36987 
