0.255371 0.10254 -0.7935 -0.5981 -0.7324 0.2808 
0.256104 0.10498 -0.8057 -0.4272 -0.7324 0.2808 
0.256104 0.10498 -0.8057 -0.4272 -0.7324 0.2808 
0.256104 0.10498 -0.8057 -0.4272 -0.7324 0.2808 
0.256104 0.10498 -0.8057 -0.4272 -0.7324 0.2808 
0.256104 0.10498 -0.8057 -0.4272 -0.7324 0.2808 
0.256104 0.10498 -0.8057 -0.4272 -0.7324 0.2808 
0.256104 0.10498 -0.8057 -0.4272 -0.7324 0.2808 
0.256104 0.10498 -0.8057 -0.4272 -0.7324 0.2808 
0.256104 0.10498 -0.8057 -0.4272 -0.7324 0.2808 
0.256104 0.10498 -0.8057 -0.4272 -0.7324 0.2808 
0.255493 0.11108 -0.7690 -0.2197 -0.7202 0.2563 
0.255493 0.11108 -0.7690 -0.2197 -0.7202 0.2563 
0.255493 0.11108 -0.7690 -0.2197 -0.7202 0.2563 
0.255493 0.11108 -0.7690 -0.2197 -0.7202 0.2563 
0.255493 0.11108 -0.7690 -0.2197 -0.7202 0.2563 
0.255493 0.11108 -0.7690 -0.2197 -0.7202 0.2563 
0.255493 0.11108 -0.7690 -0.2197 -0.7202 0.2563 
0.255493 0.11108 -0.7690 -0.2197 -0.7202 0.2563 
0.255493 0.11108 -0.7690 -0.2197 -0.7202 0.2563 
0.255493 0.11108 -0.7690 -0.2197 -0.7202 0.2563 
0.255493 0.11108 -0.9155 -0.488 -0.8911 0.2197 
0.254395 0.11353 -0.9155 -0.488 -0.8911 0.2197 
0.254395 0.11353 -0.9155 -0.488 -0.8911 0.2197 
0.254395 0.11353 -0.9155 -0.488 -0.8911 0.2197 
0.254395 0.11353 -0.9155 -0.488 -0.8911 0.2197 
0.254395 0.11353 -0.9155 -0.488 -0.8911 0.2197 
0.254395 0.11353 -0.9155 -0.488 -0.8911 0.2197 
0.254395 0.11353 -0.9155 -0.488 -0.8911 0.2197 
0.254395 0.11353 -0.9155 -0.488 -0.8911 0.2197 
0.254395 0.11353 -0.9155 -0.488 -0.8911 0.2197 
0.254395 0.11353 -0.9155 -0.488 -0.10376 0.1709 
0.252686 0.11841 -0.10254 -0.854 -0.10376 0.1709 
0.252686 0.11841 -0.10254 -0.854 -0.10376 0.1709 
0.252686 0.11841 -0.10254 -0.854 -0.10376 0.1709 
0.252686 0.11841 -0.10254 -0.854 -0.10376 0.1709 
0.252686 0.11841 -0.10254 -0.854 -0.10376 0.1709 
0.252686 0.11841 -0.10254 -0.854 -0.10376 0.1709 
0.252686 0.11841 -0.10254 -0.854 -0.10376 0.1709 
0.252686 0.11841 -0.10254 -0.854 -0.10376 0.1709 
0.252686 0.11841 -0.10254 -0.854 -0.10376 0.1709 
0.252686 0.11841 -0.10254 -0.854 -0.10376 0.1709 
0.252075 0.11963 -0.11230 -0.3540 -0.11353 0.1343 
0.252075 0.11963 -0.11230 -0.3540 -0.11353 0.1343 
0.252075 0.11963 -0.11230 -0.3540 -0.11353 0.1343 
0.252075 0.11963 -0.11230 -0.3540 -0.11353 0.1343 
0.252075 0.11963 -0.11230 -0.3540 -0.11353 0.1343 
0.252075 0.11963 -0.11230 -0.3540 -0.11353 0.1343 
0.252075 0.11963 -0.11230 -0.3540 -0.11353 0.1343 
0.252075 0.11963 -0.11230 -0.3540 -0.11353 0.1343 
0.252075 0.11963 -0.11230 -0.3540 -0.11353 0.1343 
0.252075 0.11963 -0.11230 -0.3540 -0.11353 0.1343 
0.252075 0.11475 -0.11353 -0.7446 -0.11108 -0.122 
0.254883 0.11475 -0.11353 -0.7446 -0.11108 -0.122 
0.254883 0.11475 -0.11353 -0.7446 -0.11108 -0.122 
0.254883 0.11475 -0.11353 -0.7446 -0.11108 -0.122 
0.254883 0.11475 -0.11353 -0.7446 -0.11108 -0.122 
0.254883 0.11475 -0.11353 -0.7446 -0.11108 -0.122 
0.254883 0.11475 -0.11353 -0.7446 -0.11108 -0.122 
0.254883 0.11475 -0.11353 -0.7446 -0.11108 -0.122 
0.254883 0.11475 -0.11353 -0.7446 -0.11108 -0.122 
0.254883 0.11475 -0.11353 -0.7446 -0.11108 -0.122 
0.254883 0.11475 -0.11353 -0.10010 -0.8789 -0.3906 
0.258301 0.10864 -0.10742 -0.10010 -0.8789 -0.3906 
0.258301 0.10864 -0.10742 -0.10010 -0.8789 -0.3906 
0.258301 0.10864 -0.10742 -0.10010 -0.8789 -0.3906 
0.258301 0.10864 -0.10742 -0.10010 -0.8789 -0.3906 
0.258301 0.10864 -0.10742 -0.10010 -0.8789 -0.3906 
0.258301 0.10864 -0.10742 -0.10010 -0.8789 -0.3906 
0.258301 0.10864 -0.10742 -0.10010 -0.8789 -0.3906 
0.258301 0.10864 -0.10742 -0.10010 -0.8789 -0.3906 
0.258301 0.10864 -0.10742 -0.10010 -0.8789 -0.3906 
0.258301 0.10864 -0.10742 -0.10010 -0.8789 -0.9277 
0.260254 0.10376 -0.11108 -0.10620 -0.4639 -0.9277 
0.260254 0.10376 -0.11108 -0.10620 -0.4639 -0.9277 
0.260254 0.10376 -0.11108 -0.10620 -0.4639 -0.9277 
0.260254 0.10376 -0.11108 -0.10620 -0.4639 -0.9277 
0.260254 0.10376 -0.11108 -0.10620 -0.4639 -0.9277 
0.260254 0.10376 -0.11108 -0.10620 -0.4639 -0.9277 
0.260254 0.10376 -0.11108 -0.10620 -0.4639 -0.9277 
0.260254 0.10376 -0.11108 -0.10620 -0.4639 -0.9277 
0.260254 0.10376 -0.11108 -0.10620 -0.4639 -0.9277 
0.260254 0.10376 -0.11108 -0.10620 -0.4639 -0.9277 
0.260254 0.10498 -0.11475 -0.10254 0.488 -0.13794 
0.260376 0.10498 -0.11475 -0.10254 0.488 -0.13794 
0.260376 0.10498 -0.11475 -0.10254 0.488 -0.13794 
0.260376 0.10498 -0.11475 -0.10254 0.488 -0.13794 
0.260376 0.10498 -0.11475 -0.10254 0.488 -0.13794 
0.260376 0.10498 -0.11475 -0.10254 0.488 -0.13794 
0.260376 0.10498 -0.11475 -0.10254 0.488 -0.13794 
0.260376 0.10498 -0.11475 -0.10254 0.488 -0.13794 
0.260376 0.10498 -0.11475 -0.10254 0.488 -0.13794 
0.260376 0.10498 -0.11475 -0.10254 0.488 -0.13794 
0.260376 0.10498 -0.11475 -0.10010 0.6226 -0.15625 
0.256958 0.11475 -0.12207 -0.10010 0.6226 -0.15625 
0.256958 0.11475 -0.12207 -0.10010 0.6226 -0.15625 
0.256958 0.11475 -0.12207 -0.10010 0.6226 -0.15625 
0.256958 0.11475 -0.12207 -0.10010 0.6226 -0.15625 
0.256958 0.11475 -0.12207 -0.10010 0.6226 -0.15625 
0.256958 0.11475 -0.12207 -0.10010 0.6226 -0.15625 
0.256958 0.11475 -0.12207 -0.10010 0.6226 -0.15625 
0.256958 0.11475 -0.12207 -0.10010 0.6226 -0.15625 
0.256958 0.11475 -0.12207 -0.10010 0.6226 -0.15625 
0.256958 0.11475 -0.12207 -0.10010 0.11841 -0.13916 
0.252808 0.13062 -0.12939 -0.10620 0.11841 -0.13916 
0.252808 0.13062 -0.12939 -0.10620 0.11841 -0.13916 
0.252808 0.13062 -0.12939 -0.10620 0.11841 -0.13916 
0.252808 0.13062 -0.12939 -0.10620 0.11841 -0.13916 
0.252808 0.13062 -0.12939 -0.10620 0.11841 -0.13916 
0.252808 0.13062 -0.12939 -0.10620 0.11841 -0.13916 
0.252808 0.13062 -0.12939 -0.10620 0.11841 -0.13916 
0.252808 0.13062 -0.12939 -0.10620 0.11841 -0.13916 
0.252808 0.13062 -0.12939 -0.10620 0.11841 -0.13916 
0.252808 0.13062 -0.12939 -0.10620 0.11841 -0.13916 
0.280884 0.14771 -0.12939 -0.11108 0.16968 -0.10254 
0.249634 0.14771 -0.12939 -0.11108 0.16968 -0.10254 
0.249634 0.14771 -0.12939 -0.11108 0.16968 -0.10254 
0.249634 0.14771 -0.12939 -0.11108 0.16968 -0.10254 
0.249634 0.14771 -0.12939 -0.11108 0.16968 -0.10254 
0.249634 0.14771 -0.12939 -0.11108 0.16968 -0.10254 
0.249634 0.14771 -0.12939 -0.11108 0.16968 -0.10254 
0.249634 0.14771 -0.12939 -0.11108 0.16968 -0.10254 
0.249634 0.14771 -0.12939 -0.11108 0.16968 -0.10254 
0.249634 0.14771 -0.12939 -0.11108 0.16968 -0.10254 
0.249634 0.14771 -0.12573 -0.10620 0.20874 -0.7324 
0.248047 0.16724 -0.12573 -0.10620 0.20874 -0.7324 
0.248047 0.16724 -0.12573 -0.10620 0.20874 -0.7324 
0.248047 0.16724 -0.12573 -0.10620 0.20874 -0.7324 
0.248047 0.16724 -0.12573 -0.10620 0.20874 -0.7324 
0.248047 0.16724 -0.12573 -0.10620 0.20874 -0.7324 
0.248047 0.16724 -0.12573 -0.10620 0.20874 -0.7324 
0.248047 0.16724 -0.12573 -0.10620 0.20874 -0.7324 
0.248047 0.16724 -0.12573 -0.10620 0.20874 -0.7324 
0.248047 0.16724 -0.12573 -0.10620 0.20874 -0.7324 
0.248047 0.16724 -0.12573 -0.10620 0.22705 -0.6592 
0.248657 0.17944 -0.11719 -0.9033 0.22705 -0.6592 
0.248657 0.17944 -0.11719 -0.9033 0.22705 -0.6592 
0.248657 0.17944 -0.11719 -0.9033 0.22705 -0.6592 
0.248657 0.17944 -0.11719 -0.9033 0.22705 -0.6592 
0.248657 0.17944 -0.11719 -0.9033 0.22705 -0.6592 
0.248657 0.17944 -0.11719 -0.9033 0.22705 -0.6592 
0.248657 0.17944 -0.11719 -0.9033 0.22705 -0.6592 
0.248657 0.17944 -0.11719 -0.9033 0.22705 -0.6592 
0.248657 0.17944 -0.11719 -0.9033 0.22705 -0.6592 
0.248657 0.17944 -0.11719 -0.9033 0.22705 -0.6592 
0.250732 0.18555 -0.10376 -0.5737 0.21606 -0.8545 
0.250732 0.18555 -0.10376 -0.5737 0.21606 -0.8545 
0.250732 0.18555 -0.10376 -0.5737 0.21606 -0.8545 
0.250732 0.18555 -0.10376 -0.5737 0.21606 -0.8545 
0.250732 0.18555 -0.10376 -0.5737 0.21606 -0.8545 
