0.254761 0.23071 -0.8789 -0.5493 0.12695 -0.7690 
0.254761 0.23071 -0.8789 -0.5493 0.12695 -0.7690 
0.254761 0.23071 -0.8789 -0.5493 0.12695 -0.7690 
0.254761 0.23071 -0.8789 -0.5493 0.12695 -0.7690 
0.256714 0.22705 -0.8911 -0.5005 0.12329 -0.5371 
0.256714 0.22705 -0.8911 -0.5005 0.12329 -0.5371 
0.256714 0.22705 -0.8911 -0.5005 0.12329 -0.5371 
0.256714 0.22705 -0.8911 -0.5005 0.12329 -0.5371 
0.256714 0.22705 -0.8911 -0.5005 0.12329 -0.5371 
0.256714 0.22705 -0.8911 -0.5005 0.12329 -0.5371 
0.256714 0.22705 -0.8911 -0.5005 0.12329 -0.5371 
0.256714 0.22705 -0.8911 -0.5005 0.12329 -0.5371 
0.256714 0.22705 -0.8911 -0.5005 0.12329 -0.5371 
0.256714 0.22705 -0.8911 -0.5005 0.12329 -0.5371 
0.256714 0.22705 -0.7568 -0.3418 0.11841 -0.4761 
0.258911 0.23071 -0.7568 -0.3418 0.11841 -0.4761 
0.258911 0.23071 -0.7568 -0.3418 0.11841 -0.4761 
0.258911 0.23071 -0.7568 -0.3418 0.11841 -0.4761 
0.258911 0.23071 -0.7568 -0.3418 0.11841 -0.4761 
0.258911 0.23071 -0.7568 -0.3418 0.11841 -0.4761 
0.258911 0.23071 -0.7568 -0.3418 0.11841 -0.4761 
0.258911 0.23071 -0.7568 -0.3418 0.11841 -0.4761 
0.258911 0.23071 -0.7568 -0.3418 0.11841 -0.4761 
0.258911 0.23071 -0.7568 -0.3418 0.11841 -0.4761 
0.258911 0.23071 -0.7568 -0.3418 0.10742 -0.5737 
0.261475 0.23315 -0.5859 -0.1343 0.10742 -0.5737 
0.261475 0.23315 -0.5859 -0.1343 0.10742 -0.5737 
0.261475 0.23315 -0.5859 -0.1343 0.10742 -0.5737 
0.261475 0.23315 -0.5859 -0.1343 0.10742 -0.5737 
0.261475 0.23315 -0.5859 -0.1343 0.10742 -0.5737 
0.261475 0.23315 -0.5859 -0.1343 0.10742 -0.5737 
0.261475 0.23315 -0.5859 -0.1343 0.10742 -0.5737 
0.261475 0.23315 -0.5859 -0.1343 0.10742 -0.5737 
0.261475 0.23315 -0.5859 -0.1343 0.10742 -0.5737 
0.261475 0.23315 -0.5859 -0.1343 0.10742 -0.5737 
0.263062 0.22949 -0.4761 0.2075 0.9888 -0.8667 
0.263062 0.22949 -0.4761 0.2075 0.9888 -0.8667 
0.263062 0.22949 -0.4761 0.2075 0.9888 -0.8667 
0.263062 0.22949 -0.4761 0.2075 0.9888 -0.8667 
0.263062 0.22949 -0.4761 0.2075 0.9888 -0.8667 
0.263062 0.22949 -0.4761 0.2075 0.9888 -0.8667 
0.263062 0.22949 -0.4761 0.2075 0.9888 -0.8667 
0.263062 0.22949 -0.4761 0.2075 0.9888 -0.8667 
0.263062 0.22949 -0.4761 0.2075 0.9888 -0.8667 
0.263062 0.22949 -0.4761 0.2075 0.9888 -0.8667 
0.263062 0.23804 -0.4395 0.6714 0.9399 -0.11963 
0.261597 0.23804 -0.4395 0.6714 0.9399 -0.11963 
0.261597 0.23804 -0.4395 0.6714 0.9399 -0.11963 
0.261597 0.23804 -0.4395 0.6714 0.9399 -0.11963 
0.261597 0.23804 -0.4395 0.6714 0.9399 -0.11963 
0.261597 0.23804 -0.4395 0.6714 0.9399 -0.11963 
0.261597 0.23804 -0.4395 0.6714 0.9399 -0.11963 
0.261597 0.23804 -0.4395 0.6714 0.9399 -0.11963 
0.261597 0.23804 -0.4395 0.6714 0.9399 -0.11963 
0.261597 0.23804 -0.4395 0.6714 0.9399 -0.11963 
0.261597 0.23804 -0.4395 0.11353 0.10010 -0.13550 
0.261108 0.25391 -0.3052 0.11353 0.10010 -0.13550 
0.261108 0.25391 -0.3052 0.11353 0.10010 -0.13550 
0.261108 0.25391 -0.3052 0.11353 0.10010 -0.13550 
0.261108 0.25391 -0.3052 0.11353 0.10010 -0.13550 
0.261108 0.25391 -0.3052 0.11353 0.10010 -0.13550 
0.261108 0.25391 -0.3052 0.11353 0.10010 -0.13550 
0.261108 0.25391 -0.3052 0.11353 0.10010 -0.13550 
0.261108 0.25391 -0.3052 0.11353 0.10010 -0.13550 
0.261108 0.25391 -0.3052 0.11353 0.10010 -0.13550 
0.261108 0.25391 -0.3052 0.11353 0.10010 -0.15503 
0.261108 0.26489 -0.1587 0.17334 0.11719 -0.15503 
0.261108 0.26489 -0.1587 0.17334 0.11719 -0.15503 
0.261108 0.26489 -0.1587 0.17334 0.11719 -0.15503 
0.261108 0.26489 -0.1587 0.17334 0.11719 -0.15503 
0.261108 0.26489 -0.1587 0.17334 0.11719 -0.15503 
0.261108 0.26489 -0.1587 0.17334 0.11719 -0.15503 
0.261108 0.26489 -0.1587 0.17334 0.11719 -0.15503 
0.261108 0.26489 -0.1587 0.17334 0.11719 -0.15503 
0.261108 0.26489 -0.1587 0.17334 0.11719 -0.15503 
0.261108 0.26489 -0.1587 0.17334 0.11719 -0.15503 
0.261108 0.27954 -0.1465 0.24658 0.14771 -0.19653 
0.259644 0.27954 -0.1465 0.24658 0.14771 -0.19653 
0.259644 0.27954 -0.1465 0.24658 0.14771 -0.19653 
0.259644 0.27954 -0.1465 0.24658 0.14771 -0.19653 
0.259644 0.27954 -0.1465 0.24658 0.14771 -0.19653 
0.259644 0.27954 -0.1465 0.24658 0.14771 -0.19653 
0.259644 0.27954 -0.1465 0.24658 0.14771 -0.19653 
0.259644 0.27954 -0.1465 0.24658 0.14771 -0.19653 
0.259644 0.27954 -0.1465 0.24658 0.14771 -0.19653 
0.259644 0.27954 -0.1465 0.24658 0.14771 -0.19653 
0.259644 0.27954 -0.1465 0.30518 0.19287 -0.24658 
0.257324 0.30151 -0.3052 0.30518 0.19287 -0.24658 
0.257324 0.30151 -0.3052 0.30518 0.19287 -0.24658 
0.257324 0.30151 -0.3052 0.30518 0.19287 -0.24658 
0.257324 0.30151 -0.3052 0.30518 0.19287 -0.24658 
0.257324 0.30151 -0.3052 0.30518 0.19287 -0.24658 
0.257324 0.30151 -0.3052 0.30518 0.19287 -0.24658 
0.257324 0.30151 -0.3052 0.30518 0.19287 -0.24658 
0.257324 0.30151 -0.3052 0.30518 0.19287 -0.24658 
0.257324 0.30151 -0.3052 0.30518 0.19287 -0.24658 
0.257324 0.30151 -0.3052 0.30518 0.23682 -0.26733 
0.251831 0.29785 -0.7568 0.31372 0.23682 -0.26733 
0.251831 0.29785 -0.7568 0.31372 0.23682 -0.26733 
0.251831 0.29785 -0.7568 0.31372 0.23682 -0.26733 
0.251831 0.29785 -0.7568 0.31372 0.23682 -0.26733 
0.251831 0.29785 -0.7568 0.31372 0.23682 -0.26733 
0.251831 0.29785 -0.7568 0.31372 0.23682 -0.26733 
0.251831 0.29785 -0.7568 0.31372 0.23682 -0.26733 
0.251831 0.29785 -0.7568 0.31372 0.23682 -0.26733 
0.251831 0.29785 -0.7568 0.31372 0.23682 -0.26733 
0.251831 0.29785 -0.7568 0.31372 0.23682 -0.26733 
0.277954 0.27832 -0.14282 0.23438 0.28320 -0.22583 
0.246704 0.27832 -0.14282 0.23438 0.28320 -0.22583 
0.246704 0.27832 -0.14282 0.23438 0.28320 -0.22583 
0.246704 0.27832 -0.14282 0.23438 0.28320 -0.22583 
0.246704 0.27832 -0.14282 0.23438 0.28320 -0.22583 
0.246704 0.27832 -0.14282 0.23438 0.28320 -0.22583 
0.246704 0.27832 -0.14282 0.23438 0.28320 -0.22583 
0.246704 0.27832 -0.14282 0.23438 0.28320 -0.22583 
0.246704 0.27832 -0.14282 0.23438 0.28320 -0.22583 
0.246704 0.27832 -0.14282 0.23438 0.28320 -0.22583 
0.246704 0.27832 -0.16724 0.6714 0.34546 -0.13428 
0.244019 0.25757 -0.16724 0.6714 0.34546 -0.13428 
0.244019 0.25757 -0.16724 0.6714 0.34546 -0.13428 
0.244019 0.25757 -0.16724 0.6714 0.34546 -0.13428 
0.244019 0.25757 -0.16724 0.6714 0.34546 -0.13428 
0.244019 0.25757 -0.16724 0.6714 0.34546 -0.13428 
0.244019 0.25757 -0.16724 0.6714 0.34546 -0.13428 
0.244019 0.25757 -0.16724 0.6714 0.34546 -0.13428 
0.244019 0.25757 -0.16724 0.6714 0.34546 -0.13428 
0.244019 0.25757 -0.16724 0.6714 0.34546 -0.13428 
0.244019 0.25757 -0.16724 0.6714 0.38574 -0.2441 
0.245605 0.24658 -0.14648 -0.9766 0.38574 -0.2441 
0.245605 0.24658 -0.14648 -0.9766 0.38574 -0.2441 
0.245605 0.24658 -0.14648 -0.9766 0.38574 -0.2441 
0.245605 0.24658 -0.14648 -0.9766 0.38574 -0.2441 
0.245605 0.24658 -0.14648 -0.9766 0.38574 -0.2441 
0.245605 0.24658 -0.14648 -0.9766 0.38574 -0.2441 
0.245605 0.24658 -0.14648 -0.9766 0.38574 -0.2441 
0.245605 0.24658 -0.14648 -0.9766 0.38574 -0.2441 
0.245605 0.24658 -0.14648 -0.9766 0.38574 -0.2441 
0.245605 0.24658 -0.14648 -0.9766 0.38574 -0.24658 
0.247070 0.24658 -0.10742 -0.18799 0.39063 0.6592 
0.247070 0.24658 -0.10742 -0.18799 0.39063 0.6592 
0.247070 0.24658 -0.10742 -0.18799 0.39063 0.6592 
0.247070 0.24658 -0.10742 -0.18799 0.39063 0.6592 
0.247070 0.24658 -0.10742 -0.18799 0.39063 0.6592 
0.247070 0.24658 -0.10742 -0.18799 0.39063 0.6592 
0.247070 0.24658 -0.10742 -0.18799 0.39063 0.6592 
0.247070 0.24658 -0.10742 -0.18799 0.39063 0.6592 
0.247070 0.24658 -0.10742 -0.18799 0.39063 0.6592 
0.247070 0.24658 -0.10742 -0.18799 0.39063 0.6592 
0.247070 0.25269 -0.4272 -0.19409 0.36255 0.11841 
0.251465 0.25269 -0.4272 -0.19409 0.36255 0.11841 
