0.249268 0.21240 -0.17212 -0.3906 -0.8545 0.00 
0.249268 0.21240 -0.17212 -0.3906 -0.8545 0.00 
0.249268 0.21240 -0.17212 -0.3906 -0.8545 0.00 
0.249268 0.21240 -0.17212 -0.3906 -0.8545 0.00 
0.249268 0.21240 -0.17212 -0.3906 -0.8545 0.00 
0.249268 0.21240 -0.17212 -0.3906 -0.8545 0.00 
0.249268 0.21240 -0.17212 -0.3906 -0.8545 0.00 
0.249268 0.21240 -0.17212 -0.3906 -0.8545 0.00 
0.218872 0.20752 -0.17578 -0.2319 -0.8057 0.6348 
0.250122 0.20752 -0.17578 -0.2319 -0.8057 0.6348 
0.250122 0.20752 -0.17578 -0.2319 -0.8057 0.6348 
0.250122 0.20752 -0.17578 -0.2319 -0.8057 0.6348 
0.250122 0.20752 -0.17578 -0.2319 -0.8057 0.6348 
0.250122 0.20752 -0.17578 -0.2319 -0.8057 0.6348 
0.250122 0.20752 -0.17578 -0.2319 -0.8057 0.6348 
0.250122 0.20752 -0.17578 -0.2319 -0.8057 0.6348 
0.250122 0.20752 -0.17578 -0.2319 -0.8057 0.6348 
0.250122 0.20752 -0.17578 -0.2319 -0.8057 0.6348 
0.250122 0.20752 -0.17944 -0.2319 -0.6958 0.9644 
0.253052 0.20264 -0.17944 -0.2319 -0.6958 0.9644 
0.253052 0.20264 -0.17944 -0.2319 -0.6958 0.9644 
0.253052 0.20264 -0.17944 -0.2319 -0.6958 0.9644 
0.253052 0.20264 -0.17944 -0.2319 -0.6958 0.9644 
0.253052 0.20264 -0.17944 -0.2319 -0.6958 0.9644 
0.253052 0.20264 -0.17944 -0.2319 -0.6958 0.9644 
0.253052 0.20264 -0.17944 -0.2319 -0.6958 0.9644 
0.253052 0.20264 -0.17944 -0.2319 -0.6958 0.9644 
0.253052 0.20264 -0.17944 -0.2319 -0.6958 0.9644 
0.253052 0.20264 -0.17944 -0.2319 -0.5249 0.8301 
0.254883 0.19775 -0.17944 -0.4639 -0.5249 0.8301 
0.254883 0.19775 -0.17944 -0.4639 -0.5249 0.8301 
0.254883 0.19775 -0.17944 -0.4639 -0.5249 0.8301 
0.254883 0.19775 -0.17944 -0.4639 -0.5249 0.8301 
0.254883 0.19775 -0.17944 -0.4639 -0.5249 0.8301 
0.254883 0.19775 -0.17944 -0.4639 -0.5249 0.8301 
0.254883 0.19775 -0.17944 -0.4639 -0.5249 0.8301 
0.254883 0.19775 -0.17944 -0.4639 -0.5249 0.8301 
0.254883 0.19775 -0.17944 -0.4639 -0.5249 0.8301 
0.254883 0.19775 -0.17944 -0.4639 -0.5249 0.5005 
0.255859 0.19287 -0.17578 -0.9521 -0.2441 0.5005 
0.255859 0.19287 -0.17578 -0.9521 -0.2441 0.5005 
0.255859 0.19287 -0.17578 -0.9521 -0.2441 0.5005 
0.255859 0.19287 -0.17578 -0.9521 -0.2441 0.5005 
0.255859 0.19287 -0.17578 -0.9521 -0.2441 0.5005 
0.255859 0.19287 -0.17578 -0.9521 -0.2441 0.5005 
0.255859 0.19287 -0.17578 -0.9521 -0.2441 0.5005 
0.255859 0.19287 -0.17578 -0.9521 -0.2441 0.5005 
0.255859 0.19287 -0.17578 -0.9521 -0.2441 0.5005 
0.255859 0.19287 -0.17578 -0.9521 -0.2441 0.5005 
0.255859 0.20142 -0.15869 -0.14526 0.1221 0.1953 
0.255371 0.20142 -0.15869 -0.14526 0.1221 0.1953 
0.255371 0.20142 -0.15869 -0.14526 0.1221 0.1953 
0.255371 0.20142 -0.15869 -0.14526 0.1221 0.1953 
0.255371 0.20142 -0.15869 -0.14526 0.1221 0.1953 
0.255371 0.20142 -0.15869 -0.14526 0.1221 0.1953 
0.255371 0.20142 -0.15869 -0.14526 0.1221 0.1953 
0.255371 0.20142 -0.15869 -0.14526 0.1221 0.1953 
0.255371 0.20142 -0.15869 -0.14526 0.1221 0.1953 
0.255371 0.20142 -0.15869 -0.14526 0.1221 0.1953 
0.255371 0.20142 -0.15869 -0.17822 0.4272 0.122 
0.255371 0.20630 -0.14160 -0.17822 0.4272 0.122 
0.255371 0.20630 -0.14160 -0.17822 0.4272 0.122 
0.255371 0.20630 -0.14160 -0.17822 0.4272 0.122 
0.255371 0.20630 -0.14160 -0.17822 0.4272 0.122 
0.255371 0.20630 -0.14160 -0.17822 0.4272 0.122 
0.255371 0.20630 -0.14160 -0.17822 0.4272 0.122 
0.255371 0.20630 -0.14160 -0.17822 0.4272 0.122 
0.255371 0.20630 -0.14160 -0.17822 0.4272 0.122 
0.255371 0.20630 -0.14160 -0.17822 0.4272 0.122 
0.255371 0.20630 -0.14160 -0.17822 0.4272 -0.1587 
0.256226 0.20264 -0.12939 -0.19165 0.6714 -0.1587 
0.256226 0.20264 -0.12939 -0.19165 0.6714 -0.1587 
0.256226 0.20264 -0.12939 -0.19165 0.6714 -0.1587 
0.256226 0.20264 -0.12939 -0.19165 0.6714 -0.1587 
0.256226 0.20264 -0.12939 -0.19165 0.6714 -0.1587 
0.256226 0.20264 -0.12939 -0.19165 0.6714 -0.1587 
0.256226 0.20264 -0.12939 -0.19165 0.6714 -0.1587 
0.256226 0.20264 -0.12939 -0.19165 0.6714 -0.1587 
0.256226 0.20264 -0.12939 -0.19165 0.6714 -0.1587 
0.256226 0.20264 -0.12939 -0.19165 0.6714 -0.1587 
0.256226 0.19775 -0.12329 -0.18677 0.8423 -0.4395 
0.256714 0.19775 -0.12329 -0.18677 0.8423 -0.4395 
0.256714 0.19775 -0.12329 -0.18677 0.8423 -0.4395 
0.256714 0.19775 -0.12329 -0.18677 0.8423 -0.4395 
0.256714 0.19775 -0.12329 -0.18677 0.8423 -0.4395 
0.256714 0.19775 -0.12329 -0.18677 0.8423 -0.4395 
0.256714 0.19775 -0.12329 -0.18677 0.8423 -0.4395 
0.256714 0.19775 -0.12329 -0.18677 0.8423 -0.4395 
0.256714 0.19775 -0.12329 -0.18677 0.8423 -0.4395 
0.256714 0.19775 -0.12329 -0.18677 0.8423 -0.4395 
0.256714 0.19775 -0.11719 -0.17090 0.9399 -0.7690 
0.256104 0.19165 -0.11719 -0.17090 0.9399 -0.7690 
0.256104 0.19165 -0.11719 -0.17090 0.9399 -0.7690 
0.256104 0.19165 -0.11719 -0.17090 0.9399 -0.7690 
0.256104 0.19165 -0.11719 -0.17090 0.9399 -0.7690 
0.256104 0.19165 -0.11719 -0.17090 0.9399 -0.7690 
0.256104 0.19165 -0.11719 -0.17090 0.9399 -0.7690 
0.256104 0.19165 -0.11719 -0.17090 0.9399 -0.7690 
0.256104 0.19165 -0.11719 -0.17090 0.9399 -0.7690 
0.256104 0.19165 -0.11719 -0.17090 0.9399 -0.7690 
0.256104 0.19165 -0.11719 -0.17090 0.9521 -0.9888 
0.255737 0.18799 -0.10742 -0.15137 0.9521 -0.9888 
0.255737 0.18799 -0.10742 -0.15137 0.9521 -0.9888 
0.255737 0.18799 -0.10742 -0.15137 0.9521 -0.9888 
0.255737 0.18799 -0.10742 -0.15137 0.9521 -0.9888 
0.255737 0.18799 -0.10742 -0.15137 0.9521 -0.9888 
0.255737 0.18799 -0.10742 -0.15137 0.9521 -0.9888 
0.255737 0.18799 -0.10742 -0.15137 0.9521 -0.9888 
0.255737 0.18799 -0.10742 -0.15137 0.9521 -0.9888 
0.255737 0.18799 -0.10742 -0.15137 0.9521 -0.9888 
0.255737 0.18799 -0.10742 -0.15137 0.9521 -0.9888 
0.255737 0.18188 -0.10376 -0.13428 0.9399 -0.10254 
0.255737 0.18188 -0.10376 -0.13428 0.9399 -0.10254 
0.255737 0.18188 -0.10376 -0.13428 0.9399 -0.10254 
0.255737 0.18188 -0.10376 -0.13428 0.9399 -0.10254 
0.255737 0.18188 -0.10376 -0.13428 0.9399 -0.10254 
0.255737 0.18188 -0.10376 -0.13428 0.9399 -0.10254 
0.255737 0.18188 -0.10376 -0.13428 0.9399 -0.10254 
0.255737 0.18188 -0.10376 -0.13428 0.9399 -0.10254 
0.255737 0.18188 -0.10376 -0.13428 0.9399 -0.10254 
0.255737 0.18188 -0.10376 -0.13428 0.9399 -0.10254 
0.255737 0.18188 -0.10254 -0.12207 0.9521 -0.8545 
0.255737 0.18188 -0.10254 -0.12207 0.9521 -0.8545 
0.255737 0.18188 -0.10254 -0.12207 0.9521 -0.8545 
0.255737 0.18188 -0.10254 -0.12207 0.9521 -0.8545 
0.255737 0.18188 -0.10254 -0.12207 0.9521 -0.8545 
0.255737 0.18188 -0.10254 -0.12207 0.9521 -0.8545 
0.255737 0.18188 -0.10254 -0.12207 0.9521 -0.8545 
0.255737 0.18188 -0.10254 -0.12207 0.9521 -0.8545 
0.255737 0.18188 -0.10254 -0.12207 0.9521 -0.8545 
0.255737 0.18188 -0.10254 -0.12207 0.9521 -0.8545 
0.255737 0.18188 -0.10254 -0.12207 0.9399 -0.5371 
0.256836 0.18433 -0.9521 -0.11353 0.9399 -0.5371 
0.256836 0.18433 -0.9521 -0.11353 0.9399 -0.5371 
0.256836 0.18433 -0.9521 -0.11353 0.9399 -0.5371 
0.256836 0.18433 -0.9521 -0.11353 0.9399 -0.5371 
0.256836 0.18433 -0.9521 -0.11353 0.9399 -0.5371 
0.256836 0.18433 -0.9521 -0.11353 0.9399 -0.5371 
0.256836 0.18433 -0.9521 -0.11353 0.9399 -0.5371 
0.256836 0.18433 -0.9521 -0.11353 0.9399 -0.5371 
0.256836 0.18433 -0.9521 -0.11353 0.9399 -0.5371 
0.256836 0.18433 -0.9521 -0.11353 0.9399 -0.2441 
0.258179 0.18799 -0.6958 -0.9521 0.8789 -0.2441 
0.258179 0.18799 -0.6958 -0.9521 0.8789 -0.2441 
0.258179 0.18799 -0.6958 -0.9521 0.8789 -0.2441 
0.258179 0.18799 -0.6958 -0.9521 0.8789 -0.2441 
0.258179 0.18799 -0.6958 -0.9521 0.8789 -0.2441 
0.258179 0.18799 -0.6958 -0.9521 0.8789 -0.2441 
0.258179 0.18799 -0.6958 -0.9521 0.8789 -0.2441 
0.258179 0.18799 -0.6958 -0.9521 0.8789 -0.2441 
