0.259033 0.20996 -0.7324 -0.18066 0.3540 -0.13428 
0.257568 0.22217 -0.7324 -0.18066 0.3540 -0.13428 
0.257568 0.22217 -0.7324 -0.18066 0.3540 -0.13428 
0.257568 0.22217 -0.7324 -0.18066 0.3540 -0.13428 
0.257568 0.22217 -0.7324 -0.18066 0.3540 -0.13428 
0.257568 0.22217 -0.7324 -0.18066 0.3540 -0.13428 
0.257568 0.22217 -0.7324 -0.18066 0.3540 -0.13428 
0.257568 0.22217 -0.7324 -0.18066 0.3540 -0.13428 
0.257568 0.22217 -0.7324 -0.18066 0.3540 -0.13428 
0.257568 0.22217 -0.7324 -0.18066 0.3540 -0.13428 
0.257568 0.22217 -0.7324 -0.18066 0.2319 -0.6592 
0.255737 0.22705 -0.6348 -0.19531 0.2319 -0.6592 
0.255737 0.22705 -0.6348 -0.19531 0.2319 -0.6592 
0.255737 0.22705 -0.6348 -0.19531 0.2319 -0.6592 
0.255737 0.22705 -0.6348 -0.19531 0.2319 -0.6592 
0.255737 0.22705 -0.6348 -0.19531 0.2319 -0.6592 
0.255737 0.22705 -0.6348 -0.19531 0.2319 -0.6592 
0.255737 0.22705 -0.6348 -0.19531 0.2319 -0.6592 
0.255737 0.22705 -0.6348 -0.19531 0.2319 -0.6592 
0.255737 0.22705 -0.6348 -0.19531 0.2319 -0.6592 
0.255737 0.22705 -0.6348 -0.19531 0.2319 -0.6592 
0.255249 0.21973 -0.6104 -0.21484 -0.1221 0.2319 
0.255249 0.21973 -0.6104 -0.21484 -0.1221 0.2319 
0.255249 0.21973 -0.6104 -0.21484 -0.1221 0.2319 
0.255249 0.21973 -0.6104 -0.21484 -0.1221 0.2319 
0.255249 0.21973 -0.6104 -0.21484 -0.1221 0.2319 
0.255249 0.21973 -0.6104 -0.21484 -0.1221 0.2319 
0.255249 0.21973 -0.6104 -0.21484 -0.1221 0.2319 
0.255249 0.21973 -0.6104 -0.21484 -0.1221 0.2319 
0.255249 0.21973 -0.6104 -0.21484 -0.1221 0.2319 
0.255249 0.21973 -0.6104 -0.21484 -0.1221 0.2319 
0.255249 0.21973 -0.5493 -0.20752 -0.5859 0.10986 
0.256348 0.20630 -0.5493 -0.20752 -0.5859 0.10986 
0.256348 0.20630 -0.5493 -0.20752 -0.5859 0.10986 
0.256348 0.20630 -0.5493 -0.20752 -0.5859 0.10986 
0.256348 0.20630 -0.5493 -0.20752 -0.5859 0.10986 
0.256348 0.20630 -0.5493 -0.20752 -0.5859 0.10986 
0.256348 0.20630 -0.5493 -0.20752 -0.5859 0.10986 
0.256348 0.20630 -0.5493 -0.20752 -0.5859 0.10986 
0.256348 0.20630 -0.5493 -0.20752 -0.5859 0.10986 
0.256348 0.20630 -0.5493 -0.20752 -0.5859 0.10986 
0.256348 0.20630 -0.5493 -0.17456 -0.9277 0.17334 
0.257202 0.19531 -0.5615 -0.17456 -0.9277 0.17334 
0.257202 0.19531 -0.5615 -0.17456 -0.9277 0.17334 
0.257202 0.19531 -0.5615 -0.17456 -0.9277 0.17334 
0.257202 0.19531 -0.5615 -0.17456 -0.9277 0.17334 
0.257202 0.19531 -0.5615 -0.17456 -0.9277 0.17334 
0.257202 0.19531 -0.5615 -0.17456 -0.9277 0.17334 
0.257202 0.19531 -0.5615 -0.17456 -0.9277 0.17334 
0.257202 0.19531 -0.5615 -0.17456 -0.9277 0.17334 
0.257202 0.19531 -0.5615 -0.17456 -0.9277 0.17334 
0.257202 0.19531 -0.5615 -0.17456 -0.9277 0.19653 
0.258179 0.18921 -0.5737 -0.12573 -0.10254 0.19653 
0.258179 0.18921 -0.5737 -0.12573 -0.10254 0.19653 
0.258179 0.18921 -0.5737 -0.12573 -0.10254 0.19653 
0.258179 0.18921 -0.5737 -0.12573 -0.10254 0.19653 
0.258179 0.18921 -0.5737 -0.12573 -0.10254 0.19653 
0.258179 0.18921 -0.5737 -0.12573 -0.10254 0.19653 
0.258179 0.18921 -0.5737 -0.12573 -0.10254 0.19653 
0.258179 0.18921 -0.5737 -0.12573 -0.10254 0.19653 
0.258179 0.18921 -0.5737 -0.12573 -0.10254 0.19653 
0.258179 0.18921 -0.5737 -0.12573 -0.10254 0.19653 
0.258179 0.18799 -0.5737 -0.6592 -0.9399 0.17456 
0.258423 0.18799 -0.5737 -0.6592 -0.9399 0.17456 
0.258423 0.18799 -0.5737 -0.6592 -0.9399 0.17456 
0.258423 0.18799 -0.5737 -0.6592 -0.9399 0.17456 
0.258423 0.18799 -0.5737 -0.6592 -0.9399 0.17456 
0.258423 0.18799 -0.5737 -0.6592 -0.9399 0.17456 
0.258423 0.18799 -0.5737 -0.6592 -0.9399 0.17456 
0.258423 0.18799 -0.5737 -0.6592 -0.9399 0.17456 
0.258423 0.18799 -0.5737 -0.6592 -0.9399 0.17456 
0.258423 0.18799 -0.5737 -0.6592 -0.9399 0.17456 
0.258423 0.18799 -0.5737 -0.1709 -0.7935 0.11353 
0.257935 0.19043 -0.5615 -0.1709 -0.7935 0.11353 
0.257935 0.19043 -0.5615 -0.1709 -0.7935 0.11353 
0.257935 0.19043 -0.5615 -0.1709 -0.7935 0.11353 
0.257935 0.19043 -0.5615 -0.1709 -0.7935 0.11353 
0.257935 0.19043 -0.5615 -0.1709 -0.7935 0.11353 
0.257935 0.19043 -0.5615 -0.1709 -0.7935 0.11353 
0.257935 0.19043 -0.5615 -0.1709 -0.7935 0.11353 
0.257935 0.19043 -0.5615 -0.1709 -0.7935 0.11353 
0.257935 0.19043 -0.5615 -0.1709 -0.7935 0.11353 
0.257935 0.19043 -0.5615 -0.1709 -0.7935 0.3540 
0.256226 0.18799 -0.6104 0.977 -0.6714 0.3540 
0.256226 0.18799 -0.6104 0.977 -0.6714 0.3540 
0.256226 0.18799 -0.6104 0.977 -0.6714 0.3540 
0.256226 0.18799 -0.6104 0.977 -0.6714 0.3540 
0.256226 0.18799 -0.6104 0.977 -0.6714 0.3540 
0.256226 0.18799 -0.6104 0.977 -0.6714 0.3540 
0.256226 0.18799 -0.6104 0.977 -0.6714 0.3540 
0.256226 0.18799 -0.6104 0.977 -0.6714 0.3540 
0.256226 0.18799 -0.6104 0.977 -0.6714 0.3540 
0.256226 0.18799 -0.6104 0.977 -0.6714 0.3540 
0.253784 0.18799 -0.7324 0.1343 -0.5493 -0.3540 
0.253784 0.18799 -0.7324 0.1343 -0.5493 -0.3540 
0.253784 0.18799 -0.7324 0.1343 -0.5493 -0.3540 
0.253784 0.18799 -0.7324 0.1343 -0.5493 -0.3540 
0.253784 0.18799 -0.7324 0.1343 -0.5493 -0.3540 
0.253784 0.18799 -0.7324 0.1343 -0.5493 -0.3540 
0.253784 0.18799 -0.7324 0.1343 -0.5493 -0.3540 
0.253784 0.18799 -0.7324 0.1343 -0.5493 -0.3540 
0.253784 0.18799 -0.7324 0.1343 -0.5493 -0.3540 
0.253784 0.18799 -0.7324 0.1343 -0.5493 -0.3540 
0.253784 0.18799 -0.8545 0.366 -0.3784 -0.8301 
0.250366 0.19043 -0.8545 0.366 -0.3784 -0.8301 
0.250366 0.19043 -0.8545 0.366 -0.3784 -0.8301 
0.250366 0.19043 -0.8545 0.366 -0.3784 -0.8301 
0.250366 0.19043 -0.8545 0.366 -0.3784 -0.8301 
0.250366 0.19043 -0.8545 0.366 -0.3784 -0.8301 
0.250366 0.19043 -0.8545 0.366 -0.3784 -0.8301 
0.250366 0.19043 -0.8545 0.366 -0.3784 -0.8301 
0.250366 0.19043 -0.8545 0.366 -0.3784 -0.8301 
0.250366 0.19043 -0.8545 0.366 -0.3784 -0.8301 
0.250366 0.19043 -0.8545 0.366 -0.1343 -0.10132 
0.247925 0.20020 -0.10132 -0.1221 -0.1343 -0.10132 
0.247925 0.20020 -0.10132 -0.1221 -0.1343 -0.10132 
0.247925 0.20020 -0.10132 -0.1221 -0.1343 -0.10132 
0.247925 0.20020 -0.10132 -0.1221 -0.1343 -0.10132 
0.247925 0.20020 -0.10132 -0.1221 -0.1343 -0.10132 
0.247925 0.20020 -0.10132 -0.1221 -0.1343 -0.10132 
0.247925 0.20020 -0.10132 -0.1221 -0.1343 -0.10132 
0.247925 0.20020 -0.10132 -0.1221 -0.1343 -0.10132 
0.247925 0.20020 -0.10132 -0.1221 -0.1343 -0.10132 
0.247925 0.20020 -0.10132 -0.1221 -0.1343 -0.10132 
0.246948 0.20996 -0.11230 -0.2563 0.2075 -0.9399 
0.246948 0.20996 -0.11230 -0.2563 0.2075 -0.9399 
0.246948 0.20996 -0.11230 -0.2563 0.2075 -0.9399 
0.246948 0.20996 -0.11230 -0.2563 0.2075 -0.9399 
0.246948 0.20996 -0.11230 -0.2563 0.2075 -0.9399 
0.246948 0.20996 -0.11230 -0.2563 0.2075 -0.9399 
0.246948 0.20996 -0.11230 -0.2563 0.2075 -0.9399 
0.246948 0.20996 -0.11230 -0.2563 0.2075 -0.9399 
0.246948 0.20996 -0.11230 -0.2563 0.2075 -0.9399 
0.246948 0.20996 -0.11230 -0.2563 0.2075 -0.9399 
0.246948 0.20996 -0.11475 -0.3662 0.5493 -0.7813 
0.247681 0.22583 -0.11475 -0.3662 0.5493 -0.7813 
0.247681 0.22583 -0.11475 -0.3662 0.5493 -0.7813 
0.247681 0.22583 -0.11475 -0.3662 0.5493 -0.7813 
0.247681 0.22583 -0.11475 -0.3662 0.5493 -0.7813 
0.247681 0.22583 -0.11475 -0.3662 0.5493 -0.7813 
0.247681 0.22583 -0.11475 -0.3662 0.5493 -0.7813 
0.247681 0.22583 -0.11475 -0.3662 0.5493 -0.7813 
0.247681 0.22583 -0.11475 -0.3662 0.5493 -0.7813 
0.247681 0.22583 -0.11475 -0.3662 0.5493 -0.7813 
0.247681 0.22583 -0.11475 -0.4272 0.7690 -0.6470 
0.249634 0.22827 -0.10620 -0.4272 0.7690 -0.6470 
0.249634 0.22827 -0.10620 -0.4272 0.7690 -0.6470 
0.249634 0.22827 -0.10620 -0.4272 0.7690 -0.6470 
0.249634 0.22827 -0.10620 -0.4272 0.7690 -0.6470 
0.249634 0.22827 -0.10620 -0.4272 0.7690 -0.6470 
