0.250488 0.35645 -0.29297 -0.6348 0.4883 0.1099 
0.250488 0.35645 -0.29297 -0.6348 0.4883 0.1099 
0.250488 0.35645 -0.29297 -0.6348 0.4883 0.1099 
0.250488 0.35645 -0.29297 -0.6348 0.4883 0.1099 
0.250488 0.35645 -0.29297 -0.6348 0.4883 0.1099 
0.250488 0.35645 -0.29297 -0.6348 0.4883 0.1099 
0.250488 0.35645 -0.29297 -0.6348 0.4883 0.1099 
0.250488 0.35645 -0.29297 -0.6348 0.4883 0.1099 
0.250488 0.35645 -0.28687 -0.6226 0.5859 0.1953 
0.251343 0.35522 -0.28687 -0.6226 0.5859 0.1953 
0.251343 0.35522 -0.28687 -0.6226 0.5859 0.1953 
0.251343 0.35522 -0.28687 -0.6226 0.5859 0.1953 
0.251343 0.35522 -0.28687 -0.6226 0.5859 0.1953 
0.251343 0.35522 -0.28687 -0.6226 0.5859 0.1953 
0.251343 0.35522 -0.28687 -0.6226 0.5859 0.1953 
0.251343 0.35522 -0.28687 -0.6226 0.5859 0.1953 
0.251343 0.35522 -0.28687 -0.6226 0.5859 0.1953 
0.251343 0.35522 -0.28687 -0.6226 0.5859 0.1953 
0.251343 0.35522 -0.28687 -0.6226 0.5859 0.3906 
0.253540 0.35034 -0.28564 -0.5249 0.5859 0.3906 
0.253540 0.35034 -0.28564 -0.5249 0.5859 0.3906 
0.253540 0.35034 -0.28564 -0.5249 0.5859 0.3906 
0.253540 0.35034 -0.28564 -0.5249 0.5859 0.3906 
0.253540 0.35034 -0.28564 -0.5249 0.5859 0.3906 
0.253540 0.35034 -0.28564 -0.5249 0.5859 0.3906 
0.253540 0.35034 -0.28564 -0.5249 0.5859 0.3906 
0.253540 0.35034 -0.28564 -0.5249 0.5859 0.3906 
0.253540 0.35034 -0.28564 -0.5249 0.5859 0.3906 
0.253540 0.35034 -0.28564 -0.5249 0.5859 0.5981 
0.255249 0.34790 -0.28076 -0.3540 0.4761 0.5981 
0.255249 0.34790 -0.28076 -0.3540 0.4761 0.5981 
0.255249 0.34790 -0.28076 -0.3540 0.4761 0.5981 
0.255249 0.34790 -0.28076 -0.3540 0.4761 0.5981 
0.255249 0.34790 -0.28076 -0.3540 0.4761 0.5981 
0.255249 0.34790 -0.28076 -0.3540 0.4761 0.5981 
0.255249 0.34790 -0.28076 -0.3540 0.4761 0.5981 
0.255249 0.34790 -0.28076 -0.3540 0.4761 0.5981 
0.255249 0.34790 -0.28076 -0.3540 0.4761 0.5981 
0.255249 0.34790 -0.28076 -0.3540 0.4761 0.5981 
0.255249 0.34912 -0.27588 -0.1587 0.3052 0.7324 
0.256226 0.34912 -0.27588 -0.1587 0.3052 0.7324 
0.256226 0.34912 -0.27588 -0.1587 0.3052 0.7324 
0.256226 0.34912 -0.27588 -0.1587 0.3052 0.7324 
0.256226 0.34912 -0.27588 -0.1587 0.3052 0.7324 
0.256226 0.34912 -0.27588 -0.1587 0.3052 0.7324 
0.256226 0.34912 -0.27588 -0.1587 0.3052 0.7324 
0.256226 0.34912 -0.27588 -0.1587 0.3052 0.7324 
0.256226 0.34912 -0.27588 -0.1587 0.3052 0.7324 
0.256226 0.34912 -0.27588 -0.1587 0.3052 0.7324 
0.256226 0.34912 -0.27588 -0.244 0.1953 0.7446 
0.256226 0.34790 -0.27466 -0.244 0.1953 0.7446 
0.256226 0.34790 -0.27466 -0.244 0.1953 0.7446 
0.256226 0.34790 -0.27466 -0.244 0.1953 0.7446 
0.256226 0.34790 -0.27466 -0.244 0.1953 0.7446 
0.256226 0.34790 -0.27466 -0.244 0.1953 0.7446 
0.256226 0.34790 -0.27466 -0.244 0.1953 0.7446 
0.256226 0.34790 -0.27466 -0.244 0.1953 0.7446 
0.256226 0.34790 -0.27466 -0.244 0.1953 0.7446 
0.256226 0.34790 -0.27466 -0.244 0.1953 0.7446 
0.256226 0.34790 -0.27466 -0.244 0.1953 0.6348 
0.257324 0.34912 -0.26611 -0.732 0.1831 0.6348 
0.257324 0.34912 -0.26611 -0.732 0.1831 0.6348 
0.257324 0.34912 -0.26611 -0.732 0.1831 0.6348 
0.257324 0.34912 -0.26611 -0.732 0.1831 0.6348 
0.257324 0.34912 -0.26611 -0.732 0.1831 0.6348 
0.257324 0.34912 -0.26611 -0.732 0.1831 0.6348 
0.257324 0.34912 -0.26611 -0.732 0.1831 0.6348 
0.257324 0.34912 -0.26611 -0.732 0.1831 0.6348 
0.257324 0.34912 -0.26611 -0.732 0.1831 0.6348 
0.257324 0.34912 -0.26611 -0.732 0.1831 0.6348 
0.258301 0.34912 -0.25635 -0.1465 0.2441 0.3784 
0.258301 0.34912 -0.25635 -0.1465 0.2441 0.3784 
0.258301 0.34912 -0.25635 -0.1465 0.2441 0.3784 
0.258301 0.34912 -0.25635 -0.1465 0.2441 0.3784 
0.258301 0.34912 -0.25635 -0.1465 0.2441 0.3784 
0.258301 0.34912 -0.25635 -0.1465 0.2441 0.3784 
0.258301 0.34912 -0.25635 -0.1465 0.2441 0.3784 
0.258301 0.34912 -0.25635 -0.1465 0.2441 0.3784 
0.258301 0.34912 -0.25635 -0.1465 0.2441 0.3784 
0.258301 0.34912 -0.25635 -0.1465 0.2441 0.3784 
0.258301 0.34912 -0.25635 -0.2197 0.3540 0.977 
0.258667 0.34424 -0.25635 -0.2197 0.3540 0.977 
0.258667 0.34424 -0.25635 -0.2197 0.3540 0.977 
0.258667 0.34424 -0.25635 -0.2197 0.3540 0.977 
0.258667 0.34424 -0.25635 -0.2197 0.3540 0.977 
0.258667 0.34424 -0.25635 -0.2197 0.3540 0.977 
0.258667 0.34424 -0.25635 -0.2197 0.3540 0.977 
0.258667 0.34424 -0.25635 -0.2197 0.3540 0.977 
0.258667 0.34424 -0.25635 -0.2197 0.3540 0.977 
0.258667 0.34424 -0.25635 -0.2197 0.3540 0.977 
0.258667 0.34424 -0.25635 -0.2197 0.4517 -0.977 
0.257324 0.33813 -0.27100 -0.4272 0.4517 -0.977 
0.257324 0.33813 -0.27100 -0.4272 0.4517 -0.977 
0.257324 0.33813 -0.27100 -0.4272 0.4517 -0.977 
0.257324 0.33813 -0.27100 -0.4272 0.4517 -0.977 
0.257324 0.33813 -0.27100 -0.4272 0.4517 -0.977 
0.257324 0.33813 -0.27100 -0.4272 0.4517 -0.977 
0.257324 0.33813 -0.27100 -0.4272 0.4517 -0.977 
0.257324 0.33813 -0.27100 -0.4272 0.4517 -0.977 
0.257324 0.33813 -0.27100 -0.4272 0.4517 -0.977 
0.257324 0.33813 -0.27100 -0.4272 0.4517 -0.977 
0.255493 0.33081 -0.28931 -0.9155 0.5615 -0.366 
0.255493 0.33081 -0.28931 -0.9155 0.5615 -0.366 
0.255493 0.33081 -0.28931 -0.9155 0.5615 -0.366 
0.255493 0.33081 -0.28931 -0.9155 0.5615 -0.366 
0.255493 0.33081 -0.28931 -0.9155 0.5615 -0.366 
0.255493 0.33081 -0.28931 -0.9155 0.5615 -0.366 
0.255493 0.33081 -0.28931 -0.9155 0.5615 -0.366 
0.255493 0.33081 -0.28931 -0.9155 0.5615 -0.366 
0.255493 0.33081 -0.28931 -0.9155 0.5615 -0.366 
0.255493 0.33081 -0.28931 -0.9155 0.5615 -0.366 
0.255493 0.33081 -0.30396 -0.16235 0.6714 0.2686 
0.252808 0.32349 -0.30396 -0.16235 0.6714 0.2686 
0.252808 0.32349 -0.30396 -0.16235 0.6714 0.2686 
0.252808 0.32349 -0.30396 -0.16235 0.6714 0.2686 
0.252808 0.32349 -0.30396 -0.16235 0.6714 0.2686 
0.252808 0.32349 -0.30396 -0.16235 0.6714 0.2686 
0.252808 0.32349 -0.30396 -0.16235 0.6714 0.2686 
0.252808 0.32349 -0.30396 -0.16235 0.6714 0.2686 
0.252808 0.32349 -0.30396 -0.16235 0.6714 0.2686 
0.252808 0.32349 -0.30396 -0.16235 0.6714 0.2686 
0.252808 0.32349 -0.30396 -0.22949 0.7324 0.7446 
0.251709 0.32715 -0.30273 -0.22949 0.7324 0.7446 
0.251709 0.32715 -0.30273 -0.22949 0.7324 0.7446 
0.251709 0.32715 -0.30273 -0.22949 0.7324 0.7446 
0.251709 0.32715 -0.30273 -0.22949 0.7324 0.7446 
0.251709 0.32715 -0.30273 -0.22949 0.7324 0.7446 
0.251709 0.32715 -0.30273 -0.22949 0.7324 0.7446 
0.251709 0.32715 -0.30273 -0.22949 0.7324 0.7446 
0.251709 0.32715 -0.30273 -0.22949 0.7324 0.7446 
0.251709 0.32715 -0.30273 -0.22949 0.7324 0.7446 
0.251709 0.32715 -0.30273 -0.22949 0.7324 0.11841 
0.251953 0.33813 -0.28564 -0.26123 0.6470 0.11841 
0.251953 0.33813 -0.28564 -0.26123 0.6470 0.11841 
0.251953 0.33813 -0.28564 -0.26123 0.6470 0.11841 
0.251953 0.33813 -0.28564 -0.26123 0.6470 0.11841 
0.251953 0.33813 -0.28564 -0.26123 0.6470 0.11841 
0.251953 0.33813 -0.28564 -0.26123 0.6470 0.11841 
0.251953 0.33813 -0.28564 -0.26123 0.6470 0.11841 
0.251953 0.33813 -0.28564 -0.26123 0.6470 0.11841 
0.251953 0.33813 -0.28564 -0.26123 0.6470 0.11841 
0.251953 0.33813 -0.28564 -0.26123 0.6470 0.11841 
0.251953 0.34424 -0.27344 -0.25513 0.4517 0.14404 
0.251953 0.34424 -0.27344 -0.25513 0.4517 0.14404 
0.251953 0.34424 -0.27344 -0.25513 0.4517 0.14404 
0.251953 0.34424 -0.27344 -0.25513 0.4517 0.14404 
0.251953 0.34424 -0.27344 -0.25513 0.4517 0.14404 
0.251953 0.34424 -0.27344 -0.25513 0.4517 0.14404 
0.251953 0.34424 -0.27344 -0.25513 0.4517 0.14404 
0.251953 0.34424 -0.27344 -0.25513 0.4517 0.14404 
