0.244629 0.21484 0.40405 -0.18188 -0.2319 0.22217 
0.247925 0.20264 0.40649 -0.17456 -0.3418 0.20752 
0.252075 0.18677 0.42236 -0.15991 -0.3418 0.17822 
0.256348 0.17090 0.44434 -0.13550 -0.4272 0.12451 
0.259521 0.15503 0.46509 -0.9766 -0.4028 0.6104 
0.261353 0.14526 0.48096 -0.5493 -0.2563 0.6104 
0.261719 0.13794 0.50415 -0.1465 0.00 -0.122 
0.261230 0.13428 0.52368 0.2319 0.2563 -0.5371 
0.259521 0.13428 0.52979 0.5249 0.4883 -0.9033 
0.259521 0.13672 0.52002 0.6836 0.6592 -0.10864 
0.256226 0.13794 0.49683 0.7324 0.7568 -0.10132 
0.252319 0.14404 0.47852 0.7324 0.7813 -0.7202 
0.249390 0.15503 0.46753 0.6470 0.6958 -0.3174 
0.248901 0.15503 0.47119 0.5737 0.4150 0.00 
0.249146 0.16113 0.47363 0.6470 -0.366 0.1587 
0.249756 0.16479 0.46875 0.7935 -0.5981 0.1343 
0.250488 0.16235 0.46875 0.9766 -0.11353 0.00 
0.250977 0.15503 0.46387 0.11353 -0.15625 -0.1709 
0.251343 0.14648 0.43579 0.11108 -0.17578 -0.2808 
0.251587 0.14038 0.42480 0.11108 -0.17578 -0.3784 
0.250977 0.13428 0.42114 0.10742 -0.15503 -0.3052 
0.249634 0.13306 0.41626 0.9033 -0.12207 -0.244 
0.249023 0.13428 0.41382 0.5127 -0.8057 0.4028 
0.246826 0.13550 0.37720 -0.122 -0.8057 0.10498 
0.244995 0.14771 0.38940 -0.9766 -0.1343 0.17456 
0.247803 0.15625 0.43213 -0.17456 0.2197 0.21240 
0.254517 0.15991 0.47852 -0.19653 0.2197 0.21240 
0.261963 0.16235 0.51270 -0.20264 0.610 0.20996 
0.267700 0.17700 0.48218 -0.19287 -0.2319 0.16357 
0.268433 0.16602 0.44678 -0.21973 -0.4517 0.8057 
0.270264 0.15625 0.46021 -0.24780 -0.5249 -0.1343 
0.270264 0.14771 0.47119 -0.23193 -0.6714 -0.9888 
0.275391 0.13184 0.45166 -0.18677 -0.9766 -0.19531 
0.280640 0.12207 0.40649 -0.13916 -0.14404 -0.32104 
0.282593 0.12207 0.33936 -0.9766 -0.19775 -0.46631 
0.284668 0.10010 0.27588 -0.8179 -0.24902 -0.63232 
0.289673 0.7935 0.26367 -0.11597 -0.28931 -0.82642 
0.298706 0.5859 0.26367 -0.19409 -0.32104 -0.105713 
0.312744 0.4395 0.30518 -0.26489 -0.34546 -0.133301 
0.325195 0.3540 0.33813 -0.27832 -0.37354 -0.167358 
0.328491 0.366 0.34912 -0.24414 -0.38330 -0.204224 
0.315308 0.1831 0.29907 -0.24414 -0.38330 -0.235596 
0.311279 0.3052 0.16357 -0.19897 -0.40161 -0.267578 
0.307373 0.732 0.4883 -0.22095 -0.40161 -0.299561 
0.299805 -0.732 -0.2075 -0.32593 -0.40161 -0.325928 
0.292236 -0.3296 -0.7202 -0.46997 -0.36743 -0.349121 
0.284302 -0.3418 -0.10986 -0.64087 -0.32349 -0.370239 
0.272461 0.3052 -0.10376 -0.81909 -0.26855 -0.370239 
0.257813 0.13550 -0.3540 -0.100220 -0.20752 -0.386597 
0.245728 0.24658 0.3418 -0.119263 -0.14771 -0.395386 
0.236206 0.34546 0.6470 -0.133301 -0.6958 -0.398193 
0.224854 0.45410 0.6470 -0.139648 0.1099 -0.399048 
0.224854 0.57617 0.6592 -0.144287 0.8911 -0.396606 
0.211426 0.38208 0.10010 -0.151611 0.18311 -0.388916 
0.197754 0.82520 0.17090 -0.159912 0.27710 -0.377319 
0.184326 0.82520 0.26367 -0.165283 0.36011 -0.361450 
0.172730 0.96558 0.34790 -0.166748 0.41260 -0.342896 
0.162598 0.110229 0.39795 -0.163818 0.43091 -0.321777 
0.153442 0.124146 0.39795 -0.157715 0.41626 -0.298706 
0.140625 0.137085 0.44678 -0.153687 0.34668 -0.271362 
0.127808 0.147583 0.46875 -0.150391 0.24902 -0.238525 
0.119751 0.155640 0.46997 -0.147949 0.12939 -0.203247 
0.114136 0.160645 0.43945 -0.147949 -0.488 -0.167725 
0.109009 0.163330 0.38208 -0.147217 -0.13916 -0.132080 
0.103516 0.163696 0.32104 -0.149902 -0.25146 -0.95825 
0.98511 0.163696 0.31372 -0.157715 -0.25146 -0.59570 
0.95459 0.165283 0.39185 -0.169067 -0.32349 -0.23560 
0.93018 0.168213 0.52490 -0.177490 -0.34668 -0.18799 
0.91431 0.171021 0.67261 -0.178833 -0.32959 0.12451 
0.89355 0.170044 0.77759 -0.173828 -0.28076 0.49927 
0.90210 0.167847 0.85693 -0.165283 -0.21362 0.88989 
0.64209 0.164429 0.94116 -0.159302 -0.14038 0.128418 
0.103271 0.158691 0.102539 -0.154175 -0.6592 0.166138 
0.103271 0.151001 0.106689 -0.144409 -0.1465 0.200317 
0.110107 0.141480 0.106689 -0.130005 0.00 0.231812 
0.112793 0.131226 0.106689 -0.118286 -0.732 0.263062 
0.119751 0.131226 0.108643 -0.111694 0.488 0.293945 
0.129883 0.117676 0.110718 -0.106079 0.7446 0.320190 
0.148560 0.107422 0.120361 -0.103760 0.21851 0.333008 
0.158691 0.98999 0.96313 -0.99365 0.31738 0.348877 
0.165894 0.85449 0.127563 -0.87402 0.32593 0.360840 
0.173462 0.75317 0.128906 -0.75562 0.32715 0.372437 
0.175415 0.66284 0.125854 -0.71655 0.31616 0.385620 
0.172119 0.57861 0.122437 -0.71655 0.27954 0.403076 
0.172119 0.49072 0.119263 -0.71533 0.21851 0.421753 
0.175171 0.38818 0.117920 -0.71167 0.14038 0.437256 
0.183594 0.26611 0.119995 -0.70313 0.14038 0.447388 
0.195313 0.13550 0.124756 -0.67627 0.9521 0.450195 
0.208008 -0.2808 0.132080 -0.61035 0.8179 0.446289 
0.219605 -0.16846 0.134888 -0.50171 0.9888 0.440430 
0.226929 -0.28198 0.128662 -0.35034 0.14648 0.440430 
0.230225 -0.38330 0.116455 -0.22217 0.19287 0.432495 
0.229004 -0.48462 0.103760 -0.19287 0.23071 0.423340 
0.223755 -0.58838 0.94238 -0.24536 0.26611 0.415527 
0.223755 -0.67505 0.87646 -0.33569 0.27954 0.409912 
0.217896 -0.76538 0.85083 -0.44922 0.26123 0.406616 
0.214722 -0.85327 0.88623 -0.57983 0.22705 0.404785 
0.217651 -0.85327 0.95825 -0.70435 0.19531 0.402710 
0.226196 -0.94971 0.104370 -0.77393 0.17090 0.397095 
0.239136 -0.105591 0.110352 -0.79224 0.15137 0.385254 
0.254028 -0.115479 0.112549 -0.77148 0.15503 0.366455 
0.267334 -0.122803 0.112549 -0.71411 0.20142 0.342163 
0.282227 -0.130859 0.108765 -0.62988 0.28931 0.309204 
0.283691 -0.137085 0.102783 -0.92285 0.37109 0.273804 
0.280884 -0.141724 0.96558 -0.61035 0.44189 0.243042 
0.277344 -0.144775 0.90820 -0.65186 0.48218 0.214722 
0.273926 -0.147339 0.87280 -0.72754 0.48706 0.187500 
0.272461 -0.149658 0.86914 -0.82642 0.48706 0.160400 
0.273193 -0.151611 0.90332 -0.92773 0.46631 0.132324 
0.276733 -0.153564 0.96436 -0.100464 0.42969 0.133911 
0.285889 -0.155151 0.103760 -0.105469 0.39429 0.100952 
0.298340 -0.157837 0.110962 -0.107910 0.38086 0.69702 
0.307129 -0.159546 0.115479 -0.106079 0.40649 0.31738 
0.307739 -0.161621 0.117554 -0.102295 0.46143 -0.10742 
0.302124 -0.161743 0.117310 -0.99365 0.52368 -0.55542 
0.302124 -0.160400 0.116943 -0.96313 0.57861 -0.97412 
0.292847 -0.158325 0.116699 -0.93506 0.60791 -0.134766 
0.281738 -0.186523 0.117188 -0.90088 0.60669 -0.167480 
0.268921 -0.150391 0.118408 -0.86304 0.57007 -0.195313 
0.259155 -0.150391 0.122437 -0.82397 0.52246 -0.218384 
0.252075 -0.145508 0.95581 -0.78979 0.45654 -0.238525 
0.248901 -0.141602 0.129883 -0.73120 0.39917 -0.256836 
0.250488 -0.137207 0.129883 -0.66162 0.37720 -0.275635 
0.250977 -0.134644 0.130127 -0.59082 0.38330 -0.296875 
0.246094 -0.132202 0.128296 -0.51636 0.39185 -0.318848 
0.235718 -0.126465 0.123901 -0.51636 0.39917 -0.335327 
0.224243 -0.118530 0.118652 -0.45166 0.39917 -0.346069 
0.214722 -0.109497 0.115234 -0.41504 0.38696 -0.352417 
0.205811 -0.98511 0.114990 -0.40405 0.36011 -0.353516 
0.196289 -0.85571 0.116577 -0.38330 0.36011 -0.349243 
0.185791 -0.73120 0.119507 -0.35156 0.30762 -0.370361 
0.178711 -0.60303 0.122559 -0.31616 0.24414 -0.323608 
0.171753 -0.48218 0.124023 -0.26245 0.19653 -0.323608 
0.161865 -0.36133 0.123901 -0.19531 0.16968 -0.304199 
0.151978 -0.24292 0.123047 -0.14038 0.14526 -0.279663 
0.145752 -0.13428 0.122681 -0.10498 0.12573 -0.248657 
0.145752 -0.5371 0.123657 -0.7324 0.11353 -0.213623 
0.145020 0.244 0.124756 -0.1709 0.10620 -0.178589 
0.150635 0.3662 0.123901 0.6470 0.10864 -0.147095 
0.160400 0.4395 0.120850 0.15625 0.12695 -0.120972 
0.170654 0.4395 0.117065 0.22461 0.15747 -0.100098 
0.179199 0.4517 0.113770 0.24902 0.19165 -0.83374 
0.187012 0.5371 0.112549 0.23804 0.20996 -0.69458 
0.193726 0.5859 0.112549 0.21118 0.20996 -0.58350 
0.199707 0.5981 0.112061 0.19165 0.19653 -0.49683 
0.203735 0.6470 0.111694 0.17578 0.16846 -0.42236 
0.206055 0.7690 0.111572 0.17578 0.12817 -0.34668 
0.207275 0.8667 0.111328 0.15747 0.8423 -0.26855 
0.209229 0.8545 0.111206 0.14526 0.4395 -0.19775 
0.213379 0.7568 0.111328 0.14282 0.2319 -0.14404 
