0.261475 0.6348 0.10620 0.2563 0.1709 0.9644 
0.261841 0.5127 0.10132 0.2686 0.244 0.7690 
0.261353 0.4272 0.10986 0.2686 -0.854 0.6104 
0.259888 0.4028 0.10864 0.3296 -0.1343 0.5615 
0.257324 0.4883 0.11719 0.3418 -0.1953 0.7080 
0.255127 0.5493 0.12451 0.3662 -0.3052 0.9155 
0.255615 0.5615 0.12329 0.4150 -0.3052 0.10376 
0.256714 0.5615 0.10986 0.4028 -0.4028 0.10376 
0.257202 0.5737 0.10254 0.2319 -0.4150 0.9644 
0.258911 0.5737 0.10132 -0.366 -0.3540 0.9644 
0.260254 0.5005 0.8911 -0.3174 -0.2686 0.8179 
0.261719 0.3906 0.6348 -0.7080 -0.732 0.6348 
0.263550 0.2808 0.4761 -0.12207 0.1831 0.4028 
0.263550 0.1587 0.5737 -0.16724 0.3784 0.977 
0.264648 0.977 0.7202 -0.18433 0.3662 -0.2319 
0.265137 0.30762 0.9277 -0.19287 0.2319 -0.5859 
0.265259 -0.977 0.11963 -0.17944 0.366 -0.9033 
0.268433 -0.977 0.16968 -0.13306 -0.3174 -0.13428 
0.271240 -0.2441 0.21362 -0.4272 -0.6226 -0.19409 
0.273926 -0.1343 0.23926 0.6348 -0.8667 -0.24780 
0.271606 -0.977 0.23926 0.15625 -0.9766 -0.28442 
0.273071 0.854 0.21729 0.18921 -0.11230 -0.32349 
0.267578 0.1709 0.22949 0.21973 -0.13672 -0.31616 
0.267456 0.4150 0.21851 0.21973 -0.15991 -0.30518 
0.270264 0.5737 0.17822 0.22949 -0.17212 -0.31494 
0.273071 0.5493 0.16724 0.16846 -0.18555 -0.34668 
0.276611 0.6104 0.16479 0.10864 -0.19287 -0.40283 
0.280640 0.7080 0.13794 0.8179 -0.19287 -0.49561 
0.283325 0.5859 0.9399 0.6348 -0.20020 -0.62012 
0.291626 0.4883 0.2441 0.4272 -0.19897 -0.46997 
0.304688 -0.1343 -0.6836 0.2075 -0.18799 -0.78247 
0.323364 -0.7813 -0.15015 -0.2319 -0.17944 -0.100098 
0.342163 -0.13672 -0.23560 -0.9521 -0.15503 -0.128540 
0.320923 -0.20386 -0.31250 -0.17212 -0.11475 -0.164063 
0.352173 -0.25024 -0.38086 -0.27100 -0.6958 -0.203735 
0.352417 -0.30151 -0.43945 -0.41260 -0.244 -0.242554 
0.339844 -0.27100 -0.44067 -0.60181 0.7080 -0.279419 
0.318359 -0.19409 -0.39917 -0.84229 0.13916 -0.307861 
0.299072 -0.19409 -0.32837 -0.105835 0.19775 -0.326660 
0.283691 -0.9888 -0.54810 -0.120850 0.23315 -0.339478 
0.271484 0.488 -0.14526 -0.130493 0.25879 -0.347412 
0.263672 0.11230 -0.14526 -0.135010 0.28687 -0.353027 
0.260864 0.21118 -0.8423 -0.135620 0.32349 -0.359985 
0.255371 0.30762 -0.5005 -0.134277 0.37231 -0.368042 
0.244751 0.41626 -0.7080 -0.133057 0.42358 -0.374146 
0.228882 0.50659 -0.8423 -0.133057 0.48218 -0.377197 
0.213135 0.58594 -0.9888 -0.135376 0.54932 -0.375366 
0.200195 0.66406 -0.11963 -0.137695 0.59692 -0.372437 
0.185547 0.75317 -0.13428 -0.139648 0.59692 -0.366333 
0.170532 0.88135 -0.13062 -0.142578 0.63477 -0.355103 
0.156250 0.100464 -0.9521 -0.147583 0.66895 -0.370728 
0.144653 0.113281 -0.3540 -0.153442 0.70313 -0.339478 
0.137451 0.124878 0.3540 -0.155029 0.75928 -0.320190 
0.131958 0.133301 0.8301 -0.152222 0.83496 -0.300903 
0.155273 0.139160 0.12329 -0.145996 0.94238 -0.283691 
0.117065 0.144409 0.15137 -0.140869 0.105957 -0.267944 
0.117065 0.149780 0.17578 -0.138794 0.116821 -0.250488 
0.112915 0.155640 0.20874 -0.138916 0.123657 -0.231812 
0.107788 0.131226 0.26123 -0.140991 0.125122 -0.210571 
0.100220 0.162476 0.33325 -0.144165 0.120972 -0.185059 
0.91919 0.170654 0.42725 -0.148071 0.110962 -0.155029 
0.83740 0.178955 0.54565 -0.151367 0.96313 -0.121582 
0.76904 0.186523 0.54565 -0.152588 0.79468 -0.85571 
0.72144 0.191650 0.68115 -0.150391 0.62988 -0.47974 
0.71289 0.194702 0.82153 -0.142944 0.49561 -0.9399 
0.72876 0.193604 0.93384 -0.130127 0.41504 0.28564 
0.73853 0.189575 0.97900 -0.130127 0.38086 0.66162 
0.70068 0.185547 0.97778 -0.117432 0.36865 0.106689 
0.64087 0.181274 0.96436 -0.111816 0.34668 0.152344 
0.60791 0.177490 0.97900 -0.113770 0.34668 0.200928 
0.59448 0.175659 0.103638 -0.118042 0.29785 0.250366 
0.57617 0.173462 0.113159 -0.119385 0.21362 0.268799 
0.58350 0.165283 0.125732 -0.115112 0.10010 0.300049 
0.69946 0.149414 0.141846 -0.102783 -0.1587 0.348755 
0.96680 0.127930 0.159424 -0.84473 -0.8423 0.391846 
0.100464 0.108643 0.167969 -0.58350 -0.5005 0.422363 
0.155762 0.91064 0.164185 -0.25024 0.3052 0.438355 
0.155762 0.78369 0.150635 0.3052 0.12817 0.444214 
0.175293 0.67261 0.134644 0.12085 0.25146 0.439819 
0.189087 0.85571 0.122803 0.7568 0.33447 0.439575 
0.180420 0.54321 0.108765 0.2441 0.25757 0.448120 
0.171265 0.42603 0.96802 -0.1465 0.13550 0.464600 
0.159180 0.32227 0.124146 -0.13916 0.4395 0.486328 
0.148193 0.19775 0.92896 -0.30518 -0.366 0.511475 
0.149658 0.2930 0.103394 -0.40161 0.1099 0.535278 
0.171143 -0.17334 0.119263 -0.37109 0.6958 0.547119 
0.209595 -0.34912 0.134399 -0.58594 0.15625 0.540894 
0.251465 -0.48096 0.142090 -0.27344 0.24170 0.516113 
0.283447 -0.59326 0.138428 -0.17090 0.31738 0.477905 
0.298218 -0.69336 0.123901 -0.6958 0.41016 0.433838 
0.295654 -0.78369 0.103760 -0.854 0.41016 0.390625 
0.280151 -0.81299 0.87158 -0.5493 0.53589 0.357422 
0.257324 -0.83740 0.77026 -0.20752 0.65918 0.369873 
0.240723 -0.86304 0.73486 -0.40771 0.71899 0.331055 
0.239746 -0.91431 0.77515 -0.62866 0.69214 0.331055 
0.253418 -0.99609 0.88135 -0.85815 0.59937 0.325562 
0.278320 -0.110596 0.99609 -0.103882 0.46143 0.314575 
0.273560 -0.122070 0.107056 -0.114746 0.33203 0.293457 
0.304810 -0.131714 0.108887 -0.120972 0.26855 0.260620 
0.322510 -0.137573 0.105835 -0.126099 0.30151 0.219727 
0.327759 -0.140259 0.101196 -0.131348 0.40039 0.176270 
0.320190 -0.140259 0.98145 -0.139404 0.50903 0.135498 
0.305298 -0.139282 0.97900 -0.149536 0.58716 0.102051 
0.288696 -0.137207 0.102661 -0.158081 0.62012 0.75195 
0.276245 -0.133545 0.112793 -0.166016 0.58716 0.54077 
0.274780 -0.130249 0.112793 -0.172607 0.48584 0.34790 
0.283691 -0.128296 0.126953 -0.171997 0.35278 0.11719 
0.296143 -0.128662 0.141968 -0.162231 0.23071 -0.16968 
0.311279 -0.128052 0.151489 -0.162231 0.16357 -0.51636 
0.324097 -0.129517 0.155029 -0.145874 0.16479 -0.93750 
0.327148 -0.130737 0.152832 -0.126831 0.20508 -0.140503 
0.319946 -0.131958 0.146240 -0.106567 0.20508 -0.188721 
0.300659 -0.131104 0.136353 -0.87402 0.26001 -0.232544 
0.275269 -0.124023 0.126587 -0.73364 0.30396 -0.232422 
0.255371 -0.114990 0.121948 -0.68604 0.31738 -0.252197 
0.247925 -0.106445 0.123657 -0.69824 0.29297 -0.283447 
0.250855 -0.99609 0.127808 -0.68237 0.23071 -0.298462 
0.260742 -0.91309 0.129883 -0.60791 0.15625 -0.313965 
0.270264 -0.88013 0.130005 -0.50049 0.9888 -0.331421 
0.270264 -0.87769 0.126709 -0.40894 0.5371 -0.354126 
0.270386 -0.85938 0.121460 -0.32959 0.3418 -0.380127 
0.260254 -0.82275 0.114502 -0.28076 0.2808 -0.403931 
0.243652 -0.82275 0.108154 -0.27588 0.2930 -0.422119 
0.220947 -0.71777 0.106567 -0.31738 0.1343 -0.429932 
0.199341 -0.57495 0.108887 -0.39307 -0.2930 -0.424438 
0.187622 -0.43091 0.112427 -0.44189 -0.7690 -0.411255 
0.184937 -0.29297 0.112427 -0.41748 -0.12695 -0.396973 
0.185181 -0.18066 0.114014 -0.35645 -0.17334 -0.384522 
0.185303 -0.8301 0.113281 -0.62256 -0.19165 -0.373047 
0.181885 0.00 0.110229 -0.31006 -0.18066 -0.361938 
0.169800 0.12085 0.106567 -0.28564 -0.18311 -0.346436 
0.151001 0.27588 0.104614 -0.28931 -0.21851 -0.320679 
0.133057 0.44434 0.108032 -0.32715 -0.27832 -0.282959 
0.124878 0.60669 0.114746 -0.36377 -0.27832 -0.239624 
0.127441 0.72266 0.121216 -0.31616 -0.34912 -0.230103 
0.138550 0.78003 0.123901 -0.17578 -0.41382 -0.195679 
0.150024 0.78979 0.120850 -0.977 -0.45288 -0.164429 
0.161743 0.77515 0.113159 0.13672 -0.48950 -0.136475 
0.172119 0.75562 0.103027 0.22217 -0.39307 -0.112305 
0.177734 0.75317 0.96802 0.19287 -0.23682 -0.93994 
0.177734 0.76416 0.96069 0.12329 -0.9888 -0.79102 
0.181885 0.78003 0.97412 0.7568 -0.244 -0.64453 
0.184448 0.78247 0.98022 0.6348 0.2563 -0.49194 
0.187378 0.76904 0.97534 0.8301 -0.1221 -0.35400 
0.191162 0.76904 0.96558 0.11230 -0.6714 -0.23071 
0.196777 0.74951 0.95947 0.12451 -0.10864 -0.13062 
0.203613 0.72998 0.94116 0.12573 -0.11719 -0.5859 
0.210449 0.70801 0.94116 0.11841 -0.9155 -0.1221 
0.215332 0.68726 0.91431 0.9277 -0.4517 0.1465 
0.217651 0.68115 0.89844 0.5249 0.854 0.3540 
