0.252197 0.30396 0.43945 0.244 -0.5127 0.15381 
0.251587 0.30151 0.43823 -0.1587 -0.5127 0.16235 
0.253296 0.30029 0.44067 -0.4150 -0.4639 0.15747 
0.254395 0.29541 0.44312 -0.5371 -0.4028 0.15747 
0.255005 0.29297 0.44556 -0.5859 -0.3174 0.14038 
0.255493 0.28931 0.44189 -0.6348 -0.2075 0.11475 
0.255493 0.28442 0.43701 -0.6714 -0.977 0.8301 
0.255859 0.28076 0.44189 -0.7446 0.488 0.5493 
0.255859 0.27954 0.44189 -0.7568 0.1831 0.3052 
0.255371 0.28687 0.45532 -0.6592 0.3418 0.610 
0.253662 0.29419 0.46997 -0.4395 0.4639 -0.1099 
0.252075 0.29419 0.48218 -0.488 0.4272 -0.2808 
0.251343 0.30151 0.47974 0.4517 0.2319 -0.5127 
0.252930 0.30518 0.47241 0.9766 -0.1343 -0.8667 
0.255859 0.30762 0.46143 0.14526 -0.6104 -0.12817 
0.257080 0.30396 0.46143 0.17578 -0.11230 -0.16113 
0.258057 0.30029 0.44067 0.17090 -0.16235 -0.17944 
0.258301 0.28931 0.40771 0.13306 -0.18188 -0.19653 
0.258667 0.26855 0.34790 0.13306 -0.16968 -0.19531 
0.257446 0.26733 0.32471 0.2563 -0.14404 -0.17822 
0.259766 0.27588 0.36133 -0.7690 -0.12451 -0.16479 
0.261841 0.29297 0.40405 -0.10986 -0.12451 -0.15869 
0.262451 0.30273 0.40527 -0.9033 -0.10864 -0.16113 
0.263794 0.30762 0.38208 -0.6226 -0.9277 -0.16968 
0.267212 0.30884 0.35034 -0.4028 -0.7690 -0.18066 
0.273926 0.31738 0.32837 -0.3418 -0.6226 -0.18066 
0.283813 0.31738 0.31494 -0.4028 -0.5493 -0.20142 
0.294800 0.29297 0.30640 -0.5127 -0.6592 -0.25757 
0.303467 0.26245 0.28564 -0.5127 -0.8667 -0.36255 
0.303467 0.22461 0.26367 -0.5005 -0.10742 -0.51758 
0.306885 0.19043 0.23071 -0.8057 -0.13428 -0.69946 
0.308105 0.16602 0.19531 -0.12573 -0.15259 -0.89478 
0.306274 0.16602 0.14648 -0.16357 -0.16846 -0.110107 
0.303955 0.16235 0.12207 -0.20142 -0.16602 -0.130005 
0.299683 0.15869 0.10986 -0.25757 -0.14160 -0.149048 
0.299805 0.16479 0.10376 -0.29175 -0.7568 -0.167847 
0.303223 0.18555 0.10376 -0.31006 0.488 -0.189697 
0.304443 0.19531 0.7690 -0.854 0.10376 -0.214844 
0.300293 0.20020 0.4883 -0.35034 0.21484 -0.241577 
0.291748 0.21606 0.2686 -0.35034 0.33813 -0.266235 
0.279297 0.23315 0.2563 -0.41504 0.45410 -0.287354 
0.265015 0.26367 0.5249 -0.49805 0.53955 -0.305054 
0.254395 0.31616 0.7080 -0.56885 0.53955 -0.319336 
0.244019 0.33691 0.7080 -0.60547 0.57983 -0.331787 
0.235230 0.37476 0.6958 -0.64453 0.58716 -0.340820 
0.228271 0.41016 0.10254 -0.73364 0.59204 -0.316162 
0.221802 0.47485 0.15381 -0.86548 0.60181 -0.347412 
0.212036 0.56152 0.20752 -0.99243 0.61279 -0.351318 
0.200195 0.65918 0.26611 -0.108643 0.62378 -0.352295 
0.216919 0.78247 0.31250 -0.116821 0.63354 -0.350098 
0.185669 0.91309 0.35522 -0.125000 0.65674 -0.343018 
0.168213 0.105957 0.41016 -0.133423 0.67871 -0.331421 
0.151123 0.120728 0.48462 -0.140503 0.67505 -0.314209 
0.137939 0.102173 0.57983 -0.145386 0.64697 -0.291992 
0.128418 0.133423 0.66895 -0.146362 0.60059 -0.267334 
0.121338 0.144043 0.72388 -0.141846 0.54199 -0.241821 
0.115723 0.151733 0.72021 -0.133179 0.48706 -0.216309 
0.109375 0.157227 0.72021 -0.124390 0.44678 -0.190674 
0.101196 0.161499 0.67871 -0.119751 0.42725 -0.164307 
0.91797 0.167114 0.65552 -0.120361 0.42358 -0.134766 
0.81909 0.173462 0.66528 -0.120361 0.40771 -0.101563 
0.73120 0.179443 0.69824 -0.122681 0.35645 -0.64209 
0.65308 0.182983 0.73120 -0.124878 0.58594 -0.23071 
0.57495 0.184937 0.75806 -0.127197 0.17822 0.21484 
0.51636 0.185547 0.79102 -0.130249 0.17822 0.68726 
0.49805 0.182495 0.85327 -0.134399 0.7690 0.84961 
0.53345 0.176147 0.93262 -0.138306 -0.732 0.98389 
0.62134 0.168579 0.101929 -0.137939 -0.5127 0.160889 
0.76050 0.159058 0.110229 -0.134521 -0.6714 0.200806 
0.92285 0.149292 0.118896 -0.129517 -0.5493 0.233521 
0.75317 0.140503 0.125732 -0.122559 -0.1709 0.259399 
0.106567 0.132935 0.128540 -0.112549 0.2319 0.281128 
0.113892 0.124756 0.128296 -0.101196 0.4395 0.301147 
0.113403 0.116455 0.126099 -0.91064 0.4150 0.324707 
0.115845 0.107910 0.125366 -0.87524 0.7935 0.343018 
0.125122 0.107910 0.128174 -0.85571 0.11230 0.364990 
0.123779 0.95581 0.127563 -0.77393 0.6226 0.389038 
0.127197 0.82764 0.128296 -0.65430 -0.244 0.412964 
0.136963 0.67139 0.128296 -0.60181 -0.2686 0.434448 
0.156616 0.49194 0.134766 -0.58228 0.2686 0.449097 
0.178223 0.31128 0.143433 -0.49927 0.12939 0.453369 
0.198120 0.19775 0.146606 -0.49927 0.24048 0.449707 
0.206909 0.9033 0.143311 -0.35522 0.33936 0.440308 
0.203735 0.977 0.137939 -0.24780 0.41626 0.433960 
0.195923 -0.6348 0.131836 -0.21851 0.47852 0.434204 
0.187012 -0.12817 0.127441 -0.23804 0.47852 0.440430 
0.178955 -0.21973 0.126343 -0.29053 0.50171 0.449951 
0.176880 -0.34302 0.129028 -0.34058 0.47241 0.462036 
0.192261 -0.51392 0.137329 -0.36133 0.40039 0.462036 
0.228516 -0.69458 0.143433 -0.37354 0.32593 0.473267 
0.263306 -0.86792 0.142212 -0.35522 0.28320 0.471802 
0.252075 -0.102661 0.135376 -0.31738 0.26245 0.450195 
0.283325 -0.111328 0.125854 -0.32715 0.27588 0.414917 
0.288696 -0.117310 0.115356 -0.38818 0.33813 0.378418 
0.284546 -0.120239 0.107544 -0.50659 0.42236 0.345825 
0.274048 -0.121216 0.103149 -0.69702 0.48584 0.319336 
0.262451 -0.121216 0.103271 -0.90088 0.49805 0.299194 
0.251587 -0.122559 0.105347 -0.106323 0.44556 0.283325 
0.241333 -0.124634 0.106812 -0.116699 0.34546 0.270874 
0.234497 -0.127686 0.106812 -0.124146 0.22339 0.261475 
0.239258 -0.133057 0.110352 -0.131226 0.12207 0.251587 
0.253174 -0.140137 0.114990 -0.136353 0.7202 0.235230 
0.268188 -0.147461 0.120117 -0.137573 0.8301 0.211060 
0.280518 -0.153564 0.124023 -0.137573 0.15137 0.180542 
0.288208 -0.156982 0.125854 -0.135742 0.25024 0.145630 
0.287720 -0.160156 0.127075 -0.132568 0.4517 0.108887 
0.284668 -0.160034 0.126953 -0.127075 0.35767 0.74829 
0.285889 -0.160889 0.124878 -0.120239 0.45898 0.41138 
0.291748 -0.162598 0.125000 -0.115356 0.53955 0.36621 
0.302002 -0.162964 0.126709 -0.114380 0.58960 0.5371 
0.308472 -0.166626 0.127563 -0.112671 0.61401 -0.31372 
0.306519 -0.170288 0.125610 -0.110229 0.61279 -0.72266 
0.293823 -0.171509 0.122925 -0.107666 0.58716 -0.116577 
0.308594 -0.167725 0.121826 -0.106445 0.53711 -0.159668 
0.277344 -0.161255 0.123535 -0.106567 0.46875 -0.195801 
0.261230 -0.185425 0.126221 -0.105347 0.38330 -0.225220 
0.248169 -0.146973 0.130005 -0.101318 0.29053 -0.249268 
0.240601 -0.146973 0.133789 -0.96313 0.21118 -0.268311 
0.240845 -0.138794 0.136719 -0.89966 0.15625 -0.284302 
0.244507 -0.135132 0.137817 -0.80933 0.12207 -0.302979 
0.249023 -0.132935 0.137817 -0.68359 0.10742 -0.325562 
0.247681 -0.133545 0.134766 -0.53833 0.10986 -0.351685 
0.236938 -0.131470 0.127930 -0.43701 0.11475 -0.375366 
0.223755 -0.124756 0.120483 -0.42114 0.13306 -0.391113 
0.213989 -0.115967 0.115845 -0.42114 0.15869 -0.400147 
0.208252 -0.106079 0.115601 -0.46387 0.17700 -0.404907 
0.204834 -0.93994 0.119873 -0.52368 0.17822 -0.406250 
0.200317 -0.82397 0.126221 -0.56885 0.17822 -0.404419 
0.194092 -0.67627 0.132202 -0.56641 0.16113 -0.397461 
0.183228 -0.55298 0.133179 -0.51514 0.13306 -0.386108 
0.168457 -0.41138 0.133057 -0.45044 0.9399 -0.386108 
0.154175 -0.27344 0.133789 -0.41138 0.4272 -0.368652 
0.142578 -0.12329 0.135254 -0.38574 -0.1099 -0.343872 
0.134644 0.2563 0.136719 -0.34302 -0.6592 -0.312744 
0.130005 0.14526 0.136230 -0.26978 -0.12939 -0.276978 
0.130005 0.22705 0.133545 -0.16602 -0.19653 -0.239624 
0.129883 0.27222 0.129028 -0.5493 -0.25146 -0.202515 
0.135498 0.29297 0.124390 0.4028 -0.27222 -0.168213 
0.146240 0.29297 0.119995 0.11353 -0.24780 -0.139404 
0.158081 0.30151 0.115479 0.17090 -0.19775 -0.116089 
0.168091 0.31250 0.111572 0.19775 -0.14282 -0.96191 
0.176880 0.33081 0.109253 0.18311 -0.9033 -0.78735 
0.183838 0.34424 0.109253 0.15137 -0.5493 -0.63110 
0.189697 0.35645 0.108154 0.13306 -0.4639 -0.49194 
0.195801 0.35767 0.107422 0.12329 -0.5249 -0.37720 
0.202148 0.35034 0.107666 0.12329 -0.7813 -0.28320 
0.206421 0.33569 0.106567 0.11841 -0.9155 -0.20508 
0.211304 0.32227 0.104614 0.13062 -0.6836 -0.16113 
0.214111 0.30640 0.102417 0.12573 -0.6836 -0.12329 
0.215088 0.28687 0.101929 0.10864 -0.4395 -0.7813 
