0.252319 0.30273 0.49683 0.610 0.6592 -0.122 
0.280396 0.30884 0.49072 0.2563 0.6226 -0.2441 
0.247437 0.30884 0.47852 0.2075 0.3906 -0.488 
0.247437 0.30640 0.46509 0.854 0.854 0.2197 
0.247681 0.29907 0.46875 -0.1221 -0.1465 0.3906 
0.249634 0.28809 0.47729 -0.1099 -0.3906 0.3296 
0.252808 0.28809 0.48706 0.1343 -0.5859 0.610 
0.255249 0.27954 0.49194 0.4517 -0.6348 -0.2930 
0.256104 0.27100 0.48706 0.7080 -0.5737 -0.6226 
0.255737 0.26489 0.48706 0.8789 -0.4395 -0.8667 
0.254272 0.26611 0.48218 0.8789 -0.2808 -0.9888 
0.252686 0.27344 0.48096 0.6714 -0.1343 -0.9888 
0.250977 0.28076 0.47607 0.3540 0.122 -0.8911 
0.249634 0.28809 0.47119 0.3540 0.1099 -0.7324 
0.250122 0.29785 0.46143 0.244 0.1221 -0.5859 
0.250977 0.30273 0.45776 -0.2808 0.366 -0.5005 
0.252441 0.30151 0.45776 -0.5005 0.366 -0.5615 
0.254150 0.29785 0.46509 -0.5371 -0.1343 -0.7446 
0.256104 0.28931 0.47729 -0.4395 -0.3540 -0.10498 
0.256714 0.28564 0.47119 -0.1831 -0.6348 -0.10498 
0.254272 0.28442 0.47241 0.1465 -0.6714 -0.14038 
0.251953 0.29053 0.46021 0.3296 -0.6104 -0.16235 
0.280884 0.29419 0.45654 0.3784 -0.4517 -0.16968 
0.248291 0.30273 0.45532 0.3540 -0.2808 -0.16235 
0.248291 0.30884 0.45166 0.3296 -0.1221 -0.14282 
0.247314 0.488 0.45288 0.2441 0.122 -0.11230 
0.246704 0.32471 0.47119 0.2197 0.854 -0.7690 
0.244141 0.32471 0.45532 0.3906 -0.732 -0.3662 
0.244141 0.33936 0.44067 0.3540 -0.1465 0.366 
0.243774 0.34668 0.44312 0.610 -0.1953 0.3540 
0.244385 0.35645 0.44312 0.122 -0.2808 0.6104 
0.245605 0.38208 0.48340 0.5737 -0.4272 0.8545 
0.245483 0.38330 0.52246 0.13916 -0.6714 0.9888 
0.247681 0.38330 0.48828 0.16113 -0.7813 0.9766 
0.251953 0.37109 0.42847 0.16113 -0.7324 0.7935 
0.257202 0.34912 0.36987 0.13672 -0.6592 0.4150 
0.263428 0.32593 0.32227 0.8057 -0.7080 -0.1465 
0.270752 0.31250 0.27954 0.122 -0.7080 -0.9277 
0.279175 0.31006 0.23071 -0.7690 -0.9888 -0.21240 
0.288696 0.27710 0.20264 -0.13306 -0.14648 -0.8667 
0.299683 0.18433 0.17700 -0.20386 -0.24536 -0.39917 
0.309570 0.7935 0.16724 -0.27100 -0.37476 -0.63599 
0.323486 -0.244 0.20996 -0.33691 -0.50049 -0.92773 
0.341797 -0.1709 0.25513 -0.43213 -0.59692 -0.125366 
0.320068 -0.1099 0.29907 -0.50781 -0.65063 -0.163330 
0.351318 0.244 0.33203 -0.53833 -0.68726 -0.207397 
0.344482 0.5737 0.28320 -0.50781 -0.69092 -0.248779 
0.330933 0.7935 0.18188 -0.46387 -0.67871 -0.284546 
0.315308 0.7935 0.6836 -0.45654 -0.61401 -0.314209 
0.298218 0.10742 -0.488 -0.51880 -0.50049 -0.335815 
0.285767 0.13306 -0.1831 -0.66772 -0.35767 -0.351807 
0.277954 0.17578 -0.30029 -0.84351 -0.19897 -0.365112 
0.272095 0.22461 0.1221 -0.96802 -0.5615 -0.378174 
0.263428 0.28687 0.6348 -0.101685 0.5249 -0.391480 
0.246216 0.38452 0.7935 -0.101807 0.13306 -0.399292 
0.223267 0.51025 0.6836 -0.101807 0.17456 -0.397217 
0.201416 0.64331 0.3052 -0.104614 0.19897 -0.385620 
0.183472 0.77393 0.2197 -0.111328 0.21851 -0.368042 
0.172241 0.89355 0.6714 -0.121582 0.21851 -0.348267 
0.167969 0.99609 0.12817 -0.131104 0.24536 -0.330566 
0.164795 0.108154 0.17700 -0.134521 0.28931 -0.315674 
0.158447 0.117920 0.20996 -0.133423 0.36133 -0.332031 
0.147827 0.127930 0.22949 -0.132568 0.46387 -0.300781 
0.135010 0.138306 0.25757 -0.133789 0.57007 -0.283569 
0.153809 0.148926 0.31372 -0.137329 0.65430 -0.263184 
0.112915 0.157715 0.37354 -0.139404 0.70801 -0.239502 
0.112915 0.164307 0.41016 -0.136841 0.72876 -0.214111 
0.106323 0.169189 0.41748 -0.131104 0.72876 -0.189331 
0.98022 0.173462 0.41992 -0.126343 0.72510 -0.164063 
0.88501 0.173462 0.42480 -0.125366 0.71533 -0.135864 
0.81177 0.177734 0.46387 -0.127319 0.69824 -0.105225 
0.75562 0.181152 0.55298 -0.131470 0.67261 -0.73608 
0.72144 0.184204 0.34546 -0.134155 0.63843 -0.40771 
0.70679 0.186279 0.65796 -0.132202 0.58960 -0.6470 
0.71655 0.186157 0.75928 -0.127197 0.54321 0.28076 
0.75073 0.184937 0.85083 -0.152588 0.52246 0.62256 
0.79834 0.182617 0.92285 -0.121338 0.53223 0.96069 
0.81909 0.179932 0.94971 -0.113525 0.54443 0.130005 
0.78613 0.179077 0.95825 -0.106201 0.51147 0.168091 
0.73364 0.176758 0.96802 -0.105835 0.51147 0.211792 
0.68237 0.171021 0.98877 -0.111572 0.42358 0.258911 
0.67749 0.161133 0.101807 -0.116211 0.28687 0.274658 
0.76660 0.149902 0.101318 -0.113892 0.13550 0.285278 
0.87036 0.136597 0.95825 -0.105103 0.732 0.347778 
0.99365 0.124878 0.88867 -0.96313 -0.2197 0.381348 
0.101440 0.111938 0.90088 -0.98633 0.5371 0.399780 
0.101440 0.91431 0.95581 -0.104004 0.11963 0.423462 
0.101440 0.71655 0.99976 -0.103271 0.14160 0.447876 
0.109253 0.52734 0.101196 -0.98267 0.18921 0.471924 
0.122314 0.31982 0.110840 -0.97534 0.26978 0.492065 
0.141968 0.31982 0.128540 -0.103394 0.37354 0.505615 
0.168701 0.12207 0.144287 -0.105591 0.53223 0.510986 
0.195068 -0.854 0.125488 -0.99976 0.67749 0.508057 
0.210815 -0.8667 0.162231 -0.92041 0.74829 0.499756 
0.213257 -0.14038 0.162231 -0.82764 0.76538 0.493897 
0.204102 -0.19165 0.160645 -0.73242 0.73975 0.494385 
0.191772 -0.28809 0.150635 -0.68237 0.69702 0.498535 
0.181519 -0.41992 0.140503 -0.68237 0.64331 0.503662 
0.185181 -0.58105 0.135010 -0.71411 0.60181 0.506470 
0.201294 -0.76538 0.133911 -0.76172 0.56763 0.500000 
0.227417 -0.94727 0.137695 -0.77515 0.53833 0.481812 
0.260620 -0.110229 0.141846 -0.78003 0.53833 0.450928 
0.287598 -0.121338 0.143677 -0.78979 0.53345 0.441040 
0.303101 -0.129150 0.142944 -0.82520 0.53589 0.426758 
0.307129 -0.136230 0.140625 -0.88867 0.53345 0.364258 
0.303955 -0.140015 0.136841 -0.95703 0.53467 0.318848 
0.296997 -0.141846 0.133301 -0.103638 0.54443 0.277222 
0.288818 -0.142578 0.130981 -0.114502 0.53223 0.239990 
0.288818 -0.142944 0.129761 -0.126709 0.47607 0.206787 
0.281006 -0.145264 0.129639 -0.138062 0.38696 0.176025 
0.274292 -0.148438 0.132813 -0.148193 0.28320 0.147217 
0.275391 -0.152954 0.139404 -0.158081 0.17822 0.118896 
0.287598 -0.152954 0.147583 -0.166870 0.9277 0.86792 
0.306519 -0.157715 0.154175 -0.170410 0.5127 0.47607 
0.323975 -0.160278 0.156128 -0.168213 0.6226 0.1709 
0.330566 -0.163940 0.156128 -0.162109 0.11597 -0.49683 
0.321533 -0.165649 0.152588 -0.155151 0.19409 -0.100342 
0.302368 -0.163330 0.146118 -0.150757 0.27100 -0.143677 
0.278198 -0.158569 0.141357 -0.150757 0.31494 -0.175781 
0.256836 -0.151489 0.141235 -0.151245 0.30151 -0.196655 
0.244873 -0.142822 0.145264 -0.153198 0.24292 -0.211060 
0.240601 -0.135132 0.152588 -0.151611 0.15991 -0.223389 
0.243286 -0.129150 0.160156 -0.145020 0.15991 -0.237305 
0.250366 -0.125977 0.164917 -0.133057 0.8789 -0.225098 
0.259521 -0.124023 0.164429 -0.116943 0.4028 -0.280640 
0.264893 -0.120972 0.157959 -0.97656 0.3662 -0.280640 
0.258423 -0.118896 0.144897 -0.78125 0.6836 -0.308594 
0.236938 -0.114136 0.131104 -0.63354 0.11353 -0.336914 
0.246826 -0.104614 0.123657 -0.60791 0.13794 -0.357544 
0.215576 -0.93140 0.123291 -0.69336 0.14282 -0.364380 
0.203980 -0.80444 0.127197 -0.75439 0.13306 -0.364136 
0.195923 -0.67261 0.132813 -0.72510 0.9155 -0.361328 
0.188965 -0.85571 0.136353 -0.64331 0.3052 -0.354614 
0.185181 -0.54321 0.136963 -0.54810 -0.1587 -0.344238 
0.179932 -0.43091 0.135620 -0.44434 -0.3662 -0.332275 
0.167847 -0.31006 0.132690 -0.35522 -0.6714 -0.315918 
0.151123 -0.16113 0.132690 -0.30518 -0.11230 -0.289917 
0.137207 -0.1099 0.129272 -0.27222 -0.15869 -0.256348 
0.129517 0.11719 0.128296 -0.21729 -0.20508 -0.218872 
0.129639 0.20630 0.127441 -0.11719 -0.25269 -0.181641 
0.137329 0.24536 0.125000 -0.11719 -0.29175 -0.148438 
0.151978 0.24902 0.122070 -0.610 -0.29541 -0.121582 
0.169556 0.23071 0.116821 0.7690 -0.27100 -0.103638 
0.184204 0.20508 0.110962 0.13550 -0.27100 -0.91431 
0.192993 0.18799 0.103516 0.16479 -0.22339 -0.82031 
0.197388 0.18555 0.96680 0.15991 -0.16724 -0.73120 
0.198242 0.19043 0.93140 0.10376 -0.12085 -0.73120 
0.197998 0.20386 0.93994 0.2930 -0.9521 -0.63110 
0.197998 0.22705 0.97656 -0.1831 -0.9033 -0.51636 
0.199341 0.24170 0.101440 -0.977 -0.9399 -0.38818 
