0.252930 0.23560 0.29785 0.3174 -0.19287 -0.15137 
0.253540 0.23560 0.28442 -0.4883 -0.11108 -0.14404 
0.249634 0.24292 0.29175 -0.11719 -0.4272 -0.12329 
0.248657 0.25146 0.28931 -0.14038 -0.122 -0.9766 
0.248413 0.25757 0.28931 -0.14160 0.1343 -0.7324 
0.246826 0.26733 0.29541 -0.12451 -0.488 -0.3906 
0.245728 0.26978 0.29663 -0.9277 -0.4272 -0.732 
0.246338 0.26611 0.28809 -0.6836 -0.7935 0.732 
0.247681 0.25757 0.28809 -0.6836 -0.10498 0.610 
0.248169 0.25146 0.28564 -0.4517 -0.10132 -0.366 
0.247559 0.25269 0.28931 -0.3052 -0.7080 -0.1709 
0.248169 0.26245 0.31616 -0.1587 -0.7080 -0.4395 
0.250732 0.26855 0.33447 0.1587 -0.2319 -0.9033 
0.252319 0.27222 0.34424 0.5005 0.3174 -0.14404 
0.254150 0.27466 0.35522 0.8423 0.7324 -0.19165 
0.256104 0.27344 0.36865 0.12695 0.9521 -0.19165 
0.257813 0.26611 0.38818 0.16968 0.9277 -0.23193 
0.260376 0.26245 0.40649 0.21729 0.6836 -0.25879 
0.260254 0.25757 0.41870 0.26001 0.3174 -0.26855 
0.260254 0.25269 0.31616 0.28809 -0.1221 -0.26855 
0.259033 0.27100 0.34180 0.16724 -0.6226 -0.24658 
0.246460 0.366 0.31494 0.7202 -0.13184 -0.13306 
0.231934 0.31616 0.25757 -0.1831 -0.17456 0.5249 
0.225464 0.34180 0.27344 -0.16479 -0.19531 0.22705 
0.226318 0.35522 0.30762 -0.24658 -0.21606 0.36133 
0.228638 0.35522 0.2441 -0.28809 -0.22949 0.45898 
0.233276 0.35400 0.33691 -0.33081 -0.22705 0.51758 
0.239258 0.34912 0.37598 -0.35889 -0.21484 0.54321 
0.244385 0.34668 0.41504 -0.35889 -0.20508 0.54810 
0.246094 0.34546 0.43579 -0.35889 -0.20142 0.55420 
0.245361 0.34180 0.43945 -0.34424 -0.20874 0.57129 
0.244751 0.33203 0.43213 -0.33081 -0.23438 0.59692 
0.245361 0.31616 0.42847 -0.31860 -0.23438 0.62134 
0.248901 0.29785 0.43579 -0.30762 -0.28198 0.63965 
0.255005 0.26978 0.43823 -0.29663 -0.34790 0.63477 
0.260864 0.23682 0.43457 -0.28564 -0.42236 0.91919 
0.265625 0.20020 0.42236 -0.27588 -0.49438 0.60669 
0.270264 0.16724 0.40161 -0.27222 -0.55298 0.56152 
0.274414 0.14038 0.38208 -0.28076 -0.59814 0.50049 
0.278564 0.11597 0.37964 -0.29541 -0.64453 0.41992 
0.278564 0.10010 0.38208 -0.30518 -0.69458 0.32837 
0.284668 0.8057 0.38208 -0.30029 -0.74829 0.21118 
0.290894 0.6470 0.35889 -0.26855 -0.80444 0.6470 
0.297974 0.6470 0.30640 -0.22583 -0.84961 -0.11597 
0.304565 0.3418 0.26123 -0.19043 -0.88257 -0.33813 
0.311035 -0.1099 0.20142 -0.16113 -0.87158 -0.59814 
0.317383 -0.3174 0.16357 -0.13672 -0.83130 -0.89600 
0.315186 -0.4395 0.16357 -0.12939 -0.78369 -0.120117 
0.310303 -0.2686 0.15503 -0.11475 -0.73853 -0.146973 
0.307373 -0.1343 0.14526 -0.7568 -0.70557 -0.171509 
0.308838 -0.1709 0.11230 -0.7568 -0.67139 -0.195923 
0.313721 -0.3418 0.2930 -0.3174 -0.63843 -0.223145 
0.316895 -0.5737 -0.8423 -0.977 -0.91675 -0.252563 
0.316895 -0.7935 -0.19653 -0.4272 -0.60425 -0.282715 
0.309326 -0.9033 -0.27832 -0.14160 -0.55664 -0.311646 
0.292236 -0.2441 -0.30762 -0.27466 -0.50659 -0.301514 
0.271484 0.6470 -0.27832 -0.43091 -0.46875 -0.312744 
0.252319 0.20264 -0.19653 -0.59204 -0.43091 -0.343994 
0.238647 0.35522 -0.9399 -0.70313 -0.38940 -0.345581 
0.232910 0.48584 -0.2808 -0.71899 -0.34546 -0.339722 
0.232422 0.57251 -0.6836 -0.64453 -0.28687 -0.332153 
0.232422 0.61035 -0.19165 -0.53223 -0.19897 -0.326782 
0.232788 0.62866 -0.33203 -0.48096 -0.6958 -0.324341 
0.229370 0.68359 -0.43701 -0.54688 0.9644 -0.322144 
0.219971 0.76538 -0.47485 -0.71777 0.25269 -0.316406 
0.206177 0.76538 -0.43335 -0.93872 0.36621 -0.305298 
0.191162 0.87280 -0.32837 -0.114990 0.43701 -0.288818 
0.178223 0.100220 -0.51636 -0.130493 0.45898 -0.268311 
0.169312 0.113159 -0.20386 -0.139160 0.44922 -0.246338 
0.166382 0.122681 -0.10620 -0.141846 0.43213 -0.226318 
0.164185 0.129761 -0.5005 -0.143311 0.42480 -0.208252 
0.160156 0.135620 -0.2563 -0.143311 0.42725 -0.189697 
0.156494 0.140259 -0.2075 -0.147095 0.41626 -0.170654 
0.150879 0.143555 -0.3296 -0.154053 0.37109 -0.150879 
0.141846 0.148071 -0.4272 -0.164307 0.61157 -0.128662 
0.129883 0.153198 -0.4517 -0.176636 0.29907 -0.102783 
0.117798 0.158203 -0.2930 -0.188965 0.20264 -0.103882 
0.109009 0.161987 0.2808 -0.201172 0.9033 -0.70435 
0.104858 0.166016 0.10986 -0.211670 -0.1709 -0.39185 
0.102783 0.168579 0.19897 -0.217163 -0.10986 -0.2808 
0.101563 0.169556 0.28564 -0.218384 -0.19409 0.35156 
0.101807 0.168457 0.37720 -0.216919 -0.25146 0.74463 
0.101807 0.164673 0.47485 -0.213501 -0.26733 0.114990 
0.102661 0.159180 0.60181 -0.207886 -0.25879 0.156006 
0.106201 0.184448 0.70679 -0.199219 -0.23926 0.197144 
0.110596 0.146362 0.78857 -0.186035 -0.24048 0.238403 
0.115845 0.146362 0.84839 -0.173828 -0.29175 0.278564 
0.126587 0.136963 0.89111 -0.161621 -0.35767 0.314453 
0.143799 0.125732 0.92651 -0.145508 -0.41504 0.340210 
0.164551 0.109131 0.92651 -0.125366 -0.42480 0.352417 
0.181396 0.93872 0.93628 -0.104858 -0.34912 0.356567 
0.196777 0.80078 0.92041 -0.124878 -0.24780 0.355103 
0.210205 0.72754 0.90820 -0.93628 -0.12939 0.348755 
0.212891 0.66162 0.97900 -0.90332 -0.11475 0.349243 
0.214722 0.56396 0.102783 -0.85571 -0.18311 0.353149 
0.218140 0.49194 0.99976 -0.72754 -0.24414 0.358765 
0.222168 0.40649 0.97534 -0.62256 -0.24414 0.364136 
0.229370 0.29785 0.102051 -0.60669 -0.28320 0.367188 
0.238892 0.21851 0.109741 -0.58472 -0.27344 0.367188 
0.244995 0.13916 0.115112 -0.48584 -0.24414 0.367188 
0.243896 0.8057 0.115234 -0.32593 -0.21118 0.363892 
0.233765 0.1465 0.111084 -0.14038 -0.18188 0.361084 
0.220825 -0.8423 0.101563 0.3052 -0.16724 0.363770 
0.242676 -0.20874 0.86182 0.16602 -0.15015 0.372070 
0.211426 -0.34668 0.68604 0.26978 -0.8423 0.382690 
0.205933 -0.47241 0.54321 0.31372 0.610 0.390503 
0.198853 -0.58960 0.48340 0.29053 0.8789 0.398315 
0.197144 -0.58960 0.48584 0.21973 0.14404 0.408447 
0.206177 -0.69092 0.54932 0.13550 0.16357 0.416504 
0.221069 -0.77881 0.60669 0.7080 0.12939 0.419800 
0.238159 -0.90454 0.60669 0.6348 0.6836 0.414307 
0.247925 -0.101563 0.61035 0.10132 -0.1465 0.401611 
0.251831 -0.110107 0.57007 0.15259 -0.5859 0.386597 
0.253784 -0.118042 0.48706 0.17212 -0.2808 0.370239 
0.250855 -0.124146 0.39307 0.17212 0.2197 0.355713 
0.247559 -0.130493 0.32959 0.12939 0.5737 0.343140 
0.249146 -0.136841 0.30273 0.1831 0.8179 0.330078 
0.255249 -0.143311 0.31738 -0.13184 0.8179 0.315308 
0.268555 -0.150146 0.36255 -0.28198 0.10010 0.297607 
0.288696 -0.157105 0.40771 -0.41016 0.12451 0.303833 
0.307129 -0.165894 0.44067 -0.51270 0.15625 0.272583 
0.320557 -0.172852 0.44434 -0.59082 0.20508 0.238281 
0.323853 -0.177979 0.40894 -0.64209 0.28198 0.197144 
0.317017 -0.180664 0.36987 -0.70679 0.36621 0.152710 
0.337036 -0.180786 0.35034 -0.81421 0.43701 0.110107 
0.305786 -0.180054 0.34912 -0.92529 0.47241 0.72144 
0.296631 -0.178711 0.37109 -0.102417 0.46753 0.37964 
0.292847 -0.178589 0.42480 -0.111694 0.44189 0.5615 
0.295288 -0.178589 0.49072 -0.118896 0.41504 -0.27710 
0.303223 -0.176392 0.56519 -0.121826 0.40405 -0.62622 
0.310669 -0.176758 0.61523 -0.121704 0.40527 -0.101074 
0.308838 -0.178467 0.61523 -0.117554 0.42847 -0.142700 
0.295044 -0.176758 0.62988 -0.112793 0.44678 -0.182007 
0.274780 -0.170288 0.61279 -0.110840 0.46265 -0.212524 
0.255005 -0.162842 0.60791 -0.110352 0.46997 -0.234497 
0.241943 -0.151245 0.64453 -0.110352 0.44189 -0.248535 
0.240112 -0.141357 0.69702 -0.109619 0.39063 -0.259521 
0.250000 -0.134033 0.75928 -0.107300 0.34668 -0.272705 
0.264648 -0.126465 0.81299 -0.98999 0.34668 -0.291016 
0.269897 -0.127930 0.81177 -0.85449 0.30640 -0.315918 
0.261597 -0.125977 0.76660 -0.70801 0.28198 -0.338623 
0.248169 -0.123413 0.69214 -0.62744 0.27466 -0.338623 
0.234131 -0.116455 0.62988 -0.62378 0.28564 -0.355957 
0.219727 -0.105225 0.62256 -0.67139 0.30640 -0.366089 
0.243042 -0.93018 0.66284 -0.74097 0.30029 -0.367310 
0.215210 -0.81543 0.74341 -0.79590 0.26367 -0.361084 
0.215210 -0.73120 0.83374 -0.78125 0.22339 -0.354004 
0.224976 -0.64575 0.87524 -0.67505 0.20386 -0.350586 
0.234253 -0.91187 0.87280 -0.51636 0.20996 -0.350342 
0.234009 -0.59937 0.82520 -0.39551 0.21973 -0.352051 
