0.246704 0.5005 0.42358 -0.7446 0.1587 0.122 
0.252319 0.3662 0.42358 -0.5981 0.366 0.4028 
0.255127 0.2319 0.43701 -0.3784 0.1221 0.3296 
0.257446 0.2197 0.45532 -0.610 0.4517 0.244 
0.259277 0.1953 0.46753 -0.28809 0.8667 -0.4517 
0.260620 0.1831 0.47241 0.2441 0.12451 -0.9888 
0.259644 0.1953 0.47363 0.5737 0.13306 -0.14282 
0.256226 0.2930 0.47607 0.9277 0.9888 -0.16479 
0.252441 0.4395 0.46631 0.12817 0.9888 -0.16113 
0.250122 0.5127 0.45288 0.14038 0.4761 -0.13550 
0.248657 0.6104 0.44189 0.13794 -0.366 -0.9644 
0.247192 0.6958 0.43579 0.13062 -0.4639 -0.9644 
0.245117 0.8057 0.42847 0.12207 -0.6836 -0.4761 
0.244507 0.9766 0.42847 0.10864 -0.7202 0.610 
0.246582 0.10620 0.41504 0.10010 -0.7935 0.5127 
0.249512 0.10376 0.41260 0.9155 -0.9277 0.7080 
0.249512 0.9399 0.41138 0.10132 -0.11841 0.6348 
0.253174 0.8667 0.38208 0.12695 -0.15503 0.3418 
0.255127 0.7813 0.34424 0.12695 -0.18311 0.610 
0.254272 0.7813 0.29785 0.9766 -0.17456 -0.1099 
0.250366 0.7568 0.27588 0.1831 -0.12573 -0.244 
0.246948 0.7935 0.28198 -0.7080 -0.6348 0.2319 
0.245850 0.8423 0.28198 -0.13794 0.122 0.4761 
0.245239 0.8545 0.30029 -0.17944 0.5737 0.6836 
0.244629 0.8545 0.32715 -0.17944 0.9644 0.8667 
0.244019 0.8301 0.34912 -0.15869 0.12939 0.10376 
0.243164 0.8301 0.36011 -0.15869 0.15137 0.13306 
0.243286 0.8301 0.39673 -0.13428 0.14893 0.16602 
0.243042 0.6592 0.40283 -0.8301 0.15503 0.20508 
0.243774 0.6348 0.40283 -0.5981 0.15503 0.25391 
0.245728 0.10132 0.44556 -0.5615 0.15381 0.30396 
0.245728 0.6958 0.49683 0.854 0.12695 0.3052 
0.247559 0.6348 0.49927 0.10376 0.7690 0.34302 
0.254639 0.4761 0.47485 0.15015 0.4150 0.37231 
0.264038 0.3052 0.44800 0.15503 0.2197 0.36865 
0.271729 0.1587 0.41382 0.13916 0.1831 0.31738 
0.276611 0.732 0.39307 0.9888 0.3052 0.21973 
0.276611 -0.366 0.38574 0.3662 0.4883 0.9644 
0.279175 -0.2319 0.38086 -0.1099 0.5371 -0.4272 
0.281128 -0.4883 0.35522 -0.2075 0.3906 -0.18921 
0.284302 -0.4883 0.30396 -0.1709 0.732 -0.34424 
0.290527 -0.7446 0.25391 -0.3906 -0.3418 -0.51880 
0.299316 -0.10986 0.24170 -0.11108 -0.7935 -0.73242 
0.310425 -0.15747 0.26611 -0.20020 -0.12939 -0.99609 
0.322388 -0.19653 0.26611 -0.25269 -0.16113 -0.130371 
0.330200 -0.22339 0.27832 -0.25269 -0.17578 -0.164917 
0.331421 -0.24170 0.26245 -0.25024 -0.17212 -0.200562 
0.329956 -0.26123 0.23315 -0.25024 -0.13916 -0.235230 
0.329712 -0.26855 0.18066 -0.26611 -0.8423 -0.270020 
0.328247 -0.29541 0.12207 -0.28442 -0.1587 -0.307373 
0.324463 -0.30151 0.6226 -0.31738 -0.1587 -0.345093 
0.313232 -0.28442 0.122 -0.37231 0.8667 -0.379272 
0.290527 -0.23438 -0.3540 -0.45288 0.21973 -0.405640 
0.265381 -0.15137 -0.2686 -0.57373 0.34668 -0.388916 
0.246460 -0.1709 0.2197 -0.72632 0.47607 -0.420166 
0.235596 0.10010 0.7813 -0.87524 0.60425 -0.423950 
0.229248 0.19653 0.14526 -0.98633 0.70679 -0.423950 
0.226440 0.29541 0.21729 -0.106079 0.80322 -0.423584 
0.226440 0.38452 0.27710 -0.110107 0.90454 -0.422363 
0.224243 0.45532 0.26001 -0.112061 0.98389 -0.421753 
0.221191 0.50903 0.19165 -0.113647 0.104370 -0.421997 
0.213989 0.50903 0.17212 -0.120605 0.109619 -0.423096 
0.198730 0.59937 0.24170 -0.136353 0.114502 -0.419189 
0.179077 0.76294 0.7446 -0.153442 0.117310 -0.404907 
0.159180 0.94482 0.53345 -0.162598 0.114746 -0.381958 
0.142822 0.111938 0.53345 -0.161011 0.108032 -0.353272 
0.132813 0.125610 0.64697 -0.185669 0.99121 -0.322876 
0.128418 0.134155 0.71533 -0.147217 0.89966 -0.293579 
0.128296 0.139160 0.73120 -0.147217 0.81299 -0.267212 
0.127686 0.142334 0.70679 -0.141113 0.72388 -0.243774 
0.123413 0.145386 0.67261 -0.139404 0.92285 -0.220581 
0.114624 0.151367 0.68115 -0.144287 0.61035 -0.194458 
0.101196 0.160400 0.74463 -0.154175 0.45532 -0.163940 
0.84229 0.170898 0.84106 -0.161987 0.25024 -0.159302 
0.66528 0.180542 0.93994 -0.162720 0.732 -0.148193 
0.51880 0.188599 0.100220 -0.156616 -0.23315 -0.85693 
0.41138 0.192871 0.101563 -0.144897 -0.42358 -0.37720 
0.35034 0.192017 0.99976 -0.131348 -0.54443 0.13184 
0.35400 0.186157 0.97656 -0.119873 -0.59326 0.65674 
0.35400 0.177246 0.95093 -0.111084 -0.56641 0.116943 
0.41138 0.167603 0.92041 -0.103882 -0.49805 0.166138 
0.48950 0.159180 0.90088 -0.98389 -0.41260 0.211914 
0.55908 0.159180 0.91309 -0.95093 -0.31372 0.253174 
0.61157 0.151733 0.93628 -0.88623 -0.20630 0.289673 
0.63232 0.143799 0.66284 -0.79956 -0.8545 0.323120 
0.67627 0.133301 0.105591 -0.77637 0.8057 0.353760 
0.70190 0.123047 0.105591 -0.80688 0.25757 0.382202 
0.88501 0.108276 0.117920 -0.83496 0.42969 0.410400 
0.103394 0.91675 0.136719 -0.82764 0.51270 0.440552 
0.123047 0.75195 0.148193 -0.82764 0.51025 0.463501 
0.139648 0.62622 0.155640 -0.78857 0.45532 0.483154 
0.148682 0.47363 0.163452 -0.79346 0.37231 0.501831 
0.156738 0.31494 0.173218 -0.84106 0.60547 0.519653 
0.167236 0.15625 0.180420 -0.84961 0.29297 0.532959 
0.176147 -0.366 0.182373 -0.75928 0.22339 0.539307 
0.178955 -0.15137 0.178955 -0.60547 0.19409 0.542481 
0.177368 -0.27954 0.170410 -0.45410 0.21973 0.542481 
0.171631 -0.41626 0.158081 -0.33203 0.26733 0.544678 
0.163574 -0.57739 0.144287 -0.25635 0.32104 0.547119 
0.165527 -0.76782 0.135498 -0.26245 0.37720 0.551147 
0.165527 -0.95337 0.134644 -0.38452 0.43213 0.556030 
0.188721 -0.114746 0.138428 -0.58838 0.47607 0.554443 
0.224731 -0.97168 0.143311 -0.77637 0.48584 0.536255 
0.257202 -0.136597 0.144531 -0.89844 0.46753 0.503662 
0.281372 -0.136597 0.141113 -0.96558 0.46997 0.462524 
0.292358 -0.141846 0.137329 -0.104980 0.50171 0.416016 
0.287476 -0.145142 0.135254 -0.117798 0.54688 0.371826 
0.276245 -0.145142 0.135254 -0.130493 0.57129 0.335449 
0.265137 -0.143311 0.134033 -0.140991 0.55054 0.305054 
0.252930 -0.144409 0.131958 -0.148315 0.50293 0.278198 
0.243164 -0.148315 0.129028 -0.148315 0.45166 0.256470 
0.249268 -0.155151 0.126831 -0.155151 0.41626 0.234863 
0.268555 -0.165161 0.127197 -0.164551 0.39185 0.205322 
0.293457 -0.175049 0.130371 -0.173950 0.38696 0.165527 
0.311646 -0.181641 0.134155 -0.181030 0.38696 0.116577 
0.318970 -0.183472 0.139282 -0.185059 0.39917 0.95337 
0.318604 -0.185303 0.143921 -0.183838 0.42847 0.71899 
0.306763 -0.185547 0.146240 -0.174805 0.48706 0.9399 
0.287354 -0.181152 0.146240 -0.161743 0.54932 -0.44556 
0.267700 -0.174561 0.146118 -0.148682 0.59204 -0.90698 
0.256104 -0.167603 0.148315 -0.138428 0.59448 -0.126953 
0.256104 -0.162231 0.153320 -0.131592 0.55908 -0.154907 
0.254883 -0.160278 0.160645 -0.124146 0.49561 -0.180054 
0.265015 -0.160522 0.165894 -0.112793 0.43091 -0.208130 
0.280884 -0.166016 0.163574 -0.96680 0.39063 -0.244385 
0.285400 -0.166016 0.154785 -0.77881 0.36621 -0.291138 
0.272217 -0.165405 0.142334 -0.62256 0.32227 -0.337524 
0.252563 -0.159912 0.130737 -0.53223 0.27588 -0.374023 
0.237671 -0.152832 0.130737 -0.52490 0.23926 -0.401978 
0.225586 -0.144043 0.123169 -0.57861 0.20020 -0.422607 
0.213135 -0.134888 0.121948 -0.33447 0.13428 -0.435791 
0.206177 -0.125000 0.127075 -0.69336 0.5859 -0.442627 
0.203003 -0.114258 0.132935 -0.69336 0.00 -0.446777 
0.194946 -0.102905 0.136108 -0.68848 0.26611 -0.447632 
0.179565 -0.92163 0.135742 -0.62866 -0.8423 -0.442139 
0.157349 -0.79590 0.132324 -0.54688 -0.8423 -0.426880 
0.132202 -0.58960 0.130615 -0.50781 -0.9766 -0.394531 
0.112549 -0.37354 0.131348 -0.54565 -0.9644 -0.380859 
0.103882 -0.17822 0.134033 -0.58350 -0.9277 -0.349609 
0.105591 -0.3662 0.136108 -0.53711 -0.9033 -0.299316 
0.115967 0.4272 0.135132 -0.41138 -0.8667 -0.250122 
0.100952 0.7324 0.131104 -0.26611 -0.7080 -0.206177 
0.150879 0.8057 0.126221 -0.14771 -0.3540 -0.170044 
0.150879 0.8301 0.121948 -0.7080 0.1953 -0.143066 
0.168335 0.7690 0.118286 -0.2563 0.8545 -0.124268 
0.180298 0.8301 0.114868 0.122 0.13916 -0.111694 
0.186157 0.8301 0.113037 0.1099 0.15869 -0.101074 
0.187988 0.10742 0.112793 -0.854 0.14038 -0.88989 
0.188355 0.12939 0.114502 -0.3540 0.9399 -0.75439 
0.189941 0.14404 0.114502 -0.4028 0.4517 -0.61768 
