0.253174 0.21240 0.53101 0.366 -0.1831 0.4761 
0.254150 0.21606 0.51758 0.610 -0.122 0.4761 
0.251709 0.21606 0.49927 -0.488 0.2075 0.4883 
0.247803 0.22583 0.47241 -0.3052 0.4517 0.8179 
0.242676 0.23804 0.44189 -0.8545 0.7935 0.15015 
0.240234 0.23926 0.44312 -0.15503 0.12695 0.21606 
0.242065 0.23071 0.44312 -0.18799 0.15259 0.24170 
0.247437 0.21606 0.46875 -0.15381 0.14648 0.21240 
0.252808 0.20020 0.50415 -0.7568 0.12085 0.14160 
0.255493 0.17944 0.53589 -0.7568 0.9521 0.5127 
0.255371 0.16724 0.55176 0.1953 0.6226 -0.4395 
0.256836 0.16846 0.55786 0.11353 0.1343 -0.14404 
0.259277 0.17822 0.57495 0.20142 0.28809 -0.24048 
0.259521 0.18677 0.58350 0.28076 -0.2441 -0.31494 
0.258057 0.19775 0.57861 0.33447 -0.4272 -0.36377 
0.254883 0.20752 0.56030 0.35645 -0.5249 -0.37720 
0.252686 0.21484 0.52856 0.33691 -0.4639 -0.37720 
0.254639 0.21973 0.51392 0.27588 -0.3174 -0.36499 
0.252319 0.21973 0.49438 0.21729 -0.3052 -0.35889 
0.250855 0.23071 0.47485 0.15991 -0.1953 -0.32349 
0.250855 0.23560 0.47607 0.10132 -0.2686 -0.25879 
0.249390 0.24292 0.43945 0.8057 -0.4272 -0.19897 
0.247070 0.25146 0.43823 0.2930 -0.4272 -0.14038 
0.247192 0.25879 0.43091 0.00 -0.4639 -0.10254 
0.248535 0.25879 0.43945 -0.977 -0.4272 -0.8423 
0.249023 0.29541 0.45776 -0.854 -0.4639 -0.4272 
0.246826 0.28809 0.45410 0.366 -0.4883 -0.1709 
0.246826 0.29419 0.45410 -0.122 -0.4639 -0.732 
0.247070 0.32104 0.47485 0.610 -0.4761 0.122 
0.245605 0.33447 0.46631 0.29175 -0.4883 0.122 
0.246094 0.35156 0.43945 -0.2075 -0.3662 0.244 
0.247803 0.34912 0.43335 -0.7568 -0.2930 0.366 
0.251587 0.32837 0.43823 -0.9766 -0.3174 -0.1465 
0.258545 0.30151 0.43335 -0.5493 -0.4639 -0.7080 
0.265137 0.27710 0.41870 0.2808 -0.4639 -0.16968 
0.267212 0.26367 0.40283 0.11963 -0.6836 -0.28198 
0.266968 0.26489 0.37964 0.20874 -0.9277 -0.7813 
0.266235 0.25513 0.35278 0.29053 -0.11841 -0.39063 
0.267212 0.24048 0.36377 0.32593 -0.13184 -0.50049 
0.274536 0.22217 0.39673 0.31982 -0.14404 -0.60059 
0.256104 0.20508 0.39673 0.34180 -0.15259 -0.71533 
0.287354 0.17090 0.36743 0.39063 -0.16357 -0.89111 
0.298218 0.13428 0.32593 0.42847 -0.15137 -0.111816 
0.298584 0.13062 0.27222 0.42480 -0.10254 -0.133301 
0.303711 0.13306 0.26123 0.35767 -0.4395 -0.155396 
0.307861 0.13306 0.25391 0.27466 0.1343 -0.179321 
0.312256 0.13428 0.23682 0.20508 0.6348 -0.204956 
0.314575 0.13672 0.20874 0.13550 0.10498 -0.233398 
0.314941 0.15381 0.20874 0.2319 0.14038 -0.263428 
0.304932 0.16113 0.17212 -0.10254 0.17700 -0.291992 
0.289551 0.19775 0.19775 -0.23926 0.19531 -0.313477 
0.276245 0.25635 0.24170 -0.23926 0.20508 -0.326660 
0.267334 0.33447 0.27100 -0.36255 0.19897 -0.335571 
0.260986 0.40405 0.26978 -0.46631 0.17700 -0.342773 
0.253418 0.46021 0.23438 -0.56763 0.15869 -0.348267 
0.243530 0.51270 0.19409 -0.67139 0.15869 -0.350952 
0.235962 0.54932 0.14404 -0.79224 0.13306 -0.352539 
0.230469 0.56885 0.11719 -0.95703 0.10010 -0.353638 
0.227539 0.61157 0.13916 -0.116699 0.9033 -0.353638 
0.220703 0.65674 0.17944 -0.135986 0.10010 -0.354492 
0.207397 0.73975 0.22339 -0.149536 0.12207 -0.356934 
0.190674 0.85205 0.25513 -0.159302 0.14160 -0.357544 
0.204834 0.95703 0.27710 -0.167725 0.15259 -0.353516 
0.173584 0.107422 0.30640 -0.175415 0.16602 -0.345093 
0.158325 0.117676 0.36011 -0.182983 0.17700 -0.332153 
0.143799 0.95459 0.42114 -0.188965 0.17822 -0.316284 
0.132935 0.126709 0.46631 -0.191406 0.18188 -0.297607 
0.123535 0.136108 0.48218 -0.189087 0.20996 -0.277588 
0.113403 0.145142 0.47485 -0.183228 0.27588 -0.257080 
0.99243 0.153687 0.47485 -0.177612 0.37720 -0.234375 
0.83130 0.163208 0.46631 -0.173950 0.49561 -0.206909 
0.66284 0.172363 0.47119 -0.172730 0.58960 -0.174561 
0.51758 0.182373 0.50537 -0.173828 0.62378 -0.136353 
0.40649 0.188843 0.57495 -0.173828 0.58838 -0.93384 
0.32593 0.191284 0.67993 -0.175415 0.51270 -0.46509 
0.28564 0.190308 0.80200 -0.175537 0.43213 0.2075 
0.29907 0.185181 0.92041 -0.172485 0.43213 0.48828 
0.33936 0.177734 0.100952 -0.166138 0.38330 0.92896 
0.37476 0.171143 0.107056 -0.157959 0.37842 0.73730 
0.38208 0.166016 0.114990 -0.151367 0.40894 0.136230 
0.38818 0.163574 0.124756 -0.149536 0.46753 0.181396 
0.45288 0.160156 0.131226 -0.149902 0.51025 0.230347 
0.58472 0.152588 0.135742 -0.150757 0.49438 0.278931 
0.39429 0.143066 0.142090 -0.154175 0.40161 0.321777 
0.70679 0.132080 0.149780 -0.158203 0.29663 0.358032 
0.90332 0.149536 0.158813 -0.162720 0.18066 0.379883 
0.114136 0.99976 0.171631 -0.159546 0.9766 0.395874 
0.122070 0.99976 0.175781 -0.145508 -0.2319 0.410522 
0.131226 0.84351 0.170654 -0.123901 -0.8423 0.421631 
0.136475 0.72632 0.160522 -0.107056 -0.6958 0.432251 
0.137695 0.59937 0.160522 -0.101563 -0.122 0.442993 
0.137573 0.47363 0.151245 -0.104858 0.9277 0.455078 
0.137817 0.36499 0.146118 -0.110352 0.18799 0.469849 
0.138916 0.25635 0.144653 -0.116821 0.23804 0.485474 
0.142822 0.12695 0.147827 -0.116821 0.24292 0.501099 
0.156372 -0.4395 0.157105 -0.124512 0.25635 0.512817 
0.177368 -0.22217 0.171265 -0.128296 0.27222 0.515869 
0.204590 -0.39307 0.184448 -0.125488 0.27222 0.507080 
0.226196 -0.52612 0.188355 -0.114746 0.29419 0.489014 
0.238281 -0.64087 0.179932 -0.98877 0.31372 0.496826 
0.244141 -0.74585 0.163940 -0.86304 0.32959 0.438110 
0.250732 -0.82886 0.148926 -0.83130 0.35889 0.438110 
0.254395 -0.96069 0.135742 -0.88623 0.40771 0.409180 
0.257446 -0.103882 0.127197 -0.99243 0.43579 0.376709 
0.260010 -0.110107 0.122192 -0.115112 0.42847 0.347046 
0.260010 -0.114624 0.121094 -0.133545 0.38574 0.319214 
0.256592 -0.118652 0.125366 -0.151733 0.29419 0.294434 
0.251709 -0.124268 0.134033 -0.166626 0.17944 0.274292 
0.252319 -0.124268 0.145142 -0.176270 0.6592 0.255493 
0.265259 -0.131348 0.155151 -0.180298 -0.1343 0.231567 
0.287964 -0.140625 0.128174 -0.177002 -0.3296 0.197144 
0.308228 -0.150024 0.156494 -0.170044 0.610 0.152710 
0.316406 -0.158813 0.156494 -0.165894 0.9766 0.104004 
0.316772 -0.161621 0.150635 -0.165649 0.21484 0.57495 
0.313965 -0.161621 0.146484 -0.167969 0.31494 0.12939 
0.309570 -0.161255 0.147095 -0.167969 0.36499 -0.29907 
0.305420 -0.161499 0.152832 -0.169922 0.36743 -0.71045 
0.303589 -0.160767 0.161133 -0.167480 0.34302 -0.111572 
0.305176 -0.160400 0.167603 -0.158691 0.34302 -0.154663 
0.306152 -0.163330 0.170288 -0.143188 0.31128 -0.201416 
0.300781 -0.165894 0.166992 -0.124512 0.29297 -0.217163 
0.286499 -0.165283 0.156738 -0.105713 0.29541 -0.228394 
0.265991 -0.160522 0.144409 -0.90332 0.30640 -0.290894 
0.247314 -0.149902 0.137695 -0.84961 0.30640 -0.324585 
0.232544 -0.137207 0.138428 -0.89355 0.28931 -0.346802 
0.222534 -0.124878 0.145508 -0.95703 0.23804 -0.360596 
0.222534 -0.112549 0.155396 -0.96191 0.16357 -0.369507 
0.216797 -0.100342 0.161377 -0.87158 0.10132 -0.375732 
0.213867 -0.122192 0.163208 -0.72510 0.5249 -0.381226 
0.212036 -0.90942 0.160522 -0.57739 0.3052 -0.387451 
0.208008 -0.83374 0.154175 -0.44678 0.3052 -0.393433 
0.199829 -0.76050 0.147095 -0.34302 0.2930 -0.397827 
0.187866 -0.65186 0.143921 -0.28564 0.1831 -0.396484 
0.175659 -0.50537 0.143921 -0.28931 -0.732 -0.387085 
0.164551 -0.34546 0.145020 -0.29541 -0.4639 -0.371094 
0.155640 -0.20264 0.147949 -0.24902 -0.10132 -0.350830 
0.148560 -0.7080 0.148438 -0.24902 -0.16479 -0.327393 
0.143311 0.4028 0.146606 -0.15259 -0.20996 -0.301392 
0.139160 0.12939 0.142090 -0.4150 -0.21851 -0.273071 
0.136230 0.20874 0.136230 0.6226 -0.21851 -0.243408 
0.136108 0.28442 0.132690 0.12207 -0.20020 -0.212646 
0.139648 0.34912 0.131714 0.13550 -0.17212 -0.213745 
0.145630 0.39551 0.130737 0.14404 -0.15259 -0.186279 
0.152100 0.43335 0.129150 0.17822 -0.14648 -0.155029 
0.160034 0.46021 0.127197 0.20996 -0.15869 -0.130859 
0.168579 0.46753 0.125488 0.21973 -0.17822 -0.110107 
0.176270 0.47241 0.123535 0.21606 -0.19409 -0.93506 
0.176270 0.47485 0.120605 0.21484 -0.19287 -0.80078 
0.182739 0.47729 0.118408 0.20264 -0.19287 -0.70313 
0.185913 0.47852 0.117676 0.16968 -0.18188 -0.61279 
