0.254395 0.25024 0.29175 -0.15747 0.6348 0.20142 
0.256592 0.23315 0.28198 -0.17456 0.5615 0.18555 
0.256958 0.22583 0.29541 -0.19531 0.5005 0.18311 
0.257446 0.21484 0.30029 -0.19531 0.5249 0.17456 
0.259521 0.19897 0.30518 -0.21362 0.7202 0.15991 
0.261719 0.18066 0.30884 -0.23193 0.10132 0.13794 
0.261963 0.16479 0.31616 -0.23926 0.12817 0.11353 
0.261841 0.15381 0.30640 -0.22949 0.12817 0.8179 
0.261353 0.14771 0.29175 -0.22217 0.14893 0.5371 
0.257935 0.13428 0.27100 -0.22095 0.16602 0.3540 
0.255493 0.12939 0.23682 -0.22461 0.16968 0.3540 
0.257080 0.12817 0.24048 -0.23682 0.16235 0.2197 
0.258911 0.13672 0.28564 -0.22827 0.13794 0.122 
0.260864 0.14771 0.35889 -0.17822 0.8179 -0.1831 
0.260864 0.17090 0.37476 -0.7202 -0.2441 -0.5493 
0.268188 0.15625 0.31372 -0.3662 -0.13672 -0.12939 
0.268799 0.16479 0.32471 -0.11475 -0.19409 -0.20386 
0.264038 0.21484 0.41870 -0.12451 -0.25513 -0.22461 
0.249512 0.21484 0.41016 -0.1221 -0.35400 -0.14771 
0.240601 0.27222 0.35156 0.5249 -0.39551 -0.4761 
0.234863 0.30884 0.32471 0.610 -0.37476 0.5249 
0.230225 0.32715 0.32471 -0.122 -0.32471 0.14648 
0.227051 0.33447 0.29785 0.2319 -0.26123 0.23315 
0.226685 0.33447 0.24536 0.00 -0.18555 0.30884 
0.226929 0.32837 0.21240 0.00 -0.11963 0.38208 
0.227539 0.32227 0.21362 -0.5249 -0.8301 0.45654 
0.229004 0.31616 0.23682 -0.9521 -0.7690 0.52856 
0.232788 0.30151 0.28687 -0.13184 -0.8789 0.59082 
0.239014 0.28076 0.35034 -0.15259 -0.8789 0.62866 
0.247681 0.24658 0.41016 -0.14282 -0.10986 0.63477 
0.258423 0.20020 0.45532 -0.10620 -0.13550 0.91553 
0.271484 0.14893 0.48340 -0.5615 -0.14893 0.60303 
0.285278 0.10376 0.49072 -0.610 -0.15137 0.52490 
0.296631 0.5859 0.47485 0.3906 -0.14526 0.40161 
0.304932 0.854 0.42847 0.7202 -0.14282 0.24170 
0.282471 -0.2686 0.35034 0.9033 -0.15503 0.5371 
0.313721 -0.7446 0.25635 0.8057 -0.18311 -0.15747 
0.320557 -0.13672 0.18066 0.3174 -0.22827 -0.40405 
0.327026 -0.17822 0.11719 -0.4395 -0.26123 -0.67261 
0.335693 -0.17822 0.5249 -0.13062 -0.27710 -0.97656 
0.338257 -0.23071 0.854 -0.21606 -0.28809 -0.132935 
0.335327 -0.26733 0.28320 -0.28809 -0.28809 -0.170044 
0.329346 -0.27466 -0.2930 -0.33691 -0.26367 -0.205444 
0.321289 -0.25146 -0.7324 -0.37109 -0.21606 -0.238647 
0.312378 -0.22461 -0.14160 -0.41748 -0.14771 -0.269409 
0.308350 -0.17944 -0.22217 -0.48950 -0.4395 -0.298584 
0.303345 -0.13062 -0.29541 -0.48950 0.5371 -0.328735 
0.291382 -0.8179 -0.33936 -0.58594 0.13306 -0.355713 
0.274170 -0.4150 -0.37598 -0.68726 0.19531 -0.376099 
0.257935 0.1221 -0.38696 -0.80688 0.19531 -0.388916 
0.241821 0.9521 -0.38330 -0.97290 0.25879 -0.395020 
0.223755 0.21729 -0.29907 -0.117432 0.33569 -0.392700 
0.208862 0.37598 -0.15259 -0.137939 0.42114 -0.392700 
0.195923 0.54932 0.1343 -0.149414 0.50903 -0.381836 
0.184814 0.71289 0.13672 -0.148560 0.57739 -0.365601 
0.176758 0.84229 0.19165 -0.139404 0.62378 -0.345337 
0.171387 0.93384 0.19775 -0.128418 0.65674 -0.323608 
0.171387 0.99731 0.19531 -0.122314 0.69702 -0.301147 
0.166626 0.106201 0.20264 -0.122437 0.73853 -0.278198 
0.162476 0.110474 0.22095 -0.127441 0.75317 -0.254395 
0.158691 0.110474 0.26367 -0.136108 0.72632 -0.231323 
0.155762 0.114746 0.32959 -0.147095 0.67383 -0.209229 
0.150879 0.118896 0.42236 -0.156250 0.61401 -0.188843 
0.141357 0.126953 0.42236 -0.161377 0.55786 -0.166992 
0.129028 0.138794 0.52979 -0.163818 0.49927 -0.140625 
0.114990 0.151123 0.64453 -0.163086 0.42725 -0.109009 
0.102295 0.160889 0.75562 -0.159058 0.34180 -0.72754 
0.95581 0.166748 0.83374 -0.159058 0.25146 -0.33569 
0.94727 0.167603 0.86670 -0.152344 0.16602 0.5615 
0.96558 0.165405 0.86914 -0.145386 0.9521 0.43945 
0.98877 0.161255 0.86792 -0.140259 0.9521 0.80688 
0.100952 0.155640 0.87402 -0.136475 0.4639 0.116455 
0.104492 0.149536 0.89478 -0.133667 0.4272 0.118530 
0.108032 0.144043 0.94116 -0.132813 0.6104 0.149780 
0.109985 0.138794 0.101929 -0.130981 0.10620 0.181396 
0.113770 0.136841 0.110962 -0.125244 0.15381 0.210815 
0.112549 0.132690 0.124756 -0.113281 0.21851 0.240845 
0.118896 0.125000 0.138062 -0.99609 0.25757 0.276367 
0.118896 0.117676 0.148682 -0.87646 0.29419 0.311279 
0.132446 0.105591 0.157349 -0.75562 0.34912 0.343994 
0.142212 0.121704 0.158813 -0.59814 0.39185 0.371216 
0.152344 0.90454 0.150391 -0.40405 0.43701 0.394531 
0.162842 0.71899 0.134155 -0.22583 0.47852 0.412842 
0.176270 0.49683 0.149780 -0.10620 0.52490 0.421509 
0.189453 0.30762 0.110474 -0.7935 0.60425 0.423096 
0.198853 0.17578 0.110474 -0.15625 0.68359 0.421509 
0.201660 0.10132 0.111450 -0.26001 0.69702 0.421753 
0.202026 0.2686 0.117554 -0.122 0.63599 0.426025 
0.205200 -0.4150 0.123779 -0.31372 0.53833 0.431763 
0.204224 -0.11841 0.126099 -0.31128 0.42847 0.436646 
0.200317 -0.19897 0.127686 -0.28198 0.33203 0.442017 
0.196045 -0.28931 0.128784 -0.24536 0.33203 0.449219 
0.202759 -0.42725 0.128662 -0.20264 0.26123 0.453857 
0.223511 -0.57129 0.126099 -0.17212 0.23071 0.448608 
0.244995 -0.69336 0.122314 -0.17700 0.24902 0.463867 
0.256104 -0.79102 0.117920 -0.19775 0.28931 0.432617 
0.255981 -0.88135 0.112549 -0.20508 0.32471 0.410889 
0.280273 -0.94116 0.105469 -0.19165 0.34790 0.389038 
0.239136 -0.99243 0.99243 -0.19653 0.35645 0.370117 
0.239136 -0.104736 0.95703 -0.22949 0.33936 0.355469 
0.231934 -0.110962 0.94238 -0.25879 0.30029 0.344605 
0.228638 -0.118652 0.92041 -0.26489 0.22583 0.334351 
0.224365 -0.118652 0.90210 -0.27832 0.12573 0.324341 
0.225586 -0.127808 0.90820 -0.33569 0.4028 0.314819 
0.239624 -0.138428 0.91797 -0.43457 -0.1099 0.302246 
0.259766 -0.150879 0.90698 -0.52002 -0.1099 0.282227 
0.280396 -0.161377 0.90698 -0.61646 0.4028 0.253174 
0.295898 -0.169556 0.89233 -0.43457 0.13306 0.217896 
0.302246 -0.175903 0.89355 -0.87646 0.23315 0.179932 
0.303589 -0.180908 0.92407 -0.87646 0.31494 0.142822 
0.308472 -0.182983 0.95337 -0.99243 0.38086 0.104980 
0.312134 -0.184204 0.98389 -0.108887 0.43091 0.64087 
0.312500 -0.185181 0.101563 -0.115356 0.43091 0.21484 
0.308594 -0.185303 0.103638 -0.117920 0.46143 -0.20874 
0.300293 -0.184448 0.104004 -0.117798 0.47241 -0.29907 
0.293457 -0.183594 0.105469 -0.117554 0.46509 -0.36133 
0.293213 -0.182495 0.107422 -0.118042 0.45166 -0.98633 
0.288940 -0.180298 0.109131 -0.118774 0.44312 -0.136108 
0.310547 -0.176514 0.110962 -0.118896 0.44067 -0.173340 
0.266846 -0.170532 0.112549 -0.117310 0.44189 -0.207520 
0.266846 -0.161621 0.115601 -0.114868 0.43823 -0.237183 
0.252808 -0.152100 0.119873 -0.111938 0.41870 -0.260986 
0.243042 -0.141235 0.125122 -0.106079 0.38574 -0.279785 
0.243042 -0.135376 0.130737 -0.96802 0.35278 -0.296387 
0.251953 -0.135376 0.133789 -0.85571 0.32837 -0.316284 
0.266235 -0.131592 0.133179 -0.72388 0.32104 -0.342163 
0.278198 -0.130371 0.130127 -0.59326 0.33569 -0.374512 
0.282959 -0.130127 0.130127 -0.48340 0.36743 -0.411743 
0.272461 -0.132568 0.121338 -0.39551 0.41016 -0.450317 
0.244873 -0.129028 0.108765 -0.38208 0.42358 -0.480103 
0.218628 -0.116089 0.98389 -0.38208 0.47485 -0.492676 
0.190430 -0.102173 0.92773 -0.50659 0.49072 -0.492432 
0.167725 -0.84473 0.99121 -0.73486 0.40649 -0.479492 
0.156860 -0.65063 0.116333 -0.94238 0.59814 -0.458740 
0.153198 -0.46387 0.133423 -0.102661 0.28564 -0.436035 
0.150513 -0.29053 0.144043 -0.93262 0.16479 -0.412231 
0.143433 -0.13794 0.144409 -0.72876 0.6348 -0.417480 
0.128418 0.2319 0.138062 -0.51270 0.366 -0.386230 
0.112427 0.19897 0.130127 -0.37231 -0.1953 -0.352295 
0.103027 0.36011 0.125244 -0.33081 -0.3174 -0.307251 
0.104126 0.46875 0.126831 -0.33936 -0.5371 -0.256470 
0.104126 0.51270 0.130981 -0.31860 -0.9277 -0.206177 
0.116699 0.51758 0.132324 -0.21484 -0.12817 -0.161621 
0.136719 0.49072 0.128296 -0.6226 -0.15381 -0.127563 
0.156616 0.45166 0.119141 0.8667 -0.16479 -0.102661 
0.172363 0.45166 0.107910 0.16357 -0.9766 -0.84961 
0.184692 0.42358 0.102173 0.11597 0.5493 -0.73364 
0.190674 0.41626 0.103638 0.366 0.21240 -0.63721 
0.191895 0.44189 0.103638 -0.5981 0.29297 -0.51514 
0.192383 0.46631 0.106934 -0.3052 0.27100 -0.37842 
