0.256592 0.23315 0.9521 -0.2441 -0.1831 0.2197 
0.257202 0.22949 0.8789 -0.2563 0.488 0.488 
0.255981 0.24170 0.10132 -0.3052 0.1343 0.122 
0.254272 0.24780 0.9766 -0.3418 0.1343 0.1221 
0.254028 0.24658 0.9155 -0.3418 -0.122 0.2686 
0.254639 0.23926 0.8301 -0.3662 -0.2197 0.3784 
0.256226 0.22949 0.7446 -0.4028 -0.4150 0.4028 
0.257935 0.21851 0.7080 -0.4028 -0.4150 0.3540 
0.258667 0.20874 0.7324 -0.4150 -0.5493 0.2930 
0.257568 0.20386 0.7813 -0.4028 -0.4517 0.2686 
0.254395 0.20630 0.7935 -0.2686 -0.1099 0.2686 
0.250488 0.21851 0.7813 -0.1587 0.4883 0.3418 
0.247559 0.23682 0.9399 -0.1343 0.12573 0.5249 
0.249756 0.24536 0.12085 0.00 0.18555 0.7446 
0.223755 0.25024 0.15503 0.4883 0.19775 0.6592 
0.255005 0.25513 0.15747 0.12573 0.17456 0.3052 
0.256836 0.22827 0.14404 0.18677 0.14160 -0.977 
0.263916 0.19897 0.6104 0.20752 0.11353 -0.7690 
0.264282 0.19897 -0.6958 0.6104 0.10742 -0.12451 
0.251099 0.21240 0.8179 -0.23682 0.12451 -0.6836 
0.240723 0.21973 0.19775 -0.23438 0.13062 0.5127 
0.239258 0.25635 0.21729 -0.12207 0.9033 0.17212 
0.238403 0.27100 0.21729 -0.3174 0.7813 0.26978 
0.236084 0.27588 0.20996 -0.26978 0.9033 0.34790 
0.234253 0.26855 0.19531 0.9033 0.10742 0.41748 
0.239258 0.24658 0.18799 0.9033 0.11719 0.47485 
0.249268 0.21362 0.19287 0.9766 0.11719 0.49927 
0.259033 0.18433 0.19897 0.9888 0.10010 0.48096 
0.265259 0.15991 0.19043 0.10864 0.10010 0.43701 
0.269653 0.14648 0.17212 0.12329 0.7935 0.37598 
0.274292 0.13062 0.15991 0.12329 0.6104 0.61401 
0.278809 0.11841 0.16113 0.10498 0.4272 0.22095 
0.283325 0.10620 0.17212 0.8057 0.1953 0.22095 
0.289063 0.9155 0.18433 0.5737 -0.977 0.13428 
0.296509 0.7324 0.20874 0.3296 -0.4395 0.3540 
0.308716 0.3906 0.23682 0.00 -0.9033 -0.8789 
0.308716 -0.732 0.23682 -0.3174 -0.14893 -0.25391 
0.323608 -0.6714 0.20142 -0.4883 -0.20996 -0.48950 
0.337158 -0.12573 0.12207 -0.6958 -0.26245 -0.79590 
0.347900 -0.12573 0.3174 -0.12329 -0.29175 -0.116211 
0.348877 -0.17334 -0.1953 -0.20508 -0.30029 -0.155884 
0.340820 -0.21240 -0.1587 -0.30518 -0.31128 -0.193359 
0.331665 -0.19531 -0.30396 -0.39429 -0.33081 -0.224854 
0.322632 -0.15991 0.854 -0.45166 -0.36621 -0.252197 
0.317505 -0.12207 0.5615 -0.49561 -0.40161 -0.277100 
0.315063 -0.7080 0.11108 -0.47119 -0.40405 -0.302124 
0.306519 -0.1831 0.11230 -0.47119 -0.37842 -0.326904 
0.292114 0.4395 0.1831 -0.36743 -0.31860 -0.347046 
0.274658 0.11841 -0.15137 -0.27588 -0.51147 -0.361938 
0.255249 0.13916 -0.32227 -0.27954 -0.19897 -0.374023 
0.239990 0.18799 -0.43213 -0.40894 -0.2808 -0.380249 
0.225342 0.28198 -0.48096 -0.60913 0.17334 -0.380737 
0.211792 0.39551 -0.47729 -0.81421 0.36011 -0.375244 
0.198486 0.51880 -0.46753 -0.99487 0.50171 -0.375244 
0.184814 0.64697 -0.45044 -0.114258 0.60059 -0.364868 
0.173218 0.76538 -0.41870 -0.127686 0.66772 -0.349243 
0.165161 0.87769 -0.36621 -0.140015 0.72144 -0.330322 
0.165161 0.95337 -0.31982 -0.151611 0.76904 -0.310303 
0.161499 0.99731 -0.29053 -0.162598 0.82153 -0.292114 
0.158081 0.106079 -0.25513 -0.171387 0.90942 -0.277832 
0.153076 0.114136 -0.21484 -0.179810 0.101929 -0.263916 
0.145508 0.114136 -0.17334 -0.189575 0.113892 -0.248413 
0.135010 0.122559 -0.11353 -0.198730 0.124756 -0.231201 
0.123047 0.130127 -0.2686 -0.207764 0.131836 -0.210571 
0.110962 0.137695 -0.2686 -0.217529 0.135010 -0.184570 
0.97656 0.146240 0.5737 -0.226807 0.134766 -0.152954 
0.81421 0.155396 0.16602 -0.235230 0.132568 -0.115723 
0.65430 0.164429 0.32349 -0.235230 0.130005 -0.72021 
0.51147 0.172730 0.49683 -0.240845 0.128418 -0.21973 
0.37476 0.178223 0.64819 -0.239014 0.126831 0.34790 
0.29053 0.178833 0.76416 -0.232300 0.156128 0.96069 
0.35889 0.171387 0.91553 -0.228027 0.124878 0.155640 
0.55542 0.162231 0.110718 -0.227295 0.125122 0.144653 
0.80811 0.151245 0.133667 -0.222168 0.126953 0.215454 
0.102905 0.142212 0.152588 -0.209473 0.123901 0.246704 
0.116089 0.136719 0.164673 -0.187866 0.117676 0.274780 
0.118408 0.134033 0.169067 -0.163452 0.104004 0.297485 
0.113525 0.132813 0.167847 -0.142334 0.83374 0.320923 
0.113525 0.129639 0.166748 -0.129272 0.56519 0.352661 
0.109253 0.124268 0.168579 -0.123779 0.25635 0.385864 
0.109253 0.106079 0.176758 -0.117432 -0.3296 0.424438 
0.107178 0.109375 0.181274 -0.102295 -0.28687 0.465698 
0.126587 0.78125 0.176147 -0.75928 -0.41748 0.495605 
0.155151 0.50415 0.166138 -0.47974 -0.42725 0.506104 
0.178589 0.24170 0.156250 -0.27344 -0.33813 0.504517 
0.194092 0.2197 0.156250 -0.15747 -0.20142 0.496826 
0.207886 -0.12939 0.149414 -0.11353 -0.7080 0.486938 
0.216675 -0.22827 0.144775 -0.8789 0.977 0.476196 
0.218506 -0.29053 0.139648 -0.8789 0.3174 0.467163 
0.211548 -0.35645 0.133179 -0.4883 0.1343 0.461792 
0.199097 -0.43701 0.127686 -0.2075 0.29663 0.462280 
0.188843 -0.50659 0.126343 -0.977 -0.5127 0.469360 
0.190674 -0.59814 0.127319 -0.1831 -0.5127 0.476440 
0.209229 -0.73486 0.131226 -0.3906 -0.10254 0.474243 
0.240723 -0.91553 0.131836 -0.2930 -0.17578 0.486938 
0.273438 -0.110596 0.125244 0.6104 -0.21484 0.455688 
0.299683 -0.124390 0.111572 0.17944 -0.16968 0.420532 
0.316040 -0.132935 0.95337 0.22461 -0.2686 0.375732 
0.319336 -0.138794 0.81787 0.15381 0.16235 0.326172 
0.319336 -0.139038 0.72632 0.366 0.34058 0.277100 
0.310913 -0.139038 0.66040 -0.16846 0.46753 0.235107 
0.294678 -0.137329 0.62500 -0.35156 0.53589 0.201782 
0.278564 -0.138428 0.65552 -0.56274 0.54443 0.176392 
0.271362 -0.138428 0.73486 -0.78491 0.49561 0.156494 
0.280273 -0.142456 0.83008 -0.97656 0.42969 0.135254 
0.300171 -0.148438 0.92896 -0.112793 0.36255 0.105469 
0.323853 -0.154053 0.92896 -0.124268 0.32349 0.65186 
0.346191 -0.159424 0.101196 -0.130005 0.33569 0.14648 
0.354126 -0.165161 0.103149 -0.129761 0.39551 -0.43335 
0.344849 -0.166138 0.100342 -0.129639 0.47119 -0.100708 
0.325439 -0.163208 0.99365 -0.129639 0.51880 -0.151123 
0.301392 -0.158325 0.102417 -0.133667 0.51880 -0.191406 
0.279785 -0.151123 0.108398 -0.138062 0.48828 -0.221313 
0.265015 -0.141846 0.116699 -0.139282 0.48828 -0.242310 
0.258789 -0.133667 0.123413 -0.138916 0.41626 -0.259033 
0.259155 -0.127075 0.128906 -0.135620 0.31494 -0.275879 
0.264526 -0.120605 0.131104 -0.130615 0.21240 -0.275879 
0.271851 -0.119873 0.133423 -0.125732 0.14282 -0.295776 
0.274048 -0.121826 0.133179 -0.123047 0.12329 -0.322510 
0.270264 -0.120605 0.131226 -0.119141 0.13916 -0.358154 
0.267578 -0.117310 0.128540 -0.112671 0.16357 -0.395508 
0.267578 -0.111206 0.124756 -0.107544 0.19287 -0.430176 
0.264526 -0.103027 0.120850 -0.105103 0.22949 -0.460449 
0.253540 -0.121582 0.117188 -0.105347 0.23438 -0.483521 
0.238281 -0.90332 0.117310 -0.108276 0.19409 -0.497803 
0.219116 -0.79590 0.124512 -0.114502 0.11597 -0.504517 
0.201782 -0.66406 0.104004 -0.119995 0.4272 -0.503662 
0.178833 -0.48096 0.135254 -0.116821 -0.5005 -0.494263 
0.149902 -0.23804 0.147583 -0.105103 -0.17700 -0.470825 
0.118652 0.3174 0.157471 -0.119019 -0.30762 -0.430542 
0.94360 0.27954 0.162598 -0.67139 -0.40771 -0.376953 
0.83374 0.45044 0.160767 -0.67139 -0.44556 -0.319702 
0.84229 0.53955 0.151733 -0.43579 -0.41138 -0.265015 
0.94604 0.57983 0.139771 -0.20630 -0.31860 -0.215820 
0.111328 0.58960 0.130737 -0.5737 -0.31860 -0.174561 
0.130737 0.59448 0.125854 0.244 -0.19287 -0.141846 
0.147705 0.60913 0.123413 0.2808 -0.7935 -0.146729 
0.160889 0.63232 0.122803 0.4150 -0.1343 -0.115479 
0.171753 0.65430 0.123535 0.3418 -0.366 -0.93018 
0.180786 0.66406 0.123901 0.2563 -0.3174 -0.73608 
0.157105 0.66895 0.122559 0.4395 -0.7813 -0.57007 
0.193726 0.67017 0.118896 0.8545 -0.13184 -0.43579 
0.193726 0.64819 0.114746 0.12817 -0.16846 -0.31738 
0.198242 0.92285 0.109741 0.15747 -0.19043 -0.21362 
0.205078 0.58228 0.104126 0.18311 -0.19287 -0.14404 
0.211548 0.58228 0.99243 0.19409 -0.17334 -0.10132 
0.215698 0.56274 0.96069 0.18188 -0.14771 -0.7202 
0.218140 0.54443 0.94482 0.16357 -0.12207 -0.4761 
0.220337 0.52856 0.93872 0.14893 -0.9399 -0.3052 
0.222900 0.52368 0.93872 0.13794 -0.6958 -0.1953 
