0.256348 0.27344 0.55908 -0.12085 0.2075 0.18311 
0.261353 0.26489 0.57983 -0.4395 0.6958 0.9521 
0.261963 0.26123 0.58716 0.2563 0.11230 0.2441 
0.260010 0.26123 0.57861 0.6470 0.14648 -0.3174 
0.255981 0.26611 0.57373 0.5371 0.16602 -0.5371 
0.252563 0.27100 0.56519 0.977 0.15991 -0.5127 
0.250610 0.26733 0.56519 -0.4883 0.14526 -0.3784 
0.249878 0.26123 0.55664 -0.10132 0.12817 -0.2197 
0.250488 0.25635 0.55420 -0.12695 0.10864 -0.1709 
0.250977 0.25513 0.55420 -0.12695 0.9277 -0.2075 
0.250855 0.25513 0.55786 -0.12817 0.8423 -0.2563 
0.250000 0.25757 0.55786 -0.11353 0.8057 -0.2808 
0.249390 0.25879 0.55786 -0.8423 0.7446 -0.2808 
0.249023 0.25635 0.55908 -0.4272 0.7446 -0.2808 
0.250244 0.25635 0.56030 0.1343 0.5737 -0.3784 
0.252441 0.26001 0.56152 0.7935 0.2197 -0.5981 
0.254028 0.26489 0.56274 0.14160 -0.2563 -0.5981 
0.253052 0.27222 0.56030 0.18799 -0.7813 -0.8423 
0.250244 0.28687 0.54688 0.21362 -0.12695 -0.9888 
0.277710 0.30273 0.52002 0.20752 -0.16235 -0.8911 
0.244751 0.32227 0.49805 0.16968 -0.18921 -0.5737 
0.244751 0.33691 0.47729 0.11597 -0.18677 -0.1953 
0.242798 0.34546 0.47241 0.5371 -0.17212 0.1709 
0.243164 0.35522 0.47363 0.610 -0.15381 0.3906 
0.244507 0.35522 0.52124 -0.1709 -0.12817 0.5249 
0.242432 0.38330 0.51636 0.2197 -0.11108 0.6958 
0.239502 0.38940 0.48706 0.2930 -0.9521 0.8179 
0.237793 0.38574 0.48706 0.244 -0.6836 0.10254 
0.234985 0.38452 0.47363 -0.732 -0.5249 0.13916 
0.236206 0.37476 0.46143 -0.31250 -0.5249 0.16113 
0.239380 0.35400 0.43457 0.29785 -0.5859 0.17212 
0.243774 0.33081 0.41748 -0.1465 -0.7202 0.17334 
0.248291 0.29785 0.41260 -0.5005 -0.9155 0.16357 
0.252197 0.27710 0.41992 -0.7324 -0.11597 0.15015 
0.255981 0.25635 0.43457 -0.8423 -0.11597 0.12695 
0.261108 0.23926 0.44678 -0.9766 -0.14038 0.8667 
0.266846 0.22461 0.45166 -0.11230 -0.15259 0.1953 
0.270630 0.20386 0.47119 -0.12451 -0.15137 0.1953 
0.273804 0.18311 0.48706 -0.14404 -0.15259 -0.6348 
0.279663 0.17334 0.48096 -0.14893 -0.14771 -0.14771 
0.254272 0.15015 0.46143 -0.14038 -0.14404 -0.24902 
0.291992 0.12939 0.41016 -0.15137 -0.15381 -0.37964 
0.291992 0.9521 0.34546 -0.16846 -0.17334 -0.53955 
0.294800 0.7202 0.28931 -0.20508 -0.20386 -0.73120 
0.295166 0.5127 0.26611 -0.26611 -0.22461 -0.93140 
0.291992 0.5127 0.29419 -0.34302 -0.24048 -0.113037 
0.291870 0.4883 0.32349 -0.40894 -0.25269 -0.131348 
0.299194 0.4761 0.60669 -0.42725 -0.25024 -0.151001 
0.309937 0.3418 0.29419 -0.41504 -0.23315 -0.176514 
0.319702 0.2686 0.19653 -0.43457 -0.18188 -0.207764 
0.322022 0.2686 0.9766 -0.52734 -0.9033 -0.241699 
0.317017 0.2441 0.4639 -0.34546 0.1465 -0.274048 
0.307861 0.6226 0.2441 -0.65796 0.11475 -0.301636 
0.295532 0.10376 0.1709 -0.77271 0.18677 -0.325928 
0.281494 0.15503 0.2563 -0.87280 0.24536 -0.345947 
0.266968 0.22095 0.4639 -0.97168 0.24536 -0.360962 
0.247925 0.31982 0.9888 -0.106079 0.31616 -0.369995 
0.226440 0.46143 0.17944 -0.114624 0.37476 -0.368774 
0.208496 0.59082 0.25146 -0.121216 0.41138 -0.359741 
0.197021 0.71045 0.30762 -0.122925 0.44312 -0.359741 
0.191040 0.81177 0.33325 -0.120728 0.47363 -0.347046 
0.217163 0.89478 0.34790 -0.117310 0.51880 -0.333984 
0.180298 0.95825 0.36011 -0.115356 0.57495 -0.321167 
0.180298 0.101196 0.36499 -0.115356 0.63721 -0.308105 
0.176270 0.105469 0.35522 -0.117188 0.69214 -0.295532 
0.171753 0.112061 0.37231 -0.121094 0.74951 -0.285156 
0.163208 0.112061 0.42603 -0.128052 0.79834 -0.273804 
0.151611 0.121704 0.50415 -0.135376 0.82642 -0.258667 
0.137817 0.132935 0.60669 -0.139771 0.82031 -0.239990 
0.124268 0.144897 0.37964 -0.140015 0.76660 -0.216553 
0.112915 0.155762 0.69214 -0.135376 0.66772 -0.188599 
0.105103 0.163696 0.73242 -0.128662 0.52979 -0.158447 
0.99365 0.168701 0.72388 -0.155640 0.36499 -0.126343 
0.94604 0.171143 0.70190 -0.124390 0.19409 -0.92041 
0.89233 0.172363 0.67993 -0.124023 0.3418 -0.55054 
0.81421 0.173828 0.66040 -0.125000 0.20874 -0.14038 
0.71167 0.174927 0.64941 -0.126465 -0.10376 0.31860 
0.59814 0.174805 0.63965 -0.128296 -0.19775 0.82153 
0.50537 0.172852 0.65796 -0.130249 -0.22461 0.73120 
0.45166 0.170166 0.72510 -0.131836 -0.16724 0.127808 
0.44556 0.164673 0.83252 -0.132324 -0.3784 0.190308 
0.50415 0.154541 0.96191 -0.130859 0.13184 0.243164 
0.59937 0.139771 0.108887 -0.125244 0.29785 0.290405 
0.41260 0.121460 0.118408 -0.114502 0.45166 0.331421 
0.72510 0.99365 0.124023 -0.102905 0.57129 0.361328 
0.97290 0.77637 0.134521 -0.91431 0.69946 0.384766 
0.116577 0.90820 0.141724 -0.82275 0.76294 0.404785 
0.140137 0.59570 0.146973 -0.72144 0.82886 0.415649 
0.159912 0.50903 0.149780 -0.65186 0.90576 0.421753 
0.169678 0.49072 0.150635 -0.66162 0.93018 0.427002 
0.170288 0.48218 0.151367 -0.73730 0.88257 0.433594 
0.165894 0.46875 0.151367 -0.84473 0.78125 0.444580 
0.158447 0.38818 0.152466 -0.63110 0.62866 0.458008 
0.155396 0.24658 0.154785 -0.97290 0.46875 0.470337 
0.160522 0.5493 0.155640 -0.97290 0.33813 0.477173 
0.169312 -0.14160 0.153687 -0.90088 0.25391 0.477661 
0.181152 -0.31738 0.151978 -0.77393 0.20874 0.473022 
0.196533 -0.47485 0.151855 -0.69824 0.20874 0.466309 
0.220703 -0.56641 0.150757 -0.69946 0.22095 0.455200 
0.234375 -0.72998 0.141724 -0.72266 0.26611 0.462402 
0.237793 -0.80811 0.135010 -0.77515 0.30151 0.407959 
0.234741 -0.86914 0.129150 -0.91553 0.32471 0.407959 
0.229492 -0.91553 0.128906 -0.108154 0.37231 0.389771 
0.224121 -0.96680 0.132690 -0.122925 0.41748 0.375000 
0.249512 -0.102661 0.139038 -0.131958 0.46021 0.361694 
0.218262 -0.109253 0.147339 -0.136230 0.48096 0.350220 
0.216675 -0.118652 0.156372 -0.138794 0.46021 0.340820 
0.226807 -0.99121 0.163330 -0.138550 0.41016 0.329590 
0.245972 -0.142578 0.161987 -0.134277 0.37842 0.311035 
0.268921 -0.142578 0.156372 -0.125977 0.39673 0.281616 
0.283691 -0.154785 0.178101 -0.121216 0.45044 0.243652 
0.292358 -0.161987 0.136963 -0.123291 0.52490 0.204346 
0.292969 -0.167236 0.136963 -0.131592 0.57495 0.165161 
0.285889 -0.169922 0.130371 -0.143677 0.58228 0.128418 
0.274536 -0.170654 0.129028 -0.155518 0.54199 0.96436 
0.264160 -0.169800 0.131226 -0.155518 0.45044 0.69214 
0.257446 -0.168457 0.136475 -0.164917 0.33203 0.44678 
0.255371 -0.168335 0.144043 -0.170166 0.52856 0.20874 
0.262939 -0.168945 0.152954 -0.169312 0.12939 -0.4639 
0.277344 -0.169189 0.159790 -0.163940 0.12939 -0.34668 
0.288452 -0.172730 0.162598 -0.154907 0.9399 -0.40161 
0.293701 -0.177246 0.159668 -0.142700 0.10498 -0.82275 
0.288818 -0.179443 0.152100 -0.128296 0.16724 -0.113525 
0.272949 -0.178833 0.141235 -0.114868 0.24292 -0.156860 
0.250488 -0.173462 0.131348 -0.104980 0.29663 -0.195801 
0.260498 -0.165161 0.125732 -0.100830 0.30518 -0.224609 
0.229248 -0.155273 0.126099 -0.101440 0.26245 -0.242554 
0.215576 -0.146118 0.133057 -0.103394 0.17944 -0.252563 
0.210938 -0.138062 0.144165 -0.102661 0.8423 -0.258911 
0.215820 -0.130493 0.152832 -0.94238 0.1099 -0.266113 
0.226929 -0.130493 0.155396 -0.77515 -0.1221 -0.277344 
0.235474 -0.126465 0.149536 -0.58228 0.2441 -0.293579 
0.235230 -0.124756 0.138794 -0.41016 0.10498 -0.313355 
0.224365 -0.118164 0.138794 -0.30396 0.18555 -0.328735 
0.210327 -0.108643 0.128296 -0.29053 0.23438 -0.335938 
0.199341 -0.98877 0.123657 -0.2319 0.24292 -0.336304 
0.193726 -0.87891 0.124023 -0.33569 0.20752 -0.333008 
0.189331 -0.76538 0.129517 -0.34668 0.12451 -0.327148 
0.186401 -0.66772 0.135986 -0.31006 0.3174 -0.319336 
0.182739 -0.55664 0.139160 -0.22217 0.26733 -0.309326 
0.173828 -0.46509 0.137817 -0.9644 -0.4517 -0.297241 
0.159546 -0.37598 0.132813 0.2563 -0.9155 -0.310547 
0.144287 -0.25269 0.127197 0.10986 -0.10620 -0.252686 
0.133301 -0.13428 0.122437 0.13306 -0.10742 -0.252686 
0.128784 -0.3418 0.120117 0.11963 -0.10620 -0.218994 
0.132324 0.3784 0.120483 0.10254 -0.10742 -0.181641 
0.143188 0.7813 0.122314 0.11475 -0.11475 -0.145386 
0.126343 0.8667 0.123169 0.15991 -0.10376 -0.113892 
0.157593 0.7935 0.121460 0.22705 -0.6226 -0.88867 
0.171509 0.6836 0.116211 0.29907 -0.488 -0.71533 
