0.251587 0.15381 0.48218 -0.5859 -0.4761 -0.2563 
0.253174 0.13794 0.47485 -0.5981 -0.4761 -0.3540 
0.254395 0.13306 0.46509 -0.5737 -0.4761 -0.3540 
0.254272 0.13428 0.46021 -0.5737 -0.4272 -0.3174 
0.253052 0.13062 0.44556 -0.5615 -0.3296 -0.2808 
0.251587 0.13550 0.43579 -0.6470 -0.2075 -0.2319 
0.250000 0.13306 0.41992 -0.8057 -0.1343 -0.2319 
0.249878 0.13062 0.40894 -0.11353 -0.366 -0.1709 
0.219116 0.12939 0.40771 -0.15503 0.366 -0.1343 
0.250122 0.12817 0.41138 -0.20020 0.977 -0.610 
0.250122 0.12695 0.41138 -0.23438 0.1099 0.610 
0.249878 0.12451 0.40161 -0.26001 0.244 0.1709 
0.250366 0.11963 0.39429 -0.29419 -0.610 0.2563 
0.251343 0.11963 0.40039 -0.32349 -0.854 0.3174 
0.252563 0.11963 0.42847 -0.32959 -0.732 0.3174 
0.255249 0.12085 0.47485 -0.29663 -0.732 0.1587 
0.259155 0.12329 0.53467 -0.22827 -0.732 -0.1587 
0.261353 0.12817 0.53467 -0.13184 -0.977 -0.5005 
0.258789 0.13916 0.55908 -0.2441 -0.1221 -0.7568 
0.260742 0.15625 0.62500 -0.22705 -0.3540 -0.9644 
0.258301 0.16235 0.63232 0.8545 -0.5615 -0.10010 
0.256226 0.16724 0.62256 0.17700 -0.7813 -0.9277 
0.251343 0.18066 0.61157 0.26489 -0.11719 -0.5005 
0.244751 0.19897 0.58838 0.34302 -0.11719 0.1587 
0.244629 0.21362 0.52002 0.39551 -0.14526 0.6592 
0.248291 0.20264 0.46509 0.34668 -0.15503 0.8057 
0.254028 0.18555 0.43457 0.24048 -0.14771 0.5493 
0.260376 0.16846 0.43091 0.14771 -0.12695 0.5493 
0.267334 0.16846 0.43213 0.8423 -0.9644 -0.732 
0.275757 0.16357 0.43579 0.2075 -0.5493 -0.9399 
0.256104 0.14526 0.42480 -0.4395 -0.2563 -0.20874 
0.287354 0.10620 0.38330 -0.8423 -0.1709 -0.36743 
0.302246 0.3540 0.31250 -0.9155 -0.2930 -0.59326 
0.318237 0.24414 0.21362 -0.12695 -0.5737 -0.89355 
0.332642 -0.15869 0.13428 -0.22095 -0.8789 -0.127808 
0.344727 -0.15869 0.10132 -0.37109 -0.11841 -0.171753 
0.353882 -0.22095 0.11597 -0.55298 -0.14526 -0.218384 
0.357300 -0.25513 0.13794 -0.70557 -0.16724 -0.266357 
0.352539 -0.26245 0.13794 -0.77148 -0.17822 -0.313599 
0.339355 -0.24048 0.14038 -0.77759 -0.15381 -0.357300 
0.317261 -0.17212 0.13306 -0.78247 -0.7690 -0.393433 
0.288818 -0.7080 0.12207 -0.78247 0.3052 -0.417847 
0.257568 0.5005 0.11597 -0.79590 0.13428 -0.430420 
0.229980 0.20142 0.13550 -0.81421 0.19409 -0.432007 
0.214233 0.31982 0.16479 -0.82886 0.21973 -0.427002 
0.211792 0.38940 0.17456 -0.82886 0.21973 -0.422241 
0.216553 0.41260 0.15747 -0.81787 0.23315 -0.422730 
0.218018 0.42114 0.7935 -0.82397 0.25269 -0.428955 
0.212891 0.44800 0.00 -0.88257 0.28076 -0.428955 
0.200195 0.48950 -0.4272 -0.104736 0.32837 -0.436523 
0.180298 0.62134 -0.1587 -0.128784 0.41626 -0.441162 
0.187012 0.80200 0.7813 -0.153442 0.52979 -0.437256 
0.155762 0.101807 0.21973 -0.173462 0.63843 -0.423584 
0.131348 0.124512 0.41626 -0.185425 0.73486 -0.400757 
0.110107 0.115112 0.59570 -0.188477 0.80566 -0.369873 
0.93628 0.132446 0.73364 -0.181641 0.83374 -0.332886 
0.82764 0.163696 0.81543 -0.170166 0.79346 -0.292603 
0.78491 0.174683 0.83130 -0.158447 0.69214 -0.251465 
0.78491 0.179565 0.80078 -0.149658 0.54443 -0.211304 
0.77271 0.182495 0.80078 -0.146973 0.35034 -0.170654 
0.75562 0.184814 0.77026 -0.151123 0.12817 -0.128906 
0.75317 0.185669 0.75806 -0.125610 -0.8789 -0.87158 
0.74219 0.185913 0.77393 -0.156860 -0.28442 -0.45654 
0.72388 0.186768 0.80078 -0.160645 -0.43579 -0.3174 
0.71045 0.187500 0.83862 -0.163330 -0.53101 0.40161 
0.71899 0.187500 0.89844 -0.166138 -0.58960 0.83862 
0.76294 0.184814 0.98511 -0.167847 -0.58960 0.125977 
0.82275 0.180298 0.109131 -0.166138 -0.61157 0.133789 
0.87891 0.172485 0.120239 -0.159058 -0.59937 0.169312 
0.92651 0.161743 0.126587 -0.145264 -0.56519 0.200562 
0.97290 0.149658 0.125610 -0.124390 -0.51636 0.232666 
0.104126 0.139038 0.119019 -0.100830 -0.45898 0.262329 
0.110718 0.132446 0.112427 -0.81421 -0.37598 0.289673 
0.115234 0.128906 0.108276 -0.70557 -0.29175 0.317871 
0.115234 0.125000 0.109619 -0.69946 -0.18066 0.345947 
0.113403 0.151001 0.120850 -0.80322 -0.11719 0.374634 
0.107178 0.105957 0.136353 -0.86304 -0.10986 0.415039 
0.99365 0.105957 0.152832 -0.79346 -0.21362 0.459839 
0.105957 0.84229 0.166138 -0.62744 -0.27832 0.503418 
0.125366 0.60059 0.172119 -0.37720 -0.23804 0.537964 
0.147095 0.37720 0.172119 -0.7080 -0.15259 0.558838 
0.166138 0.17944 0.167358 0.22827 -0.4272 0.567139 
0.180054 -0.1953 0.154419 0.11719 0.9521 0.567749 
0.195068 -0.21973 0.137207 0.48462 0.27222 0.561890 
0.211182 -0.38208 0.119995 0.48462 0.47852 0.548584 
0.219971 -0.48706 0.105957 0.42114 0.32104 0.531250 
0.220825 -0.56396 0.98022 0.28198 0.68970 0.515137 
0.219238 -0.61890 0.95581 0.9644 0.68970 0.503540 
0.221924 -0.69092 0.96802 -0.11230 0.65796 0.493652 
0.225830 -0.77881 0.97046 -0.29663 0.57007 0.480835 
0.227905 -0.88257 0.98145 -0.42603 0.44922 0.480835 
0.238037 -0.98145 0.98389 -0.54077 0.30396 0.465942 
0.252686 -0.106689 0.98145 -0.65918 0.18188 0.448853 
0.266602 -0.117432 0.97046 -0.78369 0.9399 0.425537 
0.274780 -0.126831 0.93262 -0.89844 0.4883 0.396362 
0.274780 -0.132813 0.86792 -0.100830 0.5981 0.364990 
0.279907 -0.137329 0.80444 -0.115479 0.12329 0.334473 
0.281982 -0.139526 0.77759 -0.133423 0.22217 0.303101 
0.279541 -0.139526 0.82886 -0.153809 0.31982 0.271606 
0.279297 -0.142090 0.94482 -0.174316 0.39551 0.241699 
0.285278 -0.145874 0.108643 -0.187134 0.45044 0.209839 
0.293457 -0.150757 0.108643 -0.188843 0.48462 0.173706 
0.302368 -0.154663 0.119629 -0.182983 0.51636 0.133423 
0.312500 -0.157349 0.128052 -0.175415 0.55176 0.89233 
0.322998 -0.161377 0.133911 -0.165771 0.60425 0.39551 
0.326050 -0.165649 0.135864 -0.165771 0.66772 -0.14160 
0.320068 -0.168579 0.132935 -0.153198 0.72876 -0.67871 
0.304932 -0.167847 0.127930 -0.141602 0.77393 -0.116577 
0.283203 -0.162720 0.123413 -0.135254 0.77393 -0.155640 
0.264038 -0.155029 0.123413 -0.134155 0.78491 -0.184692 
0.255249 -0.147095 0.129150 -0.136230 0.74097 -0.176636 
0.255615 -0.141724 0.138672 -0.136230 0.65796 -0.207886 
0.262939 -0.136963 0.148315 -0.129761 0.56519 -0.230225 
0.274658 -0.135986 0.154541 -0.117676 0.49805 -0.253296 
0.252197 -0.136597 0.155029 -0.101807 0.48218 -0.281372 
0.310669 -0.140625 0.148315 -0.83618 0.50903 -0.315430 
0.279419 -0.141480 0.137573 -0.66040 0.54077 -0.354614 
0.261108 -0.133667 0.125732 -0.55054 0.54565 -0.390259 
0.236694 -0.154175 0.119263 -0.53833 0.53223 -0.411987 
0.210815 -0.122925 0.117188 -0.59448 0.48584 -0.419434 
0.192993 -0.108765 0.120239 -0.63599 0.42725 -0.415405 
0.183594 -0.93994 0.124634 -0.63599 0.36133 -0.406372 
0.177612 -0.79834 0.96069 -0.58228 0.29053 -0.395264 
0.171997 -0.66284 0.127319 -0.50293 0.22461 -0.381470 
0.165527 -0.52246 0.127808 -0.43945 0.17578 -0.363770 
0.159790 -0.40039 0.127930 -0.40527 0.15015 -0.342896 
0.152710 -0.28320 0.127075 -0.40527 0.13916 -0.318359 
0.143433 -0.14893 0.127075 -0.36865 0.11230 -0.287354 
0.135864 -0.1587 0.127319 -0.32959 0.6592 -0.249512 
0.132935 0.10254 0.128662 -0.29053 0.6592 -0.208618 
0.136230 0.17090 0.130493 -0.24170 0.366 -0.168091 
0.147339 0.19775 0.131104 -0.15381 -0.6348 -0.163452 
0.163696 0.19409 0.129639 -0.3052 -0.11353 -0.135620 
0.179932 0.16846 0.125000 0.10376 -0.12451 -0.104370 
0.192871 0.14282 0.119629 0.21484 -0.9399 -0.84717 
0.201538 0.11475 0.113770 0.27954 -0.4150 -0.70801 
0.206909 0.10132 0.108887 0.30029 0.1587 -0.60791 
0.206909 0.10254 0.105713 0.27832 0.5615 -0.52124 
0.210327 0.11353 0.104858 0.23438 0.7202 -0.43945 
0.211670 0.12207 0.105591 0.19043 0.6226 -0.35889 
0.212891 0.12207 0.106445 0.16968 0.3418 -0.27954 
0.216064 0.12817 0.108398 0.16113 0.854 -0.21484 
0.219605 0.13428 0.111328 0.15747 0.244 -0.16113 
0.222534 0.14404 0.113159 0.16357 0.1221 -0.11597 
0.223999 0.14648 0.113159 0.19287 0.2441 -0.7324 
0.225708 0.14282 0.111450 0.22583 0.4272 -0.3906 
0.227783 0.13916 0.107910 0.21484 0.6714 -0.1587 
0.228760 0.13184 0.105957 0.21484 0.8423 0.00 
0.228638 0.11841 0.105835 0.17944 0.8545 0.1221 
0.228638 0.10620 0.105713 0.16357 0.7080 0.1831 
