0.254272 0.26733 0.11963 -0.5371 0.2563 0.7202 
0.254395 0.25635 0.8423 -0.8423 0.4639 0.8789 
0.255615 0.24414 0.8911 -0.10864 0.3662 0.8789 
0.258057 0.23071 0.10010 -0.9399 0.3662 0.6714 
0.260742 0.22583 0.11108 -0.4761 0.1465 0.3174 
0.261963 0.22217 0.11475 0.977 -0.977 0.30640 
0.262207 0.22217 0.11353 0.6836 -0.3052 -0.3662 
0.261475 0.22827 0.11108 0.11475 -0.3784 -0.3662 
0.261719 0.23438 0.11108 0.13062 -0.2686 -0.5859 
0.260986 0.24048 0.10864 0.12207 0.122 -0.8179 
0.257446 0.24902 0.9644 0.9644 0.3784 -0.9766 
0.257446 0.25513 0.8667 0.5249 0.7813 -0.9644 
0.253540 0.26245 0.6714 0.610 0.11475 -0.7568 
0.250366 0.27100 0.5371 -0.3906 0.14282 -0.3540 
0.247925 0.27100 0.5371 -0.7446 0.15259 0.1343 
0.245850 0.27710 0.6104 -0.8911 0.14282 0.5493 
0.244873 0.28198 0.7446 -0.8423 0.13184 0.8179 
0.243774 0.28687 0.9766 -0.7202 0.13062 0.10376 
0.247314 0.28809 0.9766 -0.4395 0.14893 0.9521 
0.248169 0.28076 0.14038 -0.30029 0.18799 0.9277 
0.242798 0.27832 0.17334 0.8179 0.24658 0.14160 
0.231934 0.31982 0.21118 0.8179 0.28198 0.26611 
0.221802 0.33691 0.24780 0.17456 0.29663 0.42725 
0.217529 0.34424 0.23560 0.26489 0.1221 0.59814 
0.218628 0.33203 0.25635 0.28809 0.32471 0.77271 
0.227783 0.29297 0.28076 0.29053 0.33936 0.92773 
0.242798 0.24658 0.29175 0.26733 0.32593 0.70923 
0.259521 0.19897 0.28687 0.24536 0.27710 0.102051 
0.273926 0.15137 0.24536 0.27710 0.19409 0.102051 
0.283569 0.10254 0.17334 0.30884 0.10498 0.93384 
0.289673 0.6592 0.10620 0.30151 0.4272 0.78979 
0.293335 0.4150 0.5493 0.27954 -0.488 0.60669 
0.293335 0.3418 0.2075 0.26733 -0.5249 0.40649 
0.295532 0.1831 0.1831 0.26123 -0.10864 0.20630 
0.296021 0.1221 0.3662 0.25146 -0.15747 0.1465 
0.297730 0.1221 0.6470 0.24048 -0.19165 -0.16357 
0.301636 0.732 0.9644 0.22949 -0.22461 -0.35400 
0.307983 0.732 0.11597 0.21240 -0.25024 -0.57495 
0.315430 0.854 0.11353 0.20264 -0.27222 -0.83862 
0.323120 -0.1343 0.11353 0.20142 -0.29175 -0.115601 
0.332642 -0.8179 0.6470 0.19775 -0.29541 -0.153564 
0.341919 -0.16724 -0.1709 0.18921 -0.26489 -0.197388 
0.348267 -0.23193 -0.12329 0.18921 -0.19897 -0.243164 
0.348755 -0.26123 -0.24902 0.16479 -0.11963 -0.287476 
0.339600 -0.26489 -0.36499 0.10010 -0.3662 -0.326904 
0.320557 -0.23071 -0.45532 -0.244 -0.3662 -0.358521 
0.296753 -0.17212 -0.51758 -0.13306 0.2930 -0.379028 
0.273682 -0.9277 -0.53833 -0.30518 0.8911 -0.388306 
0.255493 0.00 -0.51392 -0.51514 0.17090 -0.389771 
0.245239 0.9888 -0.45654 -0.72998 0.27344 -0.389771 
0.241211 0.13306 -0.43213 -0.92041 0.37842 -0.388672 
0.236816 0.16968 -0.44556 -0.107910 0.48340 -0.391480 
0.225342 0.21606 -0.45654 -0.125000 0.58716 -0.398438 
0.225342 0.29541 -0.45166 -0.147949 0.71045 -0.403687 
0.208740 0.42480 -0.39429 -0.175903 0.84473 -0.402466 
0.187866 0.62134 -0.25269 -0.205444 0.94482 -0.393555 
0.164429 0.51514 -0.4517 -0.232178 0.98511 -0.373901 
0.143555 0.82764 0.17578 -0.249756 0.95825 -0.344116 
0.128662 0.102539 0.5127 -0.256592 0.86792 -0.307495 
0.120972 0.118286 0.49438 -0.254395 0.73730 -0.269531 
0.119263 0.127930 0.49438 -0.248413 0.58838 -0.233276 
0.119995 0.134766 0.57983 -0.243286 0.45044 -0.197998 
0.119629 0.139648 0.63843 -0.238770 0.33569 -0.163086 
0.115356 0.145142 0.67627 -0.238770 0.22461 -0.126953 
0.108032 0.152222 0.72144 -0.235352 0.10376 -0.86792 
0.102295 0.157715 0.79834 -0.234619 0.28320 -0.41626 
0.102173 0.161255 0.90454 -0.234009 -0.16479 0.5127 
0.103027 0.163696 0.99243 -0.229614 -0.16479 0.52246 
0.103516 0.164429 0.106079 -0.221191 -0.31250 0.36377 
0.107544 0.161987 0.116577 -0.213379 -0.45776 0.111450 
0.114990 0.156494 0.129272 -0.205933 -0.55176 0.142700 
0.121216 0.149048 0.141968 -0.190186 -0.58228 0.181885 
0.125732 0.143188 0.150879 -0.164307 -0.53833 0.216675 
0.126953 0.137451 0.155029 -0.133545 -0.45288 0.249512 
0.126953 0.131348 0.154785 -0.103394 -0.35278 0.282227 
0.126953 0.122559 0.151978 -0.75928 -0.27954 0.315918 
0.127686 0.113281 0.145020 -0.49561 -0.24658 0.349365 
0.134888 0.96680 0.132935 -0.27588 -0.26123 0.377197 
0.147949 0.96680 0.120850 -0.12573 -0.28320 0.401001 
0.161377 0.74829 0.112671 -0.4639 -0.31494 0.415894 
0.177979 0.53711 0.107056 -0.2686 -0.30640 0.423828 
0.188965 0.38574 0.107056 -0.6104 -0.28809 0.428955 
0.200806 0.28076 0.102417 -0.13794 -0.27222 0.433228 
0.207031 0.18677 0.99365 -0.19531 -0.27344 0.435547 
0.204468 0.12085 0.97656 -0.19531 -0.27588 0.439331 
0.194824 0.5493 0.96802 -0.20020 -0.27344 0.448853 
0.186279 -0.3418 0.95825 -0.18555 -0.24536 0.462158 
0.185059 -0.13550 0.97290 -0.16235 -0.18311 0.476318 
0.190186 -0.27954 0.99243 -0.11230 -0.18311 0.484741 
0.203980 -0.42603 0.101440 -0.3662 -0.10742 0.486450 
0.224976 -0.55420 0.102295 0.4517 -0.4150 0.479858 
0.245239 -0.68359 0.99121 0.14893 0.1099 0.479858 
0.259399 -0.81177 0.92407 0.26123 0.6104 0.463867 
0.270630 -0.92896 0.82031 0.34058 0.13428 0.442139 
0.281006 -0.103027 0.70435 0.36377 0.22705 0.417603 
0.253418 -0.111572 0.61035 0.30029 0.32715 0.388550 
0.284668 -0.118286 0.52979 0.16113 0.41626 0.359009 
0.284912 -0.123657 0.48340 0.366 0.47119 0.331299 
0.281372 -0.98389 0.46753 -0.16113 0.47485 0.306030 
0.275757 -0.129639 0.48462 -0.33569 0.44312 0.285278 
0.274048 -0.133789 0.51392 -0.52612 0.38940 0.267090 
0.276978 -0.139282 0.56030 -0.70435 0.31372 0.246582 
0.284302 -0.146729 0.56030 -0.83374 0.24048 0.221558 
0.293335 -0.153564 0.60425 -0.92651 0.18921 0.192383 
0.301758 -0.159302 0.62866 -0.69458 0.16479 0.159058 
0.308105 -0.164063 0.64209 -0.108398 0.16479 0.122192 
0.310669 -0.166382 0.65186 -0.108398 0.18311 0.83740 
0.309082 -0.167114 0.66162 -0.115234 0.20874 0.45166 
0.305420 -0.166992 0.66772 -0.119629 0.23560 0.7324 
0.298950 -0.166504 0.67871 -0.121704 0.23560 -0.28198 
0.293701 -0.165039 0.70068 -0.123413 0.25635 -0.61401 
0.287231 -0.161987 0.73364 -0.125610 0.27222 -0.60791 
0.281860 -0.158447 0.77515 -0.126709 0.28687 -0.92041 
0.284058 -0.153442 0.81299 -0.125732 0.30396 -0.119507 
0.286255 -0.151978 0.82642 -0.123047 0.33203 -0.146729 
0.284790 -0.149414 0.82031 -0.119507 0.36743 -0.176758 
0.308472 -0.144897 0.81055 -0.116211 0.40894 -0.208252 
0.277222 -0.138550 0.81055 -0.114380 0.44189 -0.237549 
0.266480 -0.131470 0.83130 -0.114014 0.45166 -0.261108 
0.261963 -0.156250 0.86548 -0.112671 0.44312 -0.281250 
0.261108 -0.125000 0.89233 -0.108032 0.43213 -0.300903 
0.262085 -0.119263 0.88013 -0.100708 0.43091 -0.320313 
0.264771 -0.111938 0.83496 -0.92285 0.45532 -0.340088 
0.255493 -0.110229 0.83496 -0.87036 0.47363 -0.361084 
0.240967 -0.102539 0.79956 -0.87402 0.47974 -0.374634 
0.227661 -0.94238 0.78979 -0.90088 0.45898 -0.382080 
0.214844 -0.84717 0.79590 -0.90088 0.42236 -0.383667 
0.203980 -0.73975 0.80811 -0.90088 0.37598 -0.378662 
0.199219 -0.62866 0.83252 -0.88379 0.34302 -0.369263 
0.199097 -0.52734 0.86670 -0.87036 0.33936 -0.358887 
0.197144 -0.43091 0.88623 -0.83740 0.33936 -0.347900 
0.191895 -0.32227 0.89111 -0.77759 0.35400 -0.333496 
0.182739 -0.21973 0.90942 -0.73853 0.36499 -0.314453 
0.171021 -0.9399 0.94849 -0.73242 0.36621 -0.314453 
0.159790 0.4028 0.99731 -0.72998 0.33691 -0.288452 
0.151367 0.16235 0.104736 -0.69824 0.26489 -0.255981 
0.149292 0.25269 0.110474 -0.62378 0.16724 -0.219727 
0.154785 0.30273 0.114990 -0.50659 0.7813 -0.182617 
0.154785 0.32471 0.116455 -0.36133 0.366 -0.148438 
0.163940 0.32471 0.114380 -0.20630 -0.4883 -0.118530 
0.175903 0.31616 0.109497 -0.8667 -0.1099 -0.94360 
0.188477 0.31616 0.106323 -0.4272 0.12329 -0.77148 
0.196533 0.32593 0.107178 -0.4761 0.25513 -0.63232 
0.200806 0.33081 0.108521 -0.2319 0.31616 -0.50293 
0.205200 0.35034 0.106567 0.5371 0.30151 -0.37476 
0.209961 0.34424 0.106567 0.14160 0.23682 -0.26367 
0.216064 0.33081 0.102173 0.19287 0.15381 -0.18066 
0.222778 0.31006 0.98267 0.20630 0.7935 -0.12207 
0.228760 0.29053 0.95825 0.20630 0.2441 -0.7935 
0.232666 0.26489 0.92896 0.20752 -0.854 -0.4517 
