0.257446 0.20630 0.19897 0.15259 -0.5249 -0.3784 
0.254028 0.21484 0.19409 0.10010 -0.5615 -0.610 
0.251709 0.21484 0.18555 0.4395 -0.7813 0.4639 
0.253784 0.20874 0.18188 0.00 -0.9033 0.6836 
0.258423 0.19897 0.18188 -0.2563 -0.9033 0.5127 
0.261841 0.18311 0.18188 -0.2930 -0.7324 0.977 
0.263672 0.16968 0.17700 -0.1343 -0.3784 -0.4272 
0.265015 0.16846 0.17456 -0.29663 0.610 -0.9033 
0.262939 0.17090 0.17334 0.4761 0.4639 -0.11963 
0.259033 0.17578 0.16113 0.4761 0.7935 -0.12939 
0.254028 0.18433 0.13916 0.6958 0.11108 -0.11841 
0.247803 0.19531 0.12939 0.7324 0.14526 -0.7813 
0.243286 0.21240 0.12939 0.6348 0.14526 -0.1587 
0.243286 0.23193 0.14893 0.5737 0.16724 0.3418 
0.249390 0.24292 0.17456 0.7324 0.15869 0.4761 
0.257202 0.24292 0.19897 0.10986 0.12573 0.4761 
0.261963 0.23071 0.19409 0.17090 0.8911 0.2808 
0.265991 0.22095 0.3540 0.19897 0.5981 -0.3052 
0.260376 0.22827 -0.2319 -0.2075 0.5493 -0.11230 
0.280029 0.21851 0.11230 -0.24902 0.8911 -0.10986 
0.248779 0.25635 0.18799 -0.22339 0.6226 -0.3662 
0.245361 0.27344 0.22339 -0.15015 0.1099 0.4150 
0.242432 0.27954 0.25391 -0.10254 -0.1343 0.10986 
0.239380 0.27954 0.26489 -0.2930 -0.2319 0.16846 
0.237793 0.28198 0.27832 0.2319 -0.1343 0.22095 
0.239014 0.28320 0.610 0.2563 0.732 0.27832 
0.241333 0.27954 0.31860 0.3906 0.854 0.33447 
0.244141 0.27466 0.36255 0.8911 -0.1343 0.38086 
0.246338 0.26611 0.38330 0.15381 -0.4028 0.41748 
0.249268 0.25391 0.37109 0.20996 -0.6104 0.44067 
0.253174 0.23315 0.34058 0.20996 -0.7446 0.44556 
0.259399 0.20508 0.31372 0.24658 -0.8179 0.42847 
0.267700 0.16846 0.29053 0.25879 -0.9521 0.38086 
0.275269 0.13550 0.26367 0.26245 -0.9521 0.30762 
0.282349 0.10376 0.23438 0.26123 -0.11719 0.21362 
0.288208 0.6958 0.20142 0.25269 -0.14282 0.10010 
0.294800 0.4761 0.16113 0.23438 -0.17700 0.10010 
0.301636 0.244 0.12329 0.20630 -0.21851 -0.3052 
0.311768 -0.3662 0.7446 0.16724 -0.26123 -0.19409 
0.296387 -0.11108 0.1465 0.12695 -0.31006 -0.39795 
0.341797 -0.19165 -0.5249 0.5981 -0.35034 -0.67017 
0.341797 -0.24048 -0.9521 -0.2075 -0.34790 -0.103027 
0.340820 -0.20996 -0.10498 -0.9399 -0.31982 -0.142334 
0.328247 -0.14648 -0.9033 -0.15503 -0.29907 -0.175415 
0.310547 -0.14648 -0.6104 -0.19531 -0.28687 -0.199829 
0.296265 -0.6714 -0.610 -0.21606 -0.28809 -0.216309 
0.287476 0.488 -0.26855 -0.22461 -0.29785 -0.227661 
0.285400 0.7568 0.8667 -0.19409 -0.29541 -0.236938 
0.284180 0.13550 0.8667 -0.13794 -0.30396 -0.248169 
0.284424 0.18311 0.6592 -0.7568 -0.29663 -0.260986 
0.281738 0.20386 -0.1221 -0.5615 -0.25879 -0.276123 
0.273804 0.21973 -0.14282 -0.5615 -0.18799 -0.291138 
0.258423 0.23438 -0.27710 -0.8667 -0.7935 -0.302490 
0.239990 0.30518 -0.36133 -0.19653 -0.25757 -0.305298 
0.224121 0.39063 -0.36499 -0.38818 0.5493 -0.300903 
0.213989 0.51514 -0.30884 -0.61035 0.19043 -0.291382 
0.209717 0.61401 -0.24414 -0.79468 0.28809 -0.312378 
0.207275 0.69702 -0.17822 -0.90454 0.34790 -0.271362 
0.205811 0.76782 -0.14282 -0.97778 0.38574 -0.271362 
0.204712 0.83740 -0.13306 -0.103882 0.43701 -0.262573 
0.199951 0.89355 -0.14526 -0.109375 0.51147 -0.254639 
0.190063 0.95093 -0.14648 -0.116943 0.58472 -0.248779 
0.190063 0.102173 -0.12451 -0.126953 0.66040 -0.240601 
0.180054 0.108276 -0.10498 -0.137329 0.71655 -0.229126 
0.170410 0.114380 -0.9521 -0.146973 0.73975 -0.214844 
0.161377 0.114380 -0.8057 -0.158203 0.71533 -0.197876 
0.151978 0.120117 -0.2930 -0.172607 0.65796 -0.177612 
0.142456 0.126953 -0.26123 -0.187134 0.59082 -0.154053 
0.134277 0.133057 0.14771 -0.197144 0.54688 -0.128662 
0.126343 0.139160 0.14771 -0.202148 0.54199 -0.101563 
0.120483 0.145264 0.25391 -0.204712 0.58105 -0.73242 
0.118652 0.149658 0.38452 -0.204224 0.65918 -0.45044 
0.117920 0.152710 0.54077 -0.204224 0.74951 -0.16235 
0.116333 0.154907 0.67139 -0.198853 0.81299 0.15381 
0.114380 0.157715 0.76660 -0.189697 0.82153 0.50537 
0.110229 0.161255 0.84595 -0.180420 0.82153 0.88867 
0.105469 0.164551 0.93262 -0.174683 0.75195 0.130127 
0.100830 0.165039 0.103882 -0.170166 0.62256 0.141968 
0.100952 0.163086 0.114868 -0.161377 0.47729 0.184937 
0.102295 0.157227 0.121582 -0.144165 0.33203 0.216187 
0.107178 0.145142 0.122803 -0.122681 0.19409 0.255615 
0.124023 0.128052 0.124268 -0.104248 0.12939 0.292969 
0.111694 0.110962 0.123779 -0.90332 0.14648 0.322998 
0.142944 0.95459 0.117188 -0.76660 0.19653 0.342773 
0.168335 0.79712 0.111572 -0.64697 0.26489 0.353149 
0.183472 0.93140 0.101440 -0.56885 0.29663 0.360474 
0.197754 0.61890 0.88257 -0.52612 0.31860 0.359985 
0.209106 0.48584 0.81543 -0.57251 0.36743 0.356812 
0.216553 0.37476 0.86182 -0.71167 0.41504 0.350464 
0.219849 0.31860 0.70801 -0.85205 0.43945 0.346436 
0.218384 0.30029 0.102051 -0.91797 0.38330 0.349121 
0.218262 0.30273 0.119141 -0.85571 0.25391 0.354614 
0.217651 0.26611 0.131714 -0.70801 0.9888 0.361206 
0.222412 0.16846 0.136597 -0.70801 -0.732 0.364868 
0.224854 0.5127 0.134766 -0.51270 -0.5127 0.365601 
0.223389 -0.6470 0.127930 -0.30640 -0.5005 0.365967 
0.220459 -0.17212 0.116699 -0.12695 -0.2319 0.366211 
0.213867 -0.28809 0.104248 0.2563 -0.2319 0.366455 
0.210693 -0.38940 0.96436 0.13062 0.2930 0.368408 
0.207642 -0.48096 0.93628 0.17090 0.10010 0.372192 
0.204468 -0.55908 0.92651 0.19165 0.15991 0.372192 
0.206787 -0.64819 0.90942 0.22217 0.17944 0.378418 
0.212646 -0.75928 0.89844 0.24780 0.16724 0.383057 
0.187622 -0.87036 0.87891 0.25024 0.14771 0.383789 
0.218872 -0.98022 0.84351 0.24170 0.12817 0.381226 
0.226685 -0.108887 0.79224 0.22339 0.11475 0.375244 
0.232422 -0.118774 0.73853 0.18311 0.12695 0.367188 
0.235840 -0.97290 0.69458 0.10986 0.15625 0.359497 
0.238647 -0.128540 0.63843 0.2075 0.19531 0.351929 
0.238281 -0.138184 0.88013 -0.8545 0.22949 0.343140 
0.245605 -0.148926 0.47607 -0.23926 0.24780 0.329224 
0.263184 -0.162109 0.47607 -0.43945 0.30762 0.305176 
0.277710 -0.172241 0.43213 -0.71899 0.41260 0.272583 
0.292480 -0.181030 0.46631 -0.69214 0.50659 0.235718 
0.308716 -0.185425 0.54565 -0.100464 0.56396 0.194336 
0.315430 -0.189819 0.63477 -0.121704 0.60059 0.149536 
0.310547 -0.191040 0.70557 -0.136108 0.62134 0.107666 
0.302490 -0.189209 0.77026 -0.146729 0.61157 0.70679 
0.295654 -0.186401 0.84473 -0.156616 0.61157 0.36743 
0.289429 -0.183838 0.92896 -0.162720 0.57129 0.35400 
0.284912 -0.181274 0.98755 -0.160889 0.51758 0.4517 
0.280762 -0.179077 0.100098 -0.154053 0.45776 -0.26733 
0.277222 -0.176270 0.101929 -0.148193 0.39917 -0.56763 
0.279907 -0.173706 0.106201 -0.144043 0.35278 -0.85571 
0.254028 -0.170410 0.110107 -0.137573 0.32959 -0.114868 
0.285278 -0.167725 0.111572 -0.127563 0.32959 -0.146484 
0.288208 -0.166626 0.108276 -0.114868 0.34790 -0.180298 
0.285156 -0.165405 0.101440 -0.101807 0.38452 -0.216797 
0.271606 -0.159546 0.94116 -0.92651 0.42847 -0.252441 
0.255127 -0.159546 0.88989 -0.87891 0.46143 -0.281372 
0.236572 -0.152344 0.86792 -0.86304 0.46143 -0.301758 
0.218628 -0.143433 0.89600 -0.85327 0.43945 -0.311523 
0.210205 -0.131836 0.89600 -0.84106 0.40527 -0.312866 
0.214111 -0.122803 0.98633 -0.80688 0.36377 -0.313599 
0.226563 -0.114746 0.108765 -0.70435 0.33936 -0.318604 
0.242188 -0.109497 0.114136 -0.88867 0.33936 -0.330322 
0.254395 -0.108521 0.113892 -0.57617 0.39185 -0.349976 
0.246948 -0.109253 0.107910 -0.44434 0.45166 -0.372803 
0.225586 -0.102661 0.97656 -0.32104 0.49561 -0.385010 
0.203003 -0.91309 0.87524 -0.27222 0.49561 -0.383423 
0.183228 -0.76660 0.85449 -0.33081 0.51880 -0.369263 
0.173706 -0.61646 0.92773 -0.45288 0.50049 -0.347778 
0.174194 -0.48706 0.102905 -0.51758 0.42847 -0.347778 
0.179932 -0.37964 0.112305 -0.47729 0.32593 -0.325928 
0.185425 -0.28320 0.117554 -0.38818 0.22461 -0.306763 
0.185059 -0.20752 0.117432 -0.28442 0.16235 -0.290039 
0.176636 -0.12085 0.116089 -0.20142 0.13306 -0.274658 
0.176636 -0.732 0.115479 -0.16968 0.12695 -0.255249 
0.166260 -0.22217 0.115967 -0.17822 0.11597 -0.228394 
0.158569 0.16357 0.116699 -0.17456 0.8423 -0.197266 
