0.251221 0.22949 0.37231 0.3662 -0.4395 -0.2930 
0.279541 0.23804 0.38208 0.1221 -0.4272 -0.488 
0.246582 0.24170 0.39185 -0.2563 -0.6836 0.3662 
0.246582 0.24048 0.39429 -0.4761 -0.11719 0.7568 
0.249268 0.22461 0.39673 -0.5737 -0.16479 0.9888 
0.252686 0.21362 0.40527 -0.4517 -0.19531 0.10010 
0.255615 0.21362 0.41016 -0.1099 -0.20386 0.7568 
0.258423 0.20752 0.40771 0.3784 -0.18311 0.3174 
0.259155 0.20142 0.40039 0.9155 -0.13428 -0.1465 
0.258057 0.19409 0.39063 0.13062 -0.6470 -0.5005 
0.256226 0.19165 0.39063 0.14648 0.610 -0.6836 
0.254639 0.19409 0.38208 0.13550 0.5493 -0.6836 
0.253174 0.19409 0.38818 0.11719 0.6470 -0.5371 
0.252930 0.19287 0.39551 0.11719 0.3906 -0.3906 
0.254028 0.19165 0.39551 0.9521 0.244 -0.3052 
0.255737 0.18433 0.37354 0.5981 0.27832 -0.3296 
0.258179 0.17822 0.39185 0.1221 -0.6104 -0.4761 
0.259888 0.17944 0.36865 -0.1099 -0.6104 -0.6836 
0.262329 0.21973 0.39673 -0.7446 -0.5249 -0.9033 
0.258789 0.18311 0.42603 -0.7935 -0.2808 -0.11597 
0.256836 0.20874 0.36621 -0.4517 0.732 -0.11597 
0.257446 0.20874 0.36011 -0.9033 0.4517 -0.12207 
0.259277 0.21118 0.36743 -0.9644 0.5981 -0.12817 
0.260742 0.20996 0.35034 -0.6958 0.4395 -0.13428 
0.260742 0.20508 0.32715 -0.5615 0.1465 -0.14893 
0.261230 0.19897 0.31860 -0.5615 -0.1831 -0.17578 
0.261719 0.18433 0.32837 -0.6348 -0.5249 -0.20630 
0.265137 0.16235 0.34912 -0.6958 -0.8423 -0.25146 
0.272827 0.16235 0.38574 -0.7446 -0.11475 -0.32715 
0.284668 0.12207 0.42114 -0.8911 -0.15137 -0.44556 
0.303345 0.6714 0.43091 -0.9888 -0.19165 -0.63354 
0.323730 0.00 0.43091 -0.9888 -0.23193 -0.91187 
0.338745 -0.4150 0.39551 -0.10010 -0.25024 -0.125977 
0.341553 -0.6226 0.31860 -0.10986 -0.23804 -0.163574 
0.332031 -0.6714 0.18433 -0.10986 -0.19409 -0.199219 
0.314697 -0.5493 0.1831 -0.12695 -0.12573 -0.228516 
0.299316 -0.1099 -0.13672 -0.20264 -0.4761 -0.250122 
0.292603 -0.2686 -0.23315 -0.37231 -0.29663 -0.270264 
0.292358 -0.2808 -0.23926 -0.61890 0.1587 -0.291382 
0.292603 -0.3906 -0.19043 -0.86548 0.6104 -0.283447 
0.290039 -0.1587 -0.9521 -0.106812 0.8301 -0.338745 
0.280762 0.7202 0.977 -0.121704 0.9521 -0.338745 
0.263062 0.19775 0.7202 -0.129150 0.10620 -0.358398 
0.235840 0.35034 0.11841 -0.129761 0.11353 -0.371826 
0.239990 0.52490 0.14282 -0.129395 0.10986 -0.374878 
0.208740 0.68115 0.14282 -0.129639 0.12817 -0.363525 
0.191162 0.77759 0.12573 -0.128906 0.16846 -0.345459 
0.184814 0.83740 0.10010 -0.126587 0.23682 -0.328491 
0.186646 0.87402 0.6348 -0.124023 0.34058 -0.316040 
0.190918 0.87402 0.3174 -0.123657 0.48096 -0.308838 
0.193359 0.94604 0.4395 -0.128906 0.63721 -0.304810 
0.185303 0.101074 0.11230 -0.138062 0.78857 -0.300537 
0.168945 0.111450 0.11230 -0.146851 0.91553 -0.290772 
0.150757 0.125732 0.24902 -0.152954 0.99365 -0.273193 
0.137085 0.141602 0.40161 -0.151733 0.102051 -0.250610 
0.127319 0.154907 0.54077 -0.151733 0.98877 -0.226074 
0.122925 0.163208 0.62988 -0.143677 0.91675 -0.202026 
0.122437 0.166992 0.64941 -0.132690 0.80811 -0.179810 
0.121826 0.168701 0.62866 -0.123779 0.64941 -0.157959 
0.120850 0.168701 0.60791 -0.121582 0.64941 -0.135376 
0.119629 0.167480 0.60059 -0.125610 0.44189 -0.112671 
0.116577 0.167847 0.62134 -0.131714 0.19409 -0.119873 
0.113159 0.169800 0.66895 -0.137817 -0.8667 -0.88623 
0.109985 0.171631 0.71167 -0.141846 -0.36865 -0.62622 
0.106445 0.171387 0.72021 -0.140747 -0.59937 -0.35645 
0.102905 0.170410 0.68237 -0.134766 -0.74097 -0.8545 
0.98145 0.169189 0.63477 -0.128296 -0.77393 0.18188 
0.98145 0.167969 0.60791 -0.125244 -0.71655 0.46021 
0.91431 0.169678 0.63110 -0.125732 -0.60547 0.76172 
0.83740 0.171997 0.69214 -0.127075 -0.47241 0.111084 
0.76782 0.171997 0.77881 -0.125488 -0.34668 0.148926 
0.69580 0.172730 0.90332 -0.120728 -0.23682 0.188721 
0.65186 0.168213 0.71411 -0.114136 -0.13062 0.229980 
0.72510 0.156982 0.102661 -0.102905 -0.122 0.269409 
0.86670 0.141480 0.113892 -0.88867 0.18188 0.300293 
0.104492 0.124146 0.125732 -0.78857 0.34180 0.323486 
0.127441 0.106934 0.137695 -0.72510 0.47607 0.334595 
0.153564 0.90820 0.148682 -0.72510 0.56152 0.344116 
0.171753 0.76294 0.158569 -0.65796 0.52490 0.350708 
0.184692 0.66040 0.163574 -0.56641 0.46875 0.355469 
0.191406 0.61646 0.161987 -0.46143 0.46875 0.360840 
0.189697 0.59937 0.158203 -0.40405 0.42725 0.368408 
0.181030 0.57251 0.156372 -0.39185 0.37476 0.348877 
0.178467 0.47485 0.161865 -0.40527 0.30518 0.380127 
0.189331 0.34912 0.166870 -0.39673 0.28076 0.395386 
0.207031 0.22705 0.165405 -0.29663 0.34058 0.408325 
0.188477 0.12085 0.159058 -0.16357 0.41382 0.410767 
0.222778 0.1953 0.150879 -0.5249 0.46631 0.405518 
0.222778 -0.8179 0.142700 0.1831 0.49805 0.399170 
0.220215 -0.18677 0.135620 0.3662 0.50659 0.395508 
0.220337 -0.28687 0.127930 0.3296 0.51392 0.393677 
0.219238 -0.28687 0.121460 0.2930 0.51025 0.390991 
0.214600 -0.36987 0.117065 0.1465 0.49805 0.388428 
0.206299 -0.43823 0.116333 -0.977 0.48340 0.388916 
0.198242 -0.49316 0.116333 -0.4639 0.45288 0.394165 
0.196533 -0.57129 0.118774 -0.6592 0.41260 0.401489 
0.201416 -0.66650 0.119629 -0.4639 0.37598 0.406128 
0.210449 -0.76416 0.118408 -0.4395 0.36987 0.405151 
0.223022 -0.88013 0.118408 -0.4395 0.41382 0.398438 
0.241699 -0.99976 0.119141 -0.8789 0.50049 0.383423 
0.261353 -0.109741 0.117798 -0.14038 0.60913 0.358398 
0.273560 -0.119019 0.112671 -0.18066 0.60913 0.324463 
0.274780 -0.125977 0.104858 -0.22217 0.72754 0.290405 
0.270142 -0.129761 0.96313 -0.29785 0.85693 0.292236 
0.263428 -0.132935 0.91553 -0.43213 0.96313 0.265869 
0.258423 -0.137207 0.91797 -0.61401 0.100708 0.234619 
0.256348 -0.142334 0.95947 -0.79956 0.98145 0.210083 
0.260986 -0.148438 0.101807 -0.95215 0.90454 0.186768 
0.269043 -0.156006 0.105957 -0.106812 0.81665 0.161621 
0.269043 -0.161377 0.109131 -0.116455 0.74951 0.131470 
0.275513 -0.163940 0.111450 -0.125732 0.71289 0.98022 
0.280640 -0.163574 0.115112 -0.135620 0.70313 0.63110 
0.283813 -0.163574 0.122192 -0.146118 0.70557 0.27466 
0.286743 -0.162598 0.131226 -0.153687 0.71777 -0.9766 
0.289795 -0.161987 0.141235 -0.155518 0.74707 -0.49561 
0.291504 -0.159058 0.151367 -0.151855 0.77759 -0.89844 
0.294189 -0.154907 0.151367 -0.143799 0.79590 -0.130371 
0.291504 -0.154541 0.158936 -0.131470 0.79834 -0.171997 
0.282227 -0.154419 0.161743 -0.149658 0.77148 -0.213745 
0.267456 -0.154419 0.161255 -0.118408 0.70557 -0.252930 
0.254639 -0.149292 0.160889 -0.109375 0.62256 -0.285645 
0.244873 -0.146118 0.163208 -0.103149 0.52002 -0.313477 
0.244995 -0.140747 0.167603 -0.98022 0.52002 -0.338135 
0.249512 -0.136841 0.171631 -0.90088 0.42725 -0.364624 
0.253784 -0.134399 0.173340 -0.78125 0.34912 -0.362427 
0.255981 -0.130249 0.170776 -0.64087 0.29541 -0.391357 
0.254028 -0.129395 0.167480 -0.51270 0.26733 -0.422607 
0.249878 -0.128418 0.163696 -0.44312 0.25635 -0.452515 
0.240723 -0.124756 0.158447 -0.40894 0.27466 -0.481689 
0.221069 -0.117554 0.149902 -0.37109 0.30151 -0.509522 
0.221069 -0.104370 0.141724 -0.32959 0.28931 -0.530884 
0.190674 -0.81299 0.140869 -0.34302 0.23438 -0.536743 
0.154541 -0.84595 0.147583 -0.44800 0.13672 -0.523193 
0.126099 -0.53345 0.160889 -0.54321 0.1343 -0.494751 
0.103271 -0.24170 0.172485 -0.51880 -0.12085 -0.454102 
0.87158 0.2441 0.177612 -0.35400 -0.24902 -0.404175 
0.79224 0.21729 0.172974 -0.12695 -0.33691 -0.350830 
0.78735 0.32837 0.172974 0.8057 -0.37476 -0.296509 
0.88135 0.37720 0.160889 0.21851 -0.34546 -0.246094 
0.105713 0.39185 0.145874 0.25635 -0.24292 -0.204712 
0.123657 0.39917 0.134033 0.25635 -0.11353 -0.171753 
0.138916 0.41382 0.127930 0.21973 -0.1099 -0.144287 
0.150757 0.44067 0.125854 0.17090 -0.28687 -0.120728 
0.160645 0.47852 0.125977 0.13916 0.2563 -0.100342 
0.167358 0.51514 0.127563 0.12207 0.1953 -0.81909 
0.170776 0.55054 0.129639 0.12085 -0.1587 -0.64453 
0.172974 0.57373 0.131104 0.14526 -0.6348 -0.78979 
0.179077 0.56396 0.131470 0.18677 -0.11597 -0.47729 
0.188843 0.54321 0.128540 0.23682 -0.14771 -0.33691 
0.197144 0.51880 0.124023 0.27954 -0.14038 -0.24292 
