0.251465 0.20630 0.26001 0.2686 0.4272 0.854 
0.253784 0.19409 0.25391 0.2686 0.4883 0.1099 
0.257690 0.18921 0.27100 0.366 0.4761 0.488 
0.261108 0.17944 0.28931 -0.854 0.5127 -0.1343 
0.263428 0.17944 0.30273 -0.1099 0.5127 -0.3662 
0.262085 0.18677 0.31250 -0.854 0.5493 -0.4517 
0.258667 0.19531 0.29785 -0.488 0.5493 -0.3906 
0.256348 0.20264 0.28076 -0.854 0.5127 -0.2563 
0.254761 0.20142 0.26611 -0.1465 0.4395 -0.2563 
0.254028 0.20020 0.26001 -0.1831 0.3296 -0.1343 
0.252686 0.20264 0.26001 -0.1221 0.1953 -0.366 
0.251343 0.20752 0.26001 0.488 0.244 0.732 
0.251343 0.21484 0.25146 0.2686 -0.1953 0.2441 
0.249146 0.21973 0.24292 0.4517 -0.4150 0.5249 
0.249634 0.22095 0.24902 0.6592 -0.7080 0.6836 
0.252686 0.22095 0.25879 0.8911 -0.10254 0.6348 
0.256104 0.22095 0.26001 0.10620 -0.12695 0.4395 
0.258911 0.22217 0.25513 0.11353 -0.14160 0.1465 
0.259277 0.21973 0.24170 0.10010 -0.13916 -0.977 
0.259644 0.21729 0.24170 0.6592 -0.12207 -0.2930 
0.260498 0.20508 0.22583 0.2075 -0.8667 -0.4883 
0.262451 0.19165 0.20630 0.27954 -0.4639 -0.7324 
0.263306 0.18066 0.19165 -0.3296 -0.732 -0.9766 
0.260864 0.16968 0.16602 -0.8179 0.3052 -0.9033 
0.254395 0.18066 0.17822 -0.13916 0.3906 -0.4028 
0.254028 0.19653 0.24414 -0.17456 0.3906 -0.244 
0.256714 0.19531 0.28198 -0.8911 0.610 0.977 
0.260376 0.17700 0.23560 0.1587 -0.4272 0.29785 
0.263428 0.16113 0.18555 0.4150 -0.6104 -0.6226 
0.267578 0.15625 0.14038 0.2808 -0.5737 -0.6226 
0.272095 0.15747 0.10132 -0.1953 -0.3784 -0.12329 
0.277100 0.15625 0.8301 -0.10620 -0.1831 -0.19287 
0.255615 0.15503 0.5737 -0.20630 -0.854 -0.27344 
0.286865 0.12329 0.5493 -0.30029 -0.2686 -0.39551 
0.296997 0.8423 0.5737 -0.41138 -0.7935 -0.57617 
0.306885 0.6836 0.5371 -0.48218 -0.11719 -0.79834 
0.311035 0.6836 0.5615 -0.52002 -0.15381 -0.105225 
0.309814 0.7446 0.7324 -0.56030 -0.19531 -0.129761 
0.306641 0.7080 0.9888 -0.58105 -0.22827 -0.153442 
0.300903 0.6470 0.10498 -0.56152 -0.26123 -0.175659 
0.294067 0.7690 0.10498 -0.51758 -0.28442 -0.194336 
0.286499 0.10376 0.7935 -0.47485 -0.28320 -0.209595 
0.279175 0.13794 0.5249 -0.44800 -0.24658 -0.221191 
0.273926 0.17334 0.977 -0.44800 -0.17212 -0.230103 
0.271973 0.20020 -0.3540 -0.43457 -0.7324 -0.238403 
0.272949 0.22583 -0.7446 -0.44312 -0.26489 -0.247559 
0.278442 0.24048 -0.9399 -0.47607 0.18433 -0.259521 
0.282959 0.25146 -0.10010 -0.53589 0.18433 -0.274902 
0.280273 0.26611 -0.10498 -0.59937 0.31738 -0.261230 
0.267822 0.31860 -0.11353 -0.65552 0.42725 -0.306397 
0.248291 0.43091 -0.10010 -0.72998 0.50171 -0.306397 
0.229858 0.56274 -0.4395 -0.83862 0.54932 -0.310547 
0.217285 0.68481 0.5127 -0.94238 0.56641 -0.306030 
0.211670 0.78735 0.15015 -0.99609 0.54810 -0.296997 
0.211670 0.86914 0.21851 -0.98633 0.51514 -0.287109 
0.208008 0.93018 0.25513 -0.94727 0.49194 -0.278442 
0.203857 0.67749 0.27344 -0.92041 0.49683 -0.271118 
0.196411 0.105957 0.27588 -0.93018 0.52002 -0.261841 
0.187256 0.105957 0.27222 -0.98389 0.52979 -0.248779 
0.178467 0.112793 0.29907 -0.107422 0.50537 -0.232666 
0.170654 0.119019 0.5249 -0.119019 0.45288 -0.215332 
0.164307 0.125732 0.36499 -0.129028 0.38086 -0.197754 
0.159668 0.133057 0.45410 -0.134155 0.29907 -0.180542 
0.155151 0.140747 0.54077 -0.134644 0.22949 -0.163818 
0.149414 0.149536 0.61646 -0.134644 0.18433 -0.145752 
0.141602 0.158813 0.67383 -0.132446 0.15381 -0.124756 
0.133301 0.167480 0.69946 -0.128174 0.12695 -0.100586 
0.127808 0.172607 0.69214 -0.122925 0.10376 -0.75195 
0.124512 0.174683 0.67383 -0.118530 0.10376 -0.49927 
0.122925 0.174072 0.64575 -0.114746 0.7935 -0.56396 
0.124512 0.170288 0.61035 -0.111816 0.5005 -0.1709 
0.128296 0.164063 0.56274 -0.110474 0.2197 -0.1709 
0.134888 0.158081 0.52490 -0.111816 0.610 0.19897 
0.141357 0.153809 0.51880 -0.116943 0.1587 0.38574 
0.145874 0.151733 0.56030 -0.124023 0.4395 0.54443 
0.145874 0.151611 0.62866 -0.129395 0.8301 0.68359 
0.143677 0.153687 0.69336 -0.130615 0.12085 0.84106 
0.137085 0.155273 0.75439 -0.129639 0.13916 0.105347 
0.132080 0.154663 0.82397 -0.129028 0.14771 0.131104 
0.128662 0.154663 0.88257 -0.125122 0.16235 0.159912 
0.125488 0.153931 0.89355 -0.115845 0.17700 0.192139 
0.123169 0.151001 0.88135 -0.103882 0.15991 0.225342 
0.123291 0.142944 0.88135 -0.93994 0.10620 0.258057 
0.133423 0.130615 0.86426 -0.85815 0.6958 0.286621 
0.144165 0.116699 0.84961 -0.80444 0.4150 0.308838 
0.164795 0.100098 0.86060 -0.81177 0.7935 0.317627 
0.190186 0.84717 0.92651 -0.81177 0.15503 0.318115 
0.204468 0.71289 0.101929 -0.81421 0.20020 0.314697 
0.212646 0.65430 0.106079 -0.71777 0.24170 0.313355 
0.209595 0.62378 0.105347 -0.57861 0.24170 0.316528 
0.202881 0.58716 0.103638 -0.52002 0.26245 0.324829 
0.202026 0.51147 0.103516 -0.55054 0.24536 0.333252 
0.206177 0.40161 0.104004 -0.57251 0.22949 0.333252 
0.212402 0.29175 0.105103 -0.53833 0.24048 0.336914 
0.223755 0.20142 0.110596 -0.49194 0.27832 0.336304 
0.240601 0.11597 0.117432 -0.46875 0.32349 0.331665 
0.220581 0.5249 0.121948 -0.41626 0.36377 0.321655 
0.251831 0.488 0.121582 -0.33325 0.36743 0.307861 
0.252686 0.26978 0.119995 -0.27222 0.33569 0.294800 
0.246948 -0.6470 0.116943 -0.25269 0.28809 0.286133 
0.239258 -0.6470 0.114136 -0.24658 0.23682 0.282837 
0.228394 -0.9155 0.110962 -0.24414 0.17456 0.284180 
0.216919 -0.12695 0.107178 -0.23560 0.10376 0.289917 
0.206665 -0.18433 0.107178 -0.21851 0.4150 0.298340 
0.200317 -0.25757 0.104492 -0.20142 -0.610 0.307739 
0.202393 -0.34912 0.103394 -0.17944 -0.2686 0.313721 
0.212036 -0.45410 0.103394 -0.14038 -0.2197 0.314087 
0.224609 -0.55542 0.103149 -0.14038 0.244 0.309204 
0.236816 -0.64941 0.102173 -0.10620 0.3540 0.301025 
0.244019 -0.72876 0.100464 -0.10498 0.8911 0.291870 
0.245483 -0.79346 0.96924 -0.12573 0.8911 0.282593 
0.242432 -0.85571 0.92041 -0.15991 0.14160 0.274048 
0.238037 -0.91187 0.87158 -0.20142 0.18188 0.266602 
0.234619 -0.96069 0.84106 -0.25757 0.22095 0.266602 
0.235474 -0.102539 0.82764 -0.32104 0.24902 0.259399 
0.242554 -0.110718 0.84106 -0.38208 0.27100 0.248901 
0.227295 -0.120361 0.86914 -0.44434 0.31006 0.234741 
0.278809 -0.129761 0.89233 -0.50293 0.37964 0.215698 
0.278809 -0.136475 0.90576 -0.55420 0.47363 0.189819 
0.296875 -0.141602 0.91064 -0.60181 0.55908 0.157471 
0.308960 -0.144531 0.90576 -0.66040 0.62134 0.120239 
0.317505 -0.144531 0.91187 -0.74585 0.66772 0.80078 
0.319580 -0.145752 0.92651 -0.83008 0.68726 0.39551 
0.316406 -0.146362 0.92529 -0.87646 0.66162 0.610 
0.310059 -0.146118 0.92529 -0.90698 0.59692 -0.36499 
0.300171 -0.145386 0.90942 -0.95337 0.50781 -0.71411 
0.288208 -0.143188 0.91797 -0.101929 0.40649 -0.101074 
0.280640 -0.140137 0.94971 -0.109253 0.30640 -0.126709 
0.275635 -0.136963 0.99731 -0.109253 0.21484 -0.151245 
0.271606 -0.133057 0.105225 -0.115234 0.13428 -0.174805 
0.269165 -0.128174 0.110718 -0.118652 0.7202 -0.197632 
0.266480 -0.123657 0.114624 -0.118408 0.7202 -0.220703 
0.261719 -0.119629 0.116577 -0.114624 0.3662 -0.243042 
0.255249 -0.115967 0.116089 -0.107910 0.2930 -0.231934 
0.247681 -0.111206 0.113770 -0.100098 0.4395 -0.280273 
0.240723 -0.105957 0.111816 -0.92896 0.6836 -0.280273 
0.239502 -0.99976 0.110107 -0.87769 0.9033 -0.293579 
0.239014 -0.95459 0.108276 -0.82520 0.12207 -0.304932 
0.235596 -0.89355 0.107178 -0.77148 0.16846 -0.316650 
0.235596 -0.82520 0.108032 -0.73242 0.20996 -0.326050 
0.234131 -0.75684 0.109131 -0.70801 0.24292 -0.332764 
0.235474 -0.69214 0.108276 -0.67505 0.27344 -0.339600 
0.234497 -0.69214 0.105835 -0.61890 0.30029 -0.347656 
0.228516 -0.63721 0.105469 -0.56030 0.31860 -0.353516 
0.217896 -0.54688 0.106812 -0.52979 0.32593 -0.353516 
0.205566 -0.42725 0.107788 -0.51636 0.30273 -0.347412 
0.194336 -0.31128 0.107788 -0.48340 0.24658 -0.336182 
0.183350 -0.19165 0.109253 -0.44189 0.16724 -0.319458 
0.174072 -0.7324 0.111206 -0.40894 0.7935 -0.296997 
0.166260 0.2930 0.114136 -0.40894 -0.732 -0.270386 
