0.257080 0.26611 0.36499 -0.7935 0.4150 0.6836 
0.256226 0.25879 0.35645 -0.7080 0.4517 0.7202 
0.254272 0.25513 0.35645 -0.7080 0.4395 0.7690 
0.253540 0.24902 0.35156 -0.8301 0.4272 0.8179 
0.255005 0.24536 0.35767 -0.10132 0.4150 0.7446 
0.255981 0.23926 0.36621 -0.10742 0.4150 0.5859 
0.256226 0.24170 0.37598 -0.9766 0.4272 0.3784 
0.255859 0.24780 0.39063 -0.8179 0.4761 0.1465 
0.255493 0.25391 0.39795 -0.5859 0.4883 0.30640 
0.255737 0.26123 0.40649 -0.3296 0.4761 -0.610 
0.255249 0.26733 0.41260 0.122 0.4028 -0.2930 
0.254639 0.27344 0.42114 0.3418 0.2441 -0.4883 
0.256592 0.27344 0.42725 0.6836 -0.1221 -0.6348 
0.256592 0.26733 0.42969 0.11597 -0.6226 -0.7935 
0.258423 0.25757 0.41870 0.16724 -0.11475 -0.9521 
0.259521 0.24780 0.39795 0.20508 -0.16235 -0.10864 
0.258911 0.24780 0.38086 0.21118 -0.18921 -0.11841 
0.260620 0.24536 0.35400 0.20020 -0.20020 -0.13306 
0.258667 0.23315 0.60425 0.15747 -0.17578 -0.13794 
0.253174 0.25635 0.28198 0.3418 -0.11108 -0.9033 
0.247192 0.26001 0.28198 -0.5615 -0.5981 -0.2808 
0.248657 0.27954 0.38574 0.1221 -0.6348 0.1831 
0.250244 0.29297 0.39551 0.7080 -0.5981 0.3784 
0.250488 0.29297 0.34790 0.7080 -0.4639 0.3174 
0.251221 0.28931 0.30884 0.7935 -0.3784 0.1587 
0.254883 0.27954 0.29053 0.7202 -0.2930 -0.366 
0.259888 0.26978 0.28320 0.4639 -0.2808 -0.3906 
0.263428 0.26123 0.27710 0.1831 -0.2808 -0.8789 
0.265015 0.25635 0.26001 0.488 -0.4028 -0.14526 
0.265381 0.25513 0.24536 -0.977 -0.5737 -0.20264 
0.267456 0.24902 0.24048 -0.3418 -0.7446 -0.20264 
0.273193 0.23438 0.23438 -0.5615 -0.9521 -0.26001 
0.284058 0.20264 0.22583 -0.7324 -0.11841 -0.33203 
0.297974 0.17212 0.20386 -0.9888 -0.13794 -0.44922 
0.297974 0.14893 0.19653 -0.13672 -0.13062 -0.62622 
0.303589 0.12329 0.13794 -0.17334 -0.9277 -0.83862 
0.309814 0.10742 0.6958 -0.21484 -0.6348 -0.110229 
0.309326 0.12329 0.3174 -0.27466 -0.3418 -0.140381 
0.302246 0.12329 0.4028 -0.36621 -0.1465 -0.166138 
0.295166 0.15015 0.7935 -0.44800 -0.1221 -0.187134 
0.294189 0.16357 0.11108 -0.49927 -0.2930 -0.205811 
0.295166 0.19653 0.11108 -0.50415 -0.5615 -0.224365 
0.295654 0.22461 0.9888 -0.50171 -0.8423 -0.244507 
0.291748 0.23804 0.5615 -0.53345 -0.7813 -0.265381 
0.279541 0.25146 0.1831 -0.53345 -0.4517 -0.282837 
0.271240 0.28687 0.2808 -0.62744 0.1099 -0.294678 
0.271851 0.32593 0.5737 -0.76050 0.7690 -0.306885 
0.271973 0.37720 0.7446 -0.86182 0.10864 -0.320801 
0.267822 0.41504 0.4639 -0.90088 0.10864 -0.333252 
0.260254 0.45654 -0.2197 -0.90942 0.10498 -0.312622 
0.248901 0.48584 -0.6714 -0.94604 0.8667 -0.350952 
0.238159 0.54810 -0.4517 -0.106445 0.8301 -0.350952 
0.225220 0.65308 0.1831 -0.121338 0.11230 -0.353638 
0.206177 0.78857 0.11108 -0.132202 0.13184 -0.353638 
0.217896 0.93872 0.20874 -0.138550 0.12451 -0.349121 
0.186646 0.105469 0.28442 -0.140381 0.11597 -0.337524 
0.172730 0.114136 0.32227 -0.137085 0.14282 -0.323242 
0.163818 0.121704 0.31860 -0.131592 0.21118 -0.309326 
0.158569 0.97046 0.28687 -0.127075 0.30273 -0.295776 
0.153198 0.128296 0.26245 -0.125977 0.39917 -0.282837 
0.146606 0.134766 0.27588 -0.129761 0.49072 -0.268188 
0.139404 0.140381 0.29419 -0.135620 0.55176 -0.252563 
0.130371 0.145020 0.29419 -0.140869 0.57617 -0.234863 
0.118652 0.152466 0.33813 -0.147217 0.56152 -0.212524 
0.107666 0.161865 0.40894 -0.152222 0.51147 -0.185425 
0.95825 0.170410 0.48218 -0.154175 0.41992 -0.153564 
0.81299 0.179077 0.51270 -0.154175 0.27710 -0.114624 
0.71045 0.185425 0.53711 -0.159058 0.11597 -0.71411 
0.68237 0.187378 0.59692 -0.169678 0.30029 -0.29175 
0.69580 0.186768 0.69702 -0.177979 -0.1221 0.10010 
0.74707 0.183960 0.84106 -0.180298 -0.8911 0.46631 
0.85083 0.179932 0.97900 -0.177856 -0.8423 0.47607 
0.96802 0.174438 0.107056 -0.170288 -0.1221 0.78857 
0.105103 0.169556 0.111328 -0.160645 0.6836 0.105591 
0.107544 0.166504 0.115601 -0.153687 0.11963 0.130371 
0.107422 0.164673 0.124634 -0.151001 0.11475 0.157105 
0.106201 0.164673 0.134521 -0.146118 0.5493 0.187256 
0.106201 0.165405 0.141235 -0.131226 -0.4883 0.218994 
0.103027 0.163208 0.143433 -0.111450 -0.17944 0.251953 
0.100220 0.158081 0.142578 -0.93872 -0.29663 0.287231 
0.95459 0.158081 0.138428 -0.79468 -0.32959 0.324463 
0.94604 0.146118 0.132080 -0.70068 -0.34668 0.362793 
0.104492 0.129272 0.127563 -0.62256 -0.28076 0.393555 
0.117065 0.108276 0.127563 -0.52856 -0.23560 0.419556 
0.134399 0.82764 0.125122 -0.43701 -0.18921 0.437744 
0.161377 0.58228 0.126221 -0.38696 -0.2808 0.447388 
0.186890 0.42480 0.128784 -0.39185 0.16357 0.447998 
0.202637 0.34790 0.133423 -0.39185 0.28931 0.445190 
0.206543 0.30029 0.136597 -0.41748 0.1709 0.443604 
0.197876 0.25879 0.134766 -0.41382 0.61157 0.447754 
0.183350 0.21362 0.128784 -0.40405 0.29907 0.460693 
0.170166 0.13794 0.122803 -0.40527 0.25513 0.478149 
0.165771 0.4639 0.119385 -0.40161 0.20386 0.496460 
0.166870 -0.14771 0.115112 -0.36499 0.17212 0.496460 
0.177124 -0.33813 0.115601 -0.29785 0.16113 0.506714 
0.197754 -0.48828 0.117310 -0.25513 0.18921 0.511475 
0.215698 -0.59448 0.118530 -0.23804 0.22949 0.509644 
0.193359 -0.68359 0.116577 -0.22949 0.22339 0.501221 
0.224609 -0.76294 0.111450 -0.21606 0.17456 0.489136 
0.223022 -0.85938 0.102539 -0.21362 0.10498 0.477539 
0.210571 -0.64819 0.92651 -0.23071 0.4028 0.469238 
0.195435 -0.96069 0.84351 -0.28809 -0.1831 0.468140 
0.186768 -0.106201 0.80444 -0.38696 -0.5859 0.472168 
0.188965 -0.118530 0.79224 -0.51514 -0.9399 0.478394 
0.213989 -0.133911 0.79224 -0.66528 -0.12817 0.477051 
0.252808 -0.150024 0.79834 -0.80933 -0.17212 0.458496 
0.292236 -0.164551 0.84595 -0.88867 -0.20996 0.423828 
0.327515 -0.176392 0.88013 -0.91431 -0.17822 0.373291 
0.347168 -0.185669 0.86182 -0.91431 -0.8057 0.311646 
0.349976 -0.193726 0.80811 -0.95093 0.6592 0.246948 
0.340454 -0.199219 0.74951 -0.102051 0.21240 0.185791 
0.325195 -0.200684 0.70435 -0.111206 0.21240 0.131714 
0.310425 -0.199829 0.69092 -0.121948 0.31494 0.84229 
0.298096 -0.198730 0.70557 -0.132446 0.36255 0.73364 
0.290039 -0.198608 0.73242 -0.140381 0.36865 0.34912 
0.286499 -0.198120 0.76538 -0.146851 0.35522 0.3662 
0.282837 -0.196533 0.80688 -0.152832 0.35278 -0.33203 
0.308716 -0.193604 0.86548 -0.157349 0.37598 -0.69824 
0.268311 -0.189575 0.89722 -0.159180 0.41870 -0.104248 
0.268311 -0.185791 0.89600 -0.158569 0.46387 -0.135620 
0.257324 -0.180908 0.88135 -0.158569 0.49927 -0.163696 
0.250610 -0.176147 0.88989 -0.161621 0.50781 -0.188843 
0.248291 -0.176147 0.93506 -0.166748 0.48706 -0.211914 
0.246582 -0.170532 0.100464 -0.170166 0.45288 -0.232788 
0.245605 -0.165283 0.108398 -0.168823 0.41382 -0.251587 
0.251221 -0.159180 0.114258 -0.162231 0.38574 -0.270508 
0.260010 -0.152832 0.114258 -0.152100 0.36255 -0.292969 
0.264771 -0.149780 0.118652 -0.141235 0.33813 -0.319458 
0.264893 -0.144409 0.119873 -0.130005 0.32349 -0.346313 
0.257813 -0.139526 0.115601 -0.130005 0.31494 -0.372437 
0.245117 -0.133667 0.109131 -0.118286 0.30762 -0.394043 
0.233276 -0.126099 0.104004 -0.109863 0.30396 -0.409668 
0.227173 -0.118774 0.103516 -0.105591 0.30396 -0.421021 
0.220947 -0.114380 0.103271 -0.101929 0.31006 -0.431397 
0.210327 -0.106079 0.101929 -0.92651 0.31738 -0.435547 
0.195801 -0.94849 0.97046 -0.79590 0.30396 -0.430786 
0.175537 -0.78979 0.92529 -0.68604 0.27710 -0.430786 
0.157227 -0.59692 0.94238 -0.65552 0.23926 -0.414307 
0.177979 -0.40894 0.102539 -0.66528 0.19287 -0.384766 
0.142578 -0.24170 0.112183 -0.62378 0.14404 -0.347900 
0.142578 -0.11108 0.117554 -0.49316 0.10010 -0.308594 
0.139893 -0.1099 0.119263 -0.32349 0.5981 -0.267822 
0.141235 -0.27100 0.119019 -0.17334 0.3784 -0.226440 
0.149902 0.4150 0.115967 -0.3296 0.5005 -0.189209 
0.162109 0.6592 0.111084 0.10986 0.8057 -0.159302 
0.173340 0.7935 0.104614 0.22461 0.11597 -0.135010 
0.181641 0.9033 0.96436 0.30273 0.14038 -0.113770 
0.186890 0.10010 0.96436 0.34424 0.13062 -0.92651 
0.194092 0.10864 0.88623 0.32349 0.14526 -0.73975 
0.202393 0.12329 0.85083 0.56274 0.17578 -0.58838 
