0.248291 0.9277 0.51514 -0.14648 0.16113 0.17090 
0.250000 0.8301 0.52490 -0.13550 0.14282 0.15137 
0.252930 0.7813 0.55176 -0.13550 0.10498 0.12329 
0.256958 0.6592 0.58350 -0.10742 0.6714 0.7202 
0.260132 0.5249 0.61035 -0.5737 0.3052 0.1343 
0.260132 0.4883 0.62500 0.244 0.3052 -0.2075 
0.254028 0.4639 0.60913 0.4395 -0.122 -0.1465 
0.251587 0.5005 0.59204 0.4272 -0.1953 -0.30640 
0.252686 0.4395 0.58716 0.2441 -0.3174 0.610 
0.254028 0.3906 0.59204 0.488 -0.3540 0.1831 
0.254761 0.3662 0.59448 -0.610 -0.3418 0.1831 
0.253662 0.3784 0.58105 -0.244 -0.3174 0.610 
0.250977 0.3418 0.56030 0.732 -0.2563 -0.488 
0.250977 0.3296 0.54688 0.2808 -0.1709 -0.122 
0.249023 0.3906 0.53711 0.6104 -0.1465 0.1099 
0.248901 0.4272 0.54321 0.10376 -0.2197 0.1465 
0.251099 0.4272 0.55664 0.16357 -0.4883 -0.122 
0.254639 0.4883 0.56152 0.23804 -0.8911 -0.3906 
0.257568 0.5005 0.55786 0.29907 -0.12817 -0.9033 
0.258667 0.5249 0.54810 0.32471 -0.15625 -0.12939 
0.258301 0.5371 0.54810 0.31128 -0.17212 -0.14771 
0.255859 0.5615 0.51636 0.25146 -0.16235 -0.14404 
0.253296 0.5859 0.50537 0.16968 -0.14648 -0.11841 
0.249268 0.6348 0.48096 0.16968 -0.11108 -0.6470 
0.242065 0.8423 0.45288 0.7202 -0.7080 0.3052 
0.237427 0.8911 0.43091 -0.3540 -0.3906 0.11963 
0.238770 0.10254 0.42236 -0.12329 -0.3906 0.18188 
0.240479 0.15137 0.47485 -0.17822 -0.1221 0.22339 
0.240601 0.16235 0.53589 -0.14526 -0.1465 0.22583 
0.245850 0.18555 0.53833 -0.7202 -0.5127 0.18188 
0.253418 0.18799 0.51514 -0.4883 -0.9277 0.18188 
0.260864 0.18066 0.47607 -0.3906 -0.13916 0.8423 
0.265869 0.16235 0.45288 -0.4272 -0.19043 -0.4395 
0.270874 0.15869 0.45166 -0.8057 -0.24414 -0.18066 
0.270874 0.15381 0.46143 -0.12451 -0.29907 -0.31006 
0.277832 0.14282 0.45898 -0.15137 -0.36377 -0.44434 
0.287354 0.10376 0.42847 -0.17212 -0.43091 -0.60303 
0.298584 0.10376 0.40771 -0.20142 -0.48706 -0.81543 
0.304810 0.4395 0.39917 -0.25146 -0.52612 -0.106934 
0.305298 0.244 0.38940 -0.29663 -0.54321 -0.130981 
0.300171 -0.1587 0.37720 -0.32837 -0.56519 -0.152100 
0.293701 -0.854 0.37720 -0.34790 -0.60059 -0.168823 
0.291138 0.244 0.34302 -0.34180 -0.63354 -0.183716 
0.293335 0.610 0.28198 -0.32349 -0.64209 -0.199829 
0.297241 0.00 0.20752 -0.32349 -0.60669 -0.218018 
0.300171 0.244 0.11841 -0.32227 -0.52734 -0.237549 
0.299072 0.488 0.3906 -0.35400 -0.42114 -0.257690 
0.294434 0.854 -0.1465 -0.43091 -0.42114 -0.277222 
0.286743 0.3418 -0.5005 -0.54443 -0.29297 -0.294678 
0.278931 0.5859 -0.7935 -0.66040 -0.16235 -0.310669 
0.275024 0.7080 -0.11230 -0.76660 -0.3784 -0.296997 
0.269409 0.10742 -0.14526 -0.86670 0.10742 -0.328247 
0.262085 0.15503 -0.14771 -0.98633 0.26611 -0.346191 
0.254761 0.22095 -0.11597 -0.112549 0.42114 -0.362305 
0.278320 0.30762 -0.7446 -0.125000 0.55664 -0.376343 
0.247070 0.40771 -0.3662 -0.134033 0.64697 -0.387573 
0.236206 0.50171 -0.244 -0.141235 0.68237 -0.395630 
0.218628 0.31494 0.5371 -0.148438 0.66528 -0.398926 
0.200562 0.62744 0.13306 -0.155518 0.60425 -0.394043 
0.184570 0.76782 0.25391 -0.161255 0.53467 -0.381226 
0.171021 0.92529 0.10498 -0.163330 0.49316 -0.361938 
0.157349 0.110107 0.55786 -0.158325 0.46997 -0.337891 
0.142090 0.128296 0.55786 -0.145020 0.46387 -0.308228 
0.128052 0.144409 0.63110 -0.129883 0.46143 -0.274414 
0.116699 0.155029 0.64575 -0.151733 0.45288 -0.238281 
0.110718 0.160034 0.62134 -0.120483 0.45288 -0.201416 
0.109253 0.161621 0.59326 -0.117065 0.45410 -0.167236 
0.106079 0.162964 0.57739 -0.116577 0.43945 -0.134155 
0.99243 0.165894 0.58228 -0.118164 0.40527 -0.98999 
0.91797 0.169434 0.60913 -0.122192 0.40527 -0.59814 
0.86426 0.170410 0.64331 -0.127319 0.35400 -0.49683 
0.84595 0.170776 0.65796 -0.131226 0.29785 -0.8423 
0.85327 0.169189 0.66162 -0.134521 0.24048 0.22827 
0.89478 0.164917 0.69458 -0.139404 0.20142 0.61523 
0.96680 0.158936 0.76782 -0.143799 0.20142 0.95947 
0.107910 0.151123 0.86426 -0.144287 0.23804 0.126221 
0.107910 0.143433 0.94849 -0.140015 0.29785 0.151489 
0.119995 0.137939 0.99854 -0.132324 0.36499 0.172119 
0.125488 0.133667 0.102173 -0.126221 0.42358 0.192749 
0.122437 0.129883 0.103882 -0.125610 0.44922 0.219482 
0.114990 0.129883 0.107910 -0.131470 0.48340 0.252319 
0.113647 0.132446 0.118164 -0.140747 0.48584 0.289429 
0.106689 0.128784 0.93750 -0.141846 0.37964 0.333862 
0.112549 0.115723 0.125000 -0.132568 0.22827 0.372681 
0.129395 0.97900 0.128540 -0.120361 0.17578 0.401733 
0.149536 0.74829 0.132080 -0.109619 0.22339 0.418091 
0.174561 0.50293 0.135010 -0.109619 0.35767 0.421387 
0.197632 0.31738 0.135986 -0.97046 0.52612 0.415283 
0.210083 0.19287 0.135376 -0.85449 0.36621 0.406738 
0.212402 0.13672 0.134644 -0.81787 0.76538 0.403198 
0.208862 0.11597 0.133667 -0.86060 0.76538 0.405273 
0.200928 0.7690 0.129761 -0.93384 0.73486 0.378540 
0.192261 0.732 0.124023 -0.100098 0.59692 0.414795 
0.184814 -0.10376 0.121826 -0.105103 0.40894 0.414795 
0.189453 -0.25391 0.127686 -0.108276 0.22705 0.419922 
0.215942 -0.43579 0.139771 -0.106567 0.7568 0.423584 
0.192017 -0.60913 0.147339 -0.97534 -0.1465 0.416504 
0.254517 -0.74585 0.143555 -0.81421 -0.4883 0.391724 
0.283203 -0.81055 0.128784 -0.68970 -0.5371 0.353149 
0.297363 -0.89233 0.104858 -0.68237 0.2197 0.313232 
0.297974 -0.63599 0.83130 -0.78613 0.15869 0.273315 
0.277222 -0.94849 0.69092 -0.105469 0.29297 0.241699 
0.256226 -0.93994 0.67017 -0.145020 0.36987 0.226929 
0.244385 -0.91553 0.76416 -0.188721 0.32227 0.220459 
0.238647 -0.92407 0.76416 -0.225464 0.15259 0.215576 
0.237915 -0.96924 0.92651 -0.246704 -0.5493 0.208374 
0.246338 -0.105347 0.111206 -0.222046 -0.22949 0.194580 
0.266968 -0.114502 0.134888 -0.278809 -0.32471 0.173340 
0.290283 -0.121094 0.156006 -0.247559 -0.32104 0.141968 
0.304321 -0.124634 0.167236 -0.227783 -0.55298 0.103638 
0.309570 -0.125732 0.168335 -0.200439 -0.7935 0.63965 
0.307495 -0.126465 0.163696 -0.174316 -0.7935 0.26123 
0.300415 -0.127197 0.156128 -0.151733 0.12451 -0.8911 
0.291748 -0.127686 0.149292 -0.133545 0.29541 -0.7813 
0.287109 -0.127563 0.146118 -0.120239 0.40283 -0.39063 
0.289063 -0.127319 0.148315 -0.110352 0.44556 -0.66406 
0.296631 -0.128052 0.153809 -0.100464 0.43335 -0.94971 
0.302368 -0.128174 0.157227 -0.86182 0.39673 -0.128174 
0.299438 -0.128540 0.152588 -0.67017 0.36987 -0.166504 
0.299438 -0.126587 0.139404 -0.46631 0.36377 -0.207153 
0.284058 -0.151123 0.126343 -0.33569 0.36621 -0.244019 
0.263550 -0.112183 0.122314 -0.33936 0.37109 -0.271240 
0.248535 -0.112183 0.124512 -0.40771 0.36377 -0.290161 
0.239136 -0.103149 0.129028 -0.42236 0.33691 -0.303955 
0.231934 -0.93994 0.133545 -0.37964 0.28442 -0.314575 
0.224243 -0.83862 0.133545 -0.29053 0.22949 -0.321289 
0.218262 -0.74463 0.136230 -0.17334 0.19775 -0.325073 
0.212891 -0.67383 0.140015 -0.5981 0.20264 -0.327393 
0.207397 -0.62256 0.138306 -0.22583 0.25635 -0.328125 
0.195435 -0.53345 0.132202 0.8667 0.31250 -0.324097 
0.177368 -0.40771 0.125488 0.18188 0.33325 -0.308350 
0.164551 -0.25513 0.122192 0.17456 0.62134 -0.282959 
0.159912 -0.12451 0.123169 0.12207 0.30884 -0.254761 
0.164185 -0.3418 0.129272 0.7446 0.24048 -0.228638 
0.176147 0.1953 0.135376 0.6104 0.15259 -0.240723 
0.186401 0.5493 0.137695 0.11963 0.8179 -0.209473 
0.190308 0.8057 0.132690 0.21729 0.3174 -0.196533 
0.187500 0.10986 0.122681 0.29541 0.366 -0.185913 
0.212646 0.16113 0.115356 0.29419 -0.1343 -0.174072 
0.176392 0.23071 0.116211 0.20874 -0.2808 -0.158691 
0.176392 0.28931 0.122437 0.11719 -0.6348 -0.139893 
0.175903 0.1831 0.129028 0.10254 -0.11108 -0.120361 
0.178223 0.34790 0.130981 0.16113 -0.15381 -0.102173 
0.183716 0.34790 0.128296 0.25391 -0.17212 -0.86914 
0.190430 0.35034 0.124878 0.33203 -0.16235 -0.75317 
0.199341 0.33447 0.121826 0.36987 -0.12085 -0.67871 
0.208862 0.33081 0.121826 0.39185 -0.5371 -0.63965 
0.214600 0.33447 0.118652 0.40649 0.854 -0.62012 
0.217041 0.34546 0.116089 0.41138 0.5127 -0.60181 
0.218384 0.35767 0.113281 0.41138 0.7080 -0.58838 
