0.256470 0.19287 0.32349 0.1221 0.2441 -0.732 
0.256714 0.19287 0.31250 0.977 0.1343 0.732 
0.254028 0.19409 0.31250 -0.488 0.610 0.977 
0.254272 0.19775 0.31616 -0.1831 0.00 0.977 
0.254883 0.20020 0.32593 -0.2808 -0.488 0.854 
0.256104 0.19897 0.32593 -0.3418 -0.977 0.366 
0.257080 0.20264 0.33447 -0.3418 -0.1465 0.366 
0.257568 0.20630 0.33936 -0.3174 -0.2197 0.488 
0.257446 0.20874 0.33569 -0.3174 -0.2808 0.488 
0.257202 0.20386 0.31860 -0.2686 -0.2930 -0.244 
0.256714 0.19775 0.30396 -0.2319 -0.2686 -0.1221 
0.256836 0.19165 0.29419 -0.2319 -0.2686 -0.2441 
0.257446 0.18677 0.28442 -0.2075 -0.2197 -0.4028 
0.258301 0.18555 0.28687 -0.2197 -0.1343 -0.6226 
0.259155 0.18555 0.29907 -0.1831 -0.732 -0.9033 
0.260010 0.18677 0.31860 -0.1099 -0.854 -0.9033 
0.261719 0.19043 0.32715 -0.732 -0.1343 -0.12329 
0.261353 0.18799 0.33203 -0.488 -0.2808 -0.15869 
0.260986 0.18799 0.32471 -0.610 -0.3906 -0.18555 
0.260986 0.18311 0.29785 -0.2197 -0.5127 -0.20142 
0.262207 0.21118 0.36377 -0.4639 -0.7690 -0.20996 
0.258423 0.23193 0.38574 0.977 -0.12817 -0.19043 
0.258301 0.23193 0.35400 0.6592 -0.17212 -0.18677 
0.260498 0.24048 0.32227 0.5859 -0.18188 -0.20020 
0.264893 0.24658 0.60059 0.5005 -0.18066 -0.23438 
0.269653 0.21851 0.22461 0.4272 -0.17578 -0.30396 
0.277100 0.19897 0.22461 0.2319 -0.15747 -0.40771 
0.286621 0.17700 0.13550 0.29541 -0.14526 -0.57373 
0.289551 0.12695 0.7813 -0.10010 -0.14526 -0.77148 
0.292480 0.10254 0.2319 -0.10010 -0.13062 -0.96436 
0.294800 0.8301 -0.1343 -0.19287 -0.12085 -0.116211 
0.298828 0.8667 -0.4028 -0.30640 -0.10742 -0.135986 
0.300903 0.8789 -0.3906 -0.42358 -0.10742 -0.156616 
0.304688 0.9644 -0.2686 -0.53467 -0.9644 -0.178711 
0.307495 0.9277 -0.2686 -0.62744 -0.7690 -0.172485 
0.306030 0.9399 -0.3662 -0.70679 -0.4639 -0.199097 
0.300415 0.9033 -0.5127 -0.78735 -0.610 -0.230347 
0.288696 0.9521 -0.6958 -0.86548 0.4028 -0.256470 
0.277710 0.12451 -0.5981 -0.95825 0.8423 -0.279907 
0.271118 0.16357 -0.4395 -0.108521 0.11597 -0.298096 
0.271118 0.23071 -0.610 -0.122437 0.13062 -0.313843 
0.264038 0.31006 0.4883 -0.134766 0.11719 -0.327271 
0.257813 0.7324 0.8423 -0.145142 0.8423 -0.338257 
0.253662 0.45288 0.10010 -0.151367 0.4028 -0.348389 
0.247559 0.45288 0.10864 -0.154785 0.244 -0.357788 
0.238770 0.51147 0.10864 -0.156494 0.488 -0.364258 
0.229614 0.59204 0.9033 -0.158447 0.2563 -0.368530 
0.217163 0.67505 0.9033 -0.160767 0.6836 -0.369385 
0.198242 0.76782 0.7935 -0.164795 0.13428 -0.365967 
0.176147 0.90454 0.10620 -0.170532 0.21362 -0.353882 
0.155396 0.106445 0.16357 -0.170532 0.29297 -0.332520 
0.139404 0.123779 0.24414 -0.173584 0.35645 -0.304565 
0.130493 0.137939 0.32349 -0.172241 0.40649 -0.273560 
0.128174 0.147461 0.37720 -0.166260 0.45654 -0.243774 
0.128540 0.153076 0.38574 -0.157349 0.45654 -0.216187 
0.129150 0.154053 0.34546 -0.149414 0.51270 -0.191528 
0.127808 0.154175 0.29785 -0.145874 0.56030 -0.199097 
0.123047 0.156128 0.28198 -0.149902 0.57983 -0.167847 
0.115723 0.159302 0.30273 -0.160278 0.54688 -0.142090 
0.109131 0.162964 0.37354 -0.173218 0.44800 -0.112671 
0.107422 0.166748 0.49194 -0.184448 0.30273 -0.79956 
0.107422 0.168945 0.62378 -0.189819 0.16235 -0.47485 
0.109253 0.170288 0.72266 -0.186768 0.5493 -0.18066 
0.110718 0.170776 0.76416 -0.178711 0.00 0.8911 
0.109253 0.170288 0.77148 -0.171509 -0.488 0.35767 
0.103760 0.170288 0.79834 -0.169678 0.1709 0.65674 
0.99365 0.169067 0.85693 -0.172119 0.2686 0.99976 
0.101440 0.166260 0.92651 -0.172241 0.977 0.134155 
0.104370 0.162964 0.92651 -0.166992 -0.4028 0.165894 
0.105225 0.158325 0.99976 -0.159058 -0.8667 0.196045 
0.103394 0.152832 0.106079 -0.180420 -0.13428 0.228760 
0.99365 0.146729 0.110962 -0.149170 -0.12085 0.263428 
0.94238 0.139648 0.121094 -0.139648 -0.10742 0.302734 
0.100952 0.126953 0.136597 -0.130859 -0.2930 0.338135 
0.117188 0.112671 0.150024 -0.116821 -0.23560 0.370605 
0.130249 0.95215 0.158813 -0.95703 0.7690 0.396729 
0.145386 0.79834 0.159546 -0.71045 0.14771 0.386230 
0.160522 0.65918 0.153442 -0.51514 0.23315 0.433350 
0.168457 0.51270 0.145142 -0.41260 0.33325 0.433350 
0.169800 0.37231 0.138428 -0.37964 0.40527 0.445190 
0.172363 0.23926 0.136353 -0.39429 0.44067 0.455444 
0.183472 0.11108 0.136475 -0.40771 0.45166 0.465332 
0.163574 -0.488 0.137817 -0.37598 0.45654 0.470093 
0.194824 -0.11597 0.142578 -0.35645 0.46997 0.467651 
0.199829 -0.18921 0.147461 -0.36743 0.47607 0.464478 
0.200806 -0.27466 0.147095 -0.35400 0.44189 0.465820 
0.195435 -0.27466 0.143555 -0.31738 0.35645 0.471313 
0.189453 -0.37964 0.138184 -0.29053 0.28198 0.481689 
0.194580 -0.51270 0.137085 -0.25879 0.24170 0.486572 
0.200806 -0.68604 0.137085 -0.25635 0.22095 0.483643 
0.215576 -0.79346 0.136108 -0.24902 0.21851 0.477417 
0.228882 -0.89233 0.132935 -0.21118 0.20142 0.463013 
0.234985 -0.98999 0.126343 -0.15015 0.18921 0.443726 
0.238281 -0.109619 0.117676 -0.15015 0.20630 0.423096 
0.247070 -0.119385 0.111328 -0.11963 0.24658 0.401489 
0.264771 -0.129272 0.108643 -0.15503 0.28931 0.375732 
0.283203 -0.137085 0.106445 -0.22705 0.28931 0.343872 
0.293213 -0.144409 0.101929 -0.28809 0.32715 0.307617 
0.293701 -0.149292 0.94971 -0.34668 0.35645 0.302490 
0.286255 -0.153198 0.87402 -0.43579 0.37720 0.271240 
0.280640 -0.156250 0.84106 -0.57617 0.37598 0.238403 
0.283569 -0.160156 0.85815 -0.76416 0.35400 0.209595 
0.288696 -0.164185 0.89844 -0.94604 0.32959 0.180054 
0.289429 -0.167358 0.93018 -0.108276 0.31006 0.146851 
0.289429 -0.168945 0.95947 -0.119873 0.30151 0.111450 
0.287476 -0.169312 0.100952 -0.131470 0.30273 0.76538 
0.285278 -0.169800 0.108154 -0.140747 0.30518 0.42725 
0.284424 -0.169800 0.115112 -0.145264 0.30396 0.8911 
0.285034 -0.170166 0.120850 -0.145264 0.30884 -0.25879 
0.284058 -0.169556 0.93872 -0.142456 0.31982 -0.61157 
0.279907 -0.166626 0.125122 -0.137817 0.32959 -0.94482 
0.273560 -0.163452 0.127319 -0.131958 0.33325 -0.125122 
0.265503 -0.160034 0.128052 -0.126587 0.32959 -0.153564 
0.259155 -0.155151 0.128906 -0.154053 0.31738 -0.179688 
0.258667 -0.150024 0.131958 -0.122803 0.29663 -0.205078 
0.265747 -0.145142 0.138306 -0.119873 0.27466 -0.232422 
0.275147 -0.141357 0.145386 -0.114136 0.26367 -0.264526 
0.279663 -0.140015 0.147827 -0.101807 0.26367 -0.301392 
0.276733 -0.138428 0.145264 -0.83130 0.26855 -0.338135 
0.271240 -0.135620 0.138672 -0.65308 0.28809 -0.340942 
0.262817 -0.133911 0.130737 -0.52734 0.32471 -0.372192 
0.248535 -0.131470 0.125122 -0.45654 0.35034 -0.406006 
0.233643 -0.124146 0.120850 -0.42847 0.35278 -0.436157 
0.246460 -0.113770 0.117798 -0.41870 0.34668 -0.458130 
0.195313 -0.100708 0.117554 -0.43091 0.30762 -0.471436 
0.195313 -0.86426 0.119873 -0.46021 0.24292 -0.472534 
0.182739 -0.71533 0.123291 -0.48462 0.17578 -0.464844 
0.172730 -0.85571 0.127686 -0.47607 0.11719 -0.452148 
0.159058 -0.54321 0.131470 -0.42969 0.5127 -0.431763 
0.141968 -0.34424 0.135010 -0.37109 -0.2930 -0.401367 
0.126343 -0.14404 0.137329 -0.31006 -0.10498 -0.361694 
0.115723 0.2563 0.138062 -0.21973 -0.16235 -0.315796 
0.111206 0.15381 0.138062 -0.9888 -0.20996 -0.267700 
0.115479 0.23682 0.135986 -0.27588 -0.22705 -0.221558 
0.126831 0.27344 0.129883 0.15869 -0.20630 -0.181519 
0.141480 0.28076 0.121948 0.15869 -0.15991 -0.149048 
0.158325 0.28198 0.114868 0.23804 -0.10254 -0.123535 
0.175171 0.28320 0.109375 0.25757 -0.5005 -0.104736 
0.188110 0.29175 0.106689 0.23193 -0.5005 -0.90454 
0.196167 0.30640 0.104492 0.19165 -0.2075 -0.78979 
0.200073 0.32715 0.104614 0.14771 -0.2197 -0.67871 
0.200195 0.35156 0.105713 0.9521 -0.5371 -0.86548 
0.201172 0.37842 0.106567 0.7202 -0.9155 -0.55298 
0.202881 0.39551 0.107056 0.7080 -0.9155 -0.43579 
0.204834 0.39795 0.107666 0.8301 -0.6836 -0.32715 
0.209961 0.38574 0.106812 0.12329 -0.4883 -0.22217 
0.209961 0.36499 0.103027 0.17944 -0.3906 -0.13672 
0.216064 0.33203 0.99365 0.21118 -0.3418 -0.8667 
0.220337 0.61157 0.97046 0.20996 -0.2686 -0.5737 
0.224609 0.29907 0.94849 0.20142 -0.2197 -0.4517 
