0.259521 0.27222 0.36743 -0.2075 0.5981 0.10132 
0.259521 0.26855 0.37109 0.1465 0.3784 0.9399 
0.259521 0.26611 0.35645 0.2563 0.732 0.7690 
0.256592 0.26001 0.33203 0.1587 -0.3052 0.8179 
0.252563 0.25269 0.31860 -0.2441 -0.6226 0.10986 
0.251221 0.24292 0.31982 -0.7080 -0.7935 0.13916 
0.253662 0.24292 0.32349 -0.9888 -0.7568 0.14526 
0.257446 0.23315 0.33325 -0.10376 -0.5127 0.11719 
0.260864 0.22217 0.33813 -0.8301 -0.610 0.5859 
0.262085 0.21362 0.33813 -0.5615 0.5249 -0.977 
0.260864 0.21240 0.33691 -0.4028 0.11719 -0.6470 
0.258057 0.21606 0.33081 -0.3906 0.17334 -0.10132 
0.257324 0.22583 0.33203 -0.3906 0.20142 -0.12939 
0.259277 0.23193 0.34546 -0.4272 0.18799 -0.16968 
0.262695 0.23193 0.37476 -0.2930 0.13916 -0.22827 
0.264893 0.22827 0.39551 0.1465 0.6714 -0.29175 
0.264404 0.22827 0.40405 0.8545 0.6714 -0.33203 
0.261841 0.23193 0.41870 0.16846 -0.2319 -0.34058 
0.258423 0.25024 0.38086 0.26978 -0.12817 -0.62012 
0.253906 0.25757 0.35278 0.31860 -0.20752 -0.30762 
0.251587 0.27588 0.31250 0.32349 -0.25879 -0.26123 
0.251953 0.28564 0.27954 0.28442 -0.27344 -0.20386 
0.253784 0.29419 0.26489 0.22705 -0.25513 -0.16113 
0.253784 0.30151 0.25513 0.17212 -0.21240 -0.13550 
0.255981 0.32349 0.24536 0.11475 -0.15015 -0.12695 
0.254639 0.33447 0.25635 0.5127 -0.8789 -0.11841 
0.252930 0.35522 0.26001 0.2075 -0.4272 -0.12695 
0.253052 0.35522 0.25879 0.244 -0.1099 -0.14404 
0.255005 0.37598 0.25391 -0.977 0.366 -0.17700 
0.258057 0.39307 0.20752 -0.2319 0.488 -0.22461 
0.259644 0.40894 0.20752 -0.9888 0.610 -0.27710 
0.259277 0.41504 0.16235 -0.21484 0.1953 -0.32715 
0.260376 0.42236 0.18921 -0.27588 0.2075 -0.37842 
0.262939 0.41992 0.22583 -0.27588 0.1587 -0.44312 
0.265991 0.41016 0.24902 -0.27588 0.1221 -0.52246 
0.270142 0.41016 0.25513 -0.26367 0.977 -0.61279 
0.273804 0.38940 0.24048 -0.25391 0.854 -0.72632 
0.277466 0.36011 0.20386 -0.23804 0.854 -0.86060 
0.280884 0.32471 0.15747 -0.22949 0.1709 -0.101440 
0.282715 0.30029 0.12573 -0.25391 0.3906 -0.118042 
0.285156 0.29907 0.12939 -0.29663 0.7324 -0.118042 
0.289917 0.28442 0.14771 -0.34546 0.7080 -0.135254 
0.301025 0.26367 0.14648 -0.36987 0.5005 -0.153564 
0.311035 0.22583 0.14771 -0.36499 0.3296 -0.177002 
0.286011 0.19775 0.14282 -0.36011 0.1587 -0.206299 
0.317261 0.20264 0.12695 -0.34668 0.2441 -0.238159 
0.316162 0.21729 0.9277 -0.34302 0.5127 -0.268433 
0.309570 0.24048 0.4639 -0.36133 0.8179 -0.295410 
0.298828 0.24048 0.977 -0.40283 0.10986 -0.318726 
0.287109 0.27588 -0.4272 -0.46387 0.14282 -0.337647 
0.275024 0.32471 -0.7935 -0.52612 0.17700 -0.353027 
0.260010 0.37964 -0.7935 -0.61768 0.22095 -0.364502 
0.242310 0.47607 -0.6348 -0.73120 0.28809 -0.368408 
0.224243 0.58960 -0.610 -0.81421 0.35767 -0.365234 
0.209717 0.70313 0.5005 -0.84717 0.42358 -0.357300 
0.196777 0.82275 0.8057 -0.84717 0.48340 -0.346313 
0.184326 0.93750 0.9155 -0.87036 0.52612 -0.332397 
0.173950 0.103638 0.9644 -0.92163 0.55298 -0.317505 
0.166138 0.111450 0.10986 -0.99243 0.55298 -0.302856 
0.159668 0.121216 0.15137 -0.107422 0.58594 -0.288208 
0.151489 0.131714 0.21851 -0.115723 0.62012 -0.304077 
0.141357 0.141602 0.30640 -0.121826 0.62988 -0.272827 
0.129883 0.151001 0.38818 -0.124634 0.60669 -0.255493 
0.119385 0.159912 0.44556 -0.124023 0.55054 -0.234497 
0.111450 0.168091 0.48706 -0.123169 0.46387 -0.208496 
0.103394 0.174561 0.51025 -0.122192 0.37598 -0.179688 
0.103394 0.180054 0.49316 -0.119873 0.30396 -0.149048 
0.94604 0.183228 0.46631 -0.118652 0.24902 -0.115967 
0.87280 0.184082 0.46875 -0.122437 0.21729 -0.81299 
0.83252 0.184082 0.49805 -0.127808 0.21118 -0.45898 
0.83252 0.182617 0.53833 -0.131226 0.22339 -0.12329 
0.85693 0.180054 0.59326 -0.133911 0.25269 0.18433 
0.88623 0.177124 0.59326 -0.137573 0.30029 0.46509 
0.92529 0.173584 0.67383 -0.139893 0.36377 0.72510 
0.93384 0.170654 0.76538 -0.138550 0.43457 0.98389 
0.90698 0.169312 0.85693 -0.135620 0.50659 0.127075 
0.82520 0.170776 0.97656 -0.135620 0.56763 0.160889 
0.66772 0.172363 0.113281 -0.132080 0.60059 0.203003 
0.47729 0.171997 0.125732 -0.122803 0.57617 0.256104 
0.37598 0.168945 0.126953 -0.106079 0.57617 0.314331 
0.40894 0.157471 0.116089 -0.91553 0.46387 0.366577 
0.64331 0.135620 0.101929 -0.85693 0.29663 0.370117 
0.95337 0.110474 0.90088 -0.89844 0.19409 0.401367 
0.122803 0.92529 0.87280 -0.96436 0.22827 0.413574 
0.130859 0.78003 0.87891 -0.98511 0.31982 0.416382 
0.128418 0.73120 0.90576 -0.95337 0.36011 0.417358 
0.153198 0.70313 0.94604 -0.95215 0.39673 0.428101 
0.121948 0.63843 0.98267 -0.102905 0.41504 0.451416 
0.115723 0.52368 0.106689 -0.112671 0.40527 0.482056 
0.117798 0.61768 0.125610 -0.119629 0.38330 0.512573 
0.136597 0.30518 0.145996 -0.117798 0.40771 0.533936 
0.170410 0.3906 0.160156 -0.99609 0.48462 0.540405 
0.212646 -0.23682 0.160034 -0.72266 0.58105 0.529053 
0.252930 -0.49561 0.182983 -0.51270 0.67627 0.502563 
0.284180 -0.68237 0.151733 -0.46509 0.74097 0.467163 
0.297852 -0.81421 0.139282 -0.53345 0.74707 0.431152 
0.294189 -0.87280 0.127075 -0.36377 0.67749 0.401855 
0.281738 -0.89355 0.115845 -0.67627 0.54688 0.381958 
0.262817 -0.90332 0.111450 -0.85205 0.37476 0.371460 
0.241577 -0.92773 0.113647 -0.101318 0.50293 0.370483 
0.224731 -0.94482 0.121826 -0.110962 0.19043 0.379150 
0.227905 -0.105103 0.127441 -0.112183 0.2930 0.380005 
0.243774 -0.120239 0.141724 -0.107788 -0.8911 0.401367 
0.275147 -0.134644 0.153564 -0.104126 -0.12817 0.348022 
0.298218 -0.145630 0.154541 -0.92896 -0.5737 0.348022 
0.301025 -0.154907 0.146851 -0.76904 0.6592 0.312622 
0.291260 -0.160278 0.131226 -0.64209 0.23193 0.274414 
0.283691 -0.161865 0.113770 -0.60181 0.41992 0.242310 
0.283691 -0.162720 0.103516 -0.69458 0.56641 0.213623 
0.275391 -0.161499 0.101074 -0.87524 0.62256 0.187012 
0.270996 -0.162720 0.104858 -0.104126 0.58838 0.162720 
0.269043 -0.162720 0.114014 -0.114868 0.47974 0.137207 
0.274780 -0.166504 0.124023 -0.119873 0.35034 0.108521 
0.288818 -0.171021 0.99609 -0.118896 0.25879 0.73242 
0.302002 -0.174072 0.133423 -0.112915 0.22095 0.31250 
0.311523 -0.175903 0.133423 -0.104004 0.24780 -0.15137 
0.316528 -0.175171 0.132813 -0.95581 0.31616 -0.63843 
0.316772 -0.174805 0.132202 -0.120117 0.40405 -0.113647 
0.312134 -0.173584 0.130615 -0.88867 0.48950 -0.163086 
0.302368 -0.172485 0.129639 -0.82886 0.53711 -0.210083 
0.289185 -0.168701 0.130249 -0.78491 0.52734 -0.251709 
0.275757 -0.161865 0.132568 -0.74829 0.52734 -0.286743 
0.265259 -0.153809 0.135498 -0.71045 0.47363 -0.317017 
0.260986 -0.145630 0.138184 -0.66040 0.38574 -0.314453 
0.257568 -0.137329 0.140137 -0.58838 0.28931 -0.373047 
0.253174 -0.128296 0.139526 -0.50781 0.20142 -0.373047 
0.245117 -0.120483 0.137817 -0.43945 0.12817 -0.397827 
0.234375 -0.112793 0.137817 -0.41260 0.7446 -0.419922 
0.221069 -0.104736 0.137573 -0.42603 0.5615 -0.437866 
0.221069 -0.94116 0.135620 -0.44067 0.6958 -0.452637 
0.200928 -0.78247 0.135376 -0.45532 0.8667 -0.461426 
0.175537 -0.89355 0.138306 -0.51025 0.9766 -0.458618 
0.151855 -0.35889 0.143921 -0.57617 0.10986 -0.443115 
0.132324 -0.35889 0.150146 -0.59448 0.10742 -0.417480 
0.116089 -0.14771 0.155762 -0.55054 0.7813 -0.383301 
0.105347 0.5005 0.128540 -0.45898 0.3052 -0.343140 
0.102539 0.20996 0.159790 -0.33813 -0.1587 -0.300659 
0.105469 0.33081 0.162109 -0.20386 -0.5981 -0.259277 
0.113037 0.41260 0.161499 -0.6714 -0.9033 -0.221924 
0.123047 0.45532 0.156738 -0.6714 -0.11353 -0.190430 
0.132568 0.47852 0.148438 0.5859 -0.12329 -0.163574 
0.139526 0.49683 0.140381 0.14404 -0.14160 -0.138794 
0.148315 0.49927 0.134155 0.16968 -0.16846 -0.116943 
0.158569 0.48828 0.129639 0.15747 -0.16846 -0.98633 
0.166870 0.48096 0.125977 0.15137 -0.18921 -0.113892 
0.172241 0.47974 0.123535 0.15381 -0.20020 -0.67139 
0.176147 0.48340 0.121338 0.14526 -0.20874 -0.67139 
0.181152 0.47607 0.119995 0.13550 -0.21484 -0.52002 
0.187378 0.47485 0.118164 0.13916 -0.20996 -0.38208 
0.161621 0.47241 0.115967 0.14648 -0.19531 -0.26611 
