0.257813 0.8667 0.35278 -0.21362 -0.2686 0.14404 
0.258179 0.7568 0.32837 -0.20630 -0.2563 0.11597 
0.254517 0.7324 0.62378 -0.21240 -0.2563 0.10376 
0.252319 0.7080 0.31128 -0.22339 -0.1831 0.10132 
0.252075 0.6348 0.29785 -0.24536 0.00 0.10010 
0.253296 0.5371 0.30029 -0.25391 0.2197 0.9155 
0.255859 0.4028 0.32104 -0.23804 0.3662 0.7324 
0.257935 0.3296 0.33936 -0.23804 0.4517 0.5249 
0.258423 0.2686 0.35400 -0.20142 0.5615 0.3784 
0.257202 0.2686 0.36133 -0.16357 0.7690 0.3540 
0.254028 0.3052 0.36743 -0.12939 0.7690 0.5493 
0.250977 0.3662 0.36499 -0.9888 0.10132 0.9155 
0.249878 0.4395 0.35522 -0.7813 0.12451 0.12329 
0.250732 0.4395 0.35278 -0.5005 0.12817 0.13672 
0.253418 0.4272 0.36255 0.244 0.9888 0.13672 
0.255737 0.3296 0.37720 0.7568 0.3906 0.12695 
0.253662 0.1099 0.35767 0.15381 -0.3418 0.10498 
0.257813 0.1465 0.39063 0.20630 -0.9888 0.9033 
0.257813 0.366 0.38940 0.26733 -0.15991 0.7690 
0.256714 0.00 0.38452 0.31250 -0.19165 0.7202 
0.254761 0.30396 0.35889 0.33203 -0.18555 0.8545 
0.250366 -0.854 0.34546 0.31128 -0.14526 0.11230 
0.245239 0.3174 0.35034 0.27466 -0.9399 0.17944 
0.240112 0.4639 0.36255 0.22827 -0.3906 0.26489 
0.237671 0.7202 0.38330 0.18677 0.977 0.34790 
0.237671 0.8301 0.38330 0.16846 0.3784 0.42480 
0.240479 0.8179 0.39673 0.16846 0.4517 0.48584 
0.247192 0.6104 0.40161 0.16235 0.3418 0.51636 
0.259155 0.1221 0.41382 0.16235 0.244 0.49438 
0.274048 -0.2319 0.41626 0.14282 -0.4150 0.41504 
0.286987 -0.5493 0.38696 0.13550 -0.8789 0.27344 
0.295532 -0.7080 0.34058 0.12939 -0.8789 0.9155 
0.298706 -0.7813 0.30884 0.9033 -0.13062 -0.10498 
0.298096 -0.8301 0.29175 0.4272 -0.18066 -0.30151 
0.297730 -0.7202 0.26245 0.1587 -0.23682 -0.16602 
0.302002 -0.7446 0.25146 -0.610 -0.29785 -0.47852 
0.313843 -0.10498 0.25879 -0.7202 -0.36499 -0.66895 
0.328247 -0.15991 0.25513 -0.14282 -0.42969 -0.89844 
0.338989 -0.22095 0.21118 -0.16846 -0.50049 -0.120850 
0.338989 -0.25635 0.15015 -0.17822 -0.55420 -0.159180 
0.340332 -0.28320 0.9766 -0.21240 -0.58105 -0.200684 
0.333740 -0.27710 0.5005 -0.27344 -0.58960 -0.240234 
0.324341 -0.27710 0.610 -0.34424 -0.57251 -0.275757 
0.311768 -0.24292 -0.2930 -0.41260 -0.54443 -0.305420 
0.300659 -0.19897 -0.8667 -0.48584 -0.50049 -0.329956 
0.292847 -0.15259 -0.16235 -0.55542 -0.43701 -0.351807 
0.286377 -0.11841 -0.16235 -0.64087 -0.36743 -0.373413 
0.277588 -0.8057 -0.22217 -0.78003 -0.27954 -0.393677 
0.262207 -0.3174 -0.25146 -0.64819 -0.17456 -0.410034 
0.242065 0.7935 -0.20508 -0.96069 -0.8301 -0.417358 
0.222290 0.22461 -0.12329 -0.116089 -0.977 -0.415283 
0.204956 0.37476 -0.5127 -0.131348 -0.29053 -0.405884 
0.189819 0.50781 0.366 -0.138428 0.2197 -0.390869 
0.177368 0.66528 0.6470 -0.141968 0.2930 -0.368652 
0.168945 0.82764 0.11719 -0.144165 0.5127 -0.373779 
0.163086 0.96191 0.17944 -0.142822 0.9399 -0.315552 
0.158936 0.108398 0.21973 -0.137817 0.14038 -0.315552 
0.155151 0.117432 0.22339 -0.130005 0.20752 -0.287598 
0.153076 0.124512 0.20142 -0.123535 0.28198 -0.259521 
0.151733 0.128784 0.15869 -0.121338 0.35645 -0.231812 
0.151733 0.131836 0.11719 -0.123779 0.41870 -0.204956 
0.149414 0.134155 0.10498 -0.130737 0.45410 -0.178589 
0.146240 0.137085 0.12329 -0.140503 0.46021 -0.152466 
0.141113 0.141235 0.15015 -0.149780 0.43579 -0.125122 
0.133545 0.141235 0.20630 -0.158325 0.38696 -0.95215 
0.125488 0.145142 0.366 -0.168457 0.34180 -0.63110 
0.120728 0.149292 0.44800 -0.176880 0.31128 -0.29419 
0.119629 0.153076 0.44800 -0.178589 0.30273 0.4028 
0.116943 0.156738 0.56641 -0.174805 0.31372 0.38940 
0.111328 0.159668 0.65674 -0.170532 0.33203 0.76904 
0.104492 0.159546 0.72754 -0.170532 0.34790 0.118408 
0.102539 0.155640 0.82520 -0.167603 0.38696 0.160767 
0.105469 0.149780 0.95703 -0.163208 0.45776 0.201172 
0.107788 0.142822 0.107544 -0.151245 0.53467 0.239746 
0.108276 0.136963 0.113892 -0.130859 0.53467 0.278076 
0.108521 0.130493 0.117432 -0.110107 0.58228 0.255737 
0.119751 0.120361 0.115479 -0.96680 0.60303 0.319458 
0.130493 0.110229 0.110840 -0.91064 0.62500 0.350708 
0.133423 0.92529 0.105469 -0.85327 0.56885 0.382324 
0.139771 0.74219 0.104614 -0.80566 0.40527 0.409424 
0.152466 0.54565 0.109009 -0.78979 0.27954 0.436035 
0.152466 0.36621 0.118042 -0.77271 0.23071 0.458252 
0.170044 0.21362 0.125244 -0.68970 0.23804 0.471680 
0.189331 0.7080 0.126465 -0.53467 0.28442 0.475830 
0.204956 0.25391 0.123169 -0.38330 0.34424 0.473145 
0.216431 -0.5859 0.118530 -0.28931 0.40283 0.467285 
0.223999 -0.17700 0.113770 -0.26733 0.43823 0.460449 
0.231445 -0.29419 0.112183 -0.27954 0.45044 0.453125 
0.238159 -0.37842 0.112183 -0.29053 0.43823 0.445557 
0.243042 -0.45532 0.108765 -0.25269 0.41016 0.435913 
0.233887 -0.56885 0.105713 -0.22705 0.33447 0.425049 
0.225342 -0.62378 0.103394 -0.22705 0.24658 0.422241 
0.222290 -0.69458 0.104004 -0.23560 0.14648 0.421875 
0.230225 -0.79102 0.106689 -0.26367 0.6226 0.418091 
0.245117 -0.90210 0.107666 -0.26001 0.2197 0.405396 
0.259888 -0.101196 0.104492 -0.20020 0.2197 0.382813 
0.267700 -0.112183 0.97534 -0.12451 0.3906 0.385498 
0.268555 -0.119995 0.90332 -0.10620 0.10132 0.359009 
0.265747 -0.125610 0.84473 -0.14404 0.19287 0.327759 
0.261353 -0.130005 0.80933 -0.21484 0.26978 0.304688 
0.255859 -0.133423 0.79712 -0.31738 0.31738 0.284546 
0.251831 -0.137085 0.79102 -0.44189 0.34302 0.267700 
0.281006 -0.140259 0.80811 -0.58350 0.34668 0.251953 
0.249756 -0.144653 0.84595 -0.72388 0.33691 0.236572 
0.248169 -0.150879 0.91553 -0.84106 0.30762 0.221558 
0.255981 -0.127808 0.97168 -0.94482 0.27344 0.205444 
0.276001 -0.159058 0.99609 -0.102539 0.27710 0.181396 
0.294922 -0.167603 0.99121 -0.107788 0.33569 0.146606 
0.306641 -0.173950 0.97534 -0.112671 0.42603 0.105469 
0.312256 -0.175537 0.97534 -0.118408 0.52246 0.63110 
0.311523 -0.176392 0.95215 -0.122925 0.60059 0.20020 
0.304932 -0.175903 0.93628 -0.95093 0.63477 -0.23071 
0.294189 -0.172974 0.94116 -0.130737 0.61890 -0.63477 
0.281372 -0.168335 0.97290 -0.130737 0.57495 -0.98877 
0.269165 -0.162476 0.102661 -0.133423 0.51514 -0.129395 
0.259521 -0.156494 0.108521 -0.131836 0.44189 -0.155884 
0.255371 -0.150757 0.113403 -0.127075 0.44189 -0.180054 
0.253906 -0.147583 0.114868 -0.119263 0.38452 -0.203735 
0.257568 -0.144287 0.115234 -0.109131 0.36865 -0.195801 
0.263794 -0.140625 0.116455 -0.102173 0.38818 -0.227051 
0.266113 -0.137817 0.117798 -0.98633 0.42725 -0.251343 
0.263794 -0.134766 0.119385 -0.94116 0.46997 -0.277222 
0.260620 -0.130981 0.120117 -0.87036 0.50659 -0.301880 
0.255127 -0.127563 0.117798 -0.76660 0.54932 -0.324707 
0.255127 -0.123169 0.114746 -0.65063 0.60059 -0.347290 
0.247314 -0.118164 0.111084 -0.55786 0.64087 -0.368530 
0.238403 -0.111938 0.106934 -0.46631 0.66284 -0.387085 
0.225220 -0.111938 0.101440 -0.36011 0.66772 -0.402344 
0.203247 -0.100098 0.97290 -0.27954 0.62500 -0.407471 
0.178955 -0.86304 0.98389 -0.26855 0.54077 -0.398682 
0.160889 -0.69092 0.98389 -0.29907 0.43823 -0.377563 
0.151001 -0.50537 0.106201 -0.30518 0.32715 -0.348145 
0.148071 -0.33447 0.116699 -0.22705 0.20874 -0.315552 
0.148804 -0.20142 0.125366 -0.5859 0.10010 -0.282227 
0.152466 -0.9644 0.128296 -0.5859 0.2563 -0.249512 
0.157837 -0.3418 0.124512 0.14038 0.610 -0.220093 
0.159180 -0.2197 0.115112 0.30640 0.3052 -0.193481 
0.159424 0.854 0.104614 0.40649 0.3052 -0.165039 
0.162354 0.4272 0.97290 0.41016 0.7446 -0.136230 
0.168701 0.7080 0.96191 0.32104 0.10986 -0.140747 
0.176758 0.9033 0.99609 0.21118 0.12817 -0.109497 
0.184692 0.10376 0.103149 0.15625 0.12207 -0.86182 
0.191772 0.11719 0.104858 0.16113 0.9399 -0.66772 
0.197876 0.12817 0.105103 0.17822 0.5615 -0.50903 
0.202393 0.13550 0.104980 0.18433 0.2075 -0.37964 
0.202393 0.14160 0.104858 0.18311 -0.366 -0.27100 
0.207275 0.14404 0.104248 0.18433 -0.1099 -0.17822 
0.211792 0.13672 0.103149 0.18311 -0.488 -0.10010 
0.215576 0.13672 0.101929 0.17090 0.1099 -0.3540 
0.219605 0.11719 0.101563 0.16357 0.4395 0.1343 
