0.258789 0.19897 0.16357 -0.8301 0.1465 0.11353 
0.260620 0.19287 0.17700 -0.11108 0.3418 0.8911 
0.261963 0.19043 0.19043 -0.12085 0.3418 0.6348 
0.261841 0.18311 0.19897 -0.12329 0.5249 0.3662 
0.261597 0.17578 0.20996 -0.11108 0.6470 0.854 
0.261108 0.17212 0.22827 -0.9155 0.6470 0.30762 
0.260742 0.17456 0.24658 -0.6592 0.5127 -0.488 
0.260620 0.17334 0.25879 -0.3784 0.2563 -0.610 
0.259766 0.17212 0.25024 -0.1953 -0.122 -0.122 
0.257690 0.16968 0.22583 -0.2441 -0.1465 0.732 
0.257690 0.16846 0.19409 -0.6104 -0.1221 0.2075 
0.256592 0.16724 0.17944 -0.11841 -0.122 0.3906 
0.256592 0.17090 0.19531 -0.16357 -0.244 0.5249 
0.257568 0.17090 0.24414 -0.14893 -0.2930 0.5737 
0.258057 0.17578 0.30396 -0.6226 -0.8057 0.4639 
0.258301 0.20020 0.3784 0.6226 -0.13306 0.3662 
0.255249 0.20996 0.35156 0.19653 -0.15137 0.3418 
0.255859 0.23438 0.35156 0.29785 -0.15015 0.1709 
0.255005 0.23682 0.28564 0.25146 -0.10498 -0.1953 
0.253662 0.21729 0.16113 0.7446 -0.1831 -0.5859 
0.251587 0.19165 0.19043 0.7446 0.1709 -0.7568 
0.248291 0.23193 0.24658 0.1709 0.1953 -0.2930 
0.245972 0.25269 0.25024 0.2930 0.977 0.2808 
0.245483 0.26611 0.26611 -0.488 0.977 0.8667 
0.246704 0.26611 0.27344 -0.1465 -0.1221 0.13184 
0.248779 0.26123 0.25635 0.366 -0.2563 0.15503 
0.250732 0.25757 0.24414 0.244 -0.854 0.16479 
0.253052 0.24902 0.24414 0.122 0.2197 0.16479 
0.257202 0.23438 0.23926 0.1953 0.3662 0.16602 
0.263306 0.20508 0.20996 0.4517 0.2930 0.15503 
0.270630 0.18188 0.16113 0.6470 0.244 0.12207 
0.270630 0.14282 0.12085 0.6470 -0.3174 0.6470 
0.275635 0.12573 0.10498 0.3296 -0.6958 -0.2197 
0.280029 0.11719 0.12329 -0.366 -0.10864 -0.12451 
0.282959 0.11719 0.15869 -0.2808 -0.14282 -0.23926 
0.284912 0.11963 0.18311 -0.2563 -0.17212 -0.35767 
0.286621 0.12817 0.18799 0.00 -0.20142 -0.48462 
0.288574 0.13062 0.17090 0.3052 -0.23071 -0.62622 
0.292114 0.12573 0.17090 0.4517 -0.25024 -0.78003 
0.299683 0.11841 0.12695 0.4639 -0.27710 -0.96802 
0.310181 0.7324 0.5737 0.2930 -0.30640 -0.121094 
0.323853 0.1099 -0.3296 0.2930 -0.31250 -0.151611 
0.337036 -0.4883 -0.14526 -0.3784 -0.30029 -0.189819 
0.343506 -0.12817 -0.26245 -0.15137 -0.28687 -0.235718 
0.337036 -0.16968 -0.35767 -0.29663 -0.26123 -0.281860 
0.316650 -0.16113 -0.39917 -0.49561 -0.26123 -0.321167 
0.287109 -0.5615 -0.34668 -0.73608 -0.22217 -0.315186 
0.259399 0.9644 -0.24170 -0.97046 -0.18799 -0.357544 
0.236816 0.25513 -0.12573 -0.112061 -0.16724 -0.357544 
0.223267 0.38940 -0.4395 -0.117676 -0.16724 -0.357056 
0.218262 0.49194 -0.854 -0.118042 -0.16968 -0.348511 
0.190186 0.55420 -0.2686 -0.116943 -0.15625 -0.336304 
0.221436 0.57983 -0.4883 -0.118408 -0.10620 -0.325195 
0.226685 0.60791 -0.9033 -0.123169 -0.1221 -0.319214 
0.230347 0.32104 -0.15015 -0.130493 0.10620 -0.317139 
0.228271 0.69702 -0.17944 -0.141357 0.23682 -0.317871 
0.218018 0.69702 -0.14893 -0.156860 0.36255 -0.316406 
0.203735 0.80811 -0.7202 -0.173218 0.46021 -0.308228 
0.190674 0.93994 -0.28687 -0.184937 0.50903 -0.294189 
0.180298 0.105347 0.2563 -0.190186 0.50171 -0.276733 
0.173462 0.114014 0.9521 -0.191040 0.47241 -0.258545 
0.164063 0.121216 0.16968 -0.191895 0.43091 -0.238892 
0.151611 0.130737 0.26367 -0.191895 0.36743 -0.212769 
0.141235 0.141235 0.37354 -0.194092 0.26001 -0.181641 
0.131958 0.150635 0.47852 -0.196289 0.10864 -0.146973 
0.121338 0.158691 0.54688 -0.195190 0.24658 -0.109741 
0.113037 0.164429 0.58105 -0.191284 -0.6592 -0.71777 
0.109375 0.166870 0.57495 -0.186523 -0.22095 -0.67383 
0.105469 0.166626 0.55298 -0.181030 -0.31860 -0.33447 
0.99487 0.167725 0.53589 -0.177612 -0.34668 -0.2197 
0.92651 0.169800 0.54688 -0.177979 -0.31860 0.34424 
0.89722 0.170044 0.61279 -0.181763 -0.27466 0.76294 
0.92163 0.168457 0.71899 -0.185425 -0.22949 0.121338 
0.92163 0.164063 0.84106 -0.183838 -0.21118 0.164917 
0.98633 0.156250 0.95215 -0.174683 -0.22095 0.204712 
0.106201 0.176636 0.105103 -0.158081 -0.22461 0.239868 
0.113647 0.131226 0.112061 -0.135132 -0.18188 0.270874 
0.122925 0.131226 0.112915 -0.107666 -0.8179 0.296631 
0.136719 0.117065 0.107788 -0.81421 0.3906 0.317627 
0.152100 0.105957 0.99609 -0.64331 0.19165 0.333130 
0.164673 0.97900 0.99609 -0.61401 0.30518 0.343018 
0.182495 0.88867 0.90698 -0.66895 0.37598 0.348145 
0.178955 0.80078 0.93384 -0.70557 0.30273 0.360840 
0.175537 0.72632 0.97778 -0.67871 0.16846 0.380493 
0.175659 0.64941 0.100098 -0.67871 0.6348 0.402710 
0.180420 0.53833 0.109619 -0.67139 0.1831 0.423706 
0.190063 0.40405 0.123291 -0.66650 0.2563 0.439453 
0.205688 0.24170 0.135986 -0.55664 0.2563 0.446045 
0.229370 0.5737 0.138550 -0.35278 0.6958 0.440430 
0.254761 -0.9521 0.130371 -0.11475 0.18066 0.452515 
0.270508 -0.23071 0.113403 0.6958 0.31738 0.421265 
0.268433 -0.32837 0.96313 0.16602 0.45044 0.392944 
0.255371 -0.35889 0.82520 0.15747 0.54443 0.367676 
0.269531 -0.36377 0.72998 0.7690 0.57495 0.354370 
0.221313 -0.38330 0.70190 -0.4395 0.50415 0.351807 
0.221313 -0.42725 0.74585 -0.17334 0.35767 0.357666 
0.209351 -0.48828 0.82275 -0.25757 0.18066 0.369385 
0.201416 -0.59937 0.93750 -0.28198 -0.488 0.384033 
0.209595 -0.59937 0.104126 -0.27100 -0.17212 0.396606 
0.237549 -0.75073 0.102173 -0.18188 -0.26855 0.396118 
0.267456 -0.89722 0.121460 -0.4639 -0.27344 0.378906 
0.290161 -0.101563 0.90210 0.3540 -0.17700 0.345093 
0.293945 -0.111694 0.75928 0.4883 0.977 0.308472 
0.283691 -0.116211 0.63110 0.30151 0.21240 0.278931 
0.267944 -0.117676 0.53467 -0.12329 0.36743 0.259155 
0.251465 -0.117554 0.44800 -0.12329 0.44556 0.246826 
0.236816 -0.115967 0.40527 -0.26245 0.46143 0.237793 
0.220703 -0.116333 0.42603 -0.42969 0.42114 0.233398 
0.209961 -0.120239 0.47852 -0.55298 0.42114 0.231689 
0.211670 -0.126343 0.54199 -0.61646 0.34668 0.227905 
0.228760 -0.136230 0.62134 -0.64697 0.28442 0.247559 
0.258423 -0.146973 0.70435 -0.66895 0.25269 0.216309 
0.285522 -0.156738 0.75806 -0.67139 0.26123 0.192871 
0.299194 -0.162964 0.76050 -0.64697 0.31250 0.156982 
0.301880 -0.166504 0.73730 -0.61523 0.40161 0.115112 
0.298096 -0.168335 0.69946 -0.60547 0.50903 0.72388 
0.298096 -0.168701 0.66895 -0.62622 0.59937 0.31250 
0.288086 -0.168579 0.67627 -0.69702 0.63232 -0.5859 
0.279907 -0.167725 0.72998 -0.80444 0.59814 -0.37964 
0.277954 -0.167725 0.82764 -0.92163 0.52612 -0.67383 
0.279175 -0.166260 0.94482 -0.101196 0.44434 -0.95581 
0.283813 -0.164063 0.105103 -0.105103 0.36743 -0.124268 
0.289185 -0.162598 0.105103 -0.104004 0.31372 -0.156250 
0.289917 -0.161011 0.112915 -0.99121 0.29907 -0.189941 
0.286865 -0.159180 0.117920 -0.124756 0.31738 -0.223267 
0.275024 -0.156738 0.119507 -0.88745 0.35156 -0.254272 
0.254639 -0.148926 0.119507 -0.88745 0.36987 -0.277100 
0.234985 -0.137939 0.119995 -0.86182 0.35400 -0.289795 
0.223755 -0.126831 0.123901 -0.84961 0.61035 -0.295044 
0.227051 -0.117798 0.130737 -0.83740 0.29785 -0.299194 
0.239868 -0.111084 0.136230 -0.78979 0.21851 -0.308105 
0.253052 -0.104614 0.136108 -0.69458 0.14526 -0.291016 
0.257446 -0.100952 0.129028 -0.56885 0.9521 -0.339844 
0.250122 -0.97656 0.117188 -0.46143 0.6592 -0.339844 
0.230225 -0.94360 0.104614 -0.39429 0.7446 -0.356323 
0.237793 -0.84351 0.95703 -0.40039 0.10864 -0.365479 
0.189087 -0.69702 0.93262 -0.50049 0.12695 -0.361938 
0.189087 -0.55176 0.99121 -0.62866 0.11230 -0.347290 
0.180298 -0.43335 0.107910 -0.69580 0.6348 -0.327393 
0.178955 -0.34668 0.114380 -0.65430 0.122 -0.306397 
0.182495 -0.34668 0.115967 -0.53223 -0.3906 -0.287109 
0.187378 -0.26489 0.112549 -0.38330 -0.3906 -0.270142 
0.185181 -0.19409 0.105835 -0.26001 -0.2075 -0.252197 
0.178711 -0.11108 0.99487 -0.19775 -0.854 -0.229980 
0.172485 -0.2197 0.99487 -0.19165 -0.1221 -0.202881 
0.169189 0.5859 0.95947 -0.20386 -0.3906 -0.172852 
0.170044 0.11963 0.95947 -0.19775 -0.9033 -0.142944 
0.176025 0.17578 0.98267 -0.19775 -0.14282 -0.114990 
0.184814 0.20752 0.100098 -0.15015 -0.19287 -0.91431 
0.193970 0.20874 0.99243 -0.7568 -0.20264 -0.72388 
