0.253784 0.17700 0.35156 -0.16479 0.10376 0.16846 
0.252075 0.16724 0.33936 -0.18311 0.12451 0.19165 
0.252441 0.15869 0.32227 -0.21729 0.12451 0.21729 
0.253662 0.14282 0.31616 -0.26123 0.13306 0.22827 
0.255005 0.12329 0.32471 -0.28809 0.13672 0.22583 
0.255981 0.11230 0.34302 -0.29053 0.13794 0.22583 
0.256348 0.10376 0.36865 -0.27344 0.13794 0.20752 
0.256470 0.9888 0.38330 -0.24414 0.13672 0.17700 
0.256592 0.9521 0.39551 -0.21973 0.14160 0.13794 
0.256958 0.9277 0.40649 -0.19653 0.14526 0.9399 
0.256958 0.9033 0.40527 -0.17212 0.13916 0.5127 
0.257324 0.8667 0.40405 -0.15991 0.12695 0.1343 
0.258667 0.8301 0.40649 -0.15137 0.10376 -0.2197 
0.261230 0.8301 0.42480 -0.13428 0.6470 -0.5981 
0.263550 0.8301 0.46143 -0.9644 0.1221 -0.9888 
0.263916 0.9033 0.49194 -0.2197 -0.5615 -0.13672 
0.264526 0.10742 0.49194 0.7813 -0.12939 -0.18555 
0.264771 0.12085 0.50903 0.18311 -0.19043 -0.24048 
0.263184 0.13184 0.50903 0.27222 -0.22583 -0.28809 
0.262451 0.14893 0.49072 0.3174 -0.23926 -0.32715 
0.259155 0.18188 0.46021 0.34424 -0.24048 -0.34546 
0.253906 0.19531 0.45044 0.36743 -0.23804 -0.34302 
0.252441 0.20996 0.43091 0.35889 -0.23560 -0.33813 
0.248901 0.22461 0.45044 0.33569 -0.23560 -0.30396 
0.248291 0.24170 0.44678 0.35278 -0.25879 -0.25879 
0.249390 0.25146 0.39795 0.38086 -0.27222 -0.22827 
0.252686 0.25024 0.35034 0.33447 -0.27466 -0.22827 
0.258301 0.24048 0.31982 0.25391 -0.26611 -0.21362 
0.266724 0.23071 0.28809 0.18555 -0.26489 -0.22217 
0.276611 0.22949 0.23804 0.13184 -0.27710 -0.26611 
0.253662 0.22949 0.18555 0.7080 -0.29663 -0.34546 
0.284912 0.20874 0.13550 -0.1099 -0.34912 -0.45898 
0.290039 0.17578 0.7813 -0.10254 -0.45166 -0.58960 
0.292603 0.13428 0.977 -0.19043 -0.59204 -0.73120 
0.294678 0.13428 -0.4761 -0.27954 -0.76416 -0.89600 
0.299561 0.7935 -0.8789 -0.37354 -0.92407 -0.109131 
0.308716 0.2808 -0.9888 -0.46509 -0.103394 -0.133423 
0.322022 -0.1709 -0.9888 -0.55176 -0.108398 -0.163818 
0.334961 -0.3418 -0.10010 -0.61279 -0.105957 -0.201172 
0.337647 -0.3662 -0.10742 -0.32104 -0.97290 -0.242188 
0.328247 -0.854 -0.14404 -0.93506 -0.84229 -0.280884 
0.310059 0.2197 -0.20996 -0.62256 -0.68604 -0.313355 
0.291382 0.7690 -0.26123 -0.63232 -0.83618 -0.336792 
0.275269 0.13062 -0.29419 -0.69336 -0.37109 -0.352417 
0.263794 0.19775 -0.30518 -0.78125 -0.37109 -0.361572 
0.254272 0.25269 -0.30762 -0.87280 -0.23682 -0.367798 
0.251221 0.31006 -0.27710 -0.99121 -0.13184 -0.372070 
0.250977 0.36621 -0.23926 -0.112549 -0.2563 -0.345581 
0.248535 0.43823 -0.23193 -0.120728 0.6958 -0.376831 
0.237061 0.51270 -0.22949 -0.123291 0.14648 -0.382813 
0.219727 0.61279 -0.23193 -0.128174 0.18799 -0.387695 
0.231323 0.72388 -0.22217 -0.137939 0.20996 -0.386230 
0.200073 0.85693 -0.15991 -0.151367 0.20874 -0.378418 
0.178345 0.101318 -0.4150 -0.166626 0.18311 -0.364380 
0.158203 0.115234 0.10742 -0.179688 0.12939 -0.342041 
0.144775 0.115234 0.22095 -0.185303 0.7568 -0.314819 
0.138672 0.125732 0.28564 -0.181885 0.4150 -0.288208 
0.134766 0.134766 0.30396 -0.174683 0.3052 -0.264526 
0.132568 0.140869 0.29297 -0.168579 0.5127 -0.243774 
0.128662 0.145142 0.29297 -0.165161 0.12207 -0.224976 
0.120117 0.149536 0.29175 -0.164795 0.22949 -0.205444 
0.107910 0.157593 0.31494 -0.165771 0.35278 -0.181519 
0.94482 0.166870 0.36255 -0.165771 0.45898 -0.153198 
0.78491 0.176514 0.43823 -0.165771 0.51025 -0.118896 
0.61768 0.185059 0.52002 -0.163696 0.48462 -0.76660 
0.50537 0.190918 0.57983 -0.160156 0.48462 -0.27832 
0.46631 0.193970 0.63110 -0.158691 0.40771 0.23804 
0.45898 0.194824 0.70068 -0.159424 0.32471 0.13794 
0.48828 0.192627 0.76782 -0.160034 0.25391 0.64941 
0.54688 0.187134 0.81177 -0.158813 0.20874 0.127441 
0.63232 0.177124 0.85571 -0.155884 0.18311 0.175293 
0.74219 0.164551 0.90576 -0.152100 0.18555 0.218750 
0.83740 0.154175 0.95581 -0.144897 0.23193 0.257568 
0.83740 0.149536 0.100830 -0.132690 0.31006 0.293457 
0.92529 0.145752 0.104614 -0.120728 0.37964 0.327637 
0.96924 0.140259 0.109131 -0.112671 0.40649 0.362061 
0.97534 0.140259 0.111694 -0.107300 0.38574 0.399048 
0.102905 0.127686 0.109741 -0.100220 0.33691 0.437622 
0.120728 0.114014 0.115234 -0.95825 0.41504 0.458862 
0.128418 0.102539 0.123657 -0.86914 0.43823 0.481934 
0.129883 0.80811 0.123657 -0.62134 0.41016 0.500244 
0.132324 0.62378 0.131104 -0.62378 0.42358 0.520386 
0.136353 0.44434 0.134277 -0.5127 0.48096 0.541626 
0.140503 0.25635 0.135742 -0.5127 0.52368 0.563843 
0.146973 0.4761 0.132324 0.15137 0.54321 0.584351 
0.160645 -0.19775 0.121094 0.32715 0.59204 0.595947 
0.182617 -0.44434 0.106445 0.43823 0.59204 0.594971 
0.211548 -0.65796 0.95459 0.42725 0.68237 0.579224 
0.237305 -0.80933 0.93384 0.29053 0.83740 0.586304 
0.258911 -0.89966 0.96191 0.8057 0.101807 0.558350 
0.268188 -0.98022 0.98633 -0.11597 0.114868 0.527100 
0.267944 -0.103760 0.100708 -0.29297 0.118164 0.496338 
0.265869 -0.110229 0.100708 -0.49072 0.114014 0.468872 
0.260742 -0.118042 0.100830 -0.68359 0.107910 0.444458 
0.260742 -0.127075 0.101196 -0.85205 0.100830 0.422852 
0.260620 -0.136841 0.101196 -0.100830 0.92163 0.401978 
0.269043 -0.146484 0.101318 -0.116455 0.83130 0.377441 
0.281372 -0.125244 0.99487 -0.131104 0.74341 0.348145 
0.297607 -0.156494 0.97656 -0.144531 0.67871 0.311890 
0.312988 -0.166382 0.98022 -0.160889 0.65186 0.268799 
0.323975 -0.173828 0.102661 -0.180420 0.66162 0.222290 
0.328247 -0.178955 0.102661 -0.198364 0.68359 0.173462 
0.329102 -0.178955 0.111816 -0.209595 0.69092 0.125610 
0.330322 -0.177856 0.120361 -0.212158 0.67993 0.77759 
0.330322 -0.179443 0.125000 -0.212158 0.65430 0.28442 
0.328125 -0.181274 0.127441 -0.211060 0.62378 -0.21118 
0.323975 -0.182739 0.129517 -0.210571 0.58960 -0.69946 
0.314819 -0.184082 0.132324 -0.209351 0.54565 -0.116333 
0.302368 -0.183594 0.135254 -0.205078 0.54565 -0.158569 
0.290161 -0.179077 0.138184 -0.199707 0.48218 -0.162842 
0.278809 -0.173584 0.141724 -0.194092 0.41382 -0.193604 
0.273315 -0.167725 0.147583 -0.187866 0.33936 -0.224854 
0.275635 -0.163086 0.154663 -0.179565 0.26367 -0.253418 
0.280396 -0.157837 0.159546 -0.166626 0.20508 -0.283569 
0.280884 -0.156860 0.160400 -0.147949 0.16602 -0.315430 
0.280884 -0.154175 0.156494 -0.127075 0.14404 -0.348633 
0.277832 -0.151123 0.149902 -0.107422 0.12817 -0.380249 
0.271729 -0.146484 0.144165 -0.92163 0.9766 -0.409424 
0.263550 -0.140381 0.137939 -0.82520 0.5371 -0.434204 
0.254272 -0.140381 0.131104 -0.76660 0.732 -0.454468 
0.242798 -0.130859 0.125488 -0.74097 -0.3906 -0.469238 
0.229126 -0.117798 0.152832 -0.73975 -0.6836 -0.477661 
0.208130 -0.101563 0.121582 -0.73486 -0.9033 -0.478027 
0.180176 -0.81299 0.123413 -0.73364 -0.12573 -0.465088 
0.154297 -0.57983 0.126343 -0.69946 -0.14526 -0.437378 
0.134033 -0.33325 0.130493 -0.69946 -0.15625 -0.398560 
0.120361 -0.10742 0.132446 -0.61035 -0.16357 -0.353027 
0.113647 0.7202 0.131836 -0.46631 -0.16479 -0.304932 
0.115112 0.20142 0.128540 -0.29419 -0.15137 -0.257568 
0.122559 0.28564 0.122192 -0.12695 -0.15137 -0.215454 
0.134399 0.33691 0.114990 0.1953 -0.13062 -0.212036 
0.147949 0.36987 0.106689 0.13550 -0.10986 -0.185181 
0.159912 0.40283 0.99487 0.21729 -0.8911 -0.153931 
0.169556 0.43701 0.95093 0.25024 -0.7446 -0.133057 
0.176758 0.46753 0.93018 0.23804 -0.7446 -0.114746 
0.182373 0.48706 0.92651 0.21729 -0.8667 -0.97778 
0.186035 0.50659 0.92896 0.20020 -0.11108 -0.81787 
0.186035 0.51514 0.93018 0.19775 -0.12817 -0.65063 
0.189819 0.51025 0.92163 0.20386 -0.13550 -0.49561 
0.194702 0.48950 0.90210 0.21484 -0.12451 -0.35889 
0.198975 0.48950 0.87158 0.23682 -0.9521 -0.24292 
0.202759 0.46509 0.83008 0.25879 -0.5859 -0.14160 
0.205933 0.44067 0.79346 0.26733 -0.2197 -0.5127 
0.208984 0.41748 0.79346 0.25879 0.1343 0.2808 
0.214111 0.39429 0.76782 0.23438 0.4395 0.8911 
0.220093 0.37109 0.76416 0.19897 0.6104 0.12817 
0.225830 0.34912 0.78003 0.17334 0.5981 0.15015 
0.230835 0.33325 0.79956 0.17334 0.4517 0.15503 
0.233887 0.32471 0.81543 0.15869 0.2686 0.15137 
0.235474 0.32227 0.83618 0.14038 0.1587 0.15259 
