0.256348 0.29419 0.34668 -0.4150 -0.610 0.10498 
0.257080 0.28931 0.34546 -0.3662 -0.1953 0.10498 
0.257202 0.28564 0.35767 -0.4272 -0.2808 0.9521 
0.257202 0.28931 0.37720 -0.3784 -0.3296 0.8057 
0.255737 0.29175 0.38208 -0.2197 -0.3418 0.6836 
0.255737 0.28809 0.37598 -0.1953 -0.2808 0.6714 
0.253662 0.28198 0.36255 -0.2686 -0.1831 0.6836 
0.253540 0.27710 0.34912 -0.4272 -0.1221 0.5981 
0.254150 0.27710 0.33691 -0.7202 -0.244 0.4761 
0.254150 0.27344 0.33691 -0.10132 0.854 0.3296 
0.254150 0.27222 0.34302 -0.11475 0.1465 0.1587 
0.256104 0.27466 0.35278 -0.11475 0.1831 -0.610 
0.257324 0.27832 0.35278 -0.10132 0.2319 -0.3052 
0.257324 0.28442 0.37354 -0.6348 0.1343 -0.5249 
0.258423 0.28687 0.38452 -0.1709 -0.732 -0.7935 
0.260864 0.28198 0.38330 -0.1709 -0.2563 -0.10742 
0.263062 0.26855 0.38208 0.2686 -0.4761 -0.14404 
0.264526 0.26001 0.36621 0.7568 -0.7080 -0.18433 
0.263794 0.24902 0.33936 0.11597 -0.7080 -0.19409 
0.261597 0.24414 0.30640 0.12207 -0.7568 -0.20264 
0.264771 0.21851 0.27710 0.10986 -0.8789 -0.21606 
0.268799 0.21362 0.27100 0.10376 -0.9399 -0.21851 
0.264160 0.23926 0.29297 0.8057 -0.9277 -0.21851 
0.263184 0.26245 0.31128 0.4272 -0.9277 -0.20142 
0.265381 0.26245 0.32715 0.2319 -0.9399 -0.20996 
0.270752 0.26245 0.32959 0.854 -0.7935 -0.24414 
0.270752 0.25269 0.31860 -0.854 -0.4883 -0.31250 
0.277344 0.24048 0.29541 -0.3540 -0.1099 -0.42358 
0.285522 0.22461 0.26733 -0.8057 0.3784 -0.58472 
0.293945 0.21240 0.24048 -0.14526 0.9277 -0.79590 
0.298462 0.21240 0.21118 -0.19409 0.12939 -0.102661 
0.296997 0.21240 0.19287 -0.22949 0.13672 -0.124512 
0.294312 0.23438 0.19897 -0.27466 0.12085 -0.143799 
0.295898 0.26001 0.19897 -0.30884 0.8911 -0.162842 
0.299316 0.27344 0.20752 -0.30396 0.4761 -0.183594 
0.301147 0.27466 0.20020 -0.28320 0.1099 -0.206177 
0.301758 0.26978 0.16602 -0.28320 0.122 -0.229370 
0.302734 0.26611 0.13794 -0.28442 0.1831 -0.254028 
0.301636 0.27222 0.9888 -0.30884 0.5371 -0.279297 
0.296875 0.29175 0.6348 -0.32837 0.9033 -0.303711 
0.288330 0.32227 0.1465 -0.37231 0.9033 -0.324829 
0.277588 0.36133 -0.488 -0.43457 0.14038 -0.342285 
0.265869 0.41016 -0.244 -0.52246 0.19165 -0.324463 
0.251587 0.48096 0.854 -0.60913 0.24780 -0.355713 
0.236206 0.58594 0.1953 -0.67749 0.30640 -0.364014 
0.220215 0.68604 0.4150 -0.74341 0.34912 -0.366699 
0.241089 0.76172 0.4639 -0.82031 0.36865 -0.364502 
0.209839 0.79102 0.854 -0.89478 0.37109 -0.360962 
0.205688 0.81055 -0.2808 -0.98999 0.36255 -0.359619 
0.204712 0.84595 -0.2930 -0.112549 0.36987 -0.360962 
0.196533 0.65918 0.6348 -0.128540 0.39063 -0.364258 
0.179688 0.97168 0.21118 -0.144165 0.40283 -0.361816 
0.157959 0.116943 0.4883 -0.152222 0.38696 -0.348389 
0.134399 0.138428 0.47974 -0.150879 0.32104 -0.323975 
0.113647 0.154907 0.47974 -0.144653 0.23193 -0.291016 
0.101807 0.167114 0.53345 -0.136719 0.16113 -0.254517 
0.95215 0.173584 0.53467 -0.130005 0.11108 -0.218872 
0.90088 0.177002 0.48096 -0.130005 0.8179 -0.184082 
0.86182 0.180054 0.43701 -0.126953 0.7813 -0.150391 
0.82031 0.184326 0.46265 -0.131226 0.9155 -0.116699 
0.77393 0.188843 0.53833 -0.138306 0.10986 -0.82397 
0.72876 0.192871 0.63843 -0.140381 0.10986 -0.47241 
0.70313 0.196411 0.73364 -0.138672 0.12939 -0.42603 
0.69336 0.196045 0.79590 -0.134644 0.15259 -0.7324 
0.69946 0.192139 0.81787 -0.129150 0.16968 0.23926 
0.73975 0.185913 0.83008 -0.126099 0.18921 0.58716 
0.80444 0.178589 0.86670 -0.126343 0.22827 0.92285 
0.87036 0.171753 0.91675 -0.127075 0.28931 0.123169 
0.91309 0.166626 0.95825 -0.125244 0.35645 0.151855 
0.91309 0.165039 0.100830 -0.122681 0.41260 0.178833 
0.92163 0.165161 0.106689 -0.121582 0.44312 0.207153 
0.89355 0.164063 0.111206 -0.119873 0.41870 0.238647 
0.84473 0.164063 0.117310 -0.116577 0.32593 0.273682 
0.81665 0.158203 0.122925 -0.112061 0.20264 0.310913 
0.82275 0.148071 0.93750 -0.103271 0.9521 0.348999 
0.84717 0.135376 0.125000 -0.93994 0.1099 0.386841 
0.90942 0.121094 0.118652 -0.85938 -0.5249 0.422852 
0.115112 0.98755 0.108765 -0.86182 -0.244 0.438965 
0.142822 0.77393 0.108765 -0.87036 0.9521 0.447998 
0.165649 0.53955 0.109253 -0.87036 0.19653 0.447022 
0.180542 0.36621 0.101807 -0.77881 0.30762 0.441284 
0.189209 0.27222 0.95215 -0.75439 0.8911 0.437012 
0.191040 0.21362 0.96436 -0.93140 0.40161 0.439941 
0.188110 0.18677 0.102539 -0.116943 0.42603 0.450684 
0.183105 0.12695 0.108154 -0.134399 0.34546 0.464478 
0.182861 0.2563 0.113647 -0.145630 0.17456 0.464478 
0.193359 -0.12695 0.120239 -0.151733 0.244 0.475952 
0.209106 -0.26855 0.129639 -0.148804 -0.9521 0.478394 
0.193970 -0.38574 0.136353 -0.136719 -0.11230 0.472046 
0.239014 -0.50171 0.136108 -0.120605 -0.8789 0.459229 
0.239014 -0.48096 0.135254 -0.107422 -0.4639 0.442139 
0.258545 -0.46387 0.120361 -0.96436 0.6226 0.427856 
0.262085 -0.83008 0.106934 -0.86426 0.12695 0.397339 
0.258545 -0.83008 0.93506 -0.89478 0.16968 0.375732 
0.252686 -0.90332 0.83008 -0.99976 0.19775 0.361938 
0.245972 -0.98755 0.74829 -0.112671 0.18677 0.351074 
0.242065 -0.107300 0.74829 -0.125732 0.14038 0.340820 
0.243164 -0.117065 0.72266 -0.142212 0.5859 0.328980 
0.258789 -0.130005 0.78247 -0.127075 -0.1587 0.311157 
0.288574 -0.142700 0.90576 -0.167236 -0.4272 0.281372 
0.320801 -0.153687 0.103027 -0.167236 -0.1465 0.237305 
0.341431 -0.162598 0.109375 -0.166260 -0.24658 0.183594 
0.345581 -0.169678 0.109741 -0.159912 0.18921 0.128174 
0.336304 -0.171631 0.105469 -0.155029 0.18921 0.77515 
0.318848 -0.170898 0.101440 -0.153198 0.32715 0.34668 
0.302246 -0.167358 0.100830 -0.154053 0.42114 0.31372 
0.290039 -0.164307 0.103760 -0.155518 0.44678 0.122 
0.285889 -0.162964 0.110962 -0.155762 0.41504 -0.28198 
0.291138 -0.162231 0.121582 -0.154785 0.35767 -0.53833 
0.300293 -0.160767 0.133545 -0.149292 0.31006 -0.81665 
0.309570 -0.160767 0.142090 -0.137207 0.28198 -0.113281 
0.309570 -0.161255 0.144531 -0.119629 0.28687 -0.150513 
0.312866 -0.161865 0.138550 -0.99121 0.33447 -0.193481 
0.304199 -0.157227 0.128296 -0.79712 0.40283 -0.237915 
0.287476 -0.157227 0.117798 -0.67261 0.46875 -0.276733 
0.268799 -0.149780 0.112305 -0.62012 0.51514 -0.307617 
0.251709 -0.140137 0.114502 -0.61401 0.51636 -0.329834 
0.244019 -0.129517 0.123169 -0.60791 0.47729 -0.346069 
0.246948 -0.120117 0.123169 -0.55054 0.41870 -0.361572 
0.254272 -0.110107 0.132813 -0.41382 0.37842 -0.379517 
0.259888 -0.103760 0.135254 -0.55786 0.35522 -0.401855 
0.253540 -0.96558 0.131958 -0.24536 0.33569 -0.425415 
0.228027 -0.89600 0.121582 -0.12085 0.30273 -0.443481 
0.192139 -0.73608 0.111450 -0.6958 0.23804 -0.445190 
0.159668 -0.55542 0.108887 -0.13916 0.23804 -0.430298 
0.138916 -0.31738 0.117310 -0.28564 0.14771 -0.401978 
0.128540 -0.9277 0.130981 -0.38208 0.4761 -0.397949 
0.124634 0.8057 0.138550 -0.33203 -0.5493 -0.359741 
0.124756 0.19531 0.137695 -0.16235 -0.14648 -0.328491 
0.128662 0.25635 0.130615 0.122 -0.19897 -0.289917 
0.135254 0.30640 0.124390 0.7935 -0.19409 -0.254517 
0.145752 0.33936 0.122803 0.6592 -0.15381 -0.222046 
0.145752 0.36865 0.122925 0.2563 -0.10254 -0.193359 
0.158203 0.39551 0.122437 0.2075 -0.5005 -0.168823 
0.168823 0.41748 0.122681 0.4761 -0.1831 -0.148193 
0.176514 0.41748 0.123291 0.7568 -0.1831 -0.129883 
0.183105 0.44067 0.122925 0.10620 -0.4150 -0.112915 
0.188843 0.46143 0.122070 0.13794 -0.7690 -0.97656 
0.193604 0.47729 0.119873 0.15259 -0.11597 -0.83862 
0.196777 0.48462 0.119873 0.16357 -0.14404 -0.70190 
0.200684 0.47974 0.116943 0.16846 -0.14038 -0.58472 
0.204224 0.47363 0.113525 0.15747 -0.11230 -0.48828 
0.206909 0.46753 0.111206 0.15747 -0.7324 -0.40161 
0.210938 0.45410 0.109741 0.13794 -0.4639 -0.32837 
0.214600 0.44189 0.108154 0.12207 -0.854 -0.27100 
0.217041 0.43823 0.106567 0.11841 -0.854 -0.22095 
0.216919 0.43213 0.104980 0.10010 0.3174 -0.17456 
0.216309 0.43213 0.104980 0.8545 0.4883 -0.12451 
0.216919 0.43945 0.105225 0.8301 0.4395 -0.7446 
0.219116 0.43579 0.104614 0.9644 0.2319 -0.7446 
