0.247803 0.34668 0.6348 -0.6348 -0.6348 0.22583 
0.250366 0.32715 0.4028 -0.5493 -0.4883 0.20752 
0.252319 0.61890 0.3418 -0.6592 -0.2808 0.18921 
0.256714 0.30640 0.3296 -0.8301 -0.610 0.15137 
0.259155 0.29175 0.5493 -0.11353 0.1831 0.11597 
0.258911 0.29419 0.8667 -0.13062 0.1831 0.10254 
0.258179 0.29663 0.8667 -0.12573 -0.244 0.10864 
0.259888 0.28809 0.9888 -0.12085 -0.2930 0.11353 
0.260742 0.27344 0.8789 -0.12695 -0.4395 0.11108 
0.259644 0.25757 0.6958 -0.14038 -0.4150 0.11108 
0.255737 0.24902 0.5127 -0.14038 -0.2930 0.12695 
0.252075 0.25146 0.4028 -0.15747 -0.2686 0.14893 
0.252808 0.26245 0.5249 -0.15869 -0.5737 0.14404 
0.258545 0.26855 0.11230 -0.10742 -0.5737 0.9155 
0.264038 0.27100 0.19531 0.4150 -0.14038 0.610 
0.266480 0.28076 0.24414 0.27588 -0.22705 0.23560 
0.257080 0.29175 0.22095 0.49561 -0.26733 -0.7690 
0.253906 0.31128 0.22827 0.63232 -0.24780 -0.10132 
0.254272 0.29663 -0.4517 0.69702 -0.18066 -0.8911 
0.276978 0.25635 -0.22461 0.33691 0.1709 -0.7813 
0.238647 0.26978 -0.9644 -0.17700 0.23438 -0.1709 
0.238647 0.31860 0.3052 -0.32837 0.32227 0.9888 
0.233398 0.36377 0.10254 -0.31982 0.31616 0.22827 
0.229004 0.38818 0.19165 -0.33447 0.28687 0.35522 
0.227173 0.38818 0.26245 -0.29297 0.23315 0.47485 
0.231934 0.38696 0.28442 -0.18677 0.17334 0.55786 
0.240234 0.36621 0.29175 -0.9766 0.14893 0.58350 
0.245605 0.34424 0.00 -0.3418 0.16235 0.57739 
0.247192 0.33081 0.31250 0.3906 0.17822 0.57495 
0.246582 0.31982 0.32349 0.12573 0.17212 0.58716 
0.247437 0.30151 0.32227 0.19775 0.14282 0.61279 
0.251831 0.26978 0.32104 0.19775 0.9033 0.63110 
0.260132 0.23071 0.31860 0.25635 0.1953 0.62134 
0.270020 0.18433 0.30151 0.31616 0.25513 0.57373 
0.279175 0.14160 0.26001 0.36743 -0.5737 0.48950 
0.285645 0.10254 0.19653 0.39917 -0.12085 0.37354 
0.287842 0.6592 0.11475 0.41138 -0.16113 0.55176 
0.288208 0.3784 0.4272 0.39307 -0.17578 0.10742 
0.288818 0.2197 -0.488 0.33813 -0.17578 0.10742 
0.290283 0.244 -0.3174 0.27100 -0.17456 -0.2441 
0.294678 -0.1221 -0.5737 0.21362 -0.18555 -0.16113 
0.299805 -0.3418 -0.7080 0.16479 -0.19897 -0.31616 
0.299805 -0.7446 -0.9644 0.10620 -0.22827 -0.50171 
0.306152 -0.11353 -0.13916 0.6348 -0.24902 -0.71411 
0.313232 -0.13916 -0.19653 0.854 -0.25879 -0.96069 
0.320313 -0.13916 -0.23804 -0.6592 -0.24536 -0.123535 
0.325073 -0.16235 -0.27954 -0.15259 -0.22461 -0.154541 
0.322632 -0.17944 -0.122 -0.23926 -0.19897 -0.186646 
0.309570 -0.16357 -0.35767 -0.32349 -0.17700 -0.213379 
0.295532 -0.12451 -0.35767 -0.40894 -0.16724 -0.233765 
0.289063 -0.10376 -0.44312 -0.52490 -0.13550 -0.251831 
0.287231 -0.9521 -0.50781 -0.42358 -0.4883 -0.270752 
0.285889 -0.4395 -0.48706 -0.73608 0.8179 -0.287231 
0.283081 0.1953 -0.38696 -0.99731 0.20020 -0.303345 
0.271240 0.9033 -0.29053 -0.119995 0.29785 -0.317017 
0.252075 0.22583 -0.17212 -0.134277 0.29785 -0.319336 
0.234619 0.38208 -0.4150 -0.146606 0.38452 -0.310181 
0.224609 0.52368 0.10010 -0.152710 0.46021 -0.295288 
0.221191 0.64087 0.21484 -0.149170 0.51270 -0.310791 
0.223999 0.71777 0.26367 -0.136963 0.55176 -0.279541 
0.228516 0.75562 0.21851 -0.120972 0.58838 -0.267700 
0.226440 0.76660 0.12695 -0.107178 0.63599 -0.261841 
0.248901 0.81055 0.6226 -0.103271 0.67749 -0.260620 
0.217651 0.87646 0.7080 -0.109009 0.70435 -0.256470 
0.209106 0.97168 0.13794 -0.117188 0.71167 -0.247559 
0.201782 0.108398 0.23193 -0.121704 0.67627 -0.236328 
0.190308 0.108398 0.31372 -0.122192 0.57739 -0.222046 
0.178711 0.119507 0.36377 -0.119873 0.45044 -0.204712 
0.171875 0.128906 0.37598 -0.116455 0.34058 -0.187378 
0.169434 0.134766 0.34424 -0.112183 0.25391 -0.172607 
0.165649 0.136719 0.34424 -0.108887 0.19531 -0.158691 
0.162598 0.137207 0.28442 -0.111938 0.17700 -0.144775 
0.159058 0.138184 0.23315 -0.120728 0.17212 -0.130737 
0.152954 0.140015 0.20752 -0.120728 0.15625 -0.114868 
0.146484 0.143433 0.21362 -0.130737 0.13062 -0.96680 
0.141357 0.146851 0.24658 -0.140137 0.10620 -0.77515 
0.136963 0.148438 0.25635 -0.145752 0.8179 -0.58105 
0.133911 0.148071 0.24658 -0.147583 0.8179 -0.37964 
0.132568 0.147095 0.25513 -0.151855 0.6592 -0.48340 
0.133545 0.145996 0.30884 -0.159912 0.6714 -0.27588 
0.134033 0.145996 0.41382 -0.167114 0.8301 0.3662 
0.132690 0.149170 0.55298 -0.170654 0.11230 0.24536 
0.127075 0.153564 0.68970 -0.168945 0.15625 0.47241 
0.147827 0.157471 0.78979 -0.162598 0.19897 0.74341 
0.116577 0.158447 0.85571 -0.154663 0.22827 0.108765 
0.109619 0.152832 0.89478 -0.147461 0.24780 0.148193 
0.106323 0.140381 0.92407 -0.138794 0.24292 0.188110 
0.117432 0.154175 0.98511 -0.129761 0.27588 0.220215 
0.138184 0.122925 0.104370 -0.119751 0.34546 0.242310 
0.162964 0.105591 0.111938 -0.109131 0.47241 0.248901 
0.183960 0.92163 0.122559 -0.101563 0.61157 0.251709 
0.184448 0.85449 0.122559 -0.94971 0.66772 0.261841 
0.184814 0.84473 0.130249 -0.90942 0.65796 0.277832 
0.181763 0.84717 0.132935 -0.90332 0.58350 0.298706 
0.175903 0.83740 0.130371 -0.90332 0.45044 0.321777 
0.171387 0.78979 0.127686 -0.92529 0.30762 0.344360 
0.169922 0.69946 0.129395 -0.95093 0.20264 0.364868 
0.176514 0.57861 0.138672 -0.93994 0.15991 0.380493 
0.191772 0.45044 0.151367 -0.87402 0.15991 0.388916 
0.203491 0.34668 0.158691 -0.71289 0.20508 0.391480 
0.207275 0.23682 0.158081 -0.49316 0.27344 0.392700 
0.207886 0.12207 0.150269 -0.29297 0.32593 0.392700 
0.205078 -0.1709 0.134644 -0.13794 0.38452 0.395020 
0.196289 -0.14038 0.119873 -0.2930 0.43823 0.395630 
0.216675 -0.21362 0.112915 -0.2075 0.47607 0.397583 
0.185425 -0.29907 0.110962 -0.9521 0.46021 0.408813 
0.179077 -0.40894 0.111084 -0.15869 0.37476 0.424927 
0.177490 -0.55420 0.112671 -0.18188 0.23438 0.440308 
0.181641 -0.38940 0.117432 -0.19897 0.8301 0.452759 
0.198486 -0.70190 0.123535 -0.21729 -0.2808 0.458496 
0.224731 -0.84839 0.96436 -0.20386 -0.10498 0.452637 
0.255127 -0.98633 0.156006 -0.13306 -0.14282 0.432983 
0.277344 -0.111328 0.124756 -0.3174 -0.11841 0.402710 
0.283203 -0.122681 0.114014 0.2441 -0.3662 0.370361 
0.277222 -0.129883 0.98633 0.1099 0.7446 0.343018 
0.265869 -0.134766 0.83740 0.24170 0.17578 0.321533 
0.254272 -0.137939 0.72632 -0.7080 0.21973 0.305542 
0.248047 -0.142334 0.66284 -0.20508 0.20386 0.291260 
0.244873 -0.148071 0.62500 -0.35034 0.14282 0.277344 
0.255615 -0.156006 0.62378 -0.49805 0.14282 0.260498 
0.281250 -0.165771 0.64087 -0.66650 0.6592 0.234253 
0.302490 -0.174927 0.63599 -0.83008 0.2319 0.228760 
0.309814 -0.180908 0.60303 -0.96558 0.3540 0.197510 
0.303467 -0.185059 0.56396 -0.110229 0.9521 0.156616 
0.291626 -0.183594 0.54321 -0.125854 0.18433 0.116943 
0.309814 -0.181030 0.54565 -0.142334 0.26367 0.82520 
0.269531 -0.178223 0.58350 -0.157349 0.30273 0.52856 
0.269531 -0.176025 0.66895 -0.170166 0.29541 0.26367 
0.269043 -0.174438 0.79102 -0.179810 0.26611 0.244 
0.274048 -0.172363 0.90576 -0.182983 0.23804 -0.27832 
0.279053 -0.172363 0.99731 -0.179810 0.21851 -0.58228 
0.280273 -0.171387 0.104736 -0.172852 0.22217 -0.91797 
0.274170 -0.170044 0.105347 -0.162842 0.24170 -0.126587 
0.260620 -0.165405 0.105347 -0.152344 0.26978 -0.157837 
0.244263 -0.159058 0.105591 -0.144775 0.28687 -0.181641 
0.233887 -0.152466 0.109375 -0.138184 0.28320 -0.199219 
0.231689 -0.146606 0.117432 -0.128662 0.25513 -0.212646 
0.239746 -0.139282 0.128052 -0.128662 0.21240 -0.225464 
0.253662 -0.135010 0.137207 -0.114014 0.16479 -0.242065 
0.265503 -0.132324 0.142700 -0.94971 0.12695 -0.263306 
0.267090 -0.135010 0.139282 -0.73853 0.12695 -0.288818 
0.257690 -0.134888 0.128662 -0.54199 0.10498 -0.314087 
0.242432 -0.129761 0.114624 -0.43335 0.9033 -0.332397 
0.229126 -0.121338 0.105835 -0.43701 0.9155 -0.332397 
0.218994 -0.111206 0.103638 -0.50903 0.7813 -0.342896 
0.216675 -0.100220 0.103760 -0.54932 0.4028 -0.346069 
0.217529 -0.89844 0.105835 -0.51392 -0.122 -0.345337 
0.190063 -0.80200 0.105835 -0.44800 -0.5005 -0.343506 
0.221313 -0.72266 0.101929 -0.36743 -0.6836 -0.341187 
0.225830 -0.67627 0.93506 -0.29297 -0.5249 -0.341187 
