0.244629 0.37842 0.23560 -0.21240 -0.4639 0.22339 
0.250366 0.37842 0.24292 -0.18188 -0.4639 0.21606 
0.252319 0.36377 0.25635 -0.15503 -0.3540 0.16846 
0.255371 0.35034 0.28320 -0.12939 -0.1709 0.11108 
0.254395 0.35645 0.28320 -0.10620 -0.1465 0.8667 
0.250732 0.36743 0.28442 -0.10498 -0.2563 0.9155 
0.250244 0.36255 0.27100 -0.11963 -0.4639 0.8667 
0.253906 0.34424 0.26611 -0.12939 -0.6348 0.5859 
0.256470 0.31982 0.25024 -0.12939 -0.5981 0.1953 
0.256592 0.30273 0.23682 -0.13672 -0.4517 -0.854 
0.255249 0.29541 0.21973 -0.14282 -0.3418 -0.1221 
0.252197 0.29053 0.21362 -0.15015 -0.3418 0.122 
0.251343 0.29419 0.21484 -0.14771 -0.3052 0.854 
0.251221 0.29419 0.23315 -0.12573 -0.4517 0.122 
0.253296 0.28809 0.24048 -0.7202 -0.7446 0.122 
0.257446 0.27588 0.24902 -0.122 -0.10864 -0.2075 
0.258179 0.26611 0.27466 0.7568 -0.13916 -0.4883 
0.257080 0.26733 0.28076 0.15259 -0.15747 -0.6470 
0.259155 0.28442 0.30884 0.19653 -0.15503 -0.5737 
0.259155 0.29541 0.33569 0.23560 -0.14893 -0.5371 
0.260742 0.2075 0.27710 0.25757 -0.11719 -0.5981 
0.258789 0.34424 0.26733 0.14526 -0.1465 -0.3174 
0.249878 0.34424 0.37720 0.2075 0.6958 0.1343 
0.247070 0.37842 0.37720 0.6470 0.9277 0.6958 
0.244385 0.41260 0.33081 0.5859 0.9644 0.13184 
0.241333 0.41504 0.33081 -0.244 0.9277 0.18799 
0.235474 0.41748 0.31006 -0.1221 0.5859 0.26611 
0.233276 0.41138 0.28687 -0.1465 0.1831 0.34790 
0.236572 0.39673 0.27710 -0.3296 -0.1831 0.40771 
0.241455 0.37964 0.29541 -0.3296 -0.4395 0.44189 
0.246460 0.36011 0.31128 -0.2808 -0.5615 0.45166 
0.250244 0.34302 0.30518 0.366 -0.4517 0.44067 
0.252197 0.32959 0.28564 0.3052 -0.4517 0.41992 
0.253174 0.31616 0.27344 0.4028 -0.1343 0.40039 
0.253174 0.30273 0.25879 0.4517 0.2197 0.38574 
0.253906 0.29297 0.25146 0.5005 0.4395 0.38574 
0.257080 0.29907 0.26123 0.5005 0.4272 0.37964 
0.261841 0.28931 0.30884 0.4395 0.244 0.37476 
0.274780 0.25757 0.37354 0.2808 -0.7935 0.35400 
0.265747 0.18799 0.41260 0.4883 -0.18921 0.29541 
0.296997 0.11475 0.35889 0.11719 -0.30029 0.14038 
0.322510 0.2075 0.25269 0.19897 -0.36865 -0.13794 
0.340576 0.26611 0.10132 0.25757 -0.38452 -0.52612 
0.350708 -0.4639 -0.3418 0.26855 -0.34180 -0.96069 
0.351318 -0.10498 -0.10498 0.20142 -0.26855 -0.139526 
0.348389 -0.13916 -0.11230 0.6714 -0.19775 -0.178589 
0.341431 -0.13550 -0.11230 -0.7813 -0.16602 -0.213867 
0.331299 -0.11841 -0.7446 -0.18066 -0.18311 -0.244751 
0.322754 -0.9644 -0.6226 -0.20264 -0.20630 -0.272339 
0.311035 -0.6958 -0.9277 -0.18188 -0.22217 -0.299438 
0.294678 -0.2563 -0.16602 -0.18188 -0.20508 -0.322510 
0.278442 0.1831 -0.26978 -0.18433 -0.14893 -0.340210 
0.264893 0.4639 -0.37231 -0.24658 -0.5249 -0.354736 
0.251953 0.8911 -0.43213 -0.39185 -0.5249 -0.364868 
0.239014 0.16602 -0.43579 -0.61157 0.7324 -0.369385 
0.223511 0.27954 -0.39063 -0.87036 0.21362 -0.367920 
0.208252 0.42725 -0.30151 -0.112549 0.34058 -0.359497 
0.196655 0.57007 -0.20996 -0.133301 0.44312 -0.359497 
0.188843 0.67749 -0.13550 -0.145752 0.51758 -0.346924 
0.218018 0.76782 -0.8789 -0.154297 0.57129 -0.333130 
0.183594 0.84473 -0.5371 -0.162476 0.63354 -0.320435 
0.183594 0.92407 -0.2808 -0.169800 0.69336 -0.310181 
0.178955 0.100464 0.122 -0.177734 0.74707 -0.300293 
0.172974 0.107910 0.4150 -0.187012 0.80933 -0.288574 
0.162598 0.107910 0.12329 -0.195801 0.86914 -0.275879 
0.146118 0.118896 0.24902 -0.203857 0.91064 -0.258057 
0.128784 0.133789 0.6714 -0.208496 0.92285 -0.231812 
0.114868 0.146362 0.47974 -0.207031 0.90576 -0.200439 
0.104858 0.155640 0.47974 -0.202515 0.86426 -0.166016 
0.97412 0.162598 0.54199 -0.198120 0.81909 -0.129395 
0.93018 0.164917 0.59570 -0.196045 0.78247 -0.92773 
0.92529 0.164795 0.65918 -0.196045 0.75684 -0.57495 
0.92041 0.163452 0.73120 -0.195435 0.73853 -0.22949 
0.89844 0.162354 0.80933 -0.195679 0.71777 0.12817 
0.85938 0.161499 0.91553 -0.197876 0.71777 0.51025 
0.81299 0.161377 0.102539 -0.200806 0.69946 0.93262 
0.77881 0.161377 0.109009 -0.200806 0.65430 0.75928 
0.77271 0.160767 0.114136 -0.199707 0.54932 0.152832 
0.80200 0.156738 0.122437 -0.201050 0.40283 0.184082 
0.91797 0.148193 0.132324 -0.200073 0.24780 0.228882 
0.74951 0.136353 0.142578 -0.192017 0.15381 0.265991 
0.123657 0.120483 0.152466 -0.177124 0.11841 0.294189 
0.123657 0.108032 0.156494 -0.156860 0.15137 0.313232 
0.146606 0.97290 0.159668 -0.135986 0.24292 0.320923 
0.157471 0.118164 0.158203 -0.117432 0.33447 0.329834 
0.161133 0.86914 0.154419 -0.103638 0.35889 0.338745 
0.165405 0.80811 0.150635 -0.97412 0.36133 0.350098 
0.166992 0.74219 0.147583 -0.95459 0.33447 0.363281 
0.167358 0.64941 0.149780 -0.94971 0.26978 0.377319 
0.173218 0.50049 0.149780 -0.95337 0.22583 0.391480 
0.189087 0.35156 0.154541 -0.123169 0.21729 0.397705 
0.204590 0.21606 0.158936 -0.84473 0.22705 0.395386 
0.213867 0.10620 0.158325 -0.84473 0.21606 0.387939 
0.215210 0.854 0.149902 -0.75562 0.18677 0.381470 
0.212158 -0.7690 0.138916 -0.68237 0.15991 0.377319 
0.205811 -0.14038 0.131226 -0.67261 0.12939 0.377441 
0.200562 -0.19897 0.131104 -0.72388 0.12939 0.381714 
0.196655 -0.26123 0.132202 -0.77637 0.7568 0.387817 
0.193848 -0.33203 0.130371 -0.77881 -0.854 0.393677 
0.192383 -0.45288 0.130127 -0.74463 -0.10986 0.393677 
0.213013 -0.52979 0.133423 -0.70557 -0.18433 0.399658 
0.229126 -0.79834 0.136475 -0.60425 -0.16357 0.402344 
0.249268 -0.89355 0.136230 -0.50293 -0.12939 0.387207 
0.249268 -0.97290 0.130737 -0.44556 -0.4517 0.370239 
0.265503 -0.104248 0.121826 -0.41016 0.5127 0.346436 
0.272827 -0.110840 0.112305 -0.39917 0.14526 0.317993 
0.272461 -0.114868 0.102783 -0.42725 0.23682 0.290161 
0.266724 -0.114868 0.93872 -0.50293 0.30884 0.266235 
0.257568 -0.117920 0.119385 -0.62378 0.33569 0.245728 
0.251099 -0.121094 0.87769 -0.77271 0.31616 0.228638 
0.250000 -0.125732 0.87769 -0.92041 0.26611 0.211914 
0.251709 -0.132080 0.90454 -0.103027 0.22095 0.193848 
0.251587 -0.138184 0.92285 -0.110840 0.20142 0.175293 
0.251709 -0.141480 0.92407 -0.110840 0.20508 0.157105 
0.252075 -0.143555 0.96436 -0.120605 0.22339 0.138062 
0.253540 -0.146729 0.100586 -0.129761 0.24414 0.118164 
0.256226 -0.149292 0.103394 -0.132690 0.26733 0.96802 
0.259766 -0.151978 0.103760 -0.134766 0.26733 0.73608 
0.265259 -0.154663 0.101807 -0.135376 0.30762 0.78857 
0.276733 -0.156860 0.101318 -0.135864 0.35156 0.48706 
0.293457 -0.158203 0.103516 -0.139282 0.38818 0.17456 
0.302979 -0.163452 0.105835 -0.141480 0.42358 -0.18677 
0.302979 -0.165039 0.109253 -0.141968 0.44678 -0.62134 
0.293579 -0.165283 0.112183 -0.140869 0.45166 -0.107666 
0.293579 -0.160522 0.113525 -0.136719 0.44556 -0.151855 
0.274414 -0.152832 0.115356 -0.132690 0.43213 -0.187622 
0.252808 -0.144043 0.120972 -0.129517 0.40283 -0.212524 
0.238403 -0.135864 0.129395 -0.125488 0.36011 -0.229126 
0.234131 -0.135864 0.139160 -0.117432 0.32104 -0.241821 
0.238770 -0.129272 0.146362 -0.105713 0.29785 -0.254883 
0.246826 -0.128784 0.145996 -0.89722 0.30273 -0.274170 
0.248413 -0.129150 0.145996 -0.71777 0.32715 -0.299805 
0.237549 -0.126343 0.139404 -0.58838 0.36133 -0.322632 
0.222290 -0.119019 0.129639 -0.52979 0.39795 -0.336304 
0.206177 -0.110352 0.125732 -0.52979 0.39795 -0.341309 
0.196411 -0.98877 0.127075 -0.51147 0.36865 -0.338257 
0.195313 -0.88989 0.132080 -0.46631 0.32471 -0.332642 
0.203003 -0.79102 0.138184 -0.39429 0.60547 -0.328491 
0.216064 -0.72144 0.141846 -0.29175 0.29297 -0.329956 
0.226318 -0.68481 0.140991 -0.17334 0.28076 -0.337769 
0.226196 -0.68604 0.134399 -0.5005 0.28687 -0.319458 
0.203125 -0.65674 0.120728 0.6470 0.30762 -0.350708 
0.177612 -0.50049 0.110718 0.8789 0.29297 -0.356567 
0.161377 -0.33813 0.112427 -0.3784 0.23926 -0.343262 
0.184570 -0.17700 0.124390 -0.18188 0.15015 -0.320190 
0.150879 -0.5127 0.136108 -0.20142 0.3784 -0.292114 
0.150879 0.3906 0.139648 -0.10254 -0.7813 -0.263306 
0.154053 0.9033 0.136108 0.1953 -0.15137 -0.236206 
0.159668 0.12939 0.128296 0.10376 -0.16357 -0.212280 
0.161377 0.12939 0.120605 0.13794 -0.14038 -0.189453 
