0.250244 0.29785 0.35767 -0.7935 -0.6348 0.10132 
0.251221 0.29419 0.35767 -0.4883 -0.8545 0.9521 
0.250977 0.29175 0.35889 -0.2319 -0.10376 0.7813 
0.251953 0.29175 0.36743 -0.30029 -0.10620 0.4761 
0.253784 0.28809 0.37964 0.4395 -0.8667 0.732 
0.257568 0.28442 0.39063 0.4395 -0.5127 -0.4639 
0.260254 0.28076 0.40039 0.6958 -0.244 -0.10132 
0.260742 0.27954 0.40039 0.8301 -0.26123 -0.14038 
0.258545 0.28320 0.39429 0.7080 0.5127 -0.15747 
0.255859 0.28564 0.38086 0.3174 0.9766 -0.15747 
0.254639 0.28809 0.37231 -0.2441 0.12695 -0.14893 
0.254272 0.28809 0.36987 -0.7935 0.14038 -0.14893 
0.254272 0.28442 0.36499 -0.11719 0.13306 -0.14038 
0.254028 0.28076 0.36377 -0.13062 0.10620 -0.13672 
0.254517 0.27588 0.37231 -0.10864 0.6226 -0.13794 
0.255493 0.27466 0.38696 -0.5127 0.854 -0.14404 
0.255493 0.27588 0.39307 0.2808 -0.4883 -0.15991 
0.256348 0.27710 0.38818 0.12085 -0.10742 -0.18066 
0.256592 0.28076 0.36865 0.20996 -0.15869 -0.19897 
0.255737 0.28076 0.33569 0.26001 -0.17822 -0.19653 
0.253784 0.28931 0.31250 0.26245 -0.17700 -0.18433 
0.252686 0.29907 0.60791 0.23438 -0.15625 -0.16602 
0.251953 0.31494 0.29541 0.17822 -0.12329 -0.13916 
0.250855 0.32715 0.29419 0.12329 -0.8911 -0.10742 
0.249146 0.34180 0.29297 0.7813 -0.5615 -0.7080 
0.247070 0.35278 0.28442 0.2930 -0.2808 -0.3174 
0.242554 0.36621 0.28076 0.2930 -0.1831 0.1831 
0.240356 0.38086 0.27710 -0.977 -0.1953 0.6104 
0.240845 0.38696 0.27222 -0.2197 -0.2686 0.8911 
0.243408 0.39673 0.33447 -0.1587 -0.2686 0.10010 
0.244385 0.39795 0.34424 0.7324 -0.5005 0.9888 
0.244995 0.38940 0.30151 0.15137 -0.6836 0.9521 
0.245483 0.37598 0.26733 0.16235 -0.6348 0.9766 
0.246216 0.36743 0.25879 0.14282 -0.5005 0.9766 
0.247437 0.36255 0.26611 0.12085 -0.3906 0.11108 
0.249512 0.36133 0.28687 0.10132 -0.4150 0.13062 
0.220947 0.36499 0.30151 0.10254 -0.5981 0.14893 
0.252197 0.38330 0.28442 0.13550 -0.9033 0.16479 
0.255737 0.35034 0.27588 0.16357 -0.11963 0.17700 
0.260498 0.31738 0.30151 0.14038 -0.14771 0.15747 
0.269043 0.31738 0.32104 0.10498 -0.16479 0.10742 
0.278931 0.29663 0.30884 0.10620 -0.18188 0.1831 
0.286621 0.27588 0.26855 0.11963 -0.19409 -0.11230 
0.290039 0.25269 0.21973 0.11108 -0.19409 -0.27222 
0.291016 0.22217 0.21973 0.7080 -0.18188 -0.44189 
0.289917 0.20386 0.18066 0.1343 -0.15625 -0.60181 
0.290039 0.19531 0.13550 0.27710 -0.13428 -0.75806 
0.290405 0.18188 0.9277 -0.3540 -0.12695 -0.92773 
0.291138 0.17456 0.4883 -0.8057 -0.12573 -0.109985 
0.293457 0.16357 0.3174 -0.14282 -0.12939 -0.129028 
0.297974 0.15381 0.732 -0.22949 -0.12939 -0.151001 
0.300903 0.14160 -0.1343 -0.31250 -0.12573 -0.175903 
0.300903 0.13306 -0.3296 -0.38818 -0.11353 -0.170776 
0.297363 0.15259 -0.3784 -0.46265 -0.8057 -0.195557 
0.290649 0.18555 -0.1831 -0.54810 -0.3052 -0.226807 
0.281616 0.23193 0.1709 -0.63354 0.2808 -0.248291 
0.302368 0.30273 0.5005 -0.69458 0.8911 -0.265381 
0.259888 0.37231 0.5859 -0.72510 0.14282 -0.276489 
0.259888 0.43335 0.3784 -0.73975 0.19043 -0.282349 
0.247070 0.48340 -0.244 -0.75195 0.24658 -0.283081 
0.234863 0.51147 -0.4395 -0.78735 0.31372 -0.278931 
0.229614 0.51147 -0.7446 -0.86792 0.39917 -0.273926 
0.229614 0.54321 -0.6104 -0.99487 0.50659 -0.271118 
0.229126 0.58716 -0.2197 -0.116089 0.61523 -0.270630 
0.227417 0.64575 -0.28809 -0.132935 0.71899 -0.271118 
0.222778 0.70923 0.2441 -0.147949 0.80200 -0.272095 
0.214111 0.77637 0.7080 -0.130371 0.85938 -0.271729 
0.199951 0.86914 0.14648 -0.176147 0.88989 -0.266968 
0.182617 0.98511 0.26367 -0.176147 0.87769 -0.255615 
0.165527 0.111816 0.40771 -0.189087 0.80933 -0.238770 
0.153442 0.124512 0.54443 -0.195435 0.68604 -0.218140 
0.145996 0.133789 0.64453 -0.193848 0.68604 -0.196655 
0.141113 0.140015 0.71655 -0.186890 0.53955 -0.175293 
0.138794 0.144775 0.76294 -0.179443 0.38574 -0.185059 
0.137573 0.147705 0.77148 -0.171997 0.24780 -0.132813 
0.136108 0.149536 0.73364 -0.163940 0.11353 -0.132813 
0.133911 0.149902 0.67505 -0.157959 -0.2075 -0.111694 
0.131958 0.149780 0.61279 -0.157349 -0.15137 -0.90332 
0.129395 0.149170 0.58472 -0.161133 -0.27344 -0.68970 
0.129395 0.149780 0.59082 -0.166748 -0.38818 -0.47485 
0.128174 0.151123 0.62500 -0.170776 -0.48096 -0.25513 
0.127197 0.154663 0.69092 -0.171387 -0.52002 -0.3662 
0.123535 0.127319 0.76538 -0.168457 -0.50049 0.19409 
0.115845 0.158569 0.81543 -0.161011 -0.44067 0.47119 
0.107666 0.160767 0.83618 -0.152100 -0.36987 0.80566 
0.102051 0.159790 0.85083 -0.146729 -0.31372 0.118896 
0.99609 0.154175 0.85083 -0.144653 -0.28442 0.159302 
0.99609 0.143311 0.85327 -0.141724 -0.27832 0.199585 
0.100464 0.131592 0.85449 -0.137695 -0.24048 0.239624 
0.109619 0.121094 0.90454 -0.137695 -0.19897 0.276367 
0.127808 0.110474 0.98633 -0.137329 -0.10742 0.301392 
0.150757 0.100708 0.113159 -0.136841 -0.2808 0.320435 
0.170410 0.86182 0.123535 -0.129395 -0.1221 0.330444 
0.186768 0.72998 0.125122 -0.108643 -0.1221 0.334595 
0.195557 0.62866 0.119385 -0.82764 0.1953 0.337891 
0.198730 0.55176 0.112671 -0.67627 0.6836 0.342407 
0.200806 0.47729 0.108398 -0.67627 0.11108 0.342407 
0.203247 0.41870 0.108521 -0.76782 0.14038 0.348267 
0.207153 0.34302 0.109497 -0.86182 0.14038 0.354492 
0.209473 0.24902 0.110596 -0.90210 0.11108 0.357422 
0.209473 0.14893 0.110840 -0.88135 0.7446 0.357422 
0.209229 0.5371 0.113037 -0.84229 0.4028 0.356689 
0.209229 0.26733 0.119629 -0.83008 0.1587 0.357544 
0.215576 -0.15747 0.125854 -0.83618 0.1343 0.359619 
0.227295 -0.15747 0.129639 -0.79956 0.3418 0.358887 
0.239502 -0.26855 0.127563 -0.72510 0.7202 0.354370 
0.250366 -0.37231 0.153564 -0.64331 0.13550 0.345337 
0.252075 -0.46753 0.122314 -0.59570 0.20996 0.334961 
0.246338 -0.54321 0.116211 -0.60425 0.27954 0.327271 
0.244629 -0.52612 0.114990 -0.32104 0.34912 0.325073 
0.237183 -0.64575 0.108276 -0.63354 0.36011 0.316162 
0.226929 -0.69092 0.106934 -0.65186 0.32715 0.310303 
0.220703 -0.72876 0.105103 -0.70801 0.59326 0.309692 
0.216675 -0.78247 0.104248 -0.76294 0.20996 0.308960 
0.215210 -0.85938 0.105713 -0.82031 0.20996 0.308105 
0.217407 -0.94604 0.106689 -0.85449 0.12817 0.307251 
0.223267 -0.105103 0.105103 -0.83984 0.4639 0.302612 
0.232788 -0.116089 0.103516 -0.81787 -0.4028 0.302612 
0.242676 -0.127441 0.101807 -0.80811 -0.10376 0.293091 
0.254395 -0.136841 0.100952 -0.80811 -0.13428 0.279297 
0.268677 -0.145386 0.100830 -0.82642 -0.13428 0.262695 
0.250610 -0.153320 0.101196 -0.84961 -0.9888 0.240723 
0.281860 -0.159180 0.101074 -0.85938 -0.3296 0.212158 
0.290161 -0.163452 0.99731 -0.85938 0.4395 0.179688 
0.292480 -0.167114 0.96802 -0.86426 0.11597 0.146484 
0.291626 -0.167114 0.93262 -0.87769 0.17822 0.113770 
0.289185 -0.169678 0.90820 -0.90698 0.22339 0.82153 
0.288574 -0.171631 0.91064 -0.96069 0.24902 0.51636 
0.292603 -0.173706 0.91064 -0.101929 0.26489 0.20508 
0.296753 -0.175049 0.92896 -0.105591 0.27954 -0.12817 
0.294922 -0.174927 0.94482 -0.107544 0.29175 -0.46387 
0.288574 -0.172241 0.96191 -0.109253 0.29541 -0.77637 
0.282471 -0.168457 0.98022 -0.109253 0.29175 -0.106689 
0.278931 -0.164185 0.100952 -0.110596 0.27710 -0.134399 
0.277710 -0.159912 0.104614 -0.109375 0.26123 -0.161743 
0.278564 -0.156372 0.106812 -0.103760 0.26123 -0.190430 
0.276001 -0.157105 0.104126 -0.93872 0.23560 -0.222046 
0.266357 -0.157471 0.97534 -0.83984 0.19775 -0.221436 
0.255859 -0.153687 0.91919 -0.82275 0.15991 -0.252686 
0.249634 -0.147339 0.92041 -0.91553 0.13794 -0.277344 
0.246948 -0.139038 0.99609 -0.103638 0.12329 -0.297363 
0.246094 -0.130005 0.110229 -0.109863 0.9155 -0.314697 
0.244385 -0.120605 0.117798 -0.106689 0.4639 -0.330444 
0.244385 -0.112305 0.121460 -0.94482 0.854 -0.345215 
0.237793 -0.103516 0.121582 -0.79102 -0.1709 -0.357300 
0.230469 -0.94727 0.119751 -0.64941 -0.1953 -0.365967 
0.220581 -0.94727 0.113892 -0.52734 0.244 -0.369995 
0.207520 -0.84961 0.105835 -0.41626 0.3052 -0.367920 
0.190308 -0.72510 0.99609 -0.35889 0.2930 -0.357788 
0.176392 -0.57983 0.99609 -0.37354 0.732 -0.339355 
