0.250366 0.28442 0.37231 0.2686 -0.3296 0.6348 
0.249146 0.28076 0.37109 0.2930 -0.3540 0.10010 
0.250122 0.27954 0.38086 0.2075 -0.2319 0.11475 
0.251343 0.28076 0.38940 0.977 -0.2319 0.11841 
0.253296 0.28076 0.38940 -0.244 -0.366 0.10498 
0.255859 0.27344 0.38696 -0.1465 0.1831 0.6714 
0.259277 0.26855 0.39551 -0.1953 0.4150 0.977 
0.261353 0.26123 0.41260 -0.366 0.5859 0.977 
0.261963 0.25879 0.42725 0.2686 0.6958 -0.5493 
0.261353 0.25635 0.43579 0.5981 0.7080 -0.11230 
0.259399 0.25513 0.43457 0.8911 0.6836 -0.15381 
0.259399 0.25513 0.41992 0.10498 0.6958 -0.17212 
0.255859 0.26245 0.40771 0.10132 0.7935 -0.16357 
0.252686 0.27100 0.40283 0.8667 0.9033 -0.14038 
0.251831 0.27100 0.40039 0.7202 0.8911 -0.11597 
0.253052 0.27710 0.40039 0.6958 0.7324 -0.10376 
0.254395 0.27832 0.38696 0.8057 0.4272 -0.10376 
0.255005 0.27588 0.37964 0.8545 0.122 -0.11230 
0.254395 0.27466 0.37964 0.8301 -0.3784 -0.10864 
0.255005 0.28076 0.37354 0.8057 -0.7446 -0.9766 
0.252563 0.28809 0.35889 0.5737 -0.10376 -0.8179 
0.251587 0.29785 0.33569 0.5737 -0.11597 -0.6836 
0.251343 0.29785 0.31860 0.1343 -0.12085 -0.4395 
0.246948 0.31250 0.33936 -0.3418 -0.12085 -0.122 
0.250488 0.32715 0.30884 -0.6958 -0.12085 0.1221 
0.255127 0.31616 0.32593 -0.13916 -0.10620 0.732 
0.263550 0.31006 0.34424 -0.16602 -0.8667 0.28320 
0.270508 0.30640 0.31738 -0.13550 -0.7690 -0.10864 
0.272827 0.30884 0.28076 -0.12085 -0.5737 -0.10864 
0.273560 0.31616 0.27222 -0.15137 -0.2441 -0.20508 
0.275024 0.33081 0.28198 -0.19165 -0.610 -0.30518 
0.276978 0.35889 0.29785 -0.21606 -0.977 -0.40771 
0.276978 0.35522 0.31860 -0.23438 -0.4272 -0.51880 
0.277588 0.34180 0.33447 -0.23804 -0.9521 -0.64819 
0.276611 0.32959 0.35034 -0.22949 -0.15503 -0.78125 
0.277100 0.32471 0.40405 -0.23193 -0.20020 -0.91553 
0.272827 0.32471 0.39185 -0.22583 -0.21973 -0.101685 
0.276855 0.33691 0.34912 -0.19775 -0.26123 -0.113037 
0.283447 0.34058 0.60547 -0.18311 -0.31128 -0.128052 
0.290649 0.32227 0.29297 -0.19653 -0.36743 -0.145142 
0.300781 0.28198 0.21606 -0.23682 -0.41626 -0.166138 
0.311401 0.24048 0.13916 -0.30762 -0.44678 -0.191650 
0.317505 0.19531 0.8911 -0.30762 -0.44800 -0.220703 
0.317017 0.17456 0.5249 -0.38696 -0.42847 -0.249878 
0.305908 0.18066 0.2930 -0.46265 -0.38574 -0.275269 
0.288940 0.23926 0.2319 -0.52734 -0.32227 -0.291992 
0.272827 0.31860 0.3540 -0.59204 -0.32227 -0.300171 
0.264648 0.37964 0.2686 -0.64941 -0.25879 -0.305176 
0.265503 0.40283 0.00 -0.67261 -0.20752 -0.281616 
0.275147 0.40283 -0.3296 -0.70923 -0.15747 -0.312866 
0.286133 0.36377 -0.8911 -0.80566 -0.8545 -0.327026 
0.292725 0.28809 -0.13428 -0.92651 -0.122 -0.350708 
0.294312 0.24414 -0.18677 -0.106812 0.7935 -0.380127 
0.294312 0.22705 -0.20508 -0.127197 0.17456 -0.411743 
0.285278 0.28809 -0.13550 -0.153931 0.25391 -0.442139 
0.263916 0.13428 0.488 -0.179688 0.29785 -0.464233 
0.233765 0.37354 0.17700 -0.197998 0.29419 -0.473511 
0.197632 0.68604 0.36743 -0.206177 0.22461 -0.469605 
0.162354 0.95581 0.51392 -0.203857 0.9155 -0.453125 
0.134644 0.121338 0.60425 -0.190308 -0.5737 -0.428101 
0.113159 0.143066 0.60425 -0.170044 -0.18921 -0.398560 
0.96069 0.160034 0.62744 -0.148560 -0.28442 -0.366455 
0.79468 0.171387 0.59814 -0.131226 -0.34302 -0.332397 
0.68359 0.177734 0.52246 -0.131226 -0.37720 -0.296753 
0.61768 0.180908 0.41504 -0.120361 -0.37109 -0.262207 
0.53101 0.184448 0.31860 -0.116211 -0.33691 -0.227051 
0.41138 0.189575 0.28442 -0.119141 -0.59692 -0.188477 
0.30396 0.197144 0.29663 -0.126831 -0.28442 -0.146362 
0.21851 0.205444 0.35034 -0.135132 -0.23193 -0.133179 
0.16235 0.210938 0.44189 -0.142212 -0.18677 -0.118042 
0.16846 0.213501 0.53711 -0.146851 -0.13428 -0.55542 
0.25757 0.210938 0.62500 -0.148193 -0.7324 -0.8789 
0.44678 0.202881 0.70190 -0.148682 -0.366 0.33447 
0.33691 0.192139 0.73608 -0.147827 0.8667 0.67139 
0.80688 0.183105 0.73975 -0.145508 0.15991 0.91553 
0.80688 0.177734 0.76172 -0.148071 0.22217 0.109741 
0.91431 0.176025 0.80078 -0.154297 0.26978 0.125000 
0.95825 0.177612 0.86304 -0.158447 0.27832 0.140137 
0.92529 0.177612 0.95947 -0.161011 0.23315 0.159180 
0.85449 0.179688 0.108887 -0.161865 0.16602 0.185181 
0.82764 0.180176 0.123657 -0.158081 0.9766 0.215576 
0.91309 0.172607 0.123657 -0.145996 0.6592 0.243530 
0.105347 0.161133 0.133301 -0.125732 0.9766 0.265259 
0.118164 0.148315 0.136108 -0.137207 0.15869 0.281250 
0.133911 0.133423 0.130249 -0.122681 0.20142 0.291016 
0.143921 0.122314 0.119263 -0.91431 0.26978 0.296997 
0.153198 0.119263 0.109375 -0.84106 0.1465 0.299683 
0.166138 0.117310 0.103638 -0.90820 0.32593 0.301514 
0.155884 0.117432 0.109009 -0.105347 0.32593 0.310913 
0.143188 0.118164 0.119629 -0.118042 0.14648 0.330566 
0.143066 0.110596 0.136963 -0.125732 -0.12207 0.323364 
0.156250 0.95459 0.154663 -0.128174 -0.30518 0.354614 
0.173218 0.79102 0.166992 -0.115112 -0.34546 0.372559 
0.188232 0.66162 0.165894 -0.87158 -0.26489 0.380981 
0.195435 0.55542 0.154907 -0.59448 -0.10254 0.382324 
0.197266 0.45044 0.138916 -0.43945 0.8667 0.380981 
0.197266 0.34668 0.127808 -0.39551 0.24902 0.381104 
0.198120 0.54688 0.122925 -0.45288 0.34912 0.384277 
0.205688 0.16235 0.121704 -0.53833 0.40283 0.387573 
0.214233 0.16235 0.122437 -0.59937 0.38208 0.390015 
0.220703 0.9033 0.123413 -0.65430 0.27832 0.390747 
0.222290 0.2319 0.96313 -0.72632 0.13428 0.391846 
0.226563 -0.8179 0.127563 -0.80078 0.122 0.391968 
0.234741 -0.20264 0.132446 -0.80322 -0.7446 0.388062 
0.238770 -0.30273 0.133911 -0.75562 -0.11841 0.380859 
0.238037 -0.38086 0.130981 -0.71045 -0.12939 0.372437 
0.234375 -0.43701 0.124756 -0.71045 -0.11719 0.364746 
0.228149 -0.50049 0.115845 -0.67871 -0.9155 0.358276 
0.220703 -0.56763 0.105591 -0.66162 -0.5371 0.353760 
0.212646 -0.63843 0.98389 -0.67749 -0.5371 0.352661 
0.205811 -0.69824 0.94971 -0.72388 -0.1099 0.355469 
0.204346 -0.76904 0.95703 -0.77881 0.1465 0.360107 
0.217163 -0.81787 0.100220 -0.84473 0.2563 0.360107 
0.222900 -0.102051 0.105591 -0.86548 0.5981 0.360962 
0.240234 -0.114014 0.112915 -0.85815 0.5981 0.348999 
0.238770 -0.125854 0.116577 -0.87402 0.7202 0.336182 
0.264404 -0.137695 0.115601 -0.89722 0.11719 0.312134 
0.295654 -0.146362 0.109497 -0.90088 0.18433 0.273926 
0.309326 -0.151978 0.99976 -0.91431 0.26123 0.228760 
0.311768 -0.155151 0.92285 -0.99609 0.32227 0.183472 
0.307495 -0.155151 0.88989 -0.114624 0.35156 0.141113 
0.299194 -0.155518 0.91553 -0.131104 0.34058 0.102051 
0.287964 -0.154663 0.68237 -0.144165 0.28687 0.67261 
0.279419 -0.153198 0.111084 -0.151855 0.20142 0.37109 
0.279541 -0.151855 0.111084 -0.154541 0.10864 0.9399 
0.288330 -0.152100 0.125122 -0.152588 0.5127 -0.20630 
0.302368 -0.153687 0.139282 -0.144043 0.5981 -0.55542 
0.312500 -0.154419 0.147217 -0.144043 0.12695 -0.95337 
0.310791 -0.155518 0.147461 -0.129028 0.22705 -0.137451 
0.300537 -0.153931 0.139526 -0.112061 0.2075 -0.177246 
0.284302 -0.150391 0.129883 -0.97534 0.33325 -0.212402 
0.268555 -0.144775 0.122437 -0.91675 0.39795 -0.240234 
0.259155 -0.137451 0.120483 -0.92163 0.42236 -0.231934 
0.252441 -0.130493 0.124756 -0.94238 0.38574 -0.251343 
0.249512 -0.122925 0.130859 -0.93750 0.29907 -0.282593 
0.249268 -0.115601 0.135498 -0.88135 0.19531 -0.299683 
0.248169 -0.109863 0.137329 -0.78125 0.10742 -0.317261 
0.241211 -0.107422 0.136841 -0.65674 0.4639 -0.336914 
0.241211 -0.103027 0.132935 -0.54688 0.2441 -0.355957 
0.234009 -0.96191 0.127319 -0.46753 0.5493 -0.373291 
0.224243 -0.116089 0.122437 -0.42603 0.11475 -0.387695 
0.212524 -0.84839 0.121094 -0.39429 0.16602 -0.395020 
0.197266 -0.70923 0.121216 -0.36743 0.17456 -0.394043 
0.180908 -0.55420 0.124023 -0.33081 0.15991 -0.382324 
0.170654 -0.39795 0.98022 -0.28931 0.11597 -0.364014 
0.165649 -0.26367 0.129272 -0.22339 0.6714 -0.342285 
0.168335 -0.14648 0.133789 -0.10620 0.3662 -0.320679 
0.169312 -0.3418 0.133179 -0.29541 0.1343 -0.301392 
0.162598 0.6226 0.130615 0.1709 -0.1099 -0.278931 
0.154785 0.15015 0.125854 0.10376 -0.2808 -0.250977 
