0.250732 0.22827 0.31006 -0.5859 -0.2197 0.7568 
0.251953 0.23193 0.30273 -0.6348 -0.1831 0.8057 
0.252808 0.23926 0.31616 -0.6836 -0.1465 0.6958 
0.252808 0.24170 0.31860 -0.6836 -0.977 0.5127 
0.254395 0.23926 0.31982 -0.7080 -0.366 0.3296 
0.256348 0.23071 0.31494 -0.7568 -0.31006 0.1221 
0.257446 0.22095 0.31860 -0.7568 0.488 -0.610 
0.257813 0.21240 0.31738 -0.6348 0.488 -0.1831 
0.258911 0.20142 0.30151 -0.4761 0.366 -0.3540 
0.259766 0.18555 0.27710 -0.4150 0.732 -0.5737 
0.260620 0.17212 0.25391 -0.5371 0.2441 -0.5737 
0.262329 0.16357 0.24536 -0.7813 0.4883 -0.8911 
0.265503 0.15137 0.25269 -0.10986 0.7324 -0.13794 
0.269409 0.14282 0.29907 -0.13062 0.8179 -0.20386 
0.269409 0.16235 0.37231 -0.9766 0.6104 -0.27466 
0.269897 0.21118 0.44312 0.122 0.1953 -0.31006 
0.261230 0.24902 0.48950 0.12695 -0.3784 -0.27466 
0.253296 0.28198 0.45166 0.25391 -0.10254 -0.22583 
0.254395 0.28198 0.38086 0.26001 -0.14282 -0.20752 
0.253296 0.30396 0.40039 0.16968 -0.13062 -0.16724 
0.249512 0.29419 0.41016 0.13672 -0.12573 -0.13306 
0.250122 0.31738 0.41016 0.11108 -0.13306 -0.11475 
0.252319 0.32471 0.41504 0.7446 -0.13550 -0.10742 
0.256226 0.32471 0.43945 0.6104 -0.15503 -0.11841 
0.265503 0.30518 0.47485 0.6104 -0.18799 -0.15991 
0.280273 0.28198 0.49438 0.7446 -0.23193 -0.25879 
0.292480 0.23682 0.45898 0.10742 -0.27222 -0.41504 
0.297852 0.19165 0.36621 0.16113 -0.28687 -0.59814 
0.297974 0.14526 0.24048 0.18799 -0.28687 -0.77515 
0.298706 0.12573 0.12329 0.15747 -0.27588 -0.63477 
0.305176 0.8667 0.4028 0.6104 -0.26978 -0.115112 
0.312744 0.6714 0.1465 -0.5371 -0.25391 -0.115112 
0.317261 0.5493 -0.610 -0.17212 -0.24658 -0.137939 
0.313965 0.7935 0.732 -0.27100 -0.23071 -0.163574 
0.322144 0.21240 0.36499 -0.26611 -0.26733 -0.184448 
0.290894 0.33813 0.58350 0.29053 -0.51880 -0.185059 
0.265259 0.43823 0.31616 0.102417 -0.88257 -0.182129 
0.245850 0.40039 -0.22217 0.109375 -0.107422 -0.186890 
0.239746 0.57251 -0.64453 0.33081 -0.90698 -0.205078 
0.253174 0.26001 -0.57617 -0.74097 -0.53345 -0.233643 
0.266235 0.16602 -0.34302 -0.135132 -0.21606 -0.256104 
0.279663 0.15869 -0.52734 -0.141846 0.1831 -0.275391 
0.277832 0.21240 -0.21484 -0.139160 0.16479 -0.293945 
0.254883 0.31616 -0.16968 -0.142334 0.26733 -0.302979 
0.222900 0.52246 -0.10498 -0.144165 0.29785 -0.292603 
0.196777 0.72510 -0.1221 -0.141113 0.26001 -0.269043 
0.185669 0.88135 0.9521 -0.141113 0.20386 -0.242554 
0.191772 0.96069 0.20752 -0.133545 0.16846 -0.223145 
0.207520 0.98389 0.27588 -0.120605 0.17700 -0.216187 
0.222778 0.97412 0.28198 -0.104248 0.17700 -0.219116 
0.232300 0.98389 0.21851 -0.90210 0.24414 -0.226807 
0.233643 0.97900 0.12451 -0.83862 0.36011 -0.236084 
0.229370 0.99854 0.5005 -0.87402 0.49072 -0.236084 
0.219971 0.103638 0.1831 -0.98877 0.60913 -0.243896 
0.207153 0.109253 0.4517 -0.113159 0.69214 -0.249390 
0.191650 0.117920 0.12817 -0.126221 0.73364 -0.252319 
0.206665 0.129150 0.23804 -0.134155 0.72876 -0.251465 
0.175415 0.139771 0.34546 -0.134888 0.67505 -0.244507 
0.161377 0.147949 0.40649 -0.129761 0.58472 -0.231812 
0.152588 0.150879 0.42114 -0.121460 0.47607 -0.215942 
0.148315 0.150879 0.40405 -0.114624 0.36377 -0.199463 
0.149414 0.150757 0.36377 -0.110962 0.28564 -0.184326 
0.150269 0.150635 0.32349 -0.111084 0.23315 -0.171387 
0.145508 0.151733 0.32349 -0.115601 0.19531 -0.158325 
0.137329 0.155518 0.30518 -0.124146 0.16602 -0.141724 
0.125488 0.161255 0.31494 -0.101440 0.13428 -0.121216 
0.111328 0.169189 0.34180 -0.138184 0.9155 -0.95459 
0.97046 0.177002 0.36865 -0.138184 0.4517 -0.64575 
0.85571 0.182251 0.39185 -0.140747 0.610 -0.29907 
0.75562 0.185181 0.39307 -0.142456 0.29053 0.9155 
0.66772 0.187134 0.37964 -0.144531 -0.2197 0.52612 
0.59814 0.186523 0.40039 -0.151001 -0.5005 0.99121 
0.52856 0.184814 0.51636 -0.160522 -0.6470 0.116333 
0.45532 0.182983 0.74341 -0.165283 -0.3784 0.147583 
0.38696 0.180176 0.101563 -0.155273 0.5859 0.198975 
0.35645 0.171631 0.126587 -0.130005 0.21240 0.253906 
0.40283 0.162109 0.145752 -0.99121 0.41626 0.311279 
0.57983 0.151978 0.156860 -0.72510 0.64331 0.369263 
0.57983 0.135010 0.161255 -0.53589 0.83130 0.421021 
0.77148 0.143433 0.161987 -0.38574 0.91675 0.461548 
0.95947 0.94116 0.159302 -0.26489 0.94604 0.486450 
0.119263 0.94116 0.159912 -0.19165 0.93872 0.501343 
0.120728 0.74951 0.154053 -0.10010 0.83740 0.524414 
0.119507 0.57373 0.144165 0.2930 0.66284 0.551636 
0.121338 0.42725 0.144165 0.9766 0.49805 0.577515 
0.124878 0.26001 0.138184 0.9277 0.37598 0.598877 
0.134766 0.5371 0.139771 0.10254 0.31982 0.615479 
0.157715 -0.18066 0.141113 0.15991 0.29541 0.620117 
0.196289 -0.41992 0.138916 0.15991 0.33325 0.607910 
0.237915 -0.59448 0.134277 0.20752 0.42236 0.581299 
0.270630 -0.72021 0.125610 0.19287 0.52612 0.544678 
0.285645 -0.81055 0.113770 0.11475 0.52612 0.505249 
0.282105 -0.87280 0.100220 -0.2075 0.60913 0.469238 
0.268188 -0.91187 0.88989 -0.20386 0.66895 0.472778 
0.249146 -0.93750 0.80322 -0.41748 0.70190 0.454224 
0.229614 -0.96558 0.76416 -0.63843 0.67749 0.422974 
0.220215 -0.104370 0.78979 -0.85571 0.57983 0.413086 
0.229614 -0.116211 0.87036 -0.106201 0.43823 0.408203 
0.222412 -0.130005 0.94238 -0.121826 0.30151 0.401733 
0.253662 -0.144287 0.97656 -0.131104 0.20142 0.386597 
0.280640 -0.157837 0.97412 -0.136963 0.16357 0.358398 
0.299194 -0.167725 0.93506 -0.139771 0.20874 0.319702 
0.305176 -0.167725 0.88745 -0.142334 0.32349 0.276611 
0.300415 -0.173828 0.86914 -0.148682 0.45776 0.235352 
0.290283 -0.176514 0.88013 -0.157471 0.55420 0.199707 
0.279541 -0.178345 0.91431 -0.165283 0.59570 0.169067 
0.273315 -0.180908 0.91431 -0.172363 0.58594 0.141846 
0.278320 -0.184448 0.97290 -0.179199 0.53467 0.114258 
0.291992 -0.187500 0.104736 -0.182983 0.46875 0.81665 
0.305054 -0.191284 0.111328 -0.182983 0.40894 0.42969 
0.316772 -0.195435 0.116333 -0.181274 0.37476 -0.1099 
0.327393 -0.197388 0.119019 -0.176270 0.37354 -0.49683 
0.328247 -0.199463 0.121338 -0.170532 0.37354 -0.100952 
0.318726 -0.198364 0.122314 -0.162964 0.39551 -0.150024 
0.306030 -0.194580 0.122925 -0.152588 0.43091 -0.131714 
0.292236 -0.190186 0.123901 -0.142578 0.45410 -0.202881 
0.277954 -0.182739 0.125366 -0.133423 0.44556 -0.234131 
0.266480 -0.174316 0.126221 -0.123169 0.41260 -0.267334 
0.259888 -0.166138 0.125488 -0.111694 0.36255 -0.294189 
0.253662 -0.159058 0.123169 -0.98267 0.30884 -0.318481 
0.253662 -0.151978 0.119995 -0.83984 0.25635 -0.341797 
0.250000 -0.145386 0.114624 -0.72510 0.22217 -0.362305 
0.250000 -0.140869 0.109375 -0.64575 0.21606 -0.381958 
0.248169 -0.140869 0.105469 -0.62500 0.21118 -0.403442 
0.241455 -0.134033 0.103516 -0.66040 0.21729 -0.421875 
0.231689 -0.123413 0.103271 -0.71411 0.21362 -0.434937 
0.216797 -0.111694 0.103638 -0.75928 0.18921 -0.441406 
0.200562 -0.96191 0.103638 -0.78735 0.16235 -0.438477 
0.186890 -0.79468 0.105713 -0.81055 0.13184 -0.427612 
0.177124 -0.62012 0.109985 -0.82764 0.10010 -0.410889 
0.168701 -0.47363 0.115234 -0.82764 0.7568 -0.390991 
0.158081 -0.32837 0.119507 -0.81909 0.4395 -0.367310 
0.145630 -0.16602 0.121948 -0.77271 0.31006 -0.337524 
0.134277 -0.488 0.124023 -0.71045 -0.4639 -0.301147 
0.126953 0.14038 0.125488 -0.64819 -0.4639 -0.261475 
0.125854 0.25879 0.127197 -0.57373 -0.8667 -0.253296 
0.130371 0.34668 0.128540 -0.47485 -0.11963 -0.247559 
0.138306 0.40405 0.128296 -0.34790 -0.14282 -0.185059 
0.148071 0.43579 0.126099 -0.20630 -0.14893 -0.151733 
0.157837 0.44312 0.121094 -0.7080 -0.13062 -0.122925 
0.167480 0.44189 0.115112 0.3906 -0.9033 -0.98999 
0.167480 0.42725 0.108276 0.10498 -0.4883 -0.78003 
0.175049 0.40527 0.100952 0.14893 -0.3296 -0.58350 
0.183716 0.37476 0.96313 0.15015 0.3174 -0.42358 
0.193726 0.33447 0.96558 0.8545 0.12451 -0.30273 
0.205811 0.33447 0.98511 0.4272 0.19409 -0.22949 
0.216797 0.30518 0.98022 0.6104 0.19409 -0.18921 
0.224976 0.28076 0.95581 0.10620 0.13916 -0.16968 
0.229126 0.25146 0.95581 0.12817 0.5859 -0.15625 
0.230469 0.22583 0.91309 0.12451 -0.1831 -0.14282 
