0.256104 0.20142 0.54565 -0.42114 -0.854 0.29175 
0.257690 0.18677 0.54688 -0.37231 -0.2319 0.25879 
0.258057 0.17700 0.54565 -0.31128 -0.3174 0.20630 
0.259399 0.16602 0.53467 -0.24048 -0.3418 0.14771 
0.259399 0.14893 0.52246 -0.17456 -0.2686 0.8423 
0.260254 0.14038 0.51270 -0.11108 -0.1099 0.2319 
0.259644 0.13672 0.50537 -0.5615 0.366 -0.2808 
0.258057 0.13794 0.49072 -0.1099 0.854 -0.6470 
0.255737 0.13794 0.46875 0.1587 0.244 -0.8301 
0.253784 0.14038 0.45776 0.2075 -0.977 -0.8911 
0.252808 0.14404 0.46265 0.3052 -0.3174 -0.9033 
0.253540 0.14526 0.46265 0.5737 -0.5737 -0.10132 
0.254639 0.14771 0.47119 0.9033 -0.7935 -0.12451 
0.254883 0.14282 0.45654 0.12817 -0.9521 -0.15259 
0.254272 0.13550 0.41748 0.12817 -0.10620 -0.17334 
0.251099 0.13306 0.37598 0.16235 -0.12207 -0.17822 
0.252075 0.13672 0.40894 0.17944 -0.15381 -0.19287 
0.253296 0.15381 0.36865 0.19897 -0.18188 -0.21729 
0.249512 0.13916 0.35522 0.10986 -0.18188 -0.22583 
0.239502 0.17700 0.42236 0.122 -0.19531 -0.15137 
0.233887 0.20630 0.42236 -0.977 -0.20630 -0.5005 
0.231445 0.23560 0.45410 -0.6104 -0.18555 -0.5005 
0.231323 0.24902 0.51392 -0.14038 -0.15503 0.4761 
0.227661 0.25635 0.54443 -0.18433 -0.13184 0.14893 
0.228271 0.26367 0.57007 -0.21851 -0.10376 0.27588 
0.234497 0.26611 0.60303 -0.23560 -0.7568 0.38818 
0.234497 0.26367 0.64209 -0.23315 -0.5859 0.45776 
0.239990 0.25269 0.68237 -0.21240 -0.5249 0.50049 
0.245361 0.24658 0.72144 -0.17456 -0.5859 0.52368 
0.251099 0.24658 0.75928 -0.11475 -0.7690 0.52368 
0.256714 0.23071 0.77881 -0.3906 -0.10986 0.50415 
0.265625 0.20142 0.77881 0.4272 -0.15747 0.45288 
0.279541 0.14404 0.77881 0.10864 -0.21851 0.34546 
0.301880 0.6470 0.76904 0.15991 -0.28564 0.15381 
0.325317 -0.1831 0.70068 0.21729 -0.35400 -0.14648 
0.344849 -0.14160 0.58105 0.24170 -0.40649 -0.55542 
0.359253 -0.22461 0.42236 0.24170 -0.42358 -0.103760 
0.360352 -0.27710 0.29297 0.23438 -0.43457 -0.153564 
0.350586 -0.26245 0.23193 0.17334 -0.45166 -0.196167 
0.337158 -0.21240 0.23560 0.7935 -0.45166 -0.230957 
0.323364 -0.12695 0.24902 0.1465 -0.48828 -0.258911 
0.311035 -0.6470 0.21240 0.1099 -0.54077 -0.252563 
0.300415 -0.3662 0.13550 0.4150 -0.59570 -0.283813 
0.291260 -0.488 0.3174 0.5615 -0.60303 -0.307373 
0.285645 0.1099 -0.8545 0.3296 -0.54932 -0.329224 
0.281250 0.3906 -0.20874 -0.5249 -0.44434 -0.350342 
0.301392 0.4150 -0.31494 -0.20752 -0.29785 -0.371216 
0.270142 0.8057 -0.34546 -0.43701 -0.13794 -0.392334 
0.251831 0.18799 -0.31616 -0.70190 0.1709 -0.406860 
0.230713 0.1465 -0.24414 -0.93994 0.14771 -0.408813 
0.214966 0.32715 -0.14893 -0.113403 0.23560 -0.401245 
0.209473 0.44800 -0.4272 -0.127563 0.29297 -0.391846 
0.206909 0.57617 -0.26245 -0.135254 0.34302 -0.382568 
0.203003 0.69092 0.5005 -0.138306 0.40161 -0.374023 
0.195435 0.79590 0.11597 -0.139038 0.47729 -0.364868 
0.188843 0.87646 0.17578 -0.138794 0.58472 -0.355103 
0.184814 0.93018 0.19531 -0.137207 0.70679 -0.347778 
0.180542 0.95459 0.17334 -0.137207 0.82642 -0.344238 
0.175049 0.99976 0.20752 -0.139771 0.63477 -0.340820 
0.165527 0.109131 0.26855 -0.147949 0.102295 -0.334229 
0.148804 0.120972 0.35522 -0.153320 0.102295 -0.322754 
0.127686 0.135986 0.50293 -0.157227 0.100220 -0.302002 
0.106689 0.152954 0.69214 -0.162109 0.92163 -0.303101 
0.91431 0.168091 0.88135 -0.161621 0.79468 -0.271851 
0.82397 0.179810 0.101929 -0.152832 0.63843 -0.236328 
0.76050 0.188477 0.107666 -0.138062 0.49072 -0.199585 
0.71655 0.194458 0.107788 -0.121948 0.36255 -0.162842 
0.68359 0.198975 0.106445 -0.110229 0.25513 -0.125732 
0.68359 0.200317 0.106079 -0.104126 0.17334 -0.88257 
0.67261 0.198486 0.105713 -0.98755 0.11108 -0.52246 
0.68604 0.194702 0.104736 -0.91431 0.6592 -0.18555 
0.72266 0.194702 0.99976 -0.83008 0.3540 0.11841 
0.77637 0.188110 0.92896 -0.76294 0.2075 0.38208 
0.84717 0.179321 0.87769 -0.75073 0.1831 0.60669 
0.89844 0.173096 0.87646 -0.80688 0.1709 0.81787 
0.91309 0.170410 0.87646 -0.90820 -0.488 0.104614 
0.87646 0.171387 0.91553 -0.69092 -0.6958 0.132690 
0.81421 0.173828 0.94482 -0.106689 -0.17822 0.167114 
0.76050 0.175171 0.96069 -0.106689 -0.30640 0.207031 
0.74951 0.172974 0.99854 -0.112549 -0.41504 0.249390 
0.81299 0.165527 0.108032 -0.116577 -0.47607 0.289429 
0.95703 0.155151 0.115479 -0.113281 -0.47607 0.322998 
0.117798 0.139282 0.118164 -0.99731 -0.47852 0.347046 
0.139038 0.120117 0.113770 -0.82642 -0.43823 0.359253 
0.171021 0.102905 0.106812 -0.70313 -0.28564 0.358521 
0.179443 0.90088 0.106079 -0.69214 -0.1709 0.358521 
0.177979 0.81421 0.103027 -0.70068 0.20386 0.362183 
0.170776 0.79468 0.100708 -0.70435 0.33325 0.370117 
0.164063 0.80078 0.99976 -0.78003 0.40161 0.387329 
0.164063 0.75562 0.105713 -0.92163 0.37231 0.410645 
0.155640 0.65552 0.113770 -0.103394 0.26978 0.438965 
0.153076 0.80078 0.125977 -0.107056 0.13916 0.466309 
0.161011 0.48828 0.141968 -0.105713 0.5615 0.483765 
0.177246 0.28809 0.155518 -0.92285 0.5859 0.488525 
0.195557 0.11230 0.126465 -0.63599 0.9399 0.482544 
0.210327 -0.4272 0.177368 -0.29541 0.15259 0.469727 
0.215088 -0.17822 0.146118 -0.2319 0.24048 0.456299 
0.210205 -0.29419 0.127075 -0.21973 0.34180 0.447876 
0.198608 -0.39551 0.108154 0.4150 0.42480 0.445801 
0.184570 -0.48462 0.96802 0.4150 0.46997 0.452148 
0.174683 -0.57739 0.95337 -0.12085 0.45654 0.465088 
0.174316 -0.68115 0.100220 -0.30396 0.37720 0.478638 
0.187012 -0.80688 0.109863 -0.45044 0.37720 0.486450 
0.209473 -0.96191 0.120605 -0.54810 0.26611 0.481689 
0.236206 -0.115356 0.130371 -0.58594 0.15381 0.494629 
0.267944 -0.132080 0.133911 -0.57983 0.7080 0.463501 
0.294800 -0.144287 0.129761 -0.54688 0.5737 0.432251 
0.308228 -0.154053 0.120850 -0.51880 0.11841 0.389404 
0.309937 -0.158325 0.111572 -0.52979 0.22949 0.339722 
0.302490 -0.159790 0.106079 -0.59692 0.35889 0.291748 
0.302490 -0.158569 0.104370 -0.71045 0.46265 0.249634 
0.290161 -0.156982 0.106934 -0.83374 0.51514 0.215332 
0.273682 -0.185059 0.111450 -0.94360 0.51147 0.188110 
0.256226 -0.151367 0.117188 -0.102295 0.45044 0.168579 
0.245972 -0.151367 0.125244 -0.109253 0.35278 0.152710 
0.245850 -0.152832 0.133057 -0.114990 0.25269 0.135254 
0.254761 -0.156128 0.136841 -0.116577 0.17700 0.112793 
0.269775 -0.161133 0.136841 -0.115234 0.14526 0.81909 
0.285522 -0.166138 0.135254 -0.114258 0.18311 0.43701 
0.296509 -0.169922 0.129150 -0.114746 0.28931 0.977 
0.298584 -0.173462 0.121460 -0.114746 0.41382 -0.45532 
0.293823 -0.173584 0.116089 -0.117554 0.51392 -0.91797 
0.286255 -0.170410 0.115723 -0.124023 0.56763 -0.133911 
0.280273 -0.165527 0.120850 -0.132446 0.57617 -0.171143 
0.277344 -0.159912 0.129150 -0.138794 0.57617 -0.205566 
0.275879 -0.154297 0.137207 -0.139282 0.55786 -0.208130 
0.273682 -0.148804 0.141724 -0.132446 0.52734 -0.241943 
0.269775 -0.145020 0.143188 -0.121338 0.50171 -0.273193 
0.261719 -0.141968 0.144043 -0.113037 0.48706 -0.307007 
0.253540 -0.135986 0.144043 -0.107788 0.48462 -0.339355 
0.270752 -0.129761 0.144165 -0.101196 0.47852 -0.368652 
0.239502 -0.120605 0.143066 -0.93018 0.44556 -0.392822 
0.222656 -0.109863 0.141602 -0.84106 0.39917 -0.407593 
0.205933 -0.98511 0.141357 -0.76782 0.34546 -0.412842 
0.192383 -0.118286 0.141968 -0.69824 0.28931 -0.410034 
0.181274 -0.87036 0.139526 -0.60547 0.22339 -0.401855 
0.171631 -0.77515 0.135376 -0.48584 0.15991 -0.390259 
0.161865 -0.67871 0.132080 -0.39185 0.9888 -0.374390 
0.154541 -0.55786 0.132080 -0.35645 0.4639 -0.352295 
0.150513 -0.42603 0.130981 -0.34302 -0.488 -0.325806 
0.148193 -0.29907 0.130615 -0.61523 -0.5615 -0.297241 
0.147095 -0.17578 0.130493 -0.30273 -0.10620 -0.267212 
0.149292 -0.6958 0.130249 -0.24292 -0.14282 -0.236450 
0.156372 0.1709 0.128174 -0.17822 -0.16968 -0.208008 
0.167114 0.6348 0.124634 -0.11230 -0.18066 -0.184814 
0.177612 0.8057 0.119751 -0.5371 -0.18066 -0.166992 
0.185791 0.8667 0.114624 -0.366 -0.16968 -0.184326 
0.191528 0.9155 0.110718 0.3052 -0.14771 -0.141724 
0.195435 0.11230 0.108643 0.4150 -0.12329 -0.141724 
0.197021 0.14160 0.107056 0.4028 -0.11475 -0.131104 
