0.245239 0.65674 0.19897 0.2808 -0.4028 0.5859 
0.245850 0.65186 0.19653 0.1953 -0.4028 0.5737 
0.246460 0.64941 0.19775 0.1221 -0.4639 0.4761 
0.247070 0.64697 0.20020 0.977 -0.5371 0.4028 
0.248291 0.64209 0.20264 0.366 -0.4639 0.3174 
0.249512 0.63110 0.20874 -0.122 -0.3296 0.3174 
0.249634 0.62500 0.21118 0.00 -0.1953 0.2563 
0.249268 0.62500 0.20752 0.122 -0.854 0.2319 
0.249390 0.62256 0.20264 -0.244 -0.488 0.2319 
0.249390 0.62134 0.20142 -0.488 -0.732 0.2441 
0.249390 0.62256 0.20508 -0.732 -0.1343 0.2319 
0.249878 0.62378 0.20996 -0.854 -0.1953 0.1953 
0.250610 0.31372 0.21240 -0.488 -0.2319 0.1221 
0.250855 0.62622 0.21362 0.244 -0.1953 0.244 
0.249634 0.62744 0.21118 0.1343 -0.977 -0.366 
0.247803 0.63354 0.20996 0.2930 0.610 -0.244 
0.244995 0.64575 0.20996 0.5005 0.1953 0.610 
0.242920 0.65674 0.22217 0.7446 0.1587 0.1465 
0.241577 0.65552 0.17578 0.5615 -0.366 0.1953 
0.241455 0.65186 0.18799 0.5615 -0.3174 0.2808 
0.243530 0.65796 0.19043 0.7690 -0.7568 0.3296 
0.243286 0.65063 0.20752 0.13062 -0.10620 0.4150 
0.243774 0.65308 0.17944 0.19287 -0.11475 0.5127 
0.245483 0.64209 0.13672 0.19775 -0.11475 0.5371 
0.246582 0.62012 0.2563 0.14404 -0.7935 0.5127 
0.246460 0.61157 0.3784 -0.4395 0.4150 0.4883 
0.247681 0.63110 0.18677 -0.22339 0.13550 0.4883 
0.247681 0.66040 0.26611 -0.17822 0.17334 0.5249 
0.245117 0.67505 0.27100 -0.8789 0.16113 0.5981 
0.244263 0.66895 0.26367 -0.4028 0.12695 0.7568 
0.244263 0.65430 0.26245 -0.610 0.8545 0.9521 
0.245850 0.65430 0.26733 0.1465 0.5493 0.10620 
0.246704 0.65674 0.28564 0.2808 0.3662 0.11108 
0.245117 0.66772 0.30029 0.5005 0.2075 0.12085 
0.243652 0.66772 0.31250 0.7935 -0.366 0.14282 
0.243164 0.66895 0.32349 0.10986 -0.3296 0.17456 
0.244385 0.66528 0.31738 0.14771 -0.5859 0.21240 
0.247070 0.65308 0.31738 0.18799 -0.7690 0.24048 
0.249268 0.63965 0.31250 0.21606 -0.8301 0.26001 
0.251587 0.62622 0.31372 0.24414 -0.8423 0.27222 
0.254272 0.61035 0.31982 0.24414 -0.8667 0.27832 
0.257935 0.58716 0.31860 0.28320 -0.9155 0.27710 
0.263916 0.55786 0.30273 0.33203 -0.10010 0.25635 
0.270874 0.52368 0.27100 0.37231 -0.11353 0.20996 
0.276001 0.48828 0.23071 0.39063 -0.11353 0.14404 
0.279419 0.46143 0.19775 0.39307 -0.12939 0.6714 
0.281738 0.44312 0.18311 0.37231 -0.14771 0.29175 
0.282593 0.42969 0.17334 0.35645 -0.16479 -0.2075 
0.284180 0.41382 0.15015 0.35522 -0.18555 -0.11475 
0.285767 0.39795 0.11353 0.34790 -0.20142 -0.21362 
0.286743 0.38330 0.8057 0.32227 -0.20874 -0.32227 
0.286743 0.37354 0.4150 0.28442 -0.20996 -0.43457 
0.288574 0.36011 -0.1099 0.24048 -0.21118 -0.55298 
0.291138 0.34424 -0.3540 0.17944 -0.22217 -0.68481 
0.296997 0.33813 -0.4883 0.8911 -0.23560 -0.83496 
0.309082 0.33813 -0.7080 0.2319 -0.22949 -0.103271 
0.311035 0.32471 -0.12573 -0.854 -0.23193 -0.128784 
0.308472 0.32837 -0.21240 -0.3540 -0.23315 -0.154053 
0.301025 0.34180 -0.21240 -0.9888 -0.21729 -0.177002 
0.292114 0.36499 -0.27100 -0.21973 -0.17700 -0.195435 
0.287354 0.39673 -0.27832 -0.4639 -0.11719 -0.211914 
0.286499 0.43457 -0.21973 -0.46021 -0.4639 -0.229980 
0.284424 0.48584 -0.13672 -0.46021 0.3052 -0.249878 
0.278687 0.55664 -0.5615 -0.49561 0.10010 -0.267822 
0.266113 0.63965 -0.4517 -0.48462 0.15381 -0.281616 
0.247070 0.70435 -0.10864 -0.44556 0.15381 -0.289917 
0.227661 0.77393 -0.20264 -0.44434 0.18066 -0.290039 
0.215698 0.83252 -0.26855 -0.53223 0.19653 -0.285400 
0.208130 0.89600 -0.26367 -0.70068 0.22583 -0.285400 
0.200439 0.94971 -0.19897 -0.86670 0.26855 -0.278809 
0.193604 0.101685 -0.15381 -0.98633 0.30762 -0.272339 
0.217163 0.108032 -0.13062 -0.107056 0.34790 -0.265503 
0.176392 0.111206 -0.11963 -0.116211 0.39551 -0.258911 
0.176392 0.117188 -0.11963 -0.126099 0.45776 -0.252930 
0.166016 0.122559 -0.12939 -0.135498 0.50415 -0.244751 
0.154785 0.97534 -0.12817 -0.144897 0.52856 -0.234863 
0.142944 0.128784 -0.10376 -0.155884 0.53101 -0.222656 
0.130737 0.135986 -0.6714 -0.167236 0.52002 -0.206665 
0.119995 0.143311 -0.3784 -0.176147 0.50415 -0.188355 
0.109497 0.149780 -0.3784 -0.182861 0.48950 -0.167480 
0.95703 0.156250 -0.1953 -0.190796 0.47241 -0.142334 
0.80322 0.165649 0.4150 -0.200806 0.45654 -0.110840 
0.66528 0.176758 0.16113 -0.205811 0.42847 -0.72144 
0.57861 0.184448 0.29907 -0.205811 0.38940 -0.29175 
0.53345 0.188232 0.40039 -0.203491 0.37598 0.15503 
0.49805 0.189697 0.49927 -0.197144 0.39185 0.61768 
0.50903 0.187256 0.64697 -0.191772 0.39185 0.109741 
0.49683 0.183594 0.75806 -0.183716 0.45654 0.159180 
0.49805 0.181641 0.87280 -0.170410 0.52979 0.180908 
0.55298 0.176758 0.99121 -0.162598 0.55298 0.212158 
0.67139 0.166504 0.116455 -0.158569 0.52979 0.264771 
0.79468 0.155518 0.132813 -0.150391 0.46021 0.313599 
0.92285 0.142578 0.144775 -0.133667 0.38696 0.355225 
0.78247 0.125854 0.150635 -0.113281 0.28198 0.392700 
0.109497 0.107300 0.151367 -0.92773 0.20264 0.418823 
0.131226 0.114258 0.149780 -0.73242 0.15259 0.441895 
0.151978 0.63477 0.141235 -0.55054 0.8545 0.455200 
0.178711 0.63477 0.130859 -0.41260 0.5615 0.455933 
0.198364 0.48462 0.121704 -0.36377 0.5737 0.448242 
0.205444 0.38330 0.117676 -0.36987 0.7080 0.441528 
0.205078 0.33081 0.117065 -0.39795 0.6714 0.441406 
0.203125 0.28564 0.117065 -0.41504 0.3662 0.442383 
0.201904 0.23071 0.125244 -0.39795 -0.1099 0.448242 
0.209717 0.12817 0.135864 -0.59082 -0.2319 0.454834 
0.217041 0.1221 0.141235 -0.27832 -0.1709 0.456787 
0.218628 -0.11719 0.140259 -0.8423 0.854 0.457520 
0.216797 -0.26367 0.132935 0.11353 0.6592 0.459839 
0.220093 -0.43457 0.122925 0.25513 0.6592 0.461182 
0.224854 -0.58716 0.112061 0.32715 0.17212 0.458008 
0.227417 -0.71655 0.100952 0.35889 0.28076 0.451782 
0.228882 -0.81909 0.91064 0.37109 0.36743 0.445801 
0.232910 -0.91553 0.83984 0.34790 0.43457 0.445801 
0.236572 -0.98267 0.80444 0.27222 0.48218 0.438232 
0.233032 -0.108643 0.79224 0.18311 0.50049 0.429321 
0.243774 -0.121460 0.80200 0.10620 0.48584 0.421631 
0.243774 -0.135254 0.80566 0.1343 0.48584 0.413818 
0.270508 -0.145508 0.81665 -0.9155 0.52734 0.394653 
0.302612 -0.154663 0.78491 -0.17578 0.58716 0.359497 
0.323364 -0.154663 0.69458 -0.22583 0.66284 0.312622 
0.325562 -0.161255 0.58594 -0.31128 0.74951 0.264282 
0.316528 -0.163330 0.52979 -0.48706 0.82520 0.220703 
0.301758 -0.163208 0.54688 -0.72266 0.83984 0.184814 
0.285400 -0.161987 0.54688 -0.94482 0.77759 0.157471 
0.270874 -0.160156 0.60791 -0.110840 0.66040 0.136719 
0.256714 -0.159912 0.69702 -0.122070 0.51270 0.121826 
0.256348 -0.161011 0.82520 -0.122070 0.37231 0.109985 
0.272583 -0.163940 0.96802 -0.130859 0.29297 0.91431 
0.286865 -0.167480 0.107788 -0.134155 0.28564 0.63843 
0.295044 -0.169067 0.114136 -0.128784 0.28564 0.30884 
0.299438 -0.169189 0.116699 -0.119873 0.33691 -0.4761 
0.293945 -0.169434 0.115356 -0.109497 0.43579 -0.9155 
0.284424 -0.168335 0.112305 -0.98267 0.55908 -0.41748 
0.276978 -0.165771 0.110474 -0.89111 0.65552 -0.72998 
0.277832 -0.162964 0.113159 -0.84351 0.68970 -0.102173 
0.254761 -0.163086 0.117676 -0.82275 0.67017 -0.128662 
0.292969 -0.162598 0.121338 -0.77515 0.63110 -0.158569 
0.292969 -0.161743 0.123413 -0.69824 0.59082 -0.193115 
0.298218 -0.161743 0.123535 -0.63232 0.55542 -0.230835 
0.300171 -0.161743 0.123413 -0.58105 0.52734 -0.272705 
0.294678 -0.161743 0.124634 -0.55298 0.48950 -0.316528 
0.286987 -0.158936 0.125000 -0.52246 0.46509 -0.357910 
0.272217 -0.152100 0.126099 -0.47485 0.43457 -0.394287 
0.251221 -0.141602 0.129883 -0.43701 0.38330 -0.420532 
0.236206 -0.129150 0.129883 -0.38940 0.33569 -0.437622 
0.226929 -0.115112 0.135132 -0.61890 0.28809 -0.449341 
0.222534 -0.99243 0.140381 -0.19409 0.23438 -0.458618 
0.214355 -0.86060 0.143799 -0.19409 0.18188 -0.467163 
0.198242 -0.72998 0.145752 -0.3906 0.12451 -0.468750 
0.193848 -0.62378 0.149292 0.10376 0.13550 -0.466431 
0.192993 -0.51392 0.148071 0.22217 0.20264 -0.467651 
